System,System,System,System,System,System,System,System,System,System,System,System,System,System,System,System,System,System,System,System,System,System,System,System,System,System,System,System Core C-States,System Core C-States,System Core C-States,System Pack C-States,System Pack C-States,System Pack C-States,System Pack C-States,System Pack C-States,System Pack C-States,System Pack C-States,Socket 0,Socket 0,Socket 0,Socket 0,Socket 0,Socket 0,Socket 0,Socket 0,Socket 0,Socket 0,Socket 0,Socket 0,Socket 0,Socket 0,Socket 0,Socket 0,Socket 0,Socket 0,Socket 0,Socket 0,Socket 0,Socket 0,Socket 0,Socket 0,Socket 0,Socket 0,Socket 1,Socket 1,Socket 1,Socket 1,Socket 1,Socket 1,Socket 1,Socket 1,Socket 1,Socket 1,Socket 1,Socket 1,Socket 1,Socket 1,Socket 1,Socket 1,Socket 1,Socket 1,Socket 1,Socket 1,Socket 1,Socket 1,Socket 1,Socket 1,Socket 1,Socket 1,SKT0dataIn,SKT0dataIn,SKT0dataIn (percent),SKT0dataIn (percent),SKT1dataIn,SKT1dataIn,SKT1dataIn (percent),SKT1dataIn (percent),SKT0trafficOut,SKT0trafficOut,SKT0trafficOut (percent),SKT0trafficOut (percent),SKT1trafficOut,SKT1trafficOut,SKT1trafficOut (percent),SKT1trafficOut (percent),SKT0 Core C-State,SKT0 Core C-State,SKT0 Core C-State,SKT0 Package C-State,SKT0 Package C-State,SKT0 Package C-State,SKT1 Core C-State,SKT1 Core C-State,SKT1 Core C-State,SKT1 Package C-State,SKT1 Package C-State,SKT1 Package C-State,Proc Energy (Joules),Proc Energy (Joules),DRAM Energy (Joules),DRAM Energy (Joules),LLCRDMISSLAT (ns),LLCRDMISSLAT (ns),UncFREQ (Ghz),UncFREQ (Ghz),Core0 (Socket 0),Core0 (Socket 0),Core0 (Socket 0),Core0 (Socket 0),Core0 (Socket 0),Core0 (Socket 0),Core0 (Socket 0),Core0 (Socket 0),Core0 (Socket 0),Core0 (Socket 0),Core0 (Socket 0),Core0 (Socket 0),Core0 (Socket 0),Core0 (Socket 0),Core0 (Socket 0),Core0 (Socket 0),Core0 (Socket 0),Core0 (Socket 0),Core0 (Socket 0),Core0 (Socket 0),Core0 (Socket 0),Core0 (Socket 0),Core0 (Socket 0),Core0 (Socket 0),Core1 (Socket 0),Core1 (Socket 0),Core1 (Socket 0),Core1 (Socket 0),Core1 (Socket 0),Core1 (Socket 0),Core1 (Socket 0),Core1 (Socket 0),Core1 (Socket 0),Core1 (Socket 0),Core1 (Socket 0),Core1 (Socket 0),Core1 (Socket 0),Core1 (Socket 0),Core1 (Socket 0),Core1 (Socket 0),Core1 (Socket 0),Core1 (Socket 0),Core1 (Socket 0),Core1 (Socket 0),Core1 (Socket 0),Core1 (Socket 0),Core1 (Socket 0),Core1 (Socket 0),Core2 (Socket 0),Core2 (Socket 0),Core2 (Socket 0),Core2 (Socket 0),Core2 (Socket 0),Core2 (Socket 0),Core2 (Socket 0),Core2 (Socket 0),Core2 (Socket 0),Core2 (Socket 0),Core2 (Socket 0),Core2 (Socket 0),Core2 (Socket 0),Core2 (Socket 0),Core2 (Socket 0),Core2 (Socket 0),Core2 (Socket 0),Core2 (Socket 0),Core2 (Socket 0),Core2 (Socket 0),Core2 (Socket 0),Core2 (Socket 0),Core2 (Socket 0),Core2 (Socket 0),Core3 (Socket 0),Core3 (Socket 0),Core3 (Socket 0),Core3 (Socket 0),Core3 (Socket 0),Core3 (Socket 0),Core3 (Socket 0),Core3 (Socket 0),Core3 (Socket 0),Core3 (Socket 0),Core3 (Socket 0),Core3 (Socket 0),Core3 (Socket 0),Core3 (Socket 0),Core3 (Socket 0),Core3 (Socket 0),Core3 (Socket 0),Core3 (Socket 0),Core3 (Socket 0),Core3 (Socket 0),Core3 (Socket 0),Core3 (Socket 0),Core3 (Socket 0),Core3 (Socket 0),Core4 (Socket 0),Core4 (Socket 0),Core4 (Socket 0),Core4 (Socket 0),Core4 (Socket 0),Core4 (Socket 0),Core4 (Socket 0),Core4 (Socket 0),Core4 (Socket 0),Core4 (Socket 0),Core4 (Socket 0),Core4 (Socket 0),Core4 (Socket 0),Core4 (Socket 0),Core4 (Socket 0),Core4 (Socket 0),Core4 (Socket 0),Core4 (Socket 0),Core4 (Socket 0),Core4 (Socket 0),Core4 (Socket 0),Core4 (Socket 0),Core4 (Socket 0),Core4 (Socket 0),Core5 (Socket 0),Core5 (Socket 0),Core5 (Socket 0),Core5 (Socket 0),Core5 (Socket 0),Core5 (Socket 0),Core5 (Socket 0),Core5 (Socket 0),Core5 (Socket 0),Core5 (Socket 0),Core5 (Socket 0),Core5 (Socket 0),Core5 (Socket 0),Core5 (Socket 0),Core5 (Socket 0),Core5 (Socket 0),Core5 (Socket 0),Core5 (Socket 0),Core5 (Socket 0),Core5 (Socket 0),Core5 (Socket 0),Core5 (Socket 0),Core5 (Socket 0),Core5 (Socket 0),Core6 (Socket 0),Core6 (Socket 0),Core6 (Socket 0),Core6 (Socket 0),Core6 (Socket 0),Core6 (Socket 0),Core6 (Socket 0),Core6 (Socket 0),Core6 (Socket 0),Core6 (Socket 0),Core6 (Socket 0),Core6 (Socket 0),Core6 (Socket 0),Core6 (Socket 0),Core6 (Socket 0),Core6 (Socket 0),Core6 (Socket 0),Core6 (Socket 0),Core6 (Socket 0),Core6 (Socket 0),Core6 (Socket 0),Core6 (Socket 0),Core6 (Socket 0),Core6 (Socket 0),Core7 (Socket 0),Core7 (Socket 0),Core7 (Socket 0),Core7 (Socket 0),Core7 (Socket 0),Core7 (Socket 0),Core7 (Socket 0),Core7 (Socket 0),Core7 (Socket 0),Core7 (Socket 0),Core7 (Socket 0),Core7 (Socket 0),Core7 (Socket 0),Core7 (Socket 0),Core7 (Socket 0),Core7 (Socket 0),Core7 (Socket 0),Core7 (Socket 0),Core7 (Socket 0),Core7 (Socket 0),Core7 (Socket 0),Core7 (Socket 0),Core7 (Socket 0),Core7 (Socket 0),Core8 (Socket 1),Core8 (Socket 1),Core8 (Socket 1),Core8 (Socket 1),Core8 (Socket 1),Core8 (Socket 1),Core8 (Socket 1),Core8 (Socket 1),Core8 (Socket 1),Core8 (Socket 1),Core8 (Socket 1),Core8 (Socket 1),Core8 (Socket 1),Core8 (Socket 1),Core8 (Socket 1),Core8 (Socket 1),Core8 (Socket 1),Core8 (Socket 1),Core8 (Socket 1),Core8 (Socket 1),Core8 (Socket 1),Core8 (Socket 1),Core8 (Socket 1),Core8 (Socket 1),Core9 (Socket 1),Core9 (Socket 1),Core9 (Socket 1),Core9 (Socket 1),Core9 (Socket 1),Core9 (Socket 1),Core9 (Socket 1),Core9 (Socket 1),Core9 (Socket 1),Core9 (Socket 1),Core9 (Socket 1),Core9 (Socket 1),Core9 (Socket 1),Core9 (Socket 1),Core9 (Socket 1),Core9 (Socket 1),Core9 (Socket 1),Core9 (Socket 1),Core9 (Socket 1),Core9 (Socket 1),Core9 (Socket 1),Core9 (Socket 1),Core9 (Socket 1),Core9 (Socket 1),Core10 (Socket 1),Core10 (Socket 1),Core10 (Socket 1),Core10 (Socket 1),Core10 (Socket 1),Core10 (Socket 1),Core10 (Socket 1),Core10 (Socket 1),Core10 (Socket 1),Core10 (Socket 1),Core10 (Socket 1),Core10 (Socket 1),Core10 (Socket 1),Core10 (Socket 1),Core10 (Socket 1),Core10 (Socket 1),Core10 (Socket 1),Core10 (Socket 1),Core10 (Socket 1),Core10 (Socket 1),Core10 (Socket 1),Core10 (Socket 1),Core10 (Socket 1),Core10 (Socket 1),Core11 (Socket 1),Core11 (Socket 1),Core11 (Socket 1),Core11 (Socket 1),Core11 (Socket 1),Core11 (Socket 1),Core11 (Socket 1),Core11 (Socket 1),Core11 (Socket 1),Core11 (Socket 1),Core11 (Socket 1),Core11 (Socket 1),Core11 (Socket 1),Core11 (Socket 1),Core11 (Socket 1),Core11 (Socket 1),Core11 (Socket 1),Core11 (Socket 1),Core11 (Socket 1),Core11 (Socket 1),Core11 (Socket 1),Core11 (Socket 1),Core11 (Socket 1),Core11 (Socket 1),Core12 (Socket 1),Core12 (Socket 1),Core12 (Socket 1),Core12 (Socket 1),Core12 (Socket 1),Core12 (Socket 1),Core12 (Socket 1),Core12 (Socket 1),Core12 (Socket 1),Core12 (Socket 1),Core12 (Socket 1),Core12 (Socket 1),Core12 (Socket 1),Core12 (Socket 1),Core12 (Socket 1),Core12 (Socket 1),Core12 (Socket 1),Core12 (Socket 1),Core12 (Socket 1),Core12 (Socket 1),Core12 (Socket 1),Core12 (Socket 1),Core12 (Socket 1),Core12 (Socket 1),Core13 (Socket 1),Core13 (Socket 1),Core13 (Socket 1),Core13 (Socket 1),Core13 (Socket 1),Core13 (Socket 1),Core13 (Socket 1),Core13 (Socket 1),Core13 (Socket 1),Core13 (Socket 1),Core13 (Socket 1),Core13 (Socket 1),Core13 (Socket 1),Core13 (Socket 1),Core13 (Socket 1),Core13 (Socket 1),Core13 (Socket 1),Core13 (Socket 1),Core13 (Socket 1),Core13 (Socket 1),Core13 (Socket 1),Core13 (Socket 1),Core13 (Socket 1),Core13 (Socket 1),Core14 (Socket 1),Core14 (Socket 1),Core14 (Socket 1),Core14 (Socket 1),Core14 (Socket 1),Core14 (Socket 1),Core14 (Socket 1),Core14 (Socket 1),Core14 (Socket 1),Core14 (Socket 1),Core14 (Socket 1),Core14 (Socket 1),Core14 (Socket 1),Core14 (Socket 1),Core14 (Socket 1),Core14 (Socket 1),Core14 (Socket 1),Core14 (Socket 1),Core14 (Socket 1),Core14 (Socket 1),Core14 (Socket 1),Core14 (Socket 1),Core14 (Socket 1),Core14 (Socket 1),Core15 (Socket 1),Core15 (Socket 1),Core15 (Socket 1),Core15 (Socket 1),Core15 (Socket 1),Core15 (Socket 1),Core15 (Socket 1),Core15 (Socket 1),Core15 (Socket 1),Core15 (Socket 1),Core15 (Socket 1),Core15 (Socket 1),Core15 (Socket 1),Core15 (Socket 1),Core15 (Socket 1),Core15 (Socket 1),Core15 (Socket 1),Core15 (Socket 1),Core15 (Socket 1),Core15 (Socket 1),Core15 (Socket 1),Core15 (Socket 1),Core15 (Socket 1),Core15 (Socket 1),
Date,Time,EXEC,IPC,FREQ,AFREQ,L3MISS,L2MISS,L3HIT,L2HIT,L3MPI,L2MPI,READ,WRITE,LOCAL,PMM_RD,PMM_WR,INST,ACYC,TIME(ticks),PhysIPC,PhysIPC%,INSTnom,INSTnom%,TotalUPIin,UPItoMC,TotalUPIout,C0res%,C1res%,C6res%,C0res%,C2res%,C6res%,Proc Energy (Joules),DRAM Energy (Joules),LLCRDMISSLAT (ns),UncFREQ (Ghz),EXEC,IPC,FREQ,AFREQ,L3MISS,L2MISS,L3HIT,L2HIT,L3MPI,L2MPI,L3OCC,LMB,RMB,READ,WRITE,LOCAL,PMM_RD,PMM_WR,TEMP,INST,ACYC,TIME(ticks),PhysIPC,PhysIPC%,INSTnom,INSTnom%,EXEC,IPC,FREQ,AFREQ,L3MISS,L2MISS,L3HIT,L2HIT,L3MPI,L2MPI,L3OCC,LMB,RMB,READ,WRITE,LOCAL,PMM_RD,PMM_WR,TEMP,INST,ACYC,TIME(ticks),PhysIPC,PhysIPC%,INSTnom,INSTnom%,UPI0,UPI1,UPI0,UPI1,UPI0,UPI1,UPI0,UPI1,UPI0,UPI1,UPI0,UPI1,UPI0,UPI1,UPI0,UPI1,C0res%,C1res%,C6res%,C0res%,C2res%,C6res%,C0res%,C1res%,C6res%,C0res%,C2res%,C6res%,SKT0,SKT1,SKT0,SKT1,SKT0,SKT1,SKT0,SKT1,EXEC,IPC,FREQ,AFREQ,L3MISS,L2MISS,L3HIT,L2HIT,L3MPI,L2MPI,L3OCC,LMB,RMB,C0res%,C1res%,C6res%,TEMP,INST,ACYC,TIME(ticks),PhysIPC,PhysIPC%,INSTnom,INSTnom%,EXEC,IPC,FREQ,AFREQ,L3MISS,L2MISS,L3HIT,L2HIT,L3MPI,L2MPI,L3OCC,LMB,RMB,C0res%,C1res%,C6res%,TEMP,INST,ACYC,TIME(ticks),PhysIPC,PhysIPC%,INSTnom,INSTnom%,EXEC,IPC,FREQ,AFREQ,L3MISS,L2MISS,L3HIT,L2HIT,L3MPI,L2MPI,L3OCC,LMB,RMB,C0res%,C1res%,C6res%,TEMP,INST,ACYC,TIME(ticks),PhysIPC,PhysIPC%,INSTnom,INSTnom%,EXEC,IPC,FREQ,AFREQ,L3MISS,L2MISS,L3HIT,L2HIT,L3MPI,L2MPI,L3OCC,LMB,RMB,C0res%,C1res%,C6res%,TEMP,INST,ACYC,TIME(ticks),PhysIPC,PhysIPC%,INSTnom,INSTnom%,EXEC,IPC,FREQ,AFREQ,L3MISS,L2MISS,L3HIT,L2HIT,L3MPI,L2MPI,L3OCC,LMB,RMB,C0res%,C1res%,C6res%,TEMP,INST,ACYC,TIME(ticks),PhysIPC,PhysIPC%,INSTnom,INSTnom%,EXEC,IPC,FREQ,AFREQ,L3MISS,L2MISS,L3HIT,L2HIT,L3MPI,L2MPI,L3OCC,LMB,RMB,C0res%,C1res%,C6res%,TEMP,INST,ACYC,TIME(ticks),PhysIPC,PhysIPC%,INSTnom,INSTnom%,EXEC,IPC,FREQ,AFREQ,L3MISS,L2MISS,L3HIT,L2HIT,L3MPI,L2MPI,L3OCC,LMB,RMB,C0res%,C1res%,C6res%,TEMP,INST,ACYC,TIME(ticks),PhysIPC,PhysIPC%,INSTnom,INSTnom%,EXEC,IPC,FREQ,AFREQ,L3MISS,L2MISS,L3HIT,L2HIT,L3MPI,L2MPI,L3OCC,LMB,RMB,C0res%,C1res%,C6res%,TEMP,INST,ACYC,TIME(ticks),PhysIPC,PhysIPC%,INSTnom,INSTnom%,EXEC,IPC,FREQ,AFREQ,L3MISS,L2MISS,L3HIT,L2HIT,L3MPI,L2MPI,L3OCC,LMB,RMB,C0res%,C1res%,C6res%,TEMP,INST,ACYC,TIME(ticks),PhysIPC,PhysIPC%,INSTnom,INSTnom%,EXEC,IPC,FREQ,AFREQ,L3MISS,L2MISS,L3HIT,L2HIT,L3MPI,L2MPI,L3OCC,LMB,RMB,C0res%,C1res%,C6res%,TEMP,INST,ACYC,TIME(ticks),PhysIPC,PhysIPC%,INSTnom,INSTnom%,EXEC,IPC,FREQ,AFREQ,L3MISS,L2MISS,L3HIT,L2HIT,L3MPI,L2MPI,L3OCC,LMB,RMB,C0res%,C1res%,C6res%,TEMP,INST,ACYC,TIME(ticks),PhysIPC,PhysIPC%,INSTnom,INSTnom%,EXEC,IPC,FREQ,AFREQ,L3MISS,L2MISS,L3HIT,L2HIT,L3MPI,L2MPI,L3OCC,LMB,RMB,C0res%,C1res%,C6res%,TEMP,INST,ACYC,TIME(ticks),PhysIPC,PhysIPC%,INSTnom,INSTnom%,EXEC,IPC,FREQ,AFREQ,L3MISS,L2MISS,L3HIT,L2HIT,L3MPI,L2MPI,L3OCC,LMB,RMB,C0res%,C1res%,C6res%,TEMP,INST,ACYC,TIME(ticks),PhysIPC,PhysIPC%,INSTnom,INSTnom%,EXEC,IPC,FREQ,AFREQ,L3MISS,L2MISS,L3HIT,L2HIT,L3MPI,L2MPI,L3OCC,LMB,RMB,C0res%,C1res%,C6res%,TEMP,INST,ACYC,TIME(ticks),PhysIPC,PhysIPC%,INSTnom,INSTnom%,EXEC,IPC,FREQ,AFREQ,L3MISS,L2MISS,L3HIT,L2HIT,L3MPI,L2MPI,L3OCC,LMB,RMB,C0res%,C1res%,C6res%,TEMP,INST,ACYC,TIME(ticks),PhysIPC,PhysIPC%,INSTnom,INSTnom%,EXEC,IPC,FREQ,AFREQ,L3MISS,L2MISS,L3HIT,L2HIT,L3MPI,L2MPI,L3OCC,LMB,RMB,C0res%,C1res%,C6res%,TEMP,INST,ACYC,TIME(ticks),PhysIPC,PhysIPC%,INSTnom,INSTnom%,
2024-03-21,21:06:12.561,0.00,0.81,0.01,0.93,0.01,0.07,0.90,0.59,0.0004,0.0041,0.00,0.00,-2147483648,0.00,0.00,17.51,21.55,220.69,0.81,20.32,0.00,0.12,0.57,0.24,2.13,0.66,99.34,0.00,100.00,0.00,0.00,0.00,0.00,-nan,0.08,0.01,0.92,0.01,0.93,0.00,0.04,0.91,0.64,0.0003,0.0033,     0,0,0,0.00,0.00,-2147483648,0.00,0.00,N/A,11.47,12.45,220.69,0.92,23.03,0.01,0.16,0.00,0.66,0.01,0.93,0.00,0.03,0.89,0.52,0.0006,0.0057,     0,0,0,0.00,0.00,-2147483648,0.00,0.00,N/A,6.05,9.10,220.69,0.66,16.61,0.00,0.09,0.11,0.10,  0%,  0%,0.11,0.25,  0%,  0%,0.18,0.77,  0%,  0%,0.59,0.58,  0%,  0%,0.76,99.24,0.00,100.00,0.00,0.00,0.55,99.45,0.00,100.00,0.00,0.00,0.00,0.00,0.00 ,0.00 ,-nan ,-nan ,0.09,0.08,0.01,0.29,0.02,0.90,0.00,0.03,0.96,0.28,0.0009,0.0204,     0,0,0,2.36,97.64,0.00,N/A,1.37,4.69,220.69,0.29,7.28,0.01,0.15,0.01,1.37,0.01,0.99,0.00,0.00,0.74,0.84,0.0002,0.0008,     0,0,0,1.00,99.00,0.00,N/A,3.00,2.19,220.69,1.37,34.22,0.01,0.34,0.00,0.45,0.00,0.55,0.00,0.00,0.81,0.86,0.0004,0.0026,     0,0,0,0.05,99.95,0.00,N/A,0.03,0.06,220.69,0.45,11.15,0.00,0.00,0.00,0.49,0.00,0.87,0.00,0.00,0.51,0.75,0.0016,0.0046,     0,0,0,0.06,99.94,0.00,N/A,0.05,0.11,220.69,0.49,12.21,0.00,0.01,0.00,0.51,0.00,0.94,0.00,0.00,0.73,0.66,0.0013,0.0066,     0,0,0,0.13,99.87,0.00,N/A,0.14,0.26,220.69,0.51,12.78,0.00,0.02,0.00,0.50,0.00,0.77,0.00,0.00,0.81,0.70,0.0009,0.0062,     0,0,0,0.06,99.94,0.00,N/A,0.05,0.11,220.69,0.50,12.43,0.00,0.01,0.03,1.69,0.02,0.92,0.00,0.00,0.96,0.93,0.0000,0.0004,     0,0,0,1.78,98.22,0.00,N/A,6.12,3.63,220.69,1.69,42.17,0.03,0.69,0.00,0.51,0.01,0.99,0.00,0.00,0.65,0.61,0.0015,0.0049,     0,0,0,0.66,99.34,0.00,N/A,0.71,1.39,220.69,0.51,12.71,0.00,0.08,0.01,0.30,0.02,0.94,0.00,0.03,0.94,0.28,0.0011,0.0200,     0,0,0,2.36,97.64,0.00,N/A,1.44,4.86,220.69,0.30,7.41,0.01,0.16,0.00,0.36,0.00,0.92,0.00,0.00,0.44,0.67,0.0029,0.0059,     0,0,0,0.13,99.87,0.00,N/A,0.09,0.26,220.69,0.36,8.96,0.00,0.01,0.00,0.39,0.00,0.71,0.00,0.00,0.29,0.72,0.0028,0.0053,     0,0,0,0.09,99.91,0.00,N/A,0.05,0.14,220.69,0.39,9.68,0.00,0.01,0.02,1.61,0.01,0.99,0.00,0.00,0.36,0.93,0.0002,0.0003,     0,0,0,0.96,99.04,0.00,N/A,3.40,2.11,220.69,1.61,40.34,0.02,0.38,0.00,0.41,0.00,0.78,0.00,0.00,0.77,0.63,0.0014,0.0073,     0,0,0,0.11,99.89,0.00,N/A,0.08,0.19,220.69,0.41,10.24,0.00,0.01,0.00,0.94,0.00,0.91,0.00,0.00,0.83,0.83,0.0004,0.0022,     0,0,0,0.26,99.74,0.00,N/A,0.50,0.53,220.69,0.94,23.53,0.00,0.06,0.00,0.48,0.00,0.97,0.00,0.00,0.63,0.58,0.0011,0.0042,     0,0,0,0.37,99.63,0.00,N/A,0.38,0.78,220.69,0.48,12.00,0.00,0.04,0.00,0.47,0.00,0.75,0.00,0.00,0.45,0.55,0.0033,0.0070,     0,0,0,0.14,99.86,0.00,N/A,0.11,0.23,220.69,0.47,11.70,0.00,0.01,
2024-03-21,21:06:12.661,0.01,1.01,0.01,0.98,0.02,0.09,0.81,0.64,0.0004,0.0025,0.01,0.01,-2147483648,0.00,0.00,36.26,35.97,209.68,1.01,25.20,0.01,0.27,1.86,0.10,7.28,1.10,98.90,0.00,100.00,0.00,0.00,0.00,0.00,-nan,0.07,0.01,1.15,0.01,1.00,0.01,0.04,0.84,0.64,0.0003,0.0017,     0,0,0,0.00,0.01,-2147483648,0.00,0.00,N/A,23.87,20.85,209.68,1.15,28.63,0.01,0.36,0.01,0.82,0.01,0.95,0.01,0.05,0.79,0.63,0.0008,0.0039,     0,0,0,0.00,0.00,-2147483648,0.00,0.00,N/A,12.39,15.13,209.68,0.82,20.48,0.01,0.18,0.25,0.11,  0%,  0%,0.73,0.77,  0%,  0%,1.26,1.40,  1%,  1%,2.45,2.17,  2%,  1%,1.25,98.75,0.00,100.00,0.00,0.00,0.95,99.05,0.00,100.00,0.00,0.00,0.00,0.00,0.00 ,0.00 ,-nan ,-nan ,0.08,0.07,0.01,0.49,0.03,1.00,0.00,0.03,0.95,0.26,0.0006,0.0113,     0,0,0,2.58,97.42,0.00,N/A,2.65,5.41,209.68,0.49,12.23,0.01,0.32,0.01,1.44,0.01,1.00,0.00,0.00,0.64,0.90,0.0002,0.0006,     0,0,0,0.85,99.15,0.00,N/A,2.55,1.78,209.68,1.44,35.95,0.01,0.30,0.00,0.41,0.00,0.84,0.00,0.00,0.83,0.90,0.0003,0.0021,     0,0,0,0.02,99.98,0.00,N/A,0.02,0.04,209.68,0.41,10.27,0.00,0.00,0.02,1.59,0.01,1.00,0.00,0.00,0.52,0.76,0.0003,0.0007,     0,0,0,1.04,98.96,0.00,N/A,3.46,2.18,209.68,1.59,39.67,0.02,0.41,0.00,0.52,0.00,0.99,0.00,0.00,0.45,0.61,0.0020,0.0043,     0,0,0,0.40,99.60,0.00,N/A,0.44,0.83,209.68,0.52,13.11,0.00,0.05,0.04,1.45,0.03,1.00,0.00,0.00,0.17,0.89,0.0001,0.0001,     0,0,0,2.97,97.03,0.00,N/A,9.02,6.23,209.68,1.45,36.19,0.04,1.08,0.03,1.37,0.02,1.00,0.00,0.00,0.63,0.89,0.0002,0.0007,     0,0,0,1.97,98.03,0.00,N/A,5.59,4.09,209.68,1.37,34.14,0.03,0.67,0.00,0.53,0.00,1.00,0.00,0.00,0.50,0.57,0.0024,0.0072,     0,0,0,0.14,99.86,0.00,N/A,0.15,0.29,209.68,0.53,13.13,0.00,0.02,0.01,0.30,0.02,0.87,0.00,0.03,0.95,0.26,0.0010,0.0214,     0,0,0,2.47,97.53,0.00,N/A,1.37,4.50,209.68,0.30,7.59,0.01,0.16,0.01,0.85,0.01,0.99,0.00,0.00,0.84,0.69,0.0003,0.0023,     0,0,0,0.83,99.17,0.00,N/A,1.47,1.73,209.68,0.85,21.24,0.01,0.17,0.00,0.42,0.00,0.86,0.00,0.00,0.57,0.72,0.0019,0.0052,     0,0,0,0.06,99.94,0.00,N/A,0.05,0.11,209.68,0.42,10.46,0.00,0.01,0.02,1.00,0.02,0.99,0.00,0.01,0.50,0.73,0.0008,0.0018,     0,0,0,1.79,98.21,0.00,N/A,3.72,3.74,209.68,1.00,24.88,0.02,0.44,0.00,0.44,0.00,0.89,0.00,0.00,0.73,0.67,0.0015,0.0065,     0,0,0,0.07,99.93,0.00,N/A,0.05,0.12,209.68,0.44,10.93,0.00,0.01,0.00,0.66,0.00,0.96,0.00,0.00,0.70,0.74,0.0010,0.0040,     0,0,0,0.11,99.89,0.00,N/A,0.15,0.22,209.68,0.66,16.60,0.00,0.02,0.03,1.24,0.02,0.99,0.00,0.01,0.43,0.85,0.0008,0.0014,     0,0,0,2.11,97.89,0.00,N/A,5.43,4.38,209.68,1.24,31.02,0.03,0.65,0.00,0.48,0.00,0.90,0.00,0.00,0.26,0.68,0.0032,0.0048,     0,0,0,0.17,99.83,0.00,N/A,0.15,0.32,209.68,0.48,11.95,0.00,0.02,
2024-03-21,21:06:12.768,0.02,1.08,0.02,1.00,0.01,0.09,0.85,0.60,0.0002,0.0013,0.09,0.10,-2147483648,0.00,0.00,73.61,68.20,210.22,1.08,26.98,0.02,0.55,0.97,0.01,27.43,2.02,97.98,0.00,100.00,0.00,0.00,0.00,0.00,-nan,0.08,0.03,1.11,0.03,1.00,0.01,0.05,0.79,0.62,0.0002,0.0009,     0,0,0,0.09,0.10,-2147483648,0.00,0.00,N/A,56.38,50.84,210.22,1.11,27.72,0.03,0.84,0.01,0.99,0.01,1.00,0.00,0.04,0.92,0.57,0.0002,0.0024,     0,0,0,0.00,0.00,-2147483648,0.00,0.00,N/A,17.23,17.36,210.22,0.99,24.82,0.01,0.25,0.25,0.27,  0%,  0%,0.29,0.16,  0%,  0%,6.71,6.70,  6%,  6%,6.87,7.15,  5%,  6%,3.03,96.97,0.00,100.00,0.00,0.00,1.02,98.98,0.00,100.00,0.00,0.00,0.00,0.00,0.00 ,0.00 ,-nan ,-nan ,0.08,0.08,0.02,0.54,0.03,1.00,0.00,0.03,0.94,0.30,0.0005,0.0086,     0,0,0,2.97,97.03,0.00,N/A,3.40,6.25,210.22,0.54,13.59,0.02,0.40,0.03,1.14,0.03,1.00,0.00,0.00,0.42,0.59,0.0002,0.0005,     0,0,0,2.95,97.05,0.00,N/A,7.07,6.21,210.22,1.14,28.47,0.03,0.84,0.02,0.98,0.02,1.00,0.00,0.00,0.54,0.74,0.0002,0.0006,     0,0,0,2.15,97.85,0.00,N/A,4.42,4.52,210.22,0.98,24.47,0.02,0.53,0.05,1.50,0.03,1.00,0.00,0.00,0.51,0.90,0.0002,0.0004,     0,0,0,3.06,96.94,0.00,N/A,9.66,6.42,210.22,1.50,37.62,0.05,1.15,0.03,1.14,0.03,1.00,0.00,0.00,0.55,0.64,0.0001,0.0004,     0,0,0,2.97,97.03,0.00,N/A,7.11,6.24,210.22,1.14,28.49,0.03,0.85,0.03,1.17,0.03,1.00,0.00,0.00,0.55,0.67,0.0001,0.0003,     0,0,0,2.97,97.03,0.00,N/A,7.30,6.24,210.22,1.17,29.25,0.03,0.87,0.05,1.31,0.04,1.00,0.00,0.00,0.57,0.70,0.0001,0.0002,     0,0,0,3.94,96.06,0.00,N/A,10.87,8.28,210.22,1.31,32.80,0.05,1.29,0.03,0.98,0.03,0.98,0.00,0.00,0.48,0.64,0.0002,0.0007,     0,0,0,3.24,96.76,0.00,N/A,6.55,6.69,210.22,0.98,24.51,0.03,0.78,0.01,0.41,0.03,1.00,0.00,0.03,0.95,0.30,0.0007,0.0139,     0,0,0,2.67,97.33,0.00,N/A,2.27,5.60,210.22,0.41,10.15,0.01,0.27,0.00,0.37,0.00,1.00,0.00,0.00,0.23,0.66,0.0036,0.0070,     0,0,0,0.07,99.93,0.00,N/A,0.06,0.15,210.22,0.37,9.24,0.00,0.01,0.02,1.04,0.02,1.00,0.00,0.00,0.80,0.78,0.0002,0.0010,     0,0,0,1.69,98.31,0.00,N/A,3.95,3.82,210.22,1.04,25.88,0.02,0.44,0.03,1.67,0.02,1.00,0.00,0.00,0.31,0.79,0.0000,0.0000,     0,0,0,1.99,98.01,0.00,N/A,6.97,4.18,210.22,1.67,41.72,0.03,0.83,0.01,1.30,0.01,1.00,0.00,0.00,0.96,0.92,0.0000,0.0009,     0,0,0,0.56,99.44,0.00,N/A,1.53,1.18,210.22,1.30,32.39,0.01,0.18,0.00,1.02,0.00,1.00,0.00,0.00,0.84,0.69,0.0002,0.0021,     0,0,0,0.47,99.53,0.00,N/A,1.01,0.98,210.22,1.02,25.57,0.00,0.12,0.00,1.11,0.00,1.00,0.00,0.00,0.71,0.77,0.0003,0.0013,     0,0,0,0.29,99.71,0.00,N/A,0.67,0.60,210.22,1.11,27.68,0.00,0.08,0.00,0.92,0.00,1.00,0.00,0.00,0.76,0.63,0.0004,0.0023,     0,0,0,0.40,99.60,0.00,N/A,0.77,0.84,210.22,0.92,23.01,0.00,0.09,
2024-03-21,21:06:12.870,0.02,0.81,0.03,1.00,0.05,0.20,0.68,0.53,0.0007,0.0028,0.01,0.02,-2147483648,0.00,0.00,69.93,86.19,211.75,0.81,20.28,0.02,0.51,7.75,0.25,48.12,2.50,97.50,0.00,100.00,0.00,0.00,0.00,0.00,-nan,0.10,0.01,0.76,0.02,1.00,0.01,0.06,0.74,0.57,0.0006,0.0030,     0,0,0,0.00,0.00,-2147483648,0.00,0.00,N/A,20.05,26.38,211.75,0.76,19.00,0.01,0.30,0.03,0.83,0.03,1.00,0.04,0.14,0.66,0.51,0.0007,0.0027,     0,0,0,0.01,0.02,-2147483648,0.00,0.00,N/A,49.88,59.80,211.75,0.83,20.85,0.03,0.71,0.47,0.48,  0%,  0%,3.72,3.06,  3%,  2%,8.47,8.31,  7%,  7%,15.71,15.62, 13%, 13%,1.56,98.44,0.00,100.00,0.00,0.00,3.41,96.59,0.00,100.00,0.00,0.00,0.00,0.00,0.00 ,0.00 ,-nan ,-nan ,0.10,0.10,0.01,0.31,0.02,1.00,0.00,0.03,0.95,0.27,0.0010,0.0207,     0,0,0,2.12,97.88,0.00,N/A,1.39,4.49,211.75,0.31,7.74,0.01,0.16,0.01,0.50,0.01,1.00,0.00,0.00,0.09,0.38,0.0027,0.0033,     0,0,0,1.10,98.90,0.00,N/A,1.16,2.33,211.75,0.50,12.45,0.01,0.14,0.00,0.44,0.00,1.00,0.00,0.00,0.53,0.61,0.0018,0.0056,     0,0,0,0.15,99.85,0.00,N/A,0.14,0.31,211.75,0.44,11.08,0.00,0.02,0.03,1.13,0.02,1.00,0.00,0.01,0.60,0.79,0.0001,0.0012,     0,0,0,2.26,97.74,0.00,N/A,5.42,4.79,211.75,1.13,28.27,0.03,0.64,0.02,0.88,0.02,1.00,0.00,0.01,0.71,0.68,0.0003,0.0015,     0,0,0,2.04,97.96,0.00,N/A,3.79,4.32,211.75,0.88,21.96,0.02,0.45,0.01,0.53,0.01,1.00,0.00,0.00,0.44,0.45,0.0010,0.0034,     0,0,0,1.08,98.92,0.00,N/A,1.22,2.28,211.75,0.53,13.33,0.01,0.14,0.02,0.97,0.02,1.00,0.00,0.00,0.25,0.76,0.0007,0.0012,     0,0,0,1.64,98.36,0.00,N/A,3.35,3.47,211.75,0.97,24.16,0.02,0.40,0.02,0.82,0.02,1.00,0.00,0.01,0.54,0.67,0.0006,0.0019,     0,0,0,2.08,97.92,0.00,N/A,3.59,4.41,211.75,0.82,20.39,0.02,0.42,0.02,0.51,0.04,1.00,0.00,0.04,0.90,0.33,0.0010,0.0108,     0,0,0,3.58,96.42,0.00,N/A,3.98,7.88,211.75,0.51,12.63,0.02,0.45,0.03,0.75,0.04,1.00,0.01,0.02,0.45,0.51,0.0010,0.0026,     0,0,0,3.63,96.37,0.00,N/A,6.25,8.34,211.75,0.75,18.74,0.03,0.68,0.03,0.82,0.03,1.00,0.00,0.01,0.53,0.50,0.0008,0.0021,     0,0,0,3.16,96.84,0.00,N/A,5.07,6.20,211.75,0.82,20.44,0.03,0.64,0.05,1.06,0.05,1.00,0.00,0.02,0.57,0.53,0.0004,0.0014,     0,0,0,4.55,95.45,0.00,N/A,10.99,10.35,211.75,1.06,26.54,0.05,1.21,0.03,0.81,0.04,1.00,0.01,0.02,0.47,0.55,0.0009,0.0023,     0,0,0,3.68,96.32,0.00,N/A,6.75,8.29,211.75,0.81,20.36,0.03,0.75,0.03,1.10,0.03,1.00,0.01,0.01,0.31,0.58,0.0009,0.0019,     0,0,0,2.59,97.41,0.00,N/A,6.51,5.95,211.75,1.10,27.39,0.03,0.71,0.02,0.76,0.03,1.00,0.00,0.01,0.64,0.55,0.0005,0.0021,     0,0,0,2.98,97.02,0.00,N/A,4.83,6.32,211.75,0.76,19.11,0.02,0.57,0.03,0.85,0.03,1.00,0.00,0.01,0.61,0.67,0.0006,0.0022,     0,0,0,3.06,96.94,0.00,N/A,5.50,6.48,211.75,0.85,21.21,0.03,0.65,
2024-03-21,21:06:12.962,0.01,0.91,0.01,0.92,0.01,0.07,0.83,0.56,0.0005,0.0035,0.01,0.00,-2147483648,0.00,0.00,20.28,22.28,210.16,0.91,22.76,0.01,0.15,6.29,0.56,12.67,0.74,99.26,0.00,100.00,0.00,0.00,0.00,0.00,-nan,0.08,0.00,0.85,0.01,0.87,0.00,0.03,0.93,0.60,0.0003,0.0042,     0,0,0,0.00,0.00,-2147483648,0.00,0.00,N/A,8.13,9.56,210.16,0.85,21.26,0.00,0.12,0.01,0.96,0.01,0.96,0.01,0.04,0.74,0.52,0.0007,0.0030,     0,0,0,0.01,0.00,-2147483648,0.00,0.00,N/A,12.16,12.73,210.16,0.96,23.88,0.01,0.19,0.39,0.41,  0%,  0%,2.59,2.91,  2%,  2%,3.30,3.05,  3%,  2%,3.04,3.28,  2%,  2%,0.66,99.34,0.00,100.00,0.00,0.00,0.82,99.18,0.00,100.00,0.00,0.00,0.00,0.00,0.00 ,0.00 ,-nan ,-nan ,0.08,0.08,0.01,0.30,0.02,0.87,0.00,0.03,0.95,0.27,0.0009,0.0208,     0,0,0,2.45,97.55,0.00,N/A,1.34,4.50,210.16,0.30,7.45,0.01,0.16,0.00,0.47,0.00,0.72,0.00,0.00,0.87,0.82,0.0003,0.0036,     0,0,0,0.04,99.96,0.00,N/A,0.03,0.06,210.16,0.47,11.76,0.00,0.00,0.00,0.42,0.00,0.83,0.00,0.00,0.83,0.88,0.0003,0.0022,     0,0,0,0.03,99.97,0.00,N/A,0.02,0.05,210.16,0.42,10.49,0.00,0.00,0.00,0.42,0.00,0.66,0.00,0.00,0.93,0.89,0.0001,0.0020,     0,0,0,0.03,99.97,0.00,N/A,0.02,0.04,210.16,0.42,10.44,0.00,0.00,0.00,0.55,0.00,0.97,0.00,0.00,0.51,0.27,0.0007,0.0070,     0,0,0,0.43,99.57,0.00,N/A,0.49,0.89,210.16,0.55,13.83,0.00,0.06,0.00,0.49,0.00,0.90,0.00,0.00,0.82,0.69,0.0008,0.0061,     0,0,0,0.06,99.94,0.00,N/A,0.06,0.12,210.16,0.49,12.17,0.00,0.01,0.01,1.50,0.01,0.78,0.00,0.00,0.87,0.92,0.0001,0.0005,     0,0,0,0.98,99.02,0.00,N/A,2.41,1.60,210.16,1.50,37.54,0.01,0.29,0.02,1.64,0.01,0.89,0.00,0.00,0.79,0.94,0.0001,0.0004,     0,0,0,1.22,98.78,0.00,N/A,3.76,2.29,210.16,1.64,40.99,0.02,0.45,0.01,0.30,0.02,0.91,0.00,0.02,0.95,0.29,0.0010,0.0202,     0,0,0,1.89,98.11,0.00,N/A,1.03,3.49,210.16,0.30,7.40,0.01,0.13,0.00,0.42,0.00,0.74,0.00,0.00,0.71,0.86,0.0006,0.0024,     0,0,0,0.04,99.96,0.00,N/A,0.02,0.05,210.16,0.42,10.39,0.00,0.00,0.00,0.28,0.00,0.78,0.00,0.00,0.17,0.69,0.0042,0.0065,     0,0,0,0.08,99.92,0.00,N/A,0.04,0.13,210.16,0.28,6.93,0.00,0.00,0.00,1.16,0.00,0.98,0.00,0.00,0.22,0.81,0.0006,0.0008,     0,0,0,0.24,99.76,0.00,N/A,0.54,0.46,210.16,1.16,29.03,0.00,0.07,0.02,1.17,0.02,0.99,0.00,0.01,0.28,0.72,0.0008,0.0012,     0,0,0,2.14,97.86,0.00,N/A,4.87,4.17,210.16,1.17,29.16,0.02,0.62,0.00,0.37,0.00,0.73,0.00,0.00,0.60,0.73,0.0021,0.0062,     0,0,0,0.06,99.94,0.00,N/A,0.03,0.09,210.16,0.37,9.36,0.00,0.00,0.02,1.60,0.01,0.99,0.00,0.00,0.37,0.73,0.0004,0.0006,     0,0,0,1.01,98.99,0.00,N/A,3.36,2.10,210.16,1.60,40.01,0.02,0.40,0.01,1.02,0.01,0.99,0.00,0.01,0.49,0.52,0.0008,0.0030,     0,0,0,1.08,98.92,0.00,N/A,2.27,2.24,210.16,1.02,25.40,0.01,0.27,
2024-03-21,21:06:13.061,0.00,0.71,0.00,0.87,0.00,0.06,0.94,0.53,0.0003,0.0058,0.00,0.00,-2147483648,0.00,0.00,10.78,15.09,210.19,0.71,17.85,0.00,0.08,1.33,0.88,3.45,0.52,99.48,0.00,100.00,0.00,0.00,0.00,0.00,-nan,0.08,0.01,0.92,0.01,0.94,0.00,0.03,0.94,0.62,0.0002,0.0036,     0,0,0,0.00,0.00,-2147483648,0.00,0.00,N/A,9.09,9.89,210.19,0.92,22.98,0.01,0.14,0.00,0.32,0.00,0.76,0.00,0.03,0.94,0.34,0.0010,0.0175,     0,0,0,0.00,0.00,-2147483648,0.00,0.00,N/A,1.69,5.21,210.19,0.32,8.12,0.00,0.03,0.13,0.36,  0%,  0%,0.38,0.46,  0%,  0%,0.57,0.90,  0%,  0%,1.14,0.85,  0%,  0%,0.62,99.38,0.00,100.00,0.00,0.00,0.41,99.59,0.00,100.00,0.00,0.00,0.00,0.00,0.00 ,0.00 ,-nan ,-nan ,0.08,0.07,0.01,0.30,0.02,0.95,0.00,0.03,0.94,0.28,0.0011,0.0196,     0,0,0,2.42,97.58,0.00,N/A,1.45,4.83,210.19,0.30,7.48,0.01,0.17,0.00,1.31,0.00,0.97,0.00,0.00,0.88,0.86,0.0000,0.0003,     0,0,0,0.15,99.85,0.00,N/A,0.41,0.32,210.19,1.31,32.82,0.00,0.05,0.00,0.47,0.00,0.69,0.00,0.00,0.70,0.88,0.0004,0.0019,     0,0,0,0.04,99.96,0.00,N/A,0.03,0.06,210.19,0.47,11.84,0.00,0.00,0.00,0.42,0.00,0.86,0.00,0.00,0.83,0.82,0.0005,0.0033,     0,0,0,0.03,99.97,0.00,N/A,0.02,0.05,210.19,0.42,10.56,0.00,0.00,0.00,0.48,0.00,0.85,0.00,0.00,0.83,0.73,0.0008,0.0056,     0,0,0,0.06,99.94,0.00,N/A,0.05,0.10,210.19,0.48,11.99,0.00,0.01,0.00,0.55,0.00,0.87,0.00,0.00,0.91,0.67,0.0004,0.0064,     0,0,0,0.06,99.94,0.00,N/A,0.06,0.11,210.19,0.55,13.83,0.00,0.01,0.00,0.65,0.00,0.93,0.00,0.00,0.71,0.91,0.0002,0.0008,     0,0,0,0.14,99.86,0.00,N/A,0.17,0.27,210.19,0.65,16.27,0.00,0.02,0.03,1.66,0.02,0.95,0.00,0.00,0.91,0.92,0.0000,0.0005,     0,0,0,2.09,97.91,0.00,N/A,6.89,4.15,210.19,1.66,41.53,0.03,0.82,0.01,0.30,0.02,0.78,0.00,0.03,0.96,0.28,0.0009,0.0204,     0,0,0,2.74,97.26,0.00,N/A,1.36,4.48,210.19,0.30,7.61,0.01,0.16,0.00,0.44,0.00,0.62,0.00,0.00,0.53,0.76,0.0018,0.0046,     0,0,0,0.08,99.92,0.00,N/A,0.05,0.10,210.19,0.44,10.99,0.00,0.01,0.00,0.35,0.00,0.52,0.00,0.00,0.54,0.88,0.0008,0.0022,     0,0,0,0.05,99.95,0.00,N/A,0.02,0.05,210.19,0.35,8.75,0.00,0.00,0.00,0.38,0.00,0.53,0.00,0.00,0.64,0.87,0.0007,0.0024,     0,0,0,0.04,99.96,0.00,N/A,0.02,0.05,210.19,0.38,9.42,0.00,0.00,0.00,0.45,0.00,0.67,0.00,0.00,0.81,0.72,0.0009,0.0054,     0,0,0,0.08,99.92,0.00,N/A,0.05,0.11,210.19,0.45,11.18,0.00,0.01,0.00,0.43,0.00,0.66,0.00,0.00,0.78,0.71,0.0011,0.0056,     0,0,0,0.08,99.92,0.00,N/A,0.05,0.12,210.19,0.43,10.82,0.00,0.01,0.00,0.39,0.00,0.67,0.00,0.00,0.74,0.71,0.0010,0.0056,     0,0,0,0.09,99.91,0.00,N/A,0.05,0.13,210.19,0.39,9.77,0.00,0.01,0.00,0.57,0.00,0.75,0.00,0.00,0.71,0.59,0.0015,0.0064,     0,0,0,0.11,99.89,0.00,N/A,0.10,0.17,210.19,0.57,14.26,0.00,0.01,
2024-03-21,21:06:13.162,0.00,0.61,0.00,0.89,0.00,0.06,0.94,0.48,0.0004,0.0073,0.00,0.00,-2147483648,0.00,0.00,8.45,13.90,210.22,0.61,15.19,0.00,0.06,0.33,0.17,3.48,0.47,99.53,0.00,100.00,0.00,0.00,0.00,0.00,-nan,0.08,0.00,0.77,0.01,1.00,0.00,0.03,0.93,0.57,0.0003,0.0048,     0,0,0,0.00,0.00,-2147483648,0.00,0.00,N/A,6.72,8.76,210.22,0.77,19.18,0.00,0.10,0.00,0.34,0.00,0.75,0.00,0.03,0.95,0.34,0.0008,0.0171,     0,0,0,0.00,0.00,-2147483648,0-,,,0.00,N/A,1.73,5.14,210.22,0.34,8.41,0.00,0.03,0.08,0.07,  0%,  0%,0.08,0.10,  0%,  0%,0.14,0.40,  0%,  0%,1.44,1.51,  1%,  1%,0.52,99.48,0.00,100.00,0.00,0.00,0.41,99.59,0.00,100.00,0.00,0.00,0.00,0.00,0.00 ,0.00 ,-nan ,-nan ,0.08,0.08,0.01,0.30,0.02,1.00,0.00,0.03,0.95,0.28,0.0010,0.0192,     0,0,0,2.37,97.63,0.00,N/A,1.49,4.97,210.22,0.30,7.50,0.01,0.18,0.00,1.47,0.00,1.00,0.00,0.00,0.97,0.92,0.0000,0.0005,     0,0,0,0.18,99.82,0.00,N/A,0.56,0.38,210.22,1.47,36.87,0.00,0.07,0.00,0.44,0.00,0.71,0.00,0.00,0.97,0.90,0.0000,0.0018,     0,0,0,0.04,99.96,0.00,N/A,0.02,0.05,210.22,0.44,10.92,0.00,0.00,0.02,1.66,0.01,1.00,0.00,0.00,0.99,0.94,0.0000,0.0003,     0,0,0,1.19,98.81,0.00,N/A,4.15,2.50,210.22,1.66,41.45,0.02,0.49,0.00,0.56,0.00,1.00,0.00,0.00,0.70,0.72,0.0010,0.0045,     0,0,0,0.08,99.92,0.00,N/A,0.09,0.16,210.22,0.56,13.88,0.00,0.01,0.00,0.50,0.00,0.87,0.00,0.00,0.90,0.67,0.0004,0.0066,     0,0,0,0.06,99.94,0.00,N/A,0.05,0.11,210.22,0.50,12.46,0.00,0.01,0.00,0.67,0.00,1.00,0.00,0.00,0.43,0.89,0.0004,0.0010,     0,0,0,0.12,99.88,0.00,N/A,0.17,0.26,210.22,0.67,16.82,0.00,0.02,0.00,0.55,0.00,0.99,0.00,0.00,0.54,0.56,0.0022,0.0062,     0,0,0,0.16,99.84,0.00,N/A,0.18,0.32,210.22,0.55,13.63,0.00,0.02,0.01,0.33,0.02,0.74,0.00,0.03,0.96,0.28,0.0009,0.0210,     0,0,0,2.57,97.43,0.00,N/A,1.33,4.02,210.22,0.33,8.27,0.01,0.16,0.00,0.34,0.00,0.52,0.00,0.00,0.69,0.90,0.0005,0.0017,     0,0,0,0.05,99.95,0.00,N/A,0.02,0.06,210.22,0.34,8.39,0.00,0.00,0.00,0.40,0.00,0.45,0.00,0.00,0.86,0.82,0.0003,0.0035,     0,0,0,0.06,99.94,0.00,N/A,0.02,0.06,210.22,0.40,9.99,0.00,0.00,0.00,0.38,0.00,0.46,0.00,0.00,0.71,0.90,0.0005,0.0020,     0,0,0,0.06,99.94,0.00,N/A,0.02,0.05,210.22,0.38,9.40,0.00,0.00,0.00,0.27,0.00,0.93,0.00,0.00,0.71,0.72,0.0006,0.0023,     0,0,0,0.30,99.70,0.00,N/A,0.16,0.58,210.22,0.27,6.71,0.00,0.02,0.00,0.47,0.00,0.74,0.00,0.00,0.85,0.74,0.0007,0.0050,     0,0,0,0.07,99.93,0.00,N/A,0.05,0.10,210.22,0.47,11.76,0.00,0.01,0.00,0.31,0.00,0.54,0.00,0.00,0.87,0.90,0.0002,0.0019,     0,0,0,0.06,99.94,0.00,N/A,0.02,0.06,210.22,0.31,7.87,0.00,0.00,0.00,0.55,0.00,0.84,0.00,0.00,0.77,0.61,0.0014,0.0070,     0,0,0,0.11,99.89,0.00,N/A,0.11,0.20,210.22,0.55,13.77,0.00,0.01,
2024-03-21,21:06:13.261,0.00,0.84,0.01,0.85,0.00,0.06,0.94,0.59,0.0003,0.0044,0.00,0.00,-2147483648,0.00,0.00,14.48,17.20,209.84,0.84,21.05,0.00,0.11,0.76,0.47,1.45,0.61,99.39,0.00,100.00,0.00,0.00,0.00,0.00,-nan,0.08,0.01,1.05,0.01,0.91,0.00,0.03,0.94,0.69,0.0002,0.0027,     0,0,0,0.00,0.00,-2147483648,0.00,0.00,N/A,12.74,12.14,209.84,1.05,26.22,0.01,0.19,0.00,0.34,0.00,0.73,0.00,0.03,0.94,0.34,0.0009,0.0173,     0,0,0,0.00,0.00,-2147483648,0.00,0.00,N/A,1.74,5.06,209.84,0.34,8.62,0.00,0.03,0.49,0.13,  0%,  0%,0.11,0.04,  0%,  0%,0.67,0.35,  0%,  0%,0.25,0.19,  0%,  0%,0.80,99.20,0.00,100.00,0.00,0.00,0.41,99.59,0.00,100.00,0.00,0.00,0.00,0.00,0.00 ,0.00 ,-nan ,-nan ,0.08,0.08,0.01,0.31,0.02,0.85,0.00,0.03,0.94,0.28,0.0011,0.0193,     0,0,0,2.74,97.26,0.00,N/A,1.50,4.91,209.84,0.31,7.65,0.01,0.18,0.00,0.45,0.00,0.75,0.00,0.00,0.97,0.79,0.0001,0.0042,     0,0,0,0.03,99.97,0.00,N/A,0.02,0.05,209.84,0.45,11.37,0.00,0.00,0.00,0.98,0.00,0.97,0.00,0.00,0.84,0.86,0.0002,0.0015,     0,0,0,0.17,99.83,0.00,N/A,0.35,0.35,209.84,0.98,24.55,0.00,0.04,0.05,1.72,0.03,0.95,0.00,0.00,0.99,0.95,0.0000,0.0003,     0,0,0,3.05,96.95,0.00,N/A,10.48,6.08,209.84,1.72,43.09,0.05,1.25,0.00,0.45,0.00,0.96,0.00,0.00,0.79,0.60,0.0012,0.0069,     0,0,0,0.11,99.89,0.00,N/A,0.09,0.21,209.84,0.45,11.16,0.00,0.01,0.00,0.52,0.00,0.92,0.00,0.00,0.83,0.71,0.0007,0.0056,     0,0,0,0.05,99.95,0.00,N/A,0.05,0.10,209.84,0.52,12.99,0.00,0.01,0.00,0.54,0.00,0.83,0.00,0.00,0.47,0.90,0.0004,0.0009,     0,0,0,0.18,99.82,0.00,N/A,0.17,0.31,209.84,0.54,13.61,0.00,0.02,0.00,0.53,0.00,0.93,0.00,0.00,0.69,0.66,0.0016,0.0064,     0,0,0,0.07,99.93,0.00,N/A,0.07,0.13,209.84,0.53,13.33,0.00,0.01,0.01,0.32,0.02,0.73,0.00,0.03,0.96,0.28,0.0009,0.0209,     0,0,0,2.75,97.25,0.00,N/A,1.36,4.23,209.84,0.32,8.02,0.01,0.16,0.00,0.41,0.00,0.75,0.00,0.00,0.54,0.73,0.0019,0.0047,     0,0,0,0.08,99.92,0.00,N/A,0.05,0.12,209.84,0.41,10.37,0.00,0.01,0.00,0.36,0.00,0.46,0.00,0.00,0.69,0.89,0.0005,0.0019,     0,0,0,0.05,99.95,0.00,N/A,0.02,0.05,209.84,0.36,9.09,0.00,0.00,0.00,0.41,0.00,0.52,0.00,0.00,0.90,0.79,0.0002,0.0044,     0,0,0,0.05,99.95,0.00,N/A,0.02,0.05,209.84,0.41,10.35,0.00,0.00,0.00,0.52,0.00,0.82,0.00,0.00,0.48,0.75,0.0013,0.0029,     0,0,0,0.11,99.89,0.00,N/A,0.10,0.19,209.84,0.52,13.11,0.00,0.01,0.00,0.44,0.00,0.75,0.00,0.00,0.81,0.69,0.0010,0.0058,     0,0,0,0.07,99.93,0.00,N/A,0.05,0.11,209.84,0.44,10.94,0.00,0.01,0.00,0.41,0.00,0.75,0.00,0.00,0.86,0.71,0.0007,0.0053,     0,0,0,0.08,99.92,0.00,N/A,0.05,0.12,209.84,0.41,10.28,0.00,0.01,0.00,0.56,0.00,0.75,0.00,0.00,0.85,0.58,0.0009,0.0067,     0,0,0,0.10,99.90,0.00,N/A,0.09,0.16,209.84,0.56,13.91,0.00,0.01,
2024-03-21,21:06:13.361,0.00,0.92,0.00,0.86,0.00,0.06,0.95,0.59,0.0002,0.0041,0.00,0.00,-2147483648,0.00,0.00,15.28,16.61,209.71,0.92,22.99,0.00,0.11,0.74,0.57,1.70,0.57,99.43,0.00,100.00,0.00,0.00,0.00,0.00,-nan,0.08,0.01,1.13,0.01,0.94,0.00,0.03,0.95,0.69,0.0001,0.0025,     0,0,0,0.00,0.00,-2147483648,0.00,0.00,N/A,12.76,11.32,209.71,1.13,28.19,0.01,0.19,0.00,0.48,0.00,0.74,0.00,0.03,0.95,0.35,0.0006,0.0120,     0,0,0,0.00,0.00,-2147483648,0.00,0.00,N/A,2.52,5.30,209.71,0.48,11.88,0.00,0.04,0.24,0.37,  0%,  0%,0.10,0.04,  0%,  0%,0.91,0.33,  0%,  0%,0.26,0.19,  0%,  0%,0.72,99.28,0.00,100.00,0.00,0.00,0.43,99.57,0.00,100.00,0.00,0.00,0.00,0.00,0.00 ,0.00 ,-nan ,-nan ,0.08,0.07,0.01,0.33,0.02,0.91,0.00,0.03,0.95,0.28,0.0009,0.0201,     0,0,0,2.23,97.77,0.00,N/A,1.39,4.27,209.71,0.33,8.16,0.01,0.17,0.02,1.70,0.01,0.95,0.00,0.00,0.94,0.95,0.0000,0.0002,     0,0,0,1.46,98.54,0.00,N/A,4.96,2.92,209.71,1.70,42.46,0.02,0.59,0.00,0.45,0.00,0.82,0.00,0.00,0.85,0.91,0.0002,0.0018,     0,0,0,0.02,99.98,0.00,N/A,0.02,0.04,209.71,0.45,11.31,0.00,0.00,0.03,1.74,0.02,0.96,0.00,0.00,0.98,0.96,0.0000,0.0003,     0,0,0,1.71,98.29,0.00,N/A,6.00,3.44,209.71,1.74,43.56,0.03,0.72,0.00,0.49,0.00,0.92,0.00,0.00,0.84,0.74,0.0007,0.0051,     0,0,0,0.06,99.94,0.00,N/A,0.05,0.11,209.71,0.49,12.14,0.00,0.01,0.00,0.56,0.00,0.83,0.00,0.00,0.90,0.66,0.0005,0.0074,     0,0,0,0.06,99.94,0.00,N/A,0.06,0.11,209.71,0.56,13.89,0.00,0.01,0.00,0.71,0.00,0.92,0.00,0.00,0.68,0.94,0.0001,0.0005,     0,0,0,0.13,99.87,0.00,N/A,0.17,0.24,209.71,0.71,17.74,0.00,0.02,0.00,0.58,0.00,1.00,0.00,0.00,0.66,0.61,0.0019,0.0067,     0,0,0,0.09,99.91,0.00,N/A,0.11,0.18,209.71,0.58,14.45,0.00,0.01,0.01,0.33,0.02,0.72,0.00,0.03,0.96,0.28,0.0008,0.0211,     0,0,0,2.60,97.40,0.00,N/A,1.31,3.96,209.71,0.33,8.29,0.01,0.16,0.00,0.48,0.00,0.68,0.00,0.00,0.56,0.71,0.0019,0.0051,     0,0,0,0.09,99.91,0.00,N/A,0.06,0.13,209.71,0.48,11.92,0.00,0.01,0.00,0.38,0.00,0.54,0.00,0.00,1.00,0.91,0.0000,0.0017,     0,0,0,0.04,99.96,0.00,N/A,0.02,0.05,209.71,0.38,9.41,0.00,0.00,0.00,0.37,0.00,0.50,0.00,0.00,0.93,0.91,0.0001,0.0016,     0,0,0,0.05,99.95,0.00,N/A,0.02,0.05,209.71,0.37,9.27,0.00,0.00,0.00,0.48,0.00,0.68,0.00,0.00,0.88,0.71,0.0006,0.0058,     0,0,0,0.08,99.92,0.00,N/A,0.05,0.11,209.71,0.48,12.10,0.00,0.01,0.00,0.48,0.00,0.68,0.00,0.00,0.87,0.71,0.0006,0.0059,     0,0,0,0.08,99.92,0.00,N/A,0.05,0.11,209.71,0.48,11.89,0.00,0.01,0.00,1.36,0.00,0.91,0.00,0.00,0.70,0.64,0.0001,0.0007,     0,0,0,0.32,99.68,0.00,N/A,0.84,0.62,209.71,1.36,33.88,0.00,0.10,0.00,0.60,0.00,0.85,0.00,0.00,0.79,0.59,0.0013,0.0068,     0,0,0,0.15,99.85,0.00,N/A,0.16,0.27,209.71,0.60,15.08,0.00,0.02,
2024-03-21,21:06:13.461,0.00,0.60,0.00,0.87,0.00,0.06,0.94,0.46,0.0004,0.0080,0.00,0.00,-2147483648,0.00,0.00,7.74,12.84,209.89,0.60,15.07,0.00,0.06,0.49,0.54,1.60,0.44,99.56,0.00,100.00,0.00,0.00,0.00,0.00,-nan,0.10,0.00,0.75,0.00,0.99,0.00,0.03,0.94,0.54,0.0003,0.0052,     0,0,0,0.00,0.00,-2147483648,0.00,0.00,N/A,5.96,7.92,209.89,0.75,18.81,0.00,0.09,0.00,0.36,0.00,0.72,0.00,0.03,0.95,0.35,0.0009,0.0172,     0,0,0,0.00,0.00,-2147483648,0.00,0.00,N/A,1.78,4.92,209.89,0.36,9.05,0.00,0.03,0.15,0.21,  0%,  0%,0.10,0.03,  0%,  0%,0.36,0.85,  0%,  0%,0.22,0.17,  0%,  0%,0.48,99.52,0.00,100.00,0.00,0.00,0.40,99.60,0.00,100.00,0.00,0.00,0.00,0.00,0.00 ,0.00 ,-nan ,-nan ,0.10,0.10,,0.3,0.31,0.02,1.00,0.00,0.03,0.95,0.28,0.0010,0.0194,     0,0,0,2.27,97.73,0.00,N/A,1.47,4.76,209.89,0.31,7.72,0.01,0.18,0.00,1.61,0.00,0.98,0.00,0.00,0.74,0.91,0.0000,0.0001,     0,0,0,0.21,99.79,0.00,N/A,0.69,0.43,209.89,1.61,40.23,0.00,0.08,0.00,0.44,0.00,0.73,0.00,0.00,0.77,0.90,0.0003,0.0018,     0,0,0,0.03,99.97,0.00,N/A,0.02,0.04,209.89,0.44,10.88,0.00,0.00,0.02,1.68,0.01,0.99,0.00,0.00,0.94,0.95,0.0000,0.0003,     0,0,0,0.97,99.03,0.00,N/A,3.40,2.02,209.89,1.68,41.94,0.02,0.40,0.00,0.50,0.00,0.91,0.00,0.00,0.83,0.73,0.0007,0.0054,     0,0,0,0.05,99.95,0.00,N/A,0.05,0.10,209.89,0.50,12.53,0.00,0.01,0.00,0.56,0.00,1.00,0.00,0.00,0.93,0.68,0.0003,0.0065,     0,0,0,0.05,99.95,0.00,N/A,0.05,0.10,209.89,0.56,13.98,0.00,0.01,0.00,0.70,0.00,0.89,0.00,0.00,0.61,0.91,0.0002,0.0007,     0,0,0,0.14,99.86,0.00,N/A,0.18,0.26,209.89,0.70,17.57,0.00,0.02,0.00,0.49,0.00,0.96,0.00,0.00,0.70,0.59,0.0014,0.0065,     0,0,0,0.11,99.89,0.00,N/A,0.11,0.22,209.89,0.49,12.30,0.00,0.01,0.01,0.33,0.02,0.77,0.00,0.03,0.96,0.28,0.0008,0.0213,     0,0,0,2.46,97.54,0.00,N/A,1.30,3.99,209.89,0.33,8.17,0.01,0.16,0.00,0.52,0.00,0.48,0.00,0.00,0.55,0.74,0.0017,0.0043,     0,0,0,0.10,99.90,0.00,N/A,0.05,0.10,209.89,0.52,12.99,0.00,0.01,0.00,0.35,0.00,0.46,0.00,0.00,0.59,0.88,0.0008,0.0022,     0,0,0,0.06,99.94,0.00,N/A,0.02,0.05,209.89,0.35,8.80,0.00,0.00,0.00,0.40,0.00,0.49,0.00,0.00,0.73,0.90,0.0004,0.0019,     0,0,0,0.05,99.95,0.00,N/A,0.02,0.05,209.89,0.40,10.05,0.00,0.00,0.00,0.49,0.00,0.61,0.00,0.00,0.86,0.75,0.0006,0.0053,     0,0,0,0.08,99.92,0.00,N/A,0.05,0.11,209.89,0.49,12.16,0.00,0.01,0.00,0.49,0.00,0.48,0.00,0.00,0.86,0.64,0.0010,0.0076,     0,0,0,0.21,99.79,0.00,N/A,0.10,0.21,209.89,0.49,12.18,0.00,0.01,0.00,0.50,0.00,0.46,0.00,0.00,0.80,0.72,0.0010,0.0055,     0,0,0,0.10,99.90,0.00,N/A,0.05,0.10,209.89,0.50,12.53,0.00,0.01,0.00,0.60,0.00,0.84,0.00,0.00,0.80,0.54,0.0012,0.0070,     0,0,0,0.17,99.83,0.00,N/A,0.18,0.30,209.89,0.60,14.88,0.00,0.02,
2024-03-21,21:06:13.561,0.00,0.76,0.00,0.88,0.00,0.06,0.94,0.55,0.0003,0.0052,0.00,0.00,-2147483648,0.00,0.00,12.39,16.29,210.04,0.76,19.02,0.00,0.09,0.29,0.23,0.91,0.55,99.45,0.00,100.00,0.00,0.00,0.00,0.00,-nan,0.08,0.01,0.97,0.01,0.93,0.00,0.03,0.94,0.65,0.0002,0.0032,     0,0,0,0.00,0.00,-2147483648,0.00,0.00,N/A,10.68,11.01,210.04,0.97,24.24,0.01,0.16,0.00,0.32,0.00,0.80,0.00,0.03,0.95,0.34,0.0009,0.0175,     0,0,0,0.00,0.00,-2147483648,0.00,0.00,N/A,1.71,5.28,210.04,0.32,8.12,0.00,0.03,0.08,0.08,  0%,  0%,0.10,0.04,  0%,  0%,0.13,0.39,  0%,  0%,0.23,0.16,  0%,  0%,0.71,99.29,0.00,100.00,0.00,0.00,0.40,99.60,0.00,100.00,0.00,0.00,0.00,0.00,0.00 ,0.00 ,-nan ,-nan ,0.08,0.08,0.01,0.30,0.02,0.91,0.00,0.03,0.95,0.28,0.0010,0.0191,     0,0,0,2.64,97.36,0.00,N/A,1.50,5.02,210.04,0.30,7.48,0.01,0.18,0.00,1.44,0.00,0.94,0.00,0.00,0.49,0.85,0.0001,0.0004,     0,0,0,0.13,99.87,0.00,N/A,0.36,0.25,210.04,1.44,36.07,0.00,0.04,0.00,0.96,0.00,0.93,0.00,0.00,0.96,0.87,0.0000,0.0014,     0,0,0,0.18,99.82,0.00,N/A,0.34,0.35,210.04,0.96,23.99,0.00,0.04,0.04,1.70,0.02,0.95,0.00,0.00,0.95,0.92,0.0000,0.0005,     0,0,0,2.38,97.62,0.00,N/A,8.10,4.78,210.04,1.70,42.39,0.04,0.96,0.00,0.49,0.00,0.88,0.00,0.00,0.88,0.71,0.0006,0.0058,     0,0,0,0.06,99.94,0.00,N/A,0.05,0.11,210.04,0.49,12.14,0.00,0.01,0.00,0.54,0.00,0.86,0.00,0.00,0.94,0.69,0.0003,0.0062,     0,0,0,0.06,99.94,0.00,N/A,0.06,0.10,210.04,0.54,13.48,0.00,0.01,0.00,0.72,0.00,0.81,0.00,0.00,0.58,0.91,0.0002,0.0008,     0,0,0,0.15,99.85,0.00,N/A,0.18,0.25,210.04,0.72,18.07,0.00,0.02,0.00,0.59,0.00,1.00,0.00,0.00,0.73,0.59,0.0013,0.0063,     0,0,0,0.07,99.93,0.00,N/A,0.09,0.15,210.04,0.59,14.69,0.00,0.01,0.01,0.30,0.02,0.83,0.00,0.03,0.96,0.28,0.0009,0.0206,     0,0,0,2.60,97.40,0.00,N/A,1.35,4.53,210.04,0.30,7.48,0.01,0.16,0.00,0.45,0.00,0.62,0.00,0.00,0.59,0.72,0.0018,0.0050,     0,0,0,0.09,99.91,0.00,N/A,0.06,0.12,210.04,0.45,11.27,0.00,0.01,0.00,0.40,0.00,0.62,0.00,0.00,0.65,0.90,0.0005,0.0019,     0,0,0,0.04,99.96,0.00,N/A,0.02,0.05,210.04,0.40,10.05,0.00,0.00,0.00,0.37,0.00,0.58,0.00,0.00,0.67,0.91,0.0004,0.0016,     0,0,0,0.04,99.96,0.00,N/A,0.02,0.05,210.04,0.37,9.26,0.00,0.00,0.00,0.52,0.00,0.61,0.00,0.00,0.88,0.74,0.0006,0.0055,     0,0,0,0.09,99.91,0.00,N/A,0.06,0.11,210.04,0.52,12.90,0.00,0.01,0.00,0.49,0.00,0.62,0.00,0.00,0.83,0.73,0.0008,0.0057,     0,0,0,0.09,99.91,0.00,N/A,0.06,0.12,210.04,0.49,12.24,0.00,0.01,0.00,0.46,0.00,0.65,0.00,0.00,0.84,0.65,0.0009,0.0067,     0,0,0,0.09,99.91,0.00,N/A,0.06,0.13,210.04,0.46,11.50,0.00,0.01,0.00,0.54,0.00,0.72,0.00,0.00,0.80,0.54,0.0013,0.0071,     0,0,0,0.11,99.89,0.00,N/A,0.09,0.17,210.04,0.54,13.55,0.00,0.01,
2024-03-21,21:06:13.661,0.00,0.73,0.00,0.85,0.00,0.06,0.95,0.51,0.0003,0.0058,0.00,0.00,-2147483648,0.00,0.00,11.18,15.27,210.15,0.73,18.30,0.00,0.08,0.72,0.72,0.81,0.54,99.46,0.00,100.00,0.00,0.00,0.00,0.00,-nan,0.08,0.01,0.95,0.01,0.91,0.00,0.03,0.95,0.60,0.0002,0.0036,     0,0,0,0.00,0.00,-2147483648,0.00,0.00,N/A,9.28,9.79,210.15,0.95,23.69,0.01,0.14,0.00,0.35,0.00,0.75,0.00,0.03,0.94,0.35,0.0009,0.0166,     0,0,0,0.00,0.00,-2147483648,0.00,0.00,N/A,1.90,5.48,210.15,0.35,8.65,0.00,0.03,0.49,0.10,  0%,  0%,0.09,0.03,  0%,  0%,0.16,0.24,  0%,  0%,0.23,0.17,  0%,  0%,0.64,99.36,0.00,100.00,0.00,0.00,0.43,99.57,0.00,100.00,0.00,0.00,0.00,0.00,0.00 ,0.00 ,-nan ,-nan ,0.07,0.08,0.01,0.30,0.02,0.90,0.00,0.03,0.95,0.28,0.0009,0.0201,     0,0,0,2.44,97.56,0.00,N/A,1.41,4.63,210.15,0.30,7.60,0.01,0.17,0.00,0.39,0.00,0.76,0.00,0.00,0.97,0.89,0.0001,0.0020,     0,0,0,0.03,99.97,0.00,N/A,0.02,0.05,210.15,0.39,9.75,0.00,0.00,0.01,1.58,0.00,0.98,0.00,0.00,0.58,0.79,0.0001,0.0002,     0,0,0,0.39,99.61,0.00,N/A,1.27,0.80,210.15,1.58,39.49,0.01,0.15,0.03,1.69,0.02,0.91,0.00,0.00,0.98,0.91,0.0000,0.0005,     0,0,0,1.91,98.09,0.00,N/A,6.18,3.67,210.15,1.69,42.19,0.03,0.74,0.00,0.49,0.00,0.97,0.00,0.00,0.89,0.75,0.0005,0.0050,     0,0,0,0.05,99.95,0.00,N/A,0.05,0.11,210.15,0.49,12.28,0.00,0.01,0.00,0.53,0.00,0.80,0.00,0.00,0.95,0.71,0.0002,0.0058,     0,0,0,0.06,99.94,0.00,N/A,0.05,0.10,210.15,0.53,13.15,0.00,0.01,0.00,0.73,0.00,0.82,0.00,0.00,0.53,0.87,0.0005,0.0013,     0,0,0,0.15,99.85,0.00,N/A,0.19,0.26,210.15,0.73,18.16,0.00,0.02,0.00,0.59,0.00,0.91,0.00,0.00,0.73,0.60,0.0013,0.0063,     0,0,0,0.09,99.91,0.00,N/A,0.10,0.17,210.15,0.59,14.83,0.00,0.01,0.01,0.31,0.02,0.78,0.00,0.03,0.96,0.28,0.0009,0.0205,     0,0,0,2.70,97.30,0.00,N/A,1.36,4.41,210.15,0.31,7.70,0.01,0.16,0.00,0.50,0.00,0.46,0.00,0.00,0.58,0.73,0.0018,0.0051,     0,0,0,0.10,99.90,0.00,N/A,0.05,0.10,210.15,0.50,12.58,0.00,0.01,0.00,0.35,0.00,0.49,0.00,0.00,0.81,0.93,0.0002,0.0014,     0,0,0,0.05,99.95,0.00,N/A,0.02,0.05,210.15,0.35,8.85,0.00,0.00,0.00,0.36,0.00,0.50,0.00,0.00,0.91,0.89,0.0002,0.0020,     0,0,0,0.05,99.95,0.00,N/A,0.02,0.05,210.15,0.36,9.03,0.00,0.00,0.00,0.47,0.00,0.59,0.00,0.00,0.82,0.76,0.0008,0.0050,     0,0,0,0.09,99.91,0.00,N/A,0.05,0.11,210.15,0.47,11.85,0.00,0.01,0.00,0.41,0.00,0.79,0.00,0.00,0.89,0.61,0.0009,0.0082,     0,0,0,0.17,99.83,0.00,N/A,0.11,0.27,210.15,0.41,10.15,0.00,0.01,0.00,0.51,0.00,0.47,0.00,0.00,0.77,0.71,0.0011,0.0059,     0,0,0,0.10,99.90,0.00,N/A,0.05,0.10,210.15,0.51,12.84,0.00,0.01,0.00,0.61,0.00,0.90,0.00,0.00,0.85,0.51,0.0010,0.0077,     0,0,0,0.21,99.79,0.00,N/A,0.24,0.39,210.15,0.61,15.35,0.00,0.03,
2024-03-21,21:06:13.761,0.00,0.73,0.01,0.93,0.01,0.07,0.88,0.55,0.0005,0.0047,0.00,0.00,-2147483648,0.00,0.00,15.95,21.90,209.78,0.73,18.20,0.00,0.12,1.63,0.57,4.18,0.70,99.30,0.00,100.00,0.00,0.00,0.00,0.00,-nan,0.07,0.01,0.87,0.01,0.97,0.00,0.04,0.89,0.61,0.0004,0.0033,     0,0,0,0.00,0.00,-2147483648,0.00,0.00,N/A,11.09,12.76,209.78,0.87,21.73,0.01,0.17,0.00,0.53,0.01,0.88,0.00,0.04,0.88,0.46,0.0009,0.0078,     0,0,0,0.00,0.00,-2147483648,0.00,0.00,N/A,4.86,9.14,209.78,0.53,13.29,0.00,0.07,0.58,0.84,  0%,  0%,0.14,0.07,  0%,  0%,2.24,1.45,  2%,  1%,0.33,0.16,  0%,  0%,0.78,99.22,0.00,100.00,0.00,0.00,0.62,99.38,0.00,100.00,0.00,0.00,0.00,0.00,0.00 ,0.00 ,-nan ,-nan ,0.07,0.08,0.01,0.30,0.02,0.96,0.00,0.03,0.95,0.28,0.0010,0.0192,     0,0,0,2.43,97.57,0.00,N/A,1.49,4.91,209.78,0.30,7.58,0.01,0.18,0.01,1.08,0.01,0.99,0.00,0.00,0.33,0.81,0.0005,0.0009,     0,0,0,1.03,98.97,0.00,N/A,2.33,2.15,209.78,1.08,27.08,0,0.,0.28,0.01,1.57,0.00,0.97,0.00,0.00,0.57,0.73,0.0001,0.0003,     0,0,0,0.39,99.61,0.00,N/A,1.26,0.81,209.78,1.57,39.13,0.01,0.15,0.03,1.65,0.02,0.99,0.00,0.00,0.98,0.90,0.0000,0.0006,     0,0,0,1.55,98.45,0.00,N/A,5.35,3.24,209.78,1.65,41.24,0.03,0.64,0.00,0.47,0.00,0.80,0.00,0.00,0.66,0.70,0.0015,0.0061,     0,0,0,0.07,99.93,0.00,N/A,0.06,0.12,209.78,0.47,11.70,0.00,0.01,0.00,0.77,0.00,0.93,0.00,0.00,0.84,0.75,0.0004,0.0032,     0,0,0,0.12,99.88,0.00,N/A,0.18,0.24,209.78,0.77,19.23,0.00,0.02,0.00,0.29,0.01,0.97,0.00,0.00,0.48,0.79,0.0019,0.0039,     0,0,0,0.55,99.45,0.00,N/A,0.32,1.12,209.78,0.29,7.20,0.00,0.04,0.00,0.54,0.00,0.90,0.00,0.00,0.60,0.55,0.0020,0.0068,     0,0,0,0.09,99.91,0.00,N/A,0.09,0.17,209.78,0.54,13.48,0.00,0.01,0.01,0.30,0.02,0.82,0.00,0.03,0.96,0.28,0.0009,0.0206,     0,0,0,2.65,97.35,0.00,N/A,1.36,4.58,209.78,0.30,7.44,0.01,0.16,0.01,0.77,0.01,0.99,0.00,0.00,0.33,0.71,0.0012,0.0023,     0,0,0,1.11,98.89,0.00,N/A,1.77,2.31,209.78,0.77,19.20,0.01,0.21,0.00,0.42,0.00,0.61,0.00,0.00,0.63,0.81,0.0011,0.0036,     0,0,0,0.05,99.95,0.00,N/A,0.03,0.06,209.78,0.42,10.54,0.00,0.00,0.00,0.40,0.00,0.48,0.00,0.00,0.66,0.83,0.0005,0.0024,     0,0,0,0.07,99.93,0.00,N/A,0.03,0.07,209.78,0.40,10.09,0.00,0.00,0.01,0.92,0.01,0.97,0.00,0.00,0.85,0.71,0.0002,0.0021,     0,0,0,0.68,99.32,0.00,N/A,1.28,1.39,209.78,0.92,22.96,0.01,0.15,0.00,0.44,0.00,0.75,0.00,0.00,0.79,0.73,0.0010,0.0052,     0,0,0,0.07,99.93,0.00,N/A,0.05,0.11,209.78,0.44,11.06,0.00,0.01,0.00,0.45,0.00,0.88,0.00,0.00,0.80,0.67,0.0011,0.0064,     0,0,0,0.06,99.94,0.00,N/A,0.05,0.11,209.78,0.45,11.32,0.00,0.01,0.00,0.58,0.00,0.91,0.00,0.00,0.72,0.53,0.0020,0.0078,     0,0,0,0.27,99.73,0.00,N/A,0.29,0.51,209.78,0.58,14.45,0.00,0.03,
2024-03-21,21:06:13.861,0.01,0.80,0.01,0.94,0.01,0.08,0.88,0.57,0.0005,0.0042,0.00,0.00,-2147483648,0.00,0.00,20.07,25.10,209.99,0.80,20.00,0.01,0.15,1.88,0.55,6.62,0.80,99.20,0.00,100.00,0.00,0.00,0.00,0.00,-nan,0.08,0.01,0.94,0.01,0.94,0.01,0.04,0.85,0.63,0.0004,0.0030,     0,0,0,0.00,0.00,-2147483648,0.00,0.00,N/A,14.45,15.42,209.99,0.94,23.43,0.01,0.22,0.00,0.58,0.01,0.94,0.00,0.04,0.90,0.48,0.0007,0.0072,     0,0,0,0.00,0.00,-2147483648,0.00,0.00,N/A,5.62,9.68,209.99,0.58,14.52,0.00,0.08,0.35,0.63,  0%,  0%,0.46,0.43,  0%,  0%,1.26,2.39,  1%,  2%,1.48,1.49,  1%,  1%,0.98,99.02,0.00,100.00,0.00,0.00,0.61,99.39,0.00,100.00,0.00,0.00,0.00,0.00,0.00 ,0.00 ,-nan ,-nan ,0.08,0.08,0.01,0.32,0.02,0.90,0.00,0.03,0.94,0.26,0.0012,0.0201,     0,0,0,2.45,97.55,0.00,N/A,1.47,4.64,209.99,0.32,7.91,0.01,0.17,0.00,1.60,0.00,0.98,0.00,0.00,0.58,0.86,0.0000,0.0001,     0,0,0,0.28,99.72,0.00,N/A,0.91,0.57,209.99,1.60,40.05,0.00,0.11,0.01,0.91,0.01,1.00,0.00,0.00,0.59,0.73,0.0003,0.0011,     0,0,0,1.04,98.96,0.00,N/A,1.99,2.18,209.99,0.91,22.74,0.01,0.24,0.00,1.11,0.00,0.47,0.00,0.00,0.59,0.26,0.0015,0.0037,     0,0,0,0.42,99.58,0.00,N/A,0.46,0.41,209.99,1.11,27.84,0.00,0.05,0.04,1.39,0.03,1.00,0.00,0.01,0.71,0.87,0.0002,0.0008,     0,0,0,2.77,97.23,0.00,N/A,8.11,5.82,209.99,1.39,34.86,0.04,0.97,0.00,1.17,0.00,1.00,0.00,0.00,0.69,0.91,0.0002,0.0010,     0,0,0,0.22,99.78,0.00,N/A,0.53,0.45,209.99,1.17,29.20,0.00,0.06,0.00,0.77,0.01,0.95,0.00,0.00,0.49,0.75,0.0009,0.0018,     0,0,0,0.58,99.42,0.00,N/A,0.88,1.15,209.99,0.77,19.26,0.00,0.11,0.00,0.50,0.00,0.96,0.00,0.00,0.48,0.59,0.0026,0.0067,     0,0,0,0.09,99.91,0.00,N/A,0.09,0.19,209.99,0.50,12.53,0.00,0.01,0.01,0.31,0.02,0.90,0.00,0.03,0.95,0.28,0.0009,0.0209,     0,0,0,2.33,97.67,0.00,N/A,1.34,4.39,209.99,0.31,7.63,0.01,0.16,0.00,1.07,0.00,0.96,0.00,0.00,0.67,0.76,0.0003,0.0014,     0,0,0,0.36,99.64,0.00,N/A,0.79,0.73,209.99,1.07,26.87,0.00,0.09,0.01,0.96,0.01,1.00,0.00,0.00,0.88,0.78,0.0002,0.0017,     0,0,0,0.55,99.45,0.00,N/A,1.11,1.16,209.99,0.96,23.88,0.01,0.13,0.00,0.32,0.00,0.89,0.00,0.00,0.95,0.52,0.0005,0.0124,     0,0,0,0.09,99.91,0.00,N/A,0.05,0.16,209.99,0.32,7.94,0.00,0.01,0.01,0.89,0.01,0.99,0.00,0.00,0.75,0.68,0.0004,0.0022,     0,0,0,0.60,99.40,0.00,N/A,1.11,1.25,209.99,0.89,22.29,0.01,0.13,0.00,0.64,0.00,0.99,0.00,0.00,0.85,0.65,0.0007,0.0052,     0,0,0,0.37,99.63,0.00,N/A,0.50,0.78,209.99,0.64,16.12,0.00,0.06,0.00,0.45,0.00,0.83,0.00,0.00,0.69,0.66,0.0014,0.0059,     0,0,0,0.10,99.90,0.00,N/A,0.08,0.18,209.99,0.45,11.18,0.00,0.01,0.00,0.62,0.00,1.00,0.00,0.00,0.64,0.58,0.0016,0.0054,     0,0,0,0.49,99.51,0.00,N/A,0.64,1.03,209.99,0.62,15.59,0.00,0.08,
2024-03-21,21:06:13.962,0.00,0.83,0.00,0.82,0.00,0.07,0.93,0.52,0.0003,0.0048,0.00,0.00,-2147483648,0.00,0.00,13.66,16.46,210.49,0.83,20.74,0.00,0.10,0.36,0.35,1.01,0.60,99.40,0.00,100.00,0.00,0.00,0.00,0.00,-nan,0.08,0.01,1.05,0.01,0.85,0.00,0.03,0.92,0.61,0.0002,0.0030,     0,0,0,0.00,0.00,-2147483648,0.00,0.00,N/A,11.85,11.29,210.49,1.05,26.22,0.01,0.18,0.00,0.35,0.00,0.75,0.00,0.03,0.94,0.35,0.0010,0.0169,     0,0,0,0.00,0.00,-2147483648,0.00,0.00,N/A,1.81,5.17,210.49,0.35,8.77,0.00,0.03,0.08,0.11,  0%,  0%,0.14,0.03,  0%,  0%,0.16,0.42,  0%,  0%,0.24,0.18,  0%,  0%,0.79,99.21,0.00,100.00,0.00,0.00,0.41,99.59,0.00,100.00,0.00,0.00,0.00,0.00,0.00 ,0.00 ,-nan ,-nan ,0.08,0.09,0.01,0.33,0.02,0.82,0.00,0.03,0.94,0.28,0.0012,0.0200,     0,0,0,2.46,97.54,0.00,N/A,1.42,4.26,210.49,0.33,8.34,0.01,0.17,0.01,1.59,0.00,0.96,0.00,0.00,0.33,0.77,0.0001,0.0002,     0,0,0,0.39,99.61,0.00,N/A,1.25,0.79,210.49,1.59,39.81,0.01,0.15,0.01,1.19,0.01,0.99,0.00,0.00,0.52,0.63,0.0003,0.0010,     0,0,0,0.57,99.43,0.00,N/A,1.40,1.17,210.49,1.19,29.77,0.01,0.17,0.00,0.37,0.00,0.59,0.00,0.00,0.76,0.85,0.0005,0.0027,     0,0,0,0.04,99.96,0.00,N/A,0.02,0.05,210.49,0.37,9.28,0.00,0.00,0.03,1.65,0.02,0.83,0.00,0.00,0.94,0.91,0.0000,0.0005,     0,0,0,2.33,97.67,0.00,N/A,6.71,4.06,210.49,1.65,41.27,0.03,0.80,0.00,0.48,0.00,0.91,0.00,0.00,0.78,0.73,0.0009,0.0053,     0,0,0,0.06,99.94,0.00,N/A,0.05,0.11,210.49,0.48,11.88,0.00,0.01,0.00,0.71,0.00,0.71,0.00,0.00,0.51,0.89,0.0004,0.0010,     0,0,0,0.16,99.84,0.00,N/A,0.18,0.25,210.49,0.71,17.79,0.00,0.02,0.00,1.36,0.00,0.99,0.00,0.00,0.55,0.67,0.0003,0.0008,     0,0,0,0.29,99.71,0.00,N/A,0.82,0.60,210.49,1.36,34.08,0.00,0.10,0.01,0.32,0.02,0.76,0.00,0.03,0.96,0.28,0.0009,0.0210,     0,0,0,2.58,97.42,0.00,N/A,1.32,4.14,210.49,0.32,7.98,0.01,0.16,0.00,0.44,0.00,0.64,0.00,0.00,0.59,0.72,0.0020,0.0053,     0,0,0,0.09,99.91,0.00,N/A,0.05,0.12,210.49,0.44,11.06,0.00,0.01,0.00,0.37,0.00,0.54,0.00,0.00,0.65,0.92,0.0005,0.0016,     0,0,0,0.04,99.96,0.00,N/A,0.02,0.05,210.49,0.37,9.33,0.00,0.00,0.00,0.38,0.00,0.57,0.00,0.00,0.77,0.88,0.0004,0.0023,     0,0,0,0.05,99.95,0.00,N/A,0.02,0.06,210.49,0.38,9.44,0.00,0.00,0.00,0.50,0.00,0.58,0.00,0.00,0.80,0.75,0.0008,0.0045,     0,0,0,0.09,99.91,0.00,N/A,0.05,0.11,210.49,0.50,12.41,0.00,0.01,0.00,0.46,0.00,0.57,0.00,0.00,0.74,0.79,0.0010,0.0038,     0,0,0,0.09,99.91,0.00,N/A,0.05,0.10,210.49,0.46,11.40,0.00,0.01,0.00,0.46,0.00,0.63,0.00,0.00,0.77,0.71,0.0011,0.0055,     0,0,0,0.08,99.92,0.00,N/A,0.05,0.11,210.49,0.46,11.47,0.00,0.01,0.00,0.51,0.00,0.93,0.00,0.00,0.68,0.52,0.0019,0.0069,     0,0,0,0.25,99.75,0.00,N/A,0.25,0.48,210.49,0.51,12.85,0.00,0.03,
2024-03-21,21:06:14.062,0.00,0.74,0.00,0.85,0.00,0.06,0.94,0.51,0.0003,0.0058,0.00,0.00,-2147483648,0.00,0.00,11.16,15.06,209.63,0.74,18.54,0.00,0.08,0.69,0.76,2.04,0.53,99.47,0.00,100.00,0.00,0.00,0.00,0.00,-nan,0.09,0.01,0.95,0.01,0.89,0.00,0.03,0.94,0.61,0.0002,0.0036,     0,0,0,0.00,0.00,-2147483648,0.00,0.00,N/A,9.46,9.99,209.63,0.95,23.68,0.01,0.14,0.00,0.34,0.00,0.78,0.00,0.03,0.94,0.34,0.0010,0.0177,     0,0,0,0.00,0.00,-2147483648,0.00,0.00,N/A,1.70,5.07,209.63,0.34,8.40,0.00,0.03,0.07,0.07,  0%,  0%,0.37,0.18,  0%,  0%,0.11,0.30,  0%,  0%,1.00,0.64,  0%,  0%,0.67,99.33,0.00,100.00,0.00,0.00,0.39,99.61,0.00,100.00,0.00,0.00,0.00,0.00,0.00 ,0.00 ,-nan ,-nan ,0.10,0.09,0.01,0.31,0.02,0.88,0.00,0.03,0.95,0.28,0.0010,0.0200,     0,0,0,2.49,97.51,0.00,N/A,1.43,4.58,209.63,0.31,7.79,0.01,0.17,0.00,0.35,0.00,0.59,0.00,0.00,0.94,0.82,0.0002,0.0043,     0,0,0,0.05,99.95,0.00,N/A,0.02,0.06,209.63,0.35,8.87,0.00,0.00,0.00,1.39,0.00,0.99,0.00,0.00,0.49,0.69,0.0001,0.0005,     0,0,0,0.36,99.64,0.00,N/A,1.03,0.74,209.63,1.39,34.85,0.00,0.12,0.00,0.39,0.00,0.59,0.00,0.00,0.99,0.78,0.0000,0.0043,     0,0,0,0.05,99.95,0.00,N/A,0.02,0.06,209.63,0.3909.64,0.00,0.00,0.03,1.65,0.02,0.91,0.00,0.00,0.96,0.91,0.0000,0.0006,     0,0,0,2.09,97.91,0.00,N/A,6.65,4.03,209.63,1.65,41.27,0.03,0.79,0.00,0.51,0.00,0.96,0.00,0.00,0.88,0.73,0.0005,0.0055,     0,0,0,0.05,99.95,0.00,N/A,0.05,0.10,209.63,0.51,12.81,0.00,0.01,0.00,0.67,0.00,0.73,0.00,0.00,0.73,0.90,0.0002,0.0009,     0,0,0,0.16,99.84,0.00,N/A,0.16,0.24,209.63,0.67,16.71,0.00,0.02,0.00,0.57,0.00,0.84,0.00,0.00,0.70,0.57,0.0016,0.0067,     0,0,0,0.11,99.89,0.00,N/A,0.10,0.19,209.63,0.57,14.13,0.00,0.01,0.01,0.32,0.02,0.81,0.00,0.03,0.96,0.28,0.0008,0.0212,     0,0,0,2.42,97.58,0.00,N/A,1.31,4.12,209.63,0.32,7.96,0.01,0.16,0.00,0.40,0.00,0.59,0.00,0.00,0.71,0.70,0.0012,0.0056,     0,0,0,0.10,99.90,0.00,N/A,0.05,0.12,209.63,0.40,10.02,0.00,0.01,0.00,0.37,0.00,0.60,0.00,0.00,0.84,0.89,0.0003,0.0022,     0,0,0,0.04,99.96,0.00,N/A,0.02,0.06,209.63,0.37,9.16,0.00,0.00,0.00,0.37,0.00,0.49,0.00,0.00,0.84,0.90,0.0003,0.0019,     0,0,0,0.05,99.95,0.00,N/A,0.02,0.05,209.63,0.37,9.16,0.00,0.00,0.00,0.45,0.00,0.51,0.00,0.00,0.77,0.71,0.0011,0.0057,     0,0,0,0.10,99.90,0.00,N/A,0.05,0.11,209.63,0.45,11.26,0.00,0.01,0.00,0.36,0.00,0.74,0.00,0.00,0.71,0.61,0.0022,0.0081,     0,0,0,0.20,99.80,0.00,N/A,0.11,0.31,209.63,0.36,8.89,0.00,0.01,0.00,0.40,0.00,0.63,0.00,0.00,0.82,0.74,0.0008,0.0047,     0,0,0,0.09,99.91,0.00,N/A,0.05,0.12,209.63,0.40,10.06,0.00,0.01,0.00,0.53,0.00,0.88,0.00,0.00,0.73,0.54,0.0018,0.0075,     0,0,0,0.10,99.90,0.00,N/A,0.10,0.18,209.63,0.53,13.17,0.00,0.01,
2024-03-21,21:06:14.162,0.00,0.69,0.00,0.90,0.00,0.07,0.93,0.49,0.0004,0.0063,0.00,0.00,-2147483648,0.00,0.00,10.49,15.26,210.07,0.69,17.19,0.00,0.08,0.50,0.52,1.74,0.51,99.49,0.00,100.00,0.00,0.00,0.00,0.00,-nan,0.08,0.01,0.87,0.01,0.94,0.00,0.04,0.94,0.57,0.0003,0.0041,     0,0,0,0.00,0.00,-2147483648,0.00,0.00,N/A,8.65,9.89,210.07,0.87,21.87,0.01,0.13,0.00,0.34,0.00,0.83,0.00,0.03,0.93,0.34,0.0011,0.0167,     0,0,0,0.00,0.00,-2147483648,0.00,0.00,N/A,1.84,5.37,210.07,0.34,8.57,0.00,0.03,0.11,0.13,  0%,  0%,0.16,0.10,  0%,  0%,0.25,0.28,  0%,  0%,0.56,0.66,  0%,  0%,0.63,99.37,0.00,100.00,0.00,0.00,0.38,99.62,0.00,100.00,0.00,0.00,0.00,0.00,0.00 ,0.00 ,-nan ,-nan ,0.09,0.08,0.01,0.30,0.02,0.93,0.00,0.03,0.94,0.28,0.0011,0.0193,     0,0,0,2.52,97.48,0.00,N/A,1.48,4.91,210.07,0.30,7.54,0.01,0.18,0.00,1.60,0.00,0.94,0.00,0.00,0.70,0.91,0.0000,0.0001,     0,0,0,0.20,99.80,0.00,N/A,0.63,0.39,210.07,1.60,40.00,0.00,0.07,0.00,0.51,0.00,0.97,0.00,0.00,0.74,0.64,0.0012,0.0067,     0,0,0,0.12,99.88,0.00,N/A,0.13,0.25,210.07,0.51,12.78,0.00,0.02,0.00,0.38,0.00,0.69,0.00,0.00,0.82,0.76,0.0007,0.0045,     0,0,0,0.04,99.96,0.00,N/A,0.02,0.06,210.07,0.38,9.43,0.00,0.00,0.03,1.61,0.02,0.97,0.00,0.00,0.96,0.86,0.0000,0.0008,     0,0,0,1.85,98.15,0.00,N/A,6.06,3.75,210.07,1.61,40.37,0.03,0.72,0.00,0.51,0.00,0.89,0.00,0.00,0.88,0.75,0.0004,0.0049,     0,0,0,0.05,99.95,0.00,N/A,0.05,0.10,210.07,0.51,12.82,0.00,0.01,0.00,0.71,0.00,0.77,0.00,0.00,0.54,0.92,0.0003,0.0008,     0,0,0,0.14,99.86,0.00,N/A,0.16,0.23,210.07,0.71,17.76,0.00,0.02,0.00,0.61,0.00,0.87,0.00,0.00,0.79,0.55,0.0012,0.0076,     0,0,0,0.11,99.89,0.00,N/A,0.12,0.19,210.07,0.61,15.14,0.00,0.01,0.01,0.31,0.02,0.85,0.00,0.03,0.96,0.28,0.0009,0.0208,     0,0,0,2.45,97.55,0.00,N/A,1.33,4.36,210.07,0.31,7.66,0.01,0.16,0.00,0.47,0.00,0.80,0.00,0.00,0.57,0.72,0.0016,0.0053,     0,0,0,0.07,99.93,0.00,N/A,0.05,0.12,210.07,0.47,11.63,0.00,0.01,0.00,0.45,0.00,0.51,0.00,0.00,0.62,0.92,0.0005,0.0014,     0,0,0,0.06,99.94,0.00,N/A,0.03,0.06,210.07,0.45,11.34,0.00,0.00,0.00,0.36,0.00,0.48,0.00,0.00,0.86,0.89,0.0002,0.0021,     0,0,0,0.06,99.94,0.00,N/A,0.02,0.06,210.07,0.36,8.94,0.00,0.00,0.00,0.49,0.00,0.75,0.00,0.00,0.84,0.73,0.0007,0.0051,     0,0,0,0.07,99.93,0.00,N/A,0.05,0.11,210.07,0.49,12.37,0.00,0.01,0.00,0.48,0.00,0.75,0.00,0.00,0.86,0.71,0.0007,0.0055,     0,0,0,0.07,99.93,0.00,N/A,0.05,0.11,210.07,0.48,11.98,0.00,0.01,0.00,0.47,0.00,0.78,0.00,0.00,0.85,0.72,0.0007,0.0052,     0,0,0,0.06,99.94,0.00,N/A,0.05,0.11,210.07,0.47,11.67,0.00,0.01,0.00,0.55,0.00,0.93,0.00,0.00,0.60,0.47,0.0026,0.0072,     0,0,0,0.23,99.77,0.00,N/A,0.25,0.45,210.07,0.55,13.69,0.00,0.03,
2024-03-21,21:06:14.262,0.00,0.68,0.01,0.90,0.01,0.07,0.91,0.50,0.0005,0.0056,0.00,0.00,-2147483648,0.00,0.00,12.37,18.31,209.96,0.68,16.89,0.00,0.09,2.64,2.23,6.35,0.60,99.40,0.00,100.00,0.00,0.00,0.00,0.00,-nan,0.08,0.00,0.80,0.01,0.93,0.00,0.03,0.93,0.59,0.0003,0.0045,     0,0,0,0.00,0.00,-2147483648,0.00,0.00,N/A,7.18,8.99,209.96,0.80,19.97,0.00,0.11,0.00,0.56,0.01,0.87,0.00,0.04,0.89,0.39,0.0007,0.0071,     0,0,0,0.00,0.00,-2147483648,0.00,0.00,N/A,5.19,9.31,209.96,0.56,13.92,0.00,0.08,0.06,0.08,  0%,  0%,1.28,1.22,  1%,  1%,0.13,0.38,  0%,  0%,2.72,3.11,  2%,  2%,0.57,99.43,0.00,100.00,0.00,0.00,0.64,99.36,0.00,100.00,0.00,0.00,0.00,0.00,0.00 ,0.00 ,-nan ,-nan ,0.08,0.08,0.01,0.31,0.02,0.93,0.00,0.03,0.95,0.28,0.0010,0.0194,     0,0,0,2.45,97.55,0.00,N/A,1.46,4.78,209.96,0.31,7.66,0.01,0.17,0.00,1.18,0.00,0.84,0.00,0.00,0.71,0.91,0.0001,0.0004,     0,0,0,0.09,99.91,0.00,N/A,0.18,0.15,209.96,1.18,29.55,0.00,0.02,0.00,0.83,0.00,0.93,0.00,0.00,0.57,0.71,0.0008,0.0026,     0,0,0,0.14,99.86,0.00,N/A,0.24,0.28,209.96,0.83,20.84,0.00,0.03,0.00,0.42,0.00,0.65,0.00,0.00,0.76,0.87,0.0004,0.0021,     0,0,0,0.03,99.97,0.00,N/A,0.02,0.05,209.96,0.42,10.52,0.00,0.00,0.02,1.67,0.01,0.98,0.00,0.00,0.95,0.96,0.0000,0.0003,     0,0,0,1.40,98.60,0.00,N/A,4.77,2.85,209.96,1.67,41.82,0.02,0.57,0.00,0.52,0.00,0.87,0.00,0.00,0.86,0.75,0.0006,0.0051,     0,0,0,0.05,99.95,0.00,N/A,0.05,0.10,209.96,0.52,13.06,0.00,0.01,0.00,0.71,0.00,0.69,0.00,0.00,0.53,0.91,0.0003,0.0007,     0,0,0,0.18,99.82,0.00,N/A,0.19,0.27,209.96,0.71,17.70,0.00,0.02,0.00,0.53,0.00,0.97,0.00,0.00,0.62,0.53,0.0009,0.0045,     0,0,0,0.25,99.75,0.00,N/A,0.28,0.52,209.96,0.53,13.37,0.00,0.03,0.01,0.29,0.02,0.82,0.00,0.03,0.95,0.28,0.0009,0.0202,     0,0,0,2.80,97.20,0.00,N/A,1.38,4.80,209.96,0.29,7.21,0.01,0.16,0.00,0.39,0.00,0.85,0.00,0.00,0.49,0.68,0.0019,0.0060,     0,0,0,0.07,99.93,0.00,N/A,0.05,0.13,209.96,0.39,9.86,0.00,0.01,0.00,0.52,0.00,0.91,0.00,0.00,0.76,0.51,0.0006,0.0054,     0,0,0,0.21,99.79,0.00,N/A,0.21,0.40,209.96,0.52,13.12,0.00,0.03,0.00,0.40,0.00,0.58,0.00,0.00,0.90,0.91,0.0001,0.0016,     0,0,0,0.04,99.96,0.00,N/A,0.02,0.05,209.96,0.40,10.01,0.00,0.00,0.00,0.46,0.00,0.75,0.00,0.00,0.69,0.68,0.0016,0.0058,     0,0,0,0.08,99.92,0.00,N/A,0.06,0.13,209.96,0.46,11.40,0.00,0.01,0.01,1.45,0.01,0.98,0.00,0.00,0.70,0.55,0.0004,0.0015,     0,0,0,0.87,99.13,0.00,N/A,2.58,1.78,209.96,1.45,36.24,0.01,0.31,0.00,0.23,0.00,0.96,0.00,0.00,0.61,0.77,0.0006,0.0015,     0,0,0,0.27,99.73,0.00,N/A,0.13,0.55,209.96,0.23,5.72,0.00,0.02,0.00,0.52,0.01,0.95,0.00,0.00,0.61,0.56,0.0015,0.0041,     0,0,0,0.73,99.27,0.00,N/A,0.76,1.47,209.96,0.52,12.88,0.00,0.09,
2024-03-21,21:06:14.363,0.01,0.71,0.01,0.97,0.01,0.08,0.89,0.58,0.0005,0.0048,0.00,0.00,-2147483648,0.00,0.00,17.53,24.74,212.11,0.71,17.72,0.01,0.13,1.54,0.31,5.53,0.75,99.25,0.00,100.00,0.00,0.00,0.00,0.00,-nan,0.09,0.01,0.79,0.01,0.96,0.00,0.04,0.90,0.63,0.0003,0.0036,     0,0,0,0.00,0.00,-2147483648,0.00,0.00,N/A,11.94,15.03,212.11,0.79,19.86,0.01,0.18,0.00,0.58,0.01,0.97,0.00,0.04,0.89,0.49,0.0008,0.0072,     0,0,0,0.00,0.00,-2147483648,0.00,0.00,N/A,5.60,9.71,212.11,0.58,14.41,0.00,0.08,0.09,0.32,  0%,  0%,0.62,0.51,  0%,  0%,0.80,1.81,  0%,  1%,1.67,1.25,  1%,  1%,0.92,99.08,0.00,100.00,0.00,0.00,0.59,99.41,0.00,100.00,0.00,0.00,0.00,0.00,0.00 ,0.00 ,-nan ,-nan ,0.09,0.09,0.01,0.38,0.03,1.00,0.00,0.03,0.92,0.33,0.0012,0.0149,     0,0,0,2.87,97.13,0.00,N/A,2.28,6.06,212.11,0.38,9.42,0.01,0.27,0.01,1.48,0.00,0.98,0.00,0.00,0.60,0.61,0.0002,0.0006,     0,0,0,0.45,99.55,0.00,N/A,1.40,0.94,212.11,1.48,37.00,0.01,0.16,0.03,1.58,0.02,0.92,0.00,0.00,0.90,0.94,0.0000,0.0004,     0,0,0,2.07,97.93,0.00,N/A,6.36,4.04,212.11,1.58,39.40,0.03,0.75,0.00,0.18,0.01,0.99,0.00,0.00,0.77,0.81,0.0003,0.0032,     0,0,0,1.00,99.00,0.00,N/A,0.37,2.11,212.11,0.18,4.39,0.00,0.04,0.00,0.74,0.00,0.97,0.00,0.00,0.90,0.64,0.0003,0.0044,     0,0,0,0.39,99.61,0.00,N/A,0.59,0.80,212.11,0.74,18.50,0.00,0.07,0.00,0.51,0.00,0.91,0.00,0.00,0.74,0.66,0.0011,0.0060,     0,0,0,0.09,99.91,0.00,N/A,0.09,0.17,212.1,,0.51,12.64,0.00,0.01,0.00,0.68,0.00,0.82,0.00,0.00,0.54,0.84,0.0006,0.0018,     0,0,0,0.18,99.82,0.00,N/A,0.22,0.32,212.11,0.68,16.94,0.00,0.03,0.00,1.08,0.00,0.99,0.00,0.00,0.81,0.86,0.0003,0.0016,     0,0,0,0.28,99.72,0.00,N/A,0.63,0.58,212.11,1.08,27.00,0.00,0.07,0.01,0.37,0.03,1.00,0.00,0.03,0.94,0.28,0.0009,0.0151,     0,0,0,2.73,97.27,0.00,N/A,2.12,5.80,212.11,0.37,9.14,0.01,0.25,0.01,0.88,0.01,0.96,0.00,0.00,0.64,0.77,0.0006,0.0021,     0,0,0,0.93,99.07,0.00,N/A,1.67,1.89,212.11,0.88,22.03,0.01,0.20,0.00,0.93,0.00,0.99,0.00,0.00,0.72,0.80,0.0005,0.0019,     0,0,0,0.48,99.52,0.00,N/A,0.94,1.01,212.11,0.93,23.22,0.00,0.11,0.00,0.44,0.00,1.00,0.00,0.00,0.54,0.89,0.0006,0.0021,     0,0,0,0.02,99.98,0.00,N/A,0.02,0.04,212.11,0.44,10.90,0.00,0.00,0.00,0.44,0.00,0.89,0.00,0.00,0.76,0.71,0.0012,0.0053,     0,0,0,0.08,99.92,0.00,N/A,0.06,0.15,212.11,0.44,11.03,0.00,0.01,0.00,1.07,0.00,0.89,0.00,0.00,0.58,0.71,0.0013,0.0031,     0,0,0,0.36,99.64,0.00,N/A,0.72,0.68,212.11,1.07,26.67,0.00,0.08,0.00,0.47,0.00,0.51,0.00,0.00,0.75,0.68,0.0015,0.0067,     0,0,0,0.08,99.92,0.00,N/A,0.04,0.09,212.11,0.47,11.67,0.00,0.01,0.00,0.41,0.00,0.85,0.00,0.00,0.38,0.89,0.0008,0.0021,     0,0,0,0.03,99.97,0.00,N/A,0.02,0.05,212.11,0.41,10.18,0.00,0.00,
2024-03-21,21:06:14.462,0.00,0.74,0.00,0.93,0.00,0.06,0.93,0.51,0.0004,0.0053,0.00,0.00,-2147483648,0.00,0.00,11.90,16.12,209.60,0.74,18.45,0.00,0.09,1.20,0.48,5.08,0.52,99.48,0.00,100.00,0.00,0.00,0.00,0.00,-nan,0.08,0.01,0.93,0.01,0.98,0.00,0.03,0.92,0.61,0.0003,0.0032,     0,0,0,0.00,0.00,-2147483648,0.00,0.00,N/A,10.32,11.05,209.60,0.93,23.35,0.01,0.15,0.00,0.31,0.00,0.84,0.00,0.03,0.94,0.33,0.0010,0.0184,     0,0,0,0.00,0.00,-2147483648,0.00,0.00,N/A,1.58,5.07,209.60,0.31,7.77,0.00,0.02,0.10,0.12,  0%,  0%,0.56,0.43,  0%,  0%,0.18,0.27,  0%,  0%,2.36,2.27,  2%,  1%,0.67,99.33,0.00,100.00,0.00,0.00,0.36,99.64,0.00,100.00,0.00,0.00,0.00,0.00,0.00 ,0.00 ,-nan ,-nan ,0.08,0.08,0.01,0.30,0.02,1.00,0.00,0.03,0.94,0.28,0.0011,0.0197,     0,0,0,2.34,97.66,0.00,N/A,1.47,4.91,209.60,0.30,7.47,0.01,0.18,0.01,1.47,0.00,0.99,0.00,0.00,0.60,0.68,0.0002,0.0005,     0,0,0,0.43,99.57,0.00,N/A,1.30,0.89,209.60,1.47,36.83,0.01,0.16,0.03,1.68,0.02,0.97,0.00,0.00,0.94,0.95,0.0000,0.0003,     0,0,0,1.71,98.29,0.00,N/A,5.80,3.45,209.60,1.68,42.05,0.03,0.70,0.01,1.40,0.00,0.99,0.00,0.00,0.49,0.72,0.0002,0.0004,     0,0,0,0.44,99.56,0.00,N/A,1.29,0.92,209.60,1.40,35.11,0.01,0.15,0.00,0.46,0.00,0.87,0.00,0.00,0.78,0.73,0.0009,0.0054,     0,0,0,0.06,99.94,0.00,N/A,0.05,0.12,209.60,0.46,11.56,0.00,0.01,0.00,0.40,0.00,0.97,0.00,0.00,0.73,0.88,0.0002,0.0009,     0,0,0,0.11,99.89,0.00,N/A,0.09,0.22,209.60,0.40,10.08,0.00,0.01,0.00,0.62,0.00,0.94,0.00,0.00,0.65,0.82,0.0005,0.0020,     0,0,0,0.17,99.83,0.00,N/A,0.21,0.34,209.60,0.62,15.47,0.00,0.02,0.00,0.51,0.00,0.93,0.00,0.00,0.57,0.55,0.0025,0.0078,     0,0,0,0.11,99.89,0.00,N/A,0.11,0.21,209.60,0.51,12.76,0.00,0.01,0.01,0.30,0.02,0.87,0.00,0.03,0.96,0.28,0.0009,0.0208,     0,0,0,2.44,97.56,0.00,N/A,1.34,4.46,209.60,0.30,7.53,0.01,0.16,0.00,0.37,0.00,0.74,0.00,0.00,0.32,0.75,0.0024,0.0049,     0,0,0,0.08,99.92,0.00,N/A,0.05,0.12,209.60,0.37,9.24,0.00,0.01,0.00,0.39,0.00,0.63,0.00,0.00,0.80,0.91,0.0003,0.0019,     0,0,0,0.04,99.96,0.00,N/A,0.02,0.05,209.60,0.39,9.66,0.00,0.00,0.00,0.42,0.00,0.82,0.00,0.00,0.45,0.73,0.0023,0.0055,     0,0,0,0.08,99.92,0.00,N/A,0.06,0.14,209.60,0.42,10.53,0.00,0.01,0.00,0.38,0.00,0.47,0.00,0.00,0.83,0.82,0.0005,0.0042,     0,0,0,0.06,99.94,0.00,N/A,0.02,0.06,209.60,0.38,9.60,0.00,0.00,0.00,0.36,0.00,0.47,0.00,0.00,0.77,0.90,0.0004,0.0020,     0,0,0,0.06,99.94,0.00,N/A,0.02,0.06,209.60,0.36,8.89,0.00,0.00,0.00,0.34,0.00,0.73,0.00,0.00,0.55,0.72,0.0023,0.0056,     0,0,0,0.08,99.92,0.00,N/A,0.04,0.12,209.60,0.34,8.57,0.00,0.01,0.00,0.42,0.00,0.61,0.00,0.00,0.73,0.81,0.0005,0.0038,     0,0,0,0.04,99.96,0.00,N/A,0.02,0.06,209.60,0.42,10.39,0.00,0.00,
2024-03-21,21:06:14.563,0.00,0.70,0.00,0.81,0.00,0.06,0.93,0.52,0.0004,0.0064,0.00,0.00,-2147483648,0.00,0.00,9.69,13.77,210.59,0.70,17.60,0.00,0.07,0.58,0.42,1.59,0.50,99.50,0.00,100.00,0.00,0.00,0.00,0.00,-nan,0.09,0.00,0.90,0.01,0.86,0.00,0.03,0.92,0.62,0.0003,0.0041,     0,0,0,0.00,0.00,-2147483648,0.00,0.00,N/A,8.11,9.02,210.59,0.90,22.47,0.00,0.12,0.00,0.33,0.00,0.74,0.00,0.03,0.95,0.33,0.0009,0.0184,     0,0,0,0.00,0.00,-2147483648,0.00,0.00,N/A,1.59,4.74,210.59,0.33,8.36,0.00,0.02,0.13,0.14,  0%,  0%,0.16,0.14,  0%,  0%,0.20,0.30,  0%,  0%,0.66,0.43,  0%,  0%,0.63,99.37,0.00,100.00,0.00,0.00,0.38,99.62,0.00,100.00,0.00,0.00,0.00,0.00,0.00 ,0.00 ,-nan ,-nan ,0.09,0.09,0.01,0.34,0.02,0.89,0.00,0.03,0.93,0.28,0.0012,0.0192,     0,0,0,2.40,97.60,0.00,N/A,1.52,4.48,210.59,0.34,8.48,0.01,0.18,0.02,1.65,0.01,0.79,0.00,0.00,0.91,0.95,0.0000,0.0003,     0,0,0,1.23,98.77,0.00,N/A,3.38,2.05,210.59,1.65,41.19,0.02,0.40,0.01,1.65,0.01,0.88,0.00,0.00,0.96,0.96,0.0000,0.0003,     0,0,0,0.88,99.12,0.00,N/A,2.71,1.64,210.59,1.65,41.21,0.01,0.32,0.00,0.46,0.00,0.84,0.00,0.00,0.53,0.72,0.0017,0.0057,     0,0,0,0.06,99.94,0.00,N/A,0.05,0.11,210.59,0.46,11.50,0.00,0.01,0.00,0.52,0.00,0.89,0.00,0.00,0.70,0.71,0.0013,0.0058,     0,0,0,0.08,99.92,0.00,N/A,0.07,0.14,210.59,0.52,12.94,0.00,0.01,0.00,0.54,0.00,0.70,0.00,0.00,0.92,0.79,0.0002,0.0049,     0,0,0,0.04,99.96,0.00,N/A,0.03,0.05,210.59,0.54,13.47,0.00,0.00,0.00,0.69,0.00,0.78,0.00,0.00,0.61,0.82,0.0007,0.0023,     0,0,0,0.21,99.79,0.00,N/A,0.24,0.34,210.59,0.69,17.19,0.00,0.03,0.00,0.55,0.00,0.91,0.00,0.00,0.64,0.59,0.0020,0.0074,     0,0,0,0.11,99.89,0.00,N/A,0.11,0.20,210.59,0.55,13.71,0.00,0.01,0.01,0.32,0.02,0.76,0.00,0.03,0.96,0.28,0.0008,0.0211,     0,0,0,2.57,97.43,0.00,N/A,1.33,4.12,210.59,0.32,8.05,0.01,0.16,0.00,0.41,0.00,0.66,0.00,0.00,0.54,0.71,0.0021,0.0053,     0,0,0,0.09,99.91,0.00,N/A,0.05,0.12,210.59,0.41,10.13,0.00,0.01,0.00,0.45,0.00,0.75,0.00,0.00,0.73,0.71,0.0013,0.0059,     0,0,0,0.07,99.93,0.00,N/A,0.05,0.12,210.59,0.45,11.28,0.00,0.01,0.00,0.42,0.00,0.70,0.00,0.00,0.71,0.70,0.0014,0.0057,     0,0,0,0.08,99.92,0.00,N/A,0.05,0.12,210.59,0.42,10.53,0.00,0.01,0.00,0.41,0.00,0.58,0.00,0.00,0.79,0.91,0.0004,0.0018,     0,0,0,0.04,99.96,0.00,N/A,0.02,0.05,210.59,0.41,10.13,0.00,0.00,0.00,0.39,0.00,0.60,0.00,0.00,0.70,0.89,0.0004,0.0019,     0,0,0,0.04,99.96,0.00,N/A,0.02,0.05,210.59,0.39,9.84,0.00,0.00,0.00,0.42,0.00,0.66,0.00,0.00,0.74,0.71,0.0014,0.0057,     0,0,0,0.08,99.92,0.00,N/A,0.05,0.12,210.59,0.42,10.51,0.00,0.01,0.00,0.37,0.00,0.53,0.00,0.00,0.50,0.93,0.0005,0.0012,     0,0,0,0.04,99.96,0.00,N/A,0.02,0.05,210.59,0.37,9.32,0.00,0.00,
2024-03-21,21:06:14.663,0.00,0.82,0.00,0.81,0.00,0.06,0.95,0.55,0.0003,0.0050,0.00,0.00,-2147483648,0.00,0.00,12.21,14.93,210.13,0.82,20.45,0.00,0.09,0.89,0.74,1.79,0.55,99.45,0.00,100.00,0.00,0.00,0.00,0.00,-nan,0.10,0.01,1.00,0.01,0.87,0.00,0.03,0.94,0.65,0.0002,0.0031,     0,0,0,0.00,0.00,-2147483648,0.00,0.00,N/A,10.71,10.66,210.13,1.00,25.11,0.01,0.16,0.00,0.35,0.00,0.68,0.00,0.03,0.96,0.33,0.0008,0.0190,     0,0,0,0.00,0.00,-2147483648,0.00,0.00,N/A,1.50,4.27,210.13,0.35,8.81,0.00,0.02,0.38,0.37,  0%,  0%,0.09,0.05,  0%,  0%,0.80,0.27,  0%,  0%,0.30,0.42,  0%,  0%,0.73,99.27,0.00,100.00,0.00,0.00,0.37,99.63,0.00,100.00,0.00,0.00,0.00,0.00,0.00 ,0.00 ,-nan ,-nan ,0.10,0.11,0.01,0.31,0.02,0.92,0.00,0.03,0.94,0.28,0.0011,0.0196,     0,0,0,2.44,97.56,0.00,N/A,1.45,4.72,210.13,0.31,7.70,0.01,0.17,0.00,1.60,0.00,0.99,0.00,0.00,0.69,0.91,0.0000,0.0001,     0,0,0,0.31,99.69,0.00,N/A,1.02,0.64,210.13,1.60,39.88,0.00,0.12,0.04,1.70,0.02,0.82,0.00,0.00,0.98,0.94,0.0000,0.0003,     0,0,0,2.68,97.32,0.00,N/A,7.86,4.63,210.13,1.70,42.45,0.04,0.93,0.00,0.50,0.00,0.75,0.00,0.00,0.96,0.80,0.0001,0.0043,     0,0,0,0.03,99.97,0.00,N/A,0.02,0.05,210.13,0.50,12.47,0.00,0.00,0.00,0.41,0.00,0.91,0.00,0.00,0.83,0.71,0.0007,0.0054,     0,0,0,0.08,99.92,0.00,N/A,0.06,0.15,210.13,0.41,10.31,0.00,0.01,0.00,0.42,0.00,0.55,0.00,0.00,0.71,0.77,0.0012,0.0047,     0,0,0,0.07,99.93,0.00,N/A,0.03,0.08,210.13,0.42,10.59,0.00,0.00,0.00,0.73,0.00,0.90,0.00,0.00,0.70,0.91,0.0002,0.0008,     0,0,0,0.12,99.88,0.00,N/A,0.16,0.22,210.13,0.73,18.15,0.00,0.02,0.00,0.57,0.00,0.93,0.00,0.00,0.59,0.64,0.0019,0.0062,     0,0,0,0.09,99.91,0.00,N/A,0.10,0.18,210.13,0.57,14.33,0.00,0.01,0.01,0.34,0.02,0.70,0.00,0.03,0.96,0.28,0.0008,0.0215,     0,0,0,2.55,97.45,0.00,N/A,1.29,3.76,210.13,0.34,8.57,0.01,0.15,0.00,0.44,0.00,0.62,0.00,0.00,0.48,0.72,0.0022,0.0054,     0,0,0,0.09,99.91,0.00,N/A,0.05,0.12,210.13,0.44,11.08,0.00,0.01,0.00,0.38,0.00,0.65,0.00,0.00,0.61,0.92,0.0005,0.0015,     0,0,0,0.03,99.97,0.00,N/A,0.02,0.05,210.13,0.38,9.55,0.00,0.00,0.00,0.44,0.00,0.49,0.00,0.00,0.92,0.81,0.0003,0.0041,     0,0,0,0.06,99.94,0.00,N/A,0.03,0.06,210.13,0.44,10.94,0.00,0.00,0.00,0.38,0.00,0.50,0.00,0.00,0.70,0.90,0.0005,0.0021,     0,0,0,0.05,99.95,0.00,N/A,0.02,0.06,210.13,0.38,9.59,0.00,0.00,0.00,0.42,0.00,0.47,0.00,0.00,0.69,0.81,0.0009,0.0041,     0,0,0,0.06,99.94,0.00,N/A,0.03,0.06,210.13,0.42,10.52,0.00,0.00,0.00,0.43,0.00,0.65,0.00,0.00,0.76,0.71,0.0013,0.0058,     0,0,0,0.08,99.92,0.00,N/A,0.05,0.11,210.13,0.43,10.81,0.00,0.01,0.00,0.42,0.00,0.58,0.00,0.00,0.81,0.91,0.0002,0.0017,     0,0,0,0.04,99.96,0.00,N/A,0.02,0.05,210.13,0.42,10.41,0.00,0.00,
2024-03-21,21:06:14.763,0.00,0.75,0.00,0.84,0.00,0.06,0.93,0.53,0.0003,0.0055,0.00,0.00,-2147483648,0.00,0.00,11.37,15.17,209.89,0.75,18.74,0.00,0.08,0.47,0.37,1.93,0.54,99.46,0.00,100.00,0.00,0.00,0.00,0.00,-nan,0.07,0.01,0.95,0.01,0.92,0.00,0.03,0.92,0.63,0.0003,0.0034,     0,0,0,0.00,0.00,-2147483648,0.00,0.00,N/A,9.73,10.28,209.89,0.95,23.65,0.01,0.14,0.00,0.34,0.00,0.72,0.00,0.03,0.95,0.34,0.0009,0.0180,     0,0,0,0.00,0.00,-2147483648,0.00,0.00,N/A,1.64,4.89,209.89,0.34,8.40,0.00,0.02,0.10,0.22,  0%,  0%,0.10,0.05,  0%,  0%,0.44,1.00,  0%,  0%,0.27,0.22,  0%,  0%,0.67,99.33,0.00,100.00,0.00,0.00,0.40,99.60,0.00,100.00,0.00,0.00,0.00,0.00,0.00 ,0.00 ,-nan ,-nan ,0.07,0.08,0.01,0.32,0.02,0.95,0.00,0.03,0.93,0.28,0.0012,0.0190,     0,0,0,2.40,97.60,0.00,N/A,1.52,4.77,209.89,0.32,7.96,0.01,0.18,0.01,1.46,0.00,0.98,0.00,0.00,0.74,0.73,0.0001,0.0004,     0,0,0,0.43,99.57,0.00,N/A,1.29,0.88,209.89,1.46,36.57,0.01,0.15,0.03,1.72,0.02,0.89,0.00,0.00,0.95,0.96,0.0000,0.0003,     0,0,0,2.04,97.96,0.00,N/A,6.54,3.81,209.89,1.72,42.89,0.03,0.78,0.00,0.48,0.00,0.75,0.00,0.00,0.98,0.80,0.0000,0.0042,     0,0,0,0.03,99.97,0.00,N/A,0.02,0.05,209.89,0.48,12.12,0.00,0.00,0.00,0.49,0.00,0.87,0.00,0.00,0.86,0.73,0.0006,0.0054,     0,0,0,0.07,99.93,0.00,N/A,0.06,0.12,209.89,0.49,12.14,0.00,0.01,0.00,0.46,0.00,0.56,0.00,0.00,0.62,0.85,0.0005,0.0032,     0,0,0,0.04,99.96,0.00,N/A,0.02,0.05,209.89,0.46,11.46,0.00,0.00,0.00,0.45,0.00,0.90,0.00,0.00,0.53,0.80,0.0011,0.0026,     0,0,0,0.23,99.77,0.00,N/A,0.19,0.42,209.89,0.45,11.16,0.00,0.02,0.00,0.49,0.00,0.90,0.00,0.00,0.65,0.57,0.0017,0.0063,     0,0,0,0.09,99.91,0.00,N/A,0.09,0.18,209.89,0.49,12.13,0.00,0.01,0.01,0.32,0.02,0.74,0.00,0.03,0.96,0.28,0.0008,0.0209,     0,0,0,2.71,97.29,0.00,N/A,1.34,4.19,209.89,0.32,7.98,0.01,0.16,0.00,0.44,0.00,0.66,0.00,0.00,0.51,0.73,0.0022,0.0048,     0,0,0,0.08,99.92,0.00,N/A,0.05,0.11,209.89,0.44,10.92,0.00,0.01,0.00,0.48,0.00,0.80,0.00,0.00,0.71,0.64,0.0014,0.0071,     0,0,0,0.14,99.86,0.00,N/A,0.11,0.23,209.89,0.48,11.92,0.00,0.01,0.00,0.36,0.00,0.48,0.00,0.00,0.67,0.82,0.0005,0.0024,     0,0,0,0.08,99.92,0.00,N/A,0.03,0.08,209.89,0.36,9.02,0.00,0.00,0.00,0.38,0.00,0.54,0.00,0.00,0.88,0.91,0.0002,0.0017,     0,0,0,0.05,99.95,0.00,N/A,0.02,0.05,209.89,0.38,9.46,0.00,0.00,0.00,0.37,0.00,0.55,0.00,0.00,0.74,0.89,0.0004,0.0019,     0,0,0,0.05,99.95,0.00,N/A,0.02,0.05,209.89,0.37,9.27,0.00,0.00,0.00,0.49,0.00,0.64,0.00,0.00,0.82,0.74,0.0009,0.0054,     0,0,0,0.08,99.92,0.00,N/A,0.05,0.11,209.89,0.49,12.19,0.00,0.01,0.00,0.39,0.00,0.51,0.00,0.00,0.80,0.91,0.0003,0.0017,     0,0,0,0.05,99.95,0.00,N/A,0.02,0.06,209.89,0.39,9.85,0.00,0.00,
2024-03-21,21:06:14.863,0.00,0.67,0.00,0.88,0.00,0.06,0.93,0.47,0.0004,0.0064,0.00,0.00,-2147483648,0.00,0.00,9.84,14.70,209.87,0.67,16.73,0.00,0.07,0.37,0.24,1.11,0.50,99.50,0.00,100.00,0.00,0.00,0.00,0.00,-nan,0.08,0.00,0.85,0.01,0.98,0.00,0.03,0.92,0.55,0.0003,0.0040,     0,0,0,0.00,0.00,-2147483648,0.00,0.00,N/A,8.18,9.61,209.87,0.85,21.28,0.00,0.12,0.00,0.33,0.00,0.74,0.00,0.03,0.95,0.33,0.0009,0.0181,     0,0,0,0.00,0.00,-2147483648,0.00,0.00,N/A,1.66,5.09,209.87,0.33,8.15,0.00,0.02,0.07,0.09,  0%,  0%,0.14,0.07,  0%,  0%,0.15,0.40,  0%,  0%,0.38,0.17,  0%,  0%,0.58,99.42,0.00,100.00,0.00,0.00,0.41,99.59,0.00,100.00,0.00,0.00,0.00,0.00,0.00 ,0.00 ,-nan ,-nan ,0.07,0.09,0.01,0.30,0.02,0.99,0.00,0.03,0.94,0.28,0.0012,0.0190,     0,0,0,2.43,97.57,0.00,N/A,1.52,5.04,209.87,0.30,7.56,0.01,0.18,0.01,1.52,0.01,1.00,0.00,0.00,0.35,0.68,0.0002,0.0004,     0,0,0,0.82,99.18,0.00,N/A,2.61,1.72,209.87,1.52,37.92,0.01,0.31,0.02,1.72,0.01,0.98,0.00,0.00,0.99,0.96,0.0000,0.0002,     0,0,0,1.02,98.98,0.00,N/A,3.59,2.09,209.87,1.72,42.98,0.02,0.43,0.00,0.56,0.00,1.00,0.00,0.00,0.96,0.72,0.0002,0.0060,     0,0,0,0.04,99.96,0.00,N/A,0.05,0.08,209.87,0.56,14.05,0.00,0.01,0.00,0.52,0.00,0.93,0.00,0.00,0.90,0.77,0.0003,0.0047,     0,0,0,0.06,99.94,0.00,N/A,0.06,0.13,209.87,0.52,12.92,0.00,0.01,0.00,0.40,0.00,0.57,0.00,0.00,0.90,0.89,0.0002,0.0020,     0,0,0,0.04,99.96,0.00,N/A,0.02,0.05,209.87,0.40,9.90,0.00,0.00,0.00,0.67,0.00,1.00,0.00,0.00,0.63,0.82,0.0005,0.0020,     0,0,0,0.15,99.85,0.00,N/A,0.21,0.31,209.87,0.67,16.76,0.00,0.02,0.00,0.59,0.00,0.94,0.00,0.00,0.73,0.61,0.0013,0.0062,     0,0,0,0.09,99.91,0.00,N/A,0.11,0.19,209.87,0.59,14.65,0.00,0.01,0.01,0.31,0.02,0.76,0.00,0.03,0.96,0.27,0.0009,0.0210,     0,0,0,2.75,97.25,0.00,N/A,1.35,4.39,209.87,0.31,7.70,0.01,0.16,0.00,0.44,0.00,0.60,0.00,0.00,0.60,0.68,0.0019,0.0063,     0,0,0,0.10,99.90,0.00,N/A,0.05,0.12,209.87,0.44,10.99,0.00,0.01,0.00,0.46,0.00,0.70,0.00,0.00,0.82,0.69,0.0009,0.0062,     0,0,0,0.12,99.88,0.00,N/A,0.08,0.17,209.87,0.46,11.60,0.00,0.01,0.00,0.46,0.00,0.71,0.00,0.00,0.86,0.74,0.0006,0.0051,     0,0,0,0.07,99.93,0.00,N/A,0.05,0.11,209.87,0.46,11.47,0.00,0.01,0.00,0.36,0.00,0.54,0.00,0.00,0.68,0.89,0.0004,0.0020,     0,0,0,0.05,99.95,0.00,N/A,0.02,0.05,209.87,0.36,9.12,0.00,0.00,0.00,0.41,0.00,0.56,0.00,0.00,0.92,0.82,0.0002,0.0036,     0,0,0,0.05,99.95,0.00,N/A,0.02,0.06,209.87,0.41,10.21,0.00,0.00,0.00,0.43,0.00,0.65,0.00,0.00,0.81,0.70,0.0009,0.0058,     0,0,0,0.09,99.91,0.00,N/A,0.05,0.12,209.87,0.43,10.76,0.00,0.01,0.00,0.43,0.00,0.46,0.00,0.00,0.56,0.73,0.0022,0.0058,     0,0,0,0.08,99.92,0.00,N/A,0.03,0.07,209.87,0.43,10.76,0.00,0.00,
2024-03-21,21:06:14.962,0.00,0.69,0.00,0.86,0.00,0.06,0.94,0.49,0.0004,0.0063,0.00,0.00,-2147483648,0.00,0.00,9.76,14.24,209.87,0.69,17.14,0.00,0.07,0.30,0.16,1.07,0.49,99.51,0.00,100.00,0.00,0.00,0.00,0.00,-nan,0.08,0.00,0.88,0.01,0.90,0.00,0.03,0.93,0.58,0.0003,0.0040,     0,0,0,0.00,0.00,-2147483648,0.00,0.00,N/A,8.10,9.16,209.87,0.88,22.09,0.00,0.12,0.00,0.33,0.00,0.79,0.00,0.03,0.95,0.34,0.0008,0.0178,     0,0,0,0.00,0.00,-2147483648,0.00,0.00,N/A,1.67,5.08,209.87,0.33,8.21,0.00,0.02,0.07,0.09,  0%,  0%,0.10,0.04,  0%,  0%,0.16,0.37,  0%,  0%,0.25,0.29,  0%,  0%,0.61,99.39,0.00,100.00,0.00,0.00,0.38,99.62,0.00,100.00,0.00,0.00,0.00,0.00,0.00 ,0.00 ,-nan ,-nan ,0.08,0.08,0.01,0.32,0.02,0.91,0.00,0.03,0.95,0.28,0.0010,0.0196,     0,0,0,2.39,97.61,0.00,N/A,1.45,4.57,209.87,0.32,7.95,0.01,0.17,0.01,1.43,0.01,0.78,0.00,0.00,0.58,0.68,0.0001,0.0005,     0,0,0,0.68,99.32,0.00,N/A,1.58,1.11,209.87,1.43,35.65,0.01,0.19,0.02,1.69,0.01,0.99,0.00,0.00,0.98,0.96,0.0000,0.0002,     0,0,0,1.33,98.67,0.00,N/A,4.64,2.75,209.87,1.69,42.18,0.02,0.55,0.00,0.48,0.00,0.76,0.00,0.00,0.83,0.71,0.0007,0.0056,     0,0,0,0.06,99.94,0.00,N/A,0.05,0.10,209.87,0.48,12.07,0.00,0.01,0.00,0.49,0.00,0.78,0.00,0.00,0.93,0.75,0.0003,0.0050,     0,0,0,0.07,99.93,0.00,N/A,0.06,0.12,209.87,0.49,12.24,0.00,0.01,0.00,0.52,0.00,0.78,0.00,0.00,0.93,0.84,0.0001,0.0035,     0,0,0,0.03,99.97,0.00,N/A,0.03,0.05,209.87,0.52,13.09,0.00,0.00,0.00,0.68,0.00,0.74,0.00,0.00,0.80,0.83,0.0003,0.0020,     0,0,0,0.17,99.83,0.00,N/A,0.18,0.27,209.87,0.68,17.12,0.00,0.02,0.00,0.54,0.00,0.88,0.00,0.00,0.69,0.57,0.0017,0.0073,     0,0,0,0.11,99.89,0.00,N/A,0.10,0.20,209.87,0.54,13.41,0.00,0.01,0.01,0.31,0.02,0.82,0.00,0.03,0.96,0.28,0.0008,0.0208,     0,0,0,2.56,97.44,0.00,N/A,1.35,4.38,209.87,0.31,7.68,0.01,0.16,0.00,0.45,0.00,0.66,0.00,0.00,0.54,0.73,0.0020,0.0048,     0,0,0,0.08,99.92,0.00,N/A,0.05,0.11,209.87,0.45,11.21,0.00,0.01,0.00,0.50,0.00,0.82,0.00,0.00,0.76,0.64,0.0013,0.0067,     0,0,0,0.12,99.88,0.00,N/A,0.11,0.21,209.87,0.50,12.50,0.00,0.01,0.00,0.47,0.00,0.67,0.00,0.00,0.85,0.74,0.0007,0.0050,     0,0,0,0.07,99.93,0.00,N/A,0.05,0.10,209.87,0.47,11.72,0.00,0.01,0.00,0.44,0.00,0.56,0.00,0.00,0.75,0.81,0.0006,0.0041,     0,0,0,0.04,99.96,0.00,N/A,0.02,0.05,209.87,0.44,10.96,0.00,0.00,0.00,0.39,0.00,0.58,0.00,0.00,0.72,0.87,0.0005,0.0022,     0,0,0,0.04,99.96,0.00,N/A,0.02,0.05,209.87,0.39,9.84,0.00,0.00,0.00,0.50,0.00,0.64,0.00,0.00,0.89,0.72,0.0005,0.0057,     0,0,0,0.08,99.92,0.00,N/A,0.05,0.11,209.87,0.50,12.51,0.00,0.01,0.00,0.33,0.00,0.47,0.00,0.00,0.96,0.91,0.0001,0.0017,     0,0,0,0.06,99.94,0.00,N/A,0.02,0.06,209.87,0.33,8.36,0.00,0.00,
2024-03-21,21:06:15.063,0.00,0.75,0.00,0.84,0.00,0.07,0.94,0.55,0.0003,0.0052,0.00,0.00,-2147483648,0.00,0.00,12.50,16.56,209.97,0.75,18.87,0.00,0.09,0.33,0.14,0.78,0.59,99.41,0.00,100.00,0.00,0.00,0.00,0.00,-nan,0.09,0.01,0.91,0.01,0.89,0.00,0.04,0.92,0.64,0.0003,0.0033,     0,0,0,0.00,0.00,-2147483648,0.00,0.00,N/A,10.93,11.97,209.97,0.91,22.82,0.01,0.16,0.00,0.34,0.00,0.74,0.00,0.03,0.96,0.33,0.0008,0.0185,     0,0,0,0.00,0.00,-2147483648,0.00,0.00,N/A,1.57,4.59,209.97,0.34,8.54,0.00,0.02,0.10,0.10,  0%,  0%,0.10,0.03,  0%,  0%,0.15,0.25,  0%,  0%,0.22,0.16,  0%,  0%,0.80,99.20,0.00,100.00,0.00,0.00,0.37,99.63,0.00,100.00,0.00,0.00,0.00,0.00,0.00 ,0.00 ,-nan ,-nan ,0.08,0.09,0.01,0.30,0.02,0.92,0.00,0.03,0.94,0.28,0.0011,0.0196,     0,0,0,2.55,97.45,0.00,N/A,1.47,4.94,209.97,0.30,7.42,0.01,0.17,0.01,0.97,0.01,0.83,0.00,0.00,0.47,0.82,0.0003,0.0009,     0,0,0,1.04,98.96,0.00,N/A,1.76,1.81,209.97,0.97,24.24,0.01,0.21,0.03,1.73,0.02,0.88,0.00,0.00,0.99,0.95,0.0000,0.0003,     0,0,0,2.12,97.88,0.00,N/A,6.82,3.93,209.97,1.73,43.36,0.03,0.81,0.00,0.47,0.00,0.81,0.00,0.00,0.78,0.70,0.0009,0.0057,     0,0,0,0.06,99.94,0.00,N/A,0.05,0.10,209.97,0.47,11.79,0.00,0.01,0.00,0.45,0.00,0.88,0.00,0.00,0.89,0.72,0.0004,0.0054,     0,0,0,0.06,99.94,0.00,N/A,0.05,0.11,209.97,0.45,11.18,0.00,0.01,0.00,0.35,0.00,0.66,0.00,0.00,0.87,0.90,0.0001,0.0017,     0,0,0,0.04,99.96,0.00,N/A,0.02,0.06,209.97,0.35,8.71,0.00,0.00,0.00,0.83,0.00,0.86,0.00,0.00,0.88,0.74,0.0003,0.0025,     0,0,0,0.34,99.66,0.00,N/A,0.51,0.61,209.97,0.83,20.64,0.00,0.06,0.00,0.64,0.00,0.96,0.00,0.00,0.73,0.52,0.0015,0.0073,     0,0,0,0.20,99.80,0.00,N/A,0.26,0.40,209.97,0.64,16.11,0.00,0.03,0.01,0.33,0.02,0.77,0.00,0.03,0.96,0.28,0.0008,0.0212,     0,0,0,2.50,97.50,0.00,N/A,1.32,4.04,209.97,0.33,8.17,0.01,0.16,0.00,0.45,0.00,0.66,0.00,0.00,0.68,0.70,0.0013,0.0060,     0,0,0,0.09,99.91,0.00,N/A,0.05,0.12,209.97,0.45,11.32,0.00,0.01,0.00,0.46,0.00,0.51,0.00,0.00,0.75,0.84,0.0006,0.0035,     0,0,0,0.05,99.95,0.00,N/A,0.02,0.05,209.97,0.46,11.56,0.00,0.00,0.00,0.49,0.00,0.67,0.00,0.00,0.84,0.72,0.0007,0.0055,     0,0,0,0.08,99.92,0.00,N/A,0.05,0.11,209.97,0.49,12.30,0.00,0.01,0.00,0.41,0.00,0.50,0.00,0.00,0.67,0.88,0.0007,0.0023,     0,0,0,0.05,99.95,0.00,N/A,0.02,0.05,209.97,0.41,10.22,0.00,0.00,0.00,0.43,0.00,0.52,0.00,0.00,0.76,0.81,0.0005,0.0035,     0,0,0,0.05,99.95,0.00,N/A,0.02,0.06,209.97,0.43,10.64,0.00,0.00,0.00,0.47,0.00,0.66,0.00,0.00,0.82,0.73,0.0008,0.0050,     0,0,0,0.08,99.92,0.00,N/A,0.05,0.11,209.97,0.47,11.75,0.00,0.01,0.00,0.39,0.00,0.45,0.00,0.00,0.83,0.92,0.0002,0.0015,     0,0,0,0.06,99.94,0.00,N/A,0.02,0.06,209.97,0.39,9.82,0.00,0.00,
2024-03-21,21:06:15.162,0.00,0.72,0.00,0.88,0.00,0.06,0.95,0.50,0.0003,0.0062,0.00,0.00,-2147483648,0.00,0.00,10.05,13.90,209.91,0.72,18.07,0.00,0.07,0.30,0.46,0.88,0.47,99.53,0.00,100.00,0.00,0.00,0.00,0.00,-nan,0.08,0.01,0.92,0.01,0.97,0.00,0.03,0.94,0.59,0.0002,0.0039,     0,0,0,0.00,0.00,-2147483648,0.00,0.00,N/A,8.47,9.19,209.91,0.92,23.03,0.01,0.13,0.00,0.34,0.00,0.74,0.00,0.03,0.96,0.33,0.0008,0.0184,     0,0,0,0.00,0.00,-2147483648,0.00,0.00,N/A,1.58,4.71,209.91,0.34,8.41,0.00,0.02,0.07,0.08,  0%,  0%,0.10,0.04,  0%,  0%,0.15,0.27,  0%,  0%,0.27,0.19,  0%,  0%,0.57,99.43,0.00,100.00,0.00,0.00,0.38,99.62,0.00,100.00,0.00,0.00,0.00,0.00,0.00 ,0.00 ,-nan ,-nan ,0.07,0.08,0.01,0.33,0.02,1.00,0.00,0.03,0.96,0.28,0.0009,0.0201,     0,0,0,2.06,97.94,0.00,N/A,1.41,4.31,209.91,0.33,8.19,0.01,0.17,0.01,1.41,0.00,0.99,0.00,0.00,0.75,0.73,0.0001,0.0007,     0,0,0,0.48,99.52,0.00,N/A,1.41,1.00,209.91,1.41,35.36,0.01,0.17,0.02,1.71,0.01,0.94,0.00,0.00,0.98,0.95,0.0000,0.0003,     0,0,0,1.51,98.49,0.00,N/A,5.11,2.99,209.91,1.71,42.66,0.02,0.61,0.00,0.53,0.00,0.94,0.00,0.00,0.82,0.70,0.0007,0.0061,     0,0,0,0.05,99.95,0.00,N/A,0.05,0.10,209.91,0.53,13.31,0.00,0.01,0.00,0.53,0.00,0.79,0.00,0.00,0.89,0.75,0.0004,0.0050,     0,0,0,0.07,99.93,0.00,N/A,0.06,0.12,209.91,0.53,13.21,0.00,0.01,0.00,0.51,0.00,0.82,0.00,0.00,0.79,0.91,0.0002,0.0015,     0,0,0,0.02,99.98,0.00,N/A,0.02,0.04,209.91,0.51,12.74,0.00,0.00,0.00,0.66,0.00,0.92,0.00,0.00,0.73,0.80,0.0005,0.0024,     0,0,0,0.16,99.84,0.00,N/A,0.21,0.31,209.91,0.66,16.62,0.00,0.02,0.00,0.59,0.00,0.93,0.00,0.00,0.78,0.56,0.0013,0.0073,     0,0,0,0.16,99.84,0.00,N/A,0.19,0.31,209.91,0.59,14.85,0.00,0.02,0.01,0.32,0.02,0.76,0.00,0.03,0.96,0.28,0.0008,0.0211,     0,0,0,2.58,97.42,0.00,N/A,1.33,4.13,209.91,0.32,8.05,0.01,0.16,0.00,0.47,0.00,0.61,0.00,0.00,0.56,0.73,0.0019,0.0050,     0,0,0,0.08,99.92,0.00,N/A,0.05,0.11,209.91,0.47,11.66,0.00,0.01,0.00,0.42,0.00,0.70,0.00,0.00,0.71,0.74,0.0009,0.0051,     0,0,0,0.08,99.92,0.00,N/A,0.05,0.11,209.91,0.42,10.60,0.00,0.01,0.00,0.47,0.00,0.62,0.00,0.00,0.79,0.75,0.0010,0.0050,     0,0,0,0.08,99.92,0.00,N/A,0.05,0.11,209.91,0.47,11.86,0.00,0.01,0.00,0.42,0.00,0.56,0.00,0.00,0.87,0.81,0.0003,0.0039,     0,0,0,0.05,99.95,0.00,N/A,0.02,0.06,209.91,0.42,10.47,0.00,0.00,0.00,0.38,0.00,0.55,0.00,0.00,0.71,0.87,0.0005,0.0021,     0,0,0,0.05,99.95,0.00,N/A,0.02,0.05,209.91,0.38,9.45,0.00,0.00,0.00,0.47,0.00,0.55,0.00,0.00,0.76,0.80,0.0008,0.0036,     0,0,0,0.08,99.92,0.00,N/A,0.04,0.09,209.91,0.47,11.74,0.00,0.01,0.00,0.37,0.00,0.56,0.00,0.00,0.82,0.94,0.0002,0.0012,     0,0,0,0.04,99.96,0.00,N/A,0.02,0.05,209.91,0.37,9.20,0.00,0.00,
2024-03-21,21:06:15.263,0.00,0.71,0.00,0.83,0.00,0.06,0.95,0.50,0.0003,0.0063,0.00,0.00,-2147483648,0.00,0.00,10.11,14.30,210.36,0.71,17.67,0.00,0.08,0.32,0.23,0.83,0.51,99.49,0.00,100.00,0.00,0.00,0.00,0.00,-nan,0.10,0.01,0.89,0.01,0.86,0.00,0.03,0.94,0.58,0.0002,0.0041,     0,0,0,0.00,0.00,-2147483648,0.00,0.00,N/A,8.56,9.57,210.36,0.89,22.35,0.01,0.13,0.00,0.33,0.00,0.78,0.00,0.03,0.96,0.33,0.0008,0.0186,     0,0,0,0.00,0.00,-2147483648,0.00,0.00,N/A,1.55,4.73,210.36,0.33,8.21,0.00,0.02,0.07,0.08,  0%,  0%,0.14,0.03,  0%,  0%,0.13,0.26,  0%,  0%,0.25,0.18,  0%,  0%,0.66,99.34,0.00,100.00,0.00,0.00,0.36,99.64,0.00,100.00,0.00,0.00,0.00,0.00,0.00 ,0.00 ,-nan ,-nan ,0.10,0.10,0.01,0.32,0.02,0.90,0.00,0.03,0.95,0.28,0.0010,0.0197,     0,0,0,2.38,97.62,0.00,N/A,1.44,4.51,210.36,0.32,7.96,0.01,0.17,0.01,1.26,0.00,0.98,0.00,0.00,0.64,0.76,0.0002,0.0008,     0,0,0,0.43,99.57,0.00,N/A,1.10,0.88,210.36,1.26,31.40,0.01,0.13,0.03,1.67,0.02,0.78,0.00,0.00,0.99,0.90,0.0000,0.0006,     0,0,0,2.00,98.00,0.00,N/A,5.48,3.28,210.36,1.67,41.80,0.03,0.65,0.00,0.49,0.00,0.83,0.00,0.00,0.79,0.72,0.0008,0.0055,     0,0,0,0.06,99.94,0.00,N/A,0.05,0.10,210.36,0.49,12.15,0.00,0.01,0.00,0.51,0.00,0.85,0.00,0.00,0.94,0.74,0.0002,0.0050,     0,0,0,0.06,99.94,0.00,N/A,0.05,0.11,210.36,0.51,12.72,0.00,0.01,0.00,0.45,0.00,0.73,0.00,0.00,0.95,0.92,0.0001,0.0015,     0,0,0,0.03,99.97,0.00,N/A,0.02,0.04,210.36,0.45,11.36,0.00,0.00,0.00,0.68,0.00,0.81,0.00,0.00,0.66,0.84,0.0005,0.0018,     0,0,0,0.20,99.80,0.00,N/A,0.23,0.34,210.36,0.68,16.88,0.00,0.03,0.00,0.59,0.00,0.95,0.00,0.00,0.78,0.53,0.0013,0.0075,     0,0,0,0.16,99.84,0.00,N/A,0.19,0.32,210.36,0.59,14.79,0.00,0.02,0.01,0.32,0.02,0.82,0.00,0.03,0.96,0.27,0.0008,0.0213,     0,0,0,2.41,97.59,0.00,N/A,1.31,4.15,210.36,0.32,7.88,0.01,0.16,0.00,0.45,0.00,0.71,0.00,0.00,0.50,0.75,0.0022,0.0046,     0,0,0,0.07,99.93,0.00,N/A,0.05,0.11,210.36,0.45,11.17,0.00,0.01,0.00,0.42,0.00,0.41,0.00,0.00,0.79,0.75,0.0009,0.0047,     0,0,0,0.11,99.89,0.00,N/A,0.04,0.10,210.36,0.42,10.61,0.00,0.00,0.00,0.47,0.00,0.64,0.00,0.00,0.85,0.72,0.0006,0.0055,     0,0,0,0.08,99.92,0.00,N/A,0.05,0.11,210.36,0.47,11.73,0.00,0.01,0.00,0.38,0.00,0.54,0.00,0.00,0.88,0.91,0.0001,0.0017,     0,0,0,0.04,99.96,0.00,N/A,0.02,0.05,210.36,0.38,9.47,0.00,0.00,0.00,0.34,0.00,0.56,0.00,0.00,0.85,0.89,0.0003,0.0020,     0,0,0,0.05,99.95,0.00,N/A,0.02,0.05,210.36,0.34,8.53,0.00,0.00,0.00,0.46,0.00,0.69,0.00,0.00,0.86,0.74,0.0006,0.0050,     0,0,0,0.07,99.93,0.00,N/A,0.05,0.11,210.36,0.46,11.55,0.00,0.01,0.00,0.34,0.00,0.49,0.00,0.00,0.70,0.88,0.0004,0.0021,     0,0,0,0.06,99.94,0.00,N/A,0.02,0.06,210.36,0.34,8.47,0.00,0.00,
2024-03-21,21:06:15.363,0.00,0.72,0.01,0.90,0.00,0.06,0.93,0.56,0.0003,0.0050,0.00,0.00,-2147483648,0.00,0.00,13.04,18.23,209.79,0.72,17.88,0.00,0.10,0.56,0.40,1.58,0.61,99.39,0.00,100.00,0.00,0.00,0.00,0.00,-nan,0.07,0.01,0.90,0.01,0.96,0.00,0.04,0.93,0.63,0.0002,0.0032,     0,0,0,0.00,0.00,-2147483648,0.00,0.00,N/A,11.01,12.26,209.79,0.90,22.47,0.01,0.16,0.00,0.34,0.00,0.79,0.00,0.03,0.94,0.41,0.0009,0.0145,     0,0,0,0.00,0.00,-2147483648,0.00,0.00,N/A,2.03,5.98,209.79,0.34,8.48,0.00,0.03,0.05,0.08,  0%,  0%,0.26,0.16,  0%,  0%,0.14,0.45,  0%,  0%,0.65,0.34,  0%,  0%,0.76,99.24,0.00,100.00,0.00,0.00,0.45,99.55,0.00,100.00,0.00,0.00,0.00,0.00,0.00 ,0.00 ,-nan ,-nan ,0.07,0.08,0.01,0.30,0.02,1.00,0.00,0.03,0.95,0.28,0.0010,0.0194,     0,0,0,2.33,97.67,0.00,N/A,1.48,4.88,209.79,0.30,7.58,0.01,0.18,0.01,1.46,0.01,1.00,0.00,0.00,0.76,0.63,0.0001,0.0006,     0,0,0,0.81,99.19,0.00,N/A,2.47,1.69,209.79,1.46,36.59,0.01,0.29,0.03,1.72,0.02,0.89,0.00,0.00,0.97,0.96,0.0000,0.0003,     0,0,0,1.82,98.18,0.00,N/A,5.80,3.37,209.79,1.72,42.94,0.03,0.69,0.00,0.55,0.00,0.92,0.00,0.00,0.94,0.72,0.0003,0.0058,     0,0,0,0.05,99.95,0.00,N/A,0.05,0.10,209.79,0.55,13.64,0.00,0.01,0.00,0.52,0.00,0.91,0.00,0.00,0.79,0.73,0.0008,0.0053,     0,0,0,0.05,99.95,0.00,N/A,0.05,0.10,209.79,0.52,12.91,0.00,0.01,0.00,0.38,0.01,0.99,0.00,0.00,0.80,0.95,0.0001,0.0008,     0,0,0,0.53,99.47,0.00,N/A,0.41,1.10,209.79,0.38,9.38,0.00,0.05,0.00,0.80,0.00,1.00,0.00,0.00,0.90,0.74,0.0003,0.0029,     0,0,0,0.34,99.66,0.00,N/A,0.57,0.72,209.79,0.80,19.91,0.00,0.07,0.00,0.61,0.00,0.96,0.00,0.00,0.71,0.53,0.0017,0.0074,     0,0,0,0.15,99.85,0.00,N/A,0.18,0.30,209.79,0.61,15.15,0.00,0.02,0.01,0.32,0.02,0.77,0.00,0.03,0.96,0.28,0.0008,0.0210,     0,0,0,2.60,97.40,0.00,N/A,1.33,4.17,209.79,0.32,7.99,0.01,0.16,0.00,0.43,0.00,0.67,0.00,0.00,0.62,0.72,0.0015,0.0052,     0,0,0,0.08,99.92,0.00,N/A,0.05,0.12,209.79,0.43,10.68,0.00,0.01,0.00,0.46,0.00,0.72,0.00,0.00,0.75,0.71,0.0009,0.0057,     0,0,0,0.08,99.92,0.00,N/A,0.05,0.12,209.79,0.46,11.46,0.00,0.01,0.00,0.48,0.00,0.61,0.00,0.00,0.80,0.75,0.0009,0.0049,     0,0,0,0.09,99.91,0.00,N/A,0.05,0.11,209.79,0.48,11.88,0.00,0.01,0.00,0.52,0.00,0.75,0.00,0.00,0.34,0.86,0.0010,0.0016,     0,0,0,0.07,99.93,0.00,N/A,0.05,0.10,209.79,0.52,13.00,0.00,0.01,0.00,0.40,0.00,0.58,0.00,0.00,0.66,0.90,0.0005,0.0017,     0,0,0,0.04,99.96,0.00,N/A,0.02,0.05,209.79,0.40,10.05,0.00,0.00,0.00,0.43,0.00,0.76,0.00,0.00,0.71,0.81,0.0005,0.0024,     0,0,0,0.11,99.89,0.00,N/A,0.08,0.18,209.79,0.43,10.69,0.00,0.01,0.00,0.34,0.01,0.97,0.00,0.00,0.08,0.93,0.0009,0.0010,     0,0,0,0.56,99.44,0.00,N/A,0.39,1.13,209.79,0.34,8.56,0.00,0.05,
2024-03-21,21:06:15.462,0.00,0.79,0.01,0.89,0.00,0.07,0.94,0.56,0.0003,0.0048,0.00,0.00,-2147483648,0.00,0.00,13.66,17.31,209.98,0.79,19.72,0.00,0.10,0.54,0.38,1.96,0.58,99.42,0.00,100.00,0.00,0.00,0.00,0.00,-nan,0.07,0.01,0.99,0.01,0.94,0.00,0.04,0.92,0.65,0.0002,0.0031,     0,0,0,0.00,0.00,-2147483648,0.00,0.00,N/A,12.05,12.15,209.98,0.99,24.80,0.01,0.18,0.00,0.31,0.00,0.79,0.00,0.03,0.95,0.33,0.0009,0.0180,     0,0,0,0.00,0.00,-2147483648,0.00,0.00,N/A,1.61,5.16,209.98,0.31,7.78,0.00,0.02,0.12,0.14,  0%,  0%,0.14,0.14,  0%,  0%,0.28,0.28,  0%,  0%,0.58,0.82,  0%,  0%,0.77,99.23,0.00,100.00,0.00,0.00,0.39,99.61,0.00,100.00,0.00,0.00,0.00,0.00,0.00 ,0.00 ,-nan ,-nan ,0.07,0.08,0.01,0.31,0.02,0.91,0.00,0.03,0.94,0.28,0.0011,0.0195,     0,0,0,2.49,97.51,0.00,N/A,1.47,4.73,209.98,0.31,7.75,0.01,0.17,0.01,1.42,0.01,0.98,0.00,0.00,0.59,0.67,0.0001,0.0006,     0,0,0,0.56,99.44,0.00,N/A,1.64,1.16,209.98,1.42,35.43,0.01,0.20,0.04,1.67,0.02,0.97,0.00,0.00,0.95,0.92,0.0000,0.0005,     0,0,0,2.24,97.76,0.00,N/A,7.62,4.56,209.98,1.67,41.72,0.04,0.91,0.00,0.48,0.00,0.80,0.00,0.00,0.81,0.71,0.0008,0.0060,     0,0,0,0.07,99.93,0.00,N/A,0.05,0.11,209.98,0.48,11.88,0.00,0.01,0.00,0.55,0.00,0.89,0.00,0.00,0.73,0.75,0.0007,0.0042,     0,0,0,0.08,99.92,0.00,N/A,0.09,0.16,209.98,0.55,13.71,0.00,0.01,0.00,0.32,0.00,0.64,0.00,0.00,0.70,0.90,0.0004,0.0018,     0,0,0,0.05,99.95,0.00,N/A,0.02,0.06,209.98,0.32,8.01,0.00,0.00,0.00,0.92,0.01,0.95,0.00,0.00,0.68,0.85,0.0004,0.0020,     0,0,0,0.53,99.47,0.00,N/A,0.98,1.07,209.98,0.92,22.94,0.00,0.12,0.00,0.63,0.00,0.90,0.00,0.00,0.76,0.54,0.0013,0.0072,     0,0,0,0.16,99.84,0.00,N/A,0.19,0.30,209.98,0.63,15.69,0.00,0.02,0.01,0.30,0.02,0.82,0.00,0.03,0.96,0.28,0.0009,0.0204,     0,0,0,2.70,97.30,0.00,N/A,1.37,4.62,209.98,0.30,7.40,0.01,0.16,0.00,0.47,0.00,0.66,0.00,0.00,0.64,0.70,0.0016,0.0057,     0,0,0,0.08,99.92,0.00,N/A,0.05,0.11,209.98,0.47,11.82,0.00,0.01,0.00,0.36,0.00,0.49,0.00,0.00,0.80,0.93,0.0002,0.0013,     0,0,0,0.05,99.95,0.00,N/A,0.02,0.05,209.98,0.36,9.06,0.00,0.00,0.00,0.47,0.00,0.64,0.00,0.00,0.64,0.74,0.0012,0.0049,     0,0,0,0.08,99.92,0.00,N/A,0.05,0.11,209.98,0.47,11.63,0.00,0.01,0.00,0.39,0.00,0.54,0.00,0.00,0.91,0.90,0.0002,0.0020,     0,0,0,0.04,99.96,0.00,N/A,0.02,0.05,209.98,0.39,9.87,0.00,0.00,0.00,0.42,0.00,0.57,0.00,0.00,0.99,0.81,0.0000,0.0036,     0,0,0,0.05,99.95,0.00,N/A,0.02,0.06,209.98,0.42,10.56,0.00,0.00,0.00,0.47,0.00,0.67,0.00,0.00,0.84,0.73,0.0007,0.0053,     0,0,0,0.07,99.93,0.00,N/A,0.05,0.11,209.98,0.47,11.70,0.00,0.01,0.00,0.39,0.00,0.61,0.00,0.00,0.65,0.90,0.0005,0.0019,     0,0,0,0.04,99.96,0.00,N/A,0.02,0.06,209.98,0.39,9.78,0.00,0.00,
2024-03-21,21:06:15.562,0.00,0.72,0.00,0.86,0.00,0.06,0.95,0.52,0.0003,0.0060,0.00,0.00,-2147483648,0.00,0.00,10.44,14.58,209.86,0.72,17.89,0.00,0.08,0.27,0.13,0.86,0.51,99.49,0.00,100.00,0.00,0.00,0.00,0.00,-nan,0.08,0.01,0.90,0.01,0.94,0.00,0.03,0.94,0.62,0.0002,0.0038,     0,0,0,0.00,0.00,-2147483648,0.00,0.00,N/A,8.87,9.85,209.86,0.90,22.50,0.01,0.13,0.00,0.33,0.00,0.73,0.00,0.03,0.96,0.33,0.0008,0.0185,     0,0,0,0.00,0.00,-2147483648,0.00,0.00,N/A,1.57,4.73,209.86,0.33,8.29,0.00,0.02,0.07,0.07,  0%,  0%,0.10,0.03,  0%,  0%,0.11,0.32,  0%,  0%,0.25,0.18,  0%,  0%,0.63,99.37,0.00,100.00,0.00,0.00,0.39,99.61,0.00,100.00,0.00,0.00,0.00,0.00,0.00 ,0.00 ,-nan ,-nan ,0.08,0.08,0.01,0.30,0.02,0.92,0.00,0.03,0.95,0.28,0.0010,0.0196,     0,0,0,2.46,97.54,0.00,N/A,1.45,4.77,209.86,0.30,7.62,0.01,0.17,0.00,1.23,0.00,0.94,0.00,0.00,0.55,0.75,0.0002,0.0008,     0,0,0,0.19,99.81,0.00,N/A,0.47,0.38,209.86,1.23,30.87,0.00,0.06,0.03,1.69,0.02,0.98,0.00,0.00,0.96,0.94,0.0000,0.0003,     0,0,0,1.86,98.14,0.00,N/A,6.42,3.81,209.86,1.69,42.13,0.03,0.76,0.00,0.46,0.00,0.81,0.00,0.00,0.88,0.71,0.0005,0.0057,     0,0,0,0.06,99.94,0.00,N/A,0.05,0.11,209.86,0.46,11.42,0.00,0.01,0.00,0.49,0.00,0.88,0.00,0.00,0.95,0.74,0.0002,0.0052,     0,0,0,0.06,99.94,0.00,N/A,0.06,0.11,209.86,0.49,12.21,0.00,0.01,0.00,0.43,0.00,0.79,0.00,0.00,0.95,0.89,0.0001,0.0021,     0,0,0,0.03,99.97,0.00,N/A,0.02,0.05,209.86,0.43,10.80,0.00,0.00,0.00,0.67,0.00,0.79,0.00,0.00,0.66,0.82,0.0005,0.0020,     0,0,0,0.19,99.81,0.00,N/A,0.21,0.32,209.86,0.67,16.69,0.00,0.03,0.00,0.61,0.00,0.92,0.00,0.00,0.75,0.54,0.0015,0.0072,     0,0,0,0.15,99.85,0.00,N/A,0.18,0.30,209.86,0.61,15.14,0.00,0.02,0.01,0.32,0.02,0.76,0.00,0.03,0.96,0.27,0.0008,0.0211,     0,0,0,2.60,97.40,0.00,N/A,1.33,4.17,209.86,0.32,7.99,0.01,0.16,0.00,0.43,0.00,0.64,0.00,0.00,0.61,0.72,0.0018,0.0052,     0,0,0,0.09,99.91,0.00,N/A,0.05,0.11,209.86,0.43,10.81,0.00,0.01,0.00,0.36,0.00,0.46,0.00,0.00,0.75,0.90,0.0004,0.0018,     0,0,0,0.05,99.95,0.00,N/A,0.02,0.05,209.86,0.36,9.07,0.00,0.00,0.00,0.48,0.00,0.59,0.00,0.00,0.78,0.77,0.0008,0.0042,     0,0,0,0.10,99.90,0.00,N/A,0.06,0.13,209.86,0.48,12.04,0.00,0.01,0.00,0.36,0.00,0.49,0.00,0.00,0.79,0.89,0.0004,0.0022,     0,0,0,0.05,99.95,0.00,N/A,0.02,0.05,209.86,0.36,9.09,0.00,0.00,0.00,0.37,0.00,0.49,0.00,0.00,0.70,0.88,0.0004,0.0020,     0,0,0,0.05,99.95,0.00,N/A,0.02,0.05,209.86,0.37,9.37,0.00,0.00,0.00,0.46,0.00,0.62,0.00,0.00,0.84,0.71,0.0008,0.0055,     0,0,0,0.08,99.92,0.00,N/A,0.05,0.11,209.86,0.46,11.39,0.00,0.01,0.00,0.35,0.00,0.46,0.00,0.00,0.84,0.90,0.0003,0.0018,     0,0,0,0.06,99.94,0.00,N/A,0.02,0.05,209.86,0.35,8.64,0.00,0.00,
2024-03-21,21:06:15.663,0.00,0.72,0.00,0.81,0.00,0.07,0.94,0.50,0.0004,0.0060,0.00,0.00,-2147483648,0.00,0.00,10.92,15.18,210.40,0.72,18.00,0.00,0.08,2.01,1.16,1.73,0.56,99.44,0.00,100.00,0.00,0.00,0.00,0.00,-nan,0.09,0.01,0.91,0.01,0.85,0.00,0.04,0.93,0.59,0.0003,0.0039,     0,0,0,0.00,0.00,-2147483648,0.00,0.00,N/A,9.31,10.24,210.40,0.91,22.74,0.01,0.14,0.00,0.33,0.00,0.74,0.00,0.03,0.95,0.33,0.0008,0.0181,     0,0,0,0.00,0.00,-2147483648,0.00,0.00,N/A,1.61,4.94,210.40,0.33,8.16,0.00,0.02,0.98,0.89,  0%,  0%,0.10,0.04,  0%,  0%,1.06,0.22,  0%,  0%,0.26,0.19,  0%,  0%,0.71,99.29,0.00,100.00,0.00,0.00,0.40,99.60,0.00,100.00,0.00,0.00,0.00,0.00,0.00 ,0.00 ,-nan ,-nan ,0.09,0.09,0.01,0.31,0.02,0.80,0.00,0.03,0.95,0.28,0.0010,0.0199,     0,0,0,2.72,97.28,0.00,N/A,1.42,4.55,210.40,0.31,7.78,0.01,0.17,0.00,0.52,0.00,0.85,0.00,0.00,0.56,0.67,0.0019,0.0060,     0,0,0,0.10,99.90,0.00,N/A,0.09,0.17,210.40,0.52,12.97,0.00,0.01,0.03,1.67,0.02,0.91,0.00,0.00,0.96,0.90,0.0000,0.0006,     0,0,0,1.95,98.05,0.00,N/A,6.29,3.77,210.40,1.67,41.70,0.03,0.74,0.00,0.50,0.00,0.76,0.00,0.00,0.87,0.69,0.0005,0.0061,     0,0,0,0.07,99.93,0.00,N/A,0.06,0.12,210.40,0.50,12.60,0.00,0.01,0.00,0.49,0.00,0.79,0.00,0.00,0.88,0.76,0.0005,0.0048,     0,0,0,0.06,99.94,0.00,N/A,0.05,0.10,210.40,0.49,12.37,0.00,0.01,0.00,0.53,0.00,0.75,0.00,0.00,0.91,0.84,0.0001,0.0033,     0,0,0,0.03,99.97,0.00,N/A,0.02,0.05,210.40,0.53,13.14,0.00,0.00,0.00,0.72,0.00,0.87,0.00,0.00,0.60,0.66,0.0009,0.0025,     0,0,0,0.41,99.59,0.00,N/A,0.54,0.75,210.40,0.72,18.01,0.00,0.06,0.00,1.16,0.00,0.98,0.00,0.00,0.79,0.48,0.0003,0.0019,     0,0,0,0.35,99.65,0.00,N/A,0.84,0.73,210.40,1.16,28.96,0.00,0.10,0.01,0.31,0.02,0.77,0.00,0.03,0.96,0.28,0.0009,0.0205,     0,0,0,2.72,97.28,0.00,N/A,1.38,4.38,210.40,0.31,7.85,0.01,0.16,0.00,0.44,0.00,0.58,0.00,0.00,0.83,0.66,0.0009,0.0069,     0,0,0,0.10,99.90,0.00,N/A,0.05,0.12,210.40,0.44,10.98,0.00,0.01,0.00,0.38,0.00,0.53,0.00,0.00,0.59,0.88,0.0006,0.0021,     0,0,0,0.04,99.96,0.00,N/A,0.02,0.05,210.40,0.38,9.57,0.00,0.00,0.00,0.45,0.00,0.66,0.00,0.00,0.80,0.73,0.0010,0.0053,     0,0,0,0.08,99.92,0.00,N/A,0.05,0.11,210.40,0.45,11.14,0.00,0.01,0.00,0.40,0.00,0.53,0.00,0.00,0.86,0.92,0.0002,0.0015,     0,0,0,0.04,99.96,0.00,N/A,0.02,0.05,210.40,0.40,9.89,0.00,0.00,0.00,0.42,0.00,0.52,0.00,0.00,0.67,0.91,0.0003,0.0016,     0,0,0,0.05,99.95,0.00,N/A,0.02,0.05,210.40,0.42,10.52,0.00,0.00,0.00,0.46,0.00,0.61,0.00,0.00,0.83,0.72,0.0008,0.0054,     0,0,0,0.09,99.91,0.00,N/A,0.05,0.12,210.40,0.46,11.43,0.00,0.01,0.00,0.34,0.00,0.49,0.00,0.00,0.70,0.91,0.0004,0.0015,     0,0,0,0.06,99.94,0.00,N/A,0.02,0.06,210.40,0.34,8.54,0.00,0.00,
2024-03-21,21:06:15.763,0.00,0.87,0.01,0.88,0.00,0.06,0.95,0.57,0.0002,0.0043,0.00,0.00,-2147483648,0.00,0.00,14.76,16.87,210.22,0.87,21.87,0.00,0.11,0.69,1.02,1.61,0.57,99.43,0.00,100.00,0.00,0.00,0.00,0.00,-nan,0.08,0.01,1.10,0.01,0.93,0.00,0.03,0.94,0.68,0.0001,0.0026,     0,0,0,0.00,0.00,-2147483648,0.00,0.00,N/A,13.17,11.93,210.22,1.10,27.60,0.01,0.20,0.00,0.32,0.00,0.79,0.00,0.03,0.96,0.33,0.0008,0.0185,     0,0,0,0.00,0.00,-2147483648,0.00,0.00,N/A,1.59,4.94,210.22,0.32,8.04,0.00,0.02,0.22,0.34,  0%,  0%,0.09,0.03,  0%,  0%,0.71,0.50,  0%,  0%,0.22,0.18,  0%,  0%,0.76,99.24,0.00,100.00,0.00,0.00,0.37,99.63,0.00,100.00,0.00,0.00,0.00,0.00,0.00 ,0.00 ,-nan ,-nan ,0.07,0.09,0.01,0.33,0.02,0.86,0.00,0.03,0.96,0.28,0.0009,0.0202,     0,0,0,2.32,97.68,0.00,N/A,1.39,4.20,210.22,0.33,8.27,0.01,0.17,0.02,1.62,0.01,0.99,0.00,0.00,0.86,0.95,0.0000,0.0002,     0,0,0,1.49,98.51,0.00,N/A,5.04,3.10,210.22,1.62,40.62,0.02,0.60,0.03,1.68,0.02,0.99,0.00,0.00,0.98,0.91,0.0000,0.0005,     0,0,0,1.77,98.23,0.00,N/A,6.21,3.69,210.22,1.68,42.08,0.03,0.74,0.00,0.50,0.00,0.84,0.00,0.00,0.86,0.70,0.0006,0.0059,     0,0,0,0.06,99.94,0.00,N/A,0.05,0.11,210.22,0.50,12.44,0.00,0.01,0.00,0.46,0.00,0.89,0.00,0.00,0.65,0.74,0.0011,0.0045,     0,0,0,0.08,99.92,0.00,N/A,0.07,0.15,210.22,0.46,11.51,0.00,0.01,0.00,0.43,0.00,0.76,0.00,0.00,0.96,0.90,0.0000,0.0018,     0,0,0,0.03,99.97,0.00,N/A,0.02,0.05,210.22,0.43,10.63,0.00,0.00,0.00,0.66,0.00,0.80,0.00,0.00,0.75,0.83,0.0004,0.0018,     0,0,0,0.19,99.81,0.00,N/A,0.21,0.32,210.22,0.66,16.62,0.00,0.02,0.00,0.55,0.00,0.97,0.00,0.00,0.72,0.55,0.0015,0.0071,     0,0,0,0.16,99.84,0.00,N/A,0.17,0.32,210.22,0.55,13.78,0.00,0.02,0.01,0.31,0.02,0.85,0.00,0.03,0.96,0.27,0.0008,0.0210,     0,0,0,2.46,97.54,0.00,N/A,1.34,4.39,210.22,0.31,7.64,0.01,0.16,0.00,0.49,0.00,0.46,0.00,0.00,0.64,0.71,0.0016,0.0055,     0,0,0,0.10,99.90,0.00,N/A,0.05,0.10,210.22,0.49,12.23,0.00,0.01,0.00,0.39,0.00,0.52,0.00,0.00,0.84,0.90,0.0002,0.0020,     0,0,0,0.04,99.96,0.00,N/A,0.02,0.05,210.22,0.39,9.66,0.00,0.00,0.00,0.47,0.00,0.71,0.00,0.00,0.82,0.70,0.0007,0.0051,     0,0,0,0.09,99.91,0.00,N/A,0.06,0.13,210.22,0.47,11.86,0.00,0.01,0.00,0.39,0.00,0.43,0.00,0.00,0.90,0.85,0.0002,0.0033,     0,0,0,0.06,99.94,0.00,N/A,0.02,0.06,210.22,0.39,9.67,0.00,0.00,0.00,0.40,0.00,0.43,0.00,0.00,0.85,0.81,0.0005,0.0041,     0,0,0,0.07,99.93,0.00,N/A,0.03,0.07,210.22,0.40,10.10,0.00,0.00,0.00,0.50,0.00,0.45,0.00,0.00,0.69,0.74,0.0012,0.0052,     0,0,0,0.10,99.90,0.00,N/A,0.05,0.09,210.22,0.50,12.40,0.00,0.01,0.00,0.39,0.00,0.45,0.00,0.00,0.88,0.78,0.0005,0.0045,     0,0,0,0.06,99.94,0.00,N/A,0.02,0.06,210.22,0.39,9.74,0.00,0.00,
2024-03-21,21:06:15.863,0.00,0.67,0.00,0.84,0.00,0.06,0.94,0.52,0.0004,0.0064,0.00,0.00,-2147483648,0.00,0.00,9.81,14.56,209.67,0.67,16.85,0.00,0.07,0.62,0.64,1.29,0.52,99.48,0.00,100.00,0.00,0.00,0.00,0.00,-nan,0.10,0.00,0.83,0.01,0.88,0.00,0.03,0.92,0.61,0.0003,0.0041,     0,0,0,0.00,0.00,-2147483648,0.00,0.00,N/A,8.27,9.99,209.67,0.83,20.70,0.00,0.12,0.00,0.34,0.00,0.76,0.00,0.03,0.96,0.33,0.0007,0.0188,     0,0,0,0.00,0.00,-2147483648,0.00,0.00,N/A,1.54,4.57,209.67,0.34,8.43,0.00,0.02,0.31,0.16,  0%,  0%,0.11,0.04,  0%,  0%,0.27,0.61,  0%,  0%,0.23,0.18,  0%,  0%,0.68,99.32,0.00,100.00,0.00,0.00,0.36,99.64,0.00,100.00,0.00,0.00,0.00,0.00,0.00 ,0.00 ,-nan ,-nan ,0.11,0.10,0.01,0.32,0.02,0.85,0.00,0.03,0.95,0.28,0.0010,0.0195,     0,0,0,2.58,97.42,0.00,N/A,1.45,4.59,209.67,0.32,7.91,0.01,0.17,0.02,1.65,0.01,0.85,0.00,0.00,0.91,0.92,0.0000,0.0005,     0,0,0,1.13,98.87,0.00,N/A,3.33,2.01,209.67,1.65,41.30,0.02,0.40,0.01,1.70,0.01,0.98,0.00,0.00,0.98,0.96,0.0000,0.0002,     0,0,0,0.82,99.18,0.00,N/A,2.85,1.68,209.67,1.70,42.38,0.01,0.34,0.00,0.41,0.00,0.58,0.00,0.00,0.89,0.90,0.0001,0.0017,     0,0,0,0.04,99.96,0.00,N/A,0.02,0.05,209.67,0.41,10.22,0.00,0.00,0.00,0.54,0.00,0.90,0.00,0.00,0.86,0.70,0.0005,0.0058,     0,0,0,0.08,99.92,0.00,N/A,0.08,0.16,209.67,0.54,13.42,0.00,0.01,0.00,0.53,0.00,0.87,0.00,0.00,0.95,0.71,0.0002,0.0058,     0,0,0,0.05,99.95,0.00,N/A,0.05,0.10,209.67,0.53,13.18,0.00,0.01,0.00,0.72,0.00,0.72,0.00,0.00,0.80,0.91,0.0001,0.0007,     0,0,0,0.16,99.84,0.00,N/A,0.17,0.24,209.67,0.72,17.91,0.00,0.02,0.00,0.27,0.01,0.98,0.00,0.00,0.55,0.64,0.0027,0.0074,     0,0,0,0.56,99.44,0.00,N/A,0.31,1.16,209.67,0.27,6.74,0.00,0.04,0.01,0.33,0.02,0.80,0.00,0.03,0.97,0.28,0.0007,0.0211,     0,0,0,2.43,97.57,0.00,N/A,1.33,4.07,209.67,0.33,8.20,0.01,0.16,0.00,0.37,0.00,0.46,0.00,0.00,0.69,0.89,0.0005,0.0019,     0,0,0,0.06,99.94,0.00,N/A,0.02,0.05,209.67,0.37,9.34,0.00,0.00,0.00,0.39,0.00,0.58,0.00,0.00,0.79,0.78,0.0007,0.0046,     0,0,0,0.05,99.95,0.00,N/A,0.02,0.06,209.67,0.39,9.84,0.00,0.00,0.00,0.36,0.00,0.45,0.00,0.00,0.86,0.89,0.0002,0.0022,     0,0,0,0.06,99.94,0.00,N/A,0.02,0.06,209.67,0.36,9.02,0.00,0.00,0.00,0.44,0.00,0.63,0.00,0.00,0.81,0.74,0.0008,0.0049,     0,0,0,0.08,99.92,0.00,N/A,0.05,0.11,209.67,0.44,10.96,0.00,0.01,0.00,0.46,0.00,0.63,0.00,0.00,0.79,0.72,0.0010,0.0052,     0,0,0,0.08,99.92,0.00,N/A,0.05,0.11,209.67,0.46,11.57,0.00,0.01,0.00,0.37,0.00,0.46,0.00,0.00,0.61,0.90,0.0006,0.0020,     0,0,0,0.06,99.94,0.00,N/A,0.02,0.05,209.67,0.37,9.17,0.00,0.00,0.00,0.41,0.00,0.48,0.00,0.00,0.55,0.81,0.0009,0.0040,     0,0,0,0.06,99.94,0.00,N/A,0.02,0.06,209.67,0.41,10.35,0.00,0.00,
2024-03-21,21:06:15.963,0.00,0.72,0.00,0.91,0.00,0.06,0.95,0.49,0.0003,0.0059,0.00,0.00,-2147483648,0.00,0.00,11.01,15.19,209.96,0.72,18.11,0.00,0.08,0.76,0.87,1.83,0.50,99.50,0.00,100.00,0.00,0.00,0.00,0.00,-nan,0.08,0.01,0.92,0.01,0.95,0.00,0.04,0.94,0.58,0.0002,0.0038,     0,0,0,0.00,0.00,-2147483648,0.00,0.00,N/A,9.42,10.20,209.96,0.92,23.10,0.01,0.14,0.00,0.32,0.00,0.83,0.00,0.03,0.96,0.33,0.0008,0.0184,     0,0,0,0.00,0.00,-2147483648,0.00,0.00,N/A,1.58,5.00,209.96,0.32,7.93,0.00,0.02,0.29,0.32,  0%,  0%,0.11,0.05,  0%,  0%,0.57,0.48,  0%,  0%,0.60,0.18,  0%,  0%,0.64,99.36,0.00,100.00,0.00,0.00,0.36,99.64,0.00,100.00,0.00,0.00,0.00,0.00,0.00 ,0.00 ,-nan ,-nan ,0.09,0.08,0.01,0.31,0.02,0.92,0.00,0.03,0.95,0.28,0.0010,0.0193,     0,0,0,2.47,97.53,0.00,N/A,1.47,4.78,209.96,0.31,7.71,0.01,0.18,0.01,1.50,0.00,0.97,0.00,0.00,0.74,0.75,0.0001,0.0003,     0,0,0,0.42,99.58,0.00,N/A,1.28,0.85,209.96,1.50,37.52,0.01,0.15,0.03,1.65,0.02,0.99,0.00,0.00,0.98,0.88,0.0000,0.0007,     0,0,0,1.79,98.21,0.00,N/A,6.19,3.74,209.96,1.65,41.37,0.03,0.74,0.00,0.42,0.00,0.65,0.00,0.00,1.00,0.93,0.0000,0.0013,     0,0,0,0.03,99.97,0.00,N/A,0.02,0.04,209.96,0.42,10.62,0.00,0.00,0.00,0.52,0.00,0.90,0.00,0.00,0.81,0.72,0.0007,0.0055,     0,0,0,0.08,99.92,0.00,N/A,0.08,0.15,209.96,0.52,12.94,0.00,0.01,0.00,0.53,0.00,0.91,0.00,0.00,0.94,0.70,0.0003,0.0059,     0,0,0,0.05,99.95,0.00,N/A,0.05,0.10,209.96,0.53,13.34,0.00,0.01,0.00,0.70,0.00,0.85,0.00,0.00,0.82,0.90,0.0001,0.0009,     0,0,0,0.12,99.88,0.00,N/A,0.15,0.21,209.96,0.70,17.42,0.00,0.02,0.00,0.58,0.00,0.97,0.00,0.00,0.74,0.54,0.0013,0.0069,     0,0,0,0.15,99.85,0.00,N/A,0.18,0.31,209.96,0.58,14.54,0.00,0.02,0.01,0.31,0.02,0.88,0.00,0.03,0.96,0.28,0.0008,0.0206,     0,0,0,2.43,97.57,0.00,N/A,1.38,4.50,209.96,0.31,7.65,0.01,0.16,0.00,0.35,0.00,0.51,0.00,0.00,0.64,0.85,0.0008,0.0027,     0,0,0,0.05,99.95,0.00,N/A,0.02,0.06,209.96,0.35,8.70,0.00,0.00,0.00,0.39,0.00,0.49,0.00,0.00,0.64,0.88,0.0006,0.0023,     0,0,0,0.05,99.95,0.00,N/A,0.02,0.05,209.96,0.39,9.69,0.00,0.00,0.00,0.43,0.00,0.48,0.00,0.00,1.00,0.84,0.0000,0.0031,     0,0,0,0.05,99.95,0.00,N/A,0.02,0.05,209.96,0.43,10.82,0.00,0.00,0.00,0.48,0.00,0.61,0.00,0.00,0.87,0.74,0.0006,0.0050,     0,0,0,0.08,99.92,0.00,N/A,0.05,0.11,209.96,0.48,12.00,0.00,0.01,0.00,0.48,0.00,0.61,0.00,0.00,0.79,0.70,0.0010,0.0058,     0,0,0,0.09,99.91,0.00,N/A,0.05,0.11,209.96,0.48,12.09,0.00,0.01,0.00,0.33,0.00,0.52,0.00,0.00,0.78,0.85,0.0005,0.0028,     0,0,0,0.06,99.94,0.00,N/A,0.02,0.06,209.96,0.33,8.31,0.00,0.00,0.00,0.37,0.00,0.49,0.00,0.00,0.93,0.88,0.0001,0.0021,     0,0,0,0.05,99.95,0.00,N/A,0.02,0.05,209.96,0.37,9.28,0.00,0.00,
2024-03-21,21:06:16.063,0.00,0.78,0.01,0.87,0.00,0.06,0.94,0.55,0.0003,0.0048,0.00,0.00,-2147483648,0.00,0.00,13.40,17.14,210.23,0.78,19.55,0.00,0.10,0.56,0.60,1.47,0.59,99.41,0.00,100.00,0.00,0.00,0.00,0.00,-nan,0.08,0.01,0.98,0.01,0.96,0.00,0.03,0.94,0.65,0.0002,0.0030,     0,0,0,0.00,0.00,-2147483648,0.00,0.00,N/A,11.64,11.88,210.23,0.98,24.49,0.01,0.17,0.00,0.33,0.00,0.71,0.00,0.03,0.95,0.33,0.0009,0.0169,     0,0,0,0.00,0.00,-2147483648,0.00,0.00,N/A,1.76,5.25,210.23,0.33,8.37,0.00,0.03,0.19,0.17,  0%,  0%,0.16,0.04,  0%,  0%,0.39,0.65,  0%,  0%,0.26,0.18,  0%,  0%,0.74,99.26,0.00,100.00,0.00,0.00,0.44,99.56,0.00,100.00,0.00,0.00,0.00,0.00,0.00 ,0.00 ,-nan ,-nan ,0.07,0.08,0.01,0.29,0.03,0.94,0.00,0.03,0.94,0.28,0.0011,0.0190,     0,0,0,2.65,97.35,0.00,N/A,1.51,5.26,210.23,0.29,7.19,0.01,0.18,0.02,1.64,0.01,0.98,0.00,0.00,0.88,0.94,0.0000,0.0003,     0,0,0,1.19,98.81,0.00,N/A,4.01,2.45,210.23,1.64,40.89,0.02,0.48,0.03,1.68,0.02,0.99,0.00,0.00,0.99,0.91,0.0000,0.0005,     0,0,0,1.60,98.40,0.00,N/A,5.59,3.32,210.23,1.68,42.03,0.03,0.67,0.00,0.46,0.00,0.71,0.00,0.00,0.93,0.85,0.0002,0.0033,     0,0,0,0.04,99.96,0.00,N/A,0.03,0.06,210.23,0.46,11.49,0.00,0.00,0.00,0.53,0.00,0.88,0.00,0.00,0.92,0.72,0.0004,0.0057,     0,0,0,0.08,99.92,0.00,N/A,0.08,0.16,210.23,0.53,13.21,0.00,0.01,0.00,0.56,0.00,1.00,0.00,0.00,0.94,0.72,0.0002,0.0054,     0,0,0,0.04,99.96,0.00,N/A,0.05,0.09,210.23,0.56,14.06,0.00,0.01,0.00,0.74,0.00,0.81,0.00,0.00,0.76,0.91,0.0002,0.0009,     0,0,0,0.15,99.85,0.00,N/A,0.18,0.25,210.23,0.74,18.39,0.00,0.02,0.00,0.62,0.00,0.94,0.00,0.00,0.76,0.54,0.0013,0.0073,     0,0,0,0.15,99.85,0.00,N/A,0.18,0.29,210.23,0.62,15.58,0.00,0.02,0.01,0.32,0.02,0.73,0.00,0.03,0.95,0.28,0.0009,0.0186,     0,0,0,3.09,96.91,0.00,N/A,1.54,4.75,210.23,0.32,8.12,0.01,0.18,0.00,0.38,0.00,0.50,0.00,0.00,0.70,0.89,0.0005,0.0020,     0,0,0,0.05,99.95,0.00,N/A,0.02,0.05,210.23,0.38,9.59,0.00,0.00,0.00,0.36,0.00,0.49,0.00,0.00,0.61,0.92,0.0006,0.0016,     0,0,0,0.05,99.95,0.00,N/A,0.02,0.05,210.23,0.36,9.01,0.00,0.00,0.00,0.40,0.00,0.53,0.00,0.00,0.74,0.93,0.0003,0.0014,     0,0,0,0.05,99.95,0.00,N/A,0.02,0.05,210.23,0.40,10.12,0.00,0.00,0.00,0.48,0.00,0.57,0.00,0.00,0.87,0.67,0.0008,0.0069,     0,0,0,0.10,99.90,0.00,N/A,0.06,0.12,210.23,0.48,12.08,0.00,0.01,0.00,0.46,0.00,0.60,0.00,0.00,0.83,0.67,0.0009,0.0061,     0,0,0,0.09,99.91,0.00,N/A,0.05,0.11,210.23,0.46,11.42,0.00,0.01,0.00,0.37,0.00,0.49,0.00,0.00,0.82,0.89,0.0004,0.0021,     0,0,0,0.05,99.95,0.00,N/A,0.02,0.05,210.23,0.37,9.26,0.00,0.00,0.00,0.44,0.00,0.51,0.00,0.00,0.85,0.78,0.0006,0.0048,     0,0,0,0.05,99.95,0.00,N/A,0.02,0.06,210.23,0.44,11.00,0.00,0.00,
2024-03-21,21:06:16.162,0.00,0.75,0.00,0.88,0.00,0.06,0.95,0.53,0.0003,0.0054,0.00,0.00,-2147483648,0.00,0.00,11.65,15.46,209.56,0.75,18.83,0.00,0.09,0.77,0.62,1.50,0.53,99.47,0.00,100.00,0.00,0.00,0.00,0.00,-nan,0.08,0.01,0.97,0.01,0.90,0.00,0.03,0.94,0.63,0.0002,0.0034,     0,0,0,0.00,0.00,-2147483648,0.00,0.00,N/A,10.09,10.41,209.56,0.97,24.23,0.01,0.15,0.00,0.31,0.00,0.84,0.00,0.03,0.96,0.33,0.0008,0.0183,     0,0,0,0.00,0.00,-2147483648,0.00,0.00,N/A,1.56,5.05,209.56,0.31,7.71,0.00,0.02,0.25,0.24,  0%,  0%,0.17,0.11,  0%,  0%,0.45,0.45,  0%,  0%,0.38,0.22,  0%,  0%,0.69,99.31,0.00,100.00,0.00,0.00,0.36,99.64,0.00,100.00,0.00,0.00,0.00,0.00,0.00 ,0.00 ,-nan ,-nan ,0.08,0.08,0.01,0.31,0.02,0.94,0.00,0.03,0.95,0.28,0.0010,0.0194,     0,0,0,2.43,97.57,0.00,N/A,1.47,4.78,209.56,0.31,7.69,0.01,0.18,0.01,1.55,0.00,0.97,0.00,0.00,0.66,0.80,0.0001,0.0002,     0,0,0,0.34,99.66,0.00,N/A,1.06,0.68,209.56,1.55,38.77,0.01,0.13,0.03,1.74,0.02,0.85,0.00,0.00,0.97,0.94,0.0000,0.0004,     0,0,0,2.26,97.74,0.00,N/A,7.02,4.04,209.56,1.74,43.39,0.03,0.84,0.00,0.44,0.00,0.68,0.00,0.00,0.90,0.83,0.0002,0.0036,     0,0,0,0.04,99.96,0.00,N/A,0.02,0.05,209.56,0.44,11.06,0.00,0.00,0.00,0.50,0.00,0.84,0.00,0.00,0.92,0.74,0.0003,0.0052,     0,0,0,0.06,99.94,0.00,N/A,0.05,0.10,209.56,0.50,12.60,0.00,0.01,0.00,0.57,0.00,0.87,0.00,0.00,0.95,0.71,0.0002,0.0059,     0,0,0,0.05,99.95,0.00,N/A,0.06,0.10,209.56,0.57,14.37,0.00,0.01,0.00,0.75,0.00,0.82,0.00,0.00,0.70,0.89,0.0002,0.0011,     0,0,0,0.16,99.84,0.00,N/A,0.21,0.28,209.56,0.75,18.65,0.00,0.02,0.00,0.54,0.00,0.96,0.00,0.00,0.74,0.50,0.0016,0.0083,     0,0,0,0.19,99.81,0.00,N/A,0.20,0.38,209.56,0.54,13.45,0.00,0.02,0.01,0.30,0.02,0.88,0.00,0.03,0.96,0.28,0.0008,0.0205,     0,0,0,2.48,97.52,0.00,N/A,1.36,4.57,209.56,0.30,7.41,0.01,0.16,0.00,0.37,0.00,0.50,0.00,0.00,0.79,0.87,0.0003,0.0024,     0,0,0,0.05,99.95,0.00,N/A,0.02,0.05,209.56,0.37,9.25,0.00,0.00,0.00,0.35,0.00,0.57,0.00,0.00,0.61,0.79,0.0009,0.0042,     0,0,0,0.06,99.94,0.00,N/A,0.02,0.07,209.56,0.35,8.87,0.00,0.00,0.00,0.38,0.00,0.50,0.00,0.00,0.82,0.88,0.0003,0.0022,     0,0,0,0.05,99.95,0.00,N/A,0.02,0.05,209.56,0.38,9.55,0.00,0.00,0.00,0.48,0.00,0.69,0.00,0.00,0.84,0.74,0.0007,0.0049,     0,0,0,0.07,99.93,0.00,N/A,0.05,0.10,209.56,0.48,11.96,0.00,0.01,0.00,0.50,0.00,0.68,0.00,0.00,0.83,0.75,0.0007,0.0046,     0,0,0,0.07,99.93,0.00,N/A,0.05,0.10,209.56,0.50,12.59,0.00,0.01,0.00,0.36,0.00,0.50,0.00,0.00,0.64,0.87,0.0008,0.0026,     0,0,0,0.05,99.95,0.00,N/A,0.02,0.05,209.56,0.36,9.11,0.00,0.00,0.00,0.39,0.00,0.62,0.00,0.00,0.68,0.90,0.0005,0.0018,     0,0,0,0.04,99.96,0.00,N/A,0.02,0.05,209.56,0.39,9.82,0.00,0.00,
2024-03-21,21:06:16.262,0.00,0.71,0.00,0.87,0.00,0.07,0.94,0.51,0.0003,0.0060,0.00,0.00,-2147483648,0.00,0.00,10.85,15.23,210.08,0.71,17.80,0.00,0.08,0.40,0.31,1.63,0.52,99.48,0.00,100.00,0.00,0.00,0.00,0.,99.44,0.00,100.00,0.00,0.00,0.00,0.00,-nan,0.07,0.01,1.09,0.01,0.88,0.00,0.03,0.94,0.67,0.0001,0.0027,     0,0,0,0.00,0.00,-2147483648,0.00,0.00,N/A,11.70,10.70,210.17,1.09,27.33,0.01,0.17,0.00,0.34,0.00,0.73,0.00,0.03,0.95,0.34,0.0009,0.0179,     0,0,0,0.00,0.00,-2147483648,0.00,0.00,N/A,1.66,4.81,210.17,0.34,8.61,0.00,0.02,0.22,0.20,  0%,  0%,0.11,0.04,  0%,  0%,0.40,0.64,  0%,  0%,0.23,0.53,  0%,  0%,0.72,99.28,0.00,100.00,0.00,0.00,0.39,99.61,0.00,100.00,0.00,0.00,0.00,0.00,0.00 ,0.00 ,-nan ,-nan ,0.07,0.07,0.01,0.33,0.02,0.82,0.00,0.03,0.95,0.29,0.0010,0.0196,     0,0,0,2.53,97.47,0.00,N/A,1.43,4.34,210.17,0.33,8.25,0.01,0.17,0.00,1.64,0.00,0.97,0.00,0.00,0.59,0.85,0.0001,0.0002,     0,0,0,0.31,99.69,0.00,N/A,1.03,0.63,210.17,1.64,40.97,0.00,0.12,0.04,1.72,0.02,0.95,0.00,0.00,0.97,0.96,0.0000,0.0003,     0,0,0,2.39,97.61,0.00,N/A,8.20,4.77,210.17,1.72,42.98,0.04,0.97,0.00,1.62,0.00,0.96,0.00,0.00,0.68,0.79,0.0001,0.0003,     0,0,0,0.22,99.78,0.00,N/A,0.72,0.45,210.17,1.62,40.44,0.00,0.09,0.00,0.52,0.00,0.78,0.00,0.00,0.92,0.70,0.0003,0.0059,     0,0,0,0.06,99.94,0.00,N/A,0.05,0.10,210.17,0.52,13.11,0.00,0.01,0.00,0.54,0.00,0.83,0.00,0.00,0.67,0.78,0.0007,0.0038,     0,0,0,0.05,99.95,0.00,N/A,0.04,0.08,210.17,0.54,13.44,0.00,0.01,0.00,0.68,0.00,0.81,0.00,0.00,0.79,0.82,0.0004,0.0022,     0,0,0,0.16,99.84,0.00,N/A,0.19,0.27,210.17,0.68,17.02,0.00,0.02,0.00,0.41,0.00,0.71,0.00,0.00,0.88,0.90,0.0002,0.0019,     0,0,0,0.03,99.97,0.00,N/A,0.02,0.05,210.17,0.41,10.21,0.00,0.00,0.01,0.32,0.02,0.75,0.00,0.03,0.96,0.28,0.0008,0.0212,     0,0,0,2.58,97.42,0.00,N/A,1.31,4.09,210.17,0.32,8.02,0.01,0.16,0.00,0.44,0.00,0.64,0.00,0.00,0.71,0.72,0.0011,0.0053,     0,0,0,0.09,99.91,0.00,N/A,0.05,0.11,210.17,0.44,11.08,0.00,0.01,0.00,0.44,0.00,0.49,0.00,0.00,0.77,0.81,0.0004,0.0038,     0,0,0,0.05,99.95,0.00,N/A,0.02,0.05,210.17,0.44,11.01,0.00,0.00,0.00,0.47,0.00,0.62,0.00,0.00,0.84,0.71,0.0007,0.0056,     0,0,0,0.08,99.92,0.00,N/A,0.05,0.11,210.17,0.47,11.83,0.00,0.01,0.00,0.36,0.00,0.48,0.00,0.00,0.85,0.84,0.0004,0.0032,     0,0,0,0.05,99.95,0.00,N/A,0.02,0.05,210.17,0.36,9.03,0.00,0.00,0.00,0.46,0.00,0.62,0.00,0.00,0.81,0.72,0.0009,0.0053,     0,0,0,0.08,99.92,0.00,N/A,0.05,0.10,210.17,0.46,11.47,0.00,0.01,0.00,0.49,0.00,0.56,0.00,0.00,0.78,0.69,0.0011,0.0057,     0,0,0,0.11,99.89,0.00,N/A,0.06,0.12,210.17,0.49,12.14,0.00,0.01,0.00,0.56,0.00,0.79,0.00,0.00,0.78,0.58,0.0013,0.0069,     0,0,0,0.10,99.90,0.00,N/A,0.09,0.16,210.17,0.56,14.05,0.00,0.01,
2024-03-21,21:06:16.359,0.00,0.71,0.00,0.86,0.00,0.06,0.95,0.52,0.0003,0.0061,0.00,0.00,-2147483648,0.00,0.00,10.16,14.26,209.76,0.71,17.81,0.00,0.08,0.76,0.33,1.49,0.50,99.50,0.00,100.00,0.00,0.00,0.00,0.00,-nan,0.08,0.01,0.89,0.01,0.91,0.00,0.03,0.94,0.61,0.0002,0.0038,     0,0,0,0.00,0.00,-2147483648,0.00,0.00,N/A,8.52,9.59,209.76,0.89,22.21,0.01,0.13,0.00,0.35,0.00,0.76,0.00,0.03,0.95,0.34,0.0008,0.0180,     0,0,0,0.00,0.00,-2147483648,0.00,0.00,N/A,1.64,4.67,209.76,0.35,8.78,0.00,0.02,0.25,0.26,  0%,  0%,0.16,0.08,  0%,  0%,0.46,0.50,  0%,  0%,0.31,0.21,  0%,  0%,0.63,99.37,0.00,100.00,0.00,0.00,0.37,99.63,0.00,100.00,0.00,0.00,0.00,0.00,0.00 ,0.00 ,-nan ,-nan ,0.09,0.08,0.01,0.30,0.02,0.92,0.00,0.03,0.95,0.29,0.0011,0.0194,     0,0,0,2.51,97.49,0.00,N/A,1.47,4.81,209.76,0.30,7.61,0.01,0.17,0.00,1.49,0.00,0.92,0.00,0.00,0.95,0.87,0.0000,0.0003,     0,0,0,0.14,99.86,0.00,N/A,0.40,0.27,209.76,1.49,37.14,0.00,0.05,0.02,1.68,0.01,1.00,0.00,0.00,0.95,0.95,0.0000,0.0003,     0,0,0,1.29,98.71,0.00,N/A,4.51,2.68,209.76,1.68,41.99,0.02,0.54,0.00,0.39,0.00,0.67,0.00,0.00,0.73,0.88,0.0005,0.0022,     0,0,0,0.04,99.96,0.00,N/A,0.02,0.05,209.76,0.39,9.70,0.00,0.00,0.00,0.50,0.00,0.78,0.00,0.00,0.90,0.73,0.0004,0.0051,     0,0,0,0.06,99.94,0.00,N/A,0.05,0.10,209.76,0.50,12.47,0.00,0.01,0.00,0.43,0.00,0.66,0.00,0.00,0.93,0.89,0.0001,0.0019,     0,0,0,0.03,99.97,0.00,N/A,0.02,0.05,209.76,0.43,10.75,0.00,0.00,0.01,1.29,0.01,0.83,0.00,0.00,0.90,0.82,0.0001,0.0012,     0,0,0,0.90,99.10,0.00,N/A,2.03,1.57,209.76,1.29,32.31,0.01,0.24,0.00,0.42,0.00,0.65,0.00,0.00,0.88,0.90,0.0002,0.0019,     0,0,0,0.03,99.97,0.00,N/A,0.02,0.05,209.76,0.42,10.40,0.00,0.00,0.01,0.33,0.02,0.78,0.00,0.03,0.96,0.28,0.0008,0.0213,     0,0,0,2.41,97.59,0.00,N/A,1.29,3.95,209.76,0.33,8.17,0.01,0.15,0.00,0.43,0.00,0.64,0.00,0.00,0.74,0.72,0.0010,0.0052,     0,0,0,0.09,99.91,0.00,N/A,0.05,0.11,209.76,0.43,10.80,0.00,0.01,0.00,0.43,0.00,0.57,0.00,0.00,0.70,0.91,0.0005,0.0019,     0,0,0,0.04,99.96,0.00,N/A,0.02,0.05,209.76,0.43,10.83,0.00,0.00,0.00,0.47,0.00,0.61,0.00,0.00,0.63,0.72,0.0017,0.0055,     0,0,0,0.09,99.91,0.00,N/A,0.05,0.11,209.76,0.47,11.81,0.00,0.01,0.00,0.48,0.00,0.55,0.00,0.00,0.46,0.80,0.0015,0.0038,     0,0,0,0.06,99.94,0.00,N/A,0.04,0.08,209.76,0.48,12.06,0.00,0.00,0.00,0.46,0.00,0.69,0.00,0.00,0.82,0.70,0.0009,0.0054,     0,0,0,0.07,99.93,0.00,N/A,0.05,0.10,209.76,0.46,11.62,0.00,0.01,0.00,0.49,0.00,0.68,0.00,0.00,0.82,0.70,0.0009,0.0059,     0,0,0,0.08,99.92,0.00,N/A,0.05,0.11,209.76,0.49,12.26,0.00,0.01,0.00,0.56,0.00,0.71,0.00,0.00,0.87,0.57,0.0007,0.0069,     0,0,0,0.11,99.89,0.00,N/A,0.09,0.16,209.76,0.56,13.93,0.00,0.01,
2024-03-21,21:06:16.462,0.00,0.79,0.01,0.90,0.01,0.07,0.92,0.62,0.0004,0.0044,0.00,0.00,-2147483648,0.00,0.00,16.24,20.48,214.33,0.79,19.82,0.00,0.12,0.42,0.41,1.61,0.66,99.34,0.00,100.00,0.00,0.00,0.00,0.00,-nan,0.10,0.01,0.86,0.01,0.94,0.00,0.04,0.92,0.63,0.0003,0.0034,     0,0,0,0.00,0.00,-2147483648,0.00,0.00,N/A,11.69,13.56,214.33,0.86,21.55,0.01,0.17,0.00,0.66,0.00,0.83,0.00,0.03,0.91,0.61,0.0006,0.0071,     0,0,0,0.00,0.00,-2147483648,0.00,0.00,N/A,4.56,6.93,214.33,0.66,16.44,0.00,0.07,0.07,0.23,  0%,  0%,0.10,0.03,  0%,  0%,0.39,0.61,  0%,  0%,0.32,0.29,  0%,  0%,0.84,99.16,0.00,100.00,0.00,0.00,0.49,99.51,0.00,100.00,0.00,0.00,0.00,0.00,0.00 ,0.00 ,-nan ,-nan ,0.10,0.09,0.01,0.31,0.02,0.89,0.00,0.03,0.94,0.28,0.0011,0.0195,     0,0,0,2.51,97.49,0.00,N/A,1.46,4.79,214.33,0.31,7.64,0.01,0.17,0.00,1.18,0.00,0.95,0.00,0.00,0.54,0.78,0.0003,0.0009,     0,0,0,0.15,99.85,0.00,N/A,0.37,0.32,214.33,1.18,29.60,0.00,0.04,0.00,0.52,0.00,0.93,0.00,0.00,0.61,0.46,0.0010,0.0060,     0,0,0,0.19,99.81,0.00,N/A,0.20,0.38,214.33,0.52,13.09,0.00,0.02,0.04,1.63,0.02,0.99,0.00,0.01,0.94,0.87,0.0000,0.0007,     0,0,0,2.46,97.54,0.00,N/A,8.60,5.27,214.33,1.63,40.77,0.04,1.00,0.00,0.44,0.00,0.89,0.00,0.00,0.80,0.65,0.0011,0.0070,     0,0,0,0.12,99.88,0.00,N/A,0.10,0.22,214.33,0.44,11.02,0.00,0.01,0.00,0.23,0.01,0.99,0.00,0.00,0.51,0.88,0.0007,0.0016,     0,0,0,0.90,99.10,0.00,N/A,0.44,1.91,214.33,0.23,5.77,0.00,0.05,0.00,0.79,0.00,0.89,0.00,0.00,0.85,0.61,0.0005,0.0034,     0,0,0,0.33,99.67,0.00,N/A,0.49,0.62,214.33,0.79,19.79,0.00,0.06,0.00,0.43,0.00,0.72,0.00,0.00,0.89,0.92,0.0001,0.0015,     0,0,0,0.03,99.97,0.00,N/A,0.02,0.04,214.33,0.43,10.64,0.00,0.00,0.01,0.33,0.02,0.80,0.00,0.03,0.97,0.28,0.0007,0.0214,     0,0,0,2.26,97.74,0.00,N/A,1.28,3.89,214.33,0.33,8.22,0.01,0.15,0.00,0.39,0.00,0.79,0.00,0.00,0.61,0.62,0.0023,0.0071,     0,0,0,0.14,99.86,0.00,N/A,0.09,0.23,214.33,0.39,9.79,0.00,0.01,0.01,1.35,0.01,0.99,0.00,0.00,0.44,0.94,0.0005,0.0008,     0,0,0,0.99,99.01,0.00,N/A,2.83,2.10,214.33,1.35,33.66,0.01,0.33,0.00,0.45,0.00,0.79,0.00,0.00,0.58,0.66,0.0025,0.0066,     0,0,0,0.13,99.87,0.00,N/A,0.10,0.22,214.33,0.45,11.22,0.00,0.01,0.00,0.49,0.00,0.60,0.00,0.00,0.78,0.77,0.0008,0.0042,     0,0,0,0.10,99.90,0.00,N/A,0.07,0.13,214.33,0.49,12.32,0.00,0.01,0.00,0.50,0.00,0.67,0.00,0.00,0.91,0.68,0.0004,0.0062,     0,0,0,0.08,99.92,0.00,N/A,0.05,0.11,214.33,0.50,12.38,0.00,0.01,0.00,0.48,0.00,0.71,0.00,0.00,0.87,0.76,0.0006,0.0050,     0,0,0,0.07,99.93,0.00,N/A,0.05,0.10,214.33,0.48,12.05,0.00,0.01,0.00,0.65,0.00,0.44,0.00,0.00,0.85,0.57,0.0008,0.0065,     0,0,0,0.14,99.86,0.00,N/A,0.09,0.13,214.33,0.65,16.33,0.00,0.01,
2024-03-21,21:06:16.564,0.01,0.89,0.01,0.98,0.01,0.09,0.86,0.67,0.0005,0.0034,0.00,0.00,-2147483648,0.00,0.00,26.18,29.26,212.04,0.89,22.36,0.01,0.19,1.55,0.27,5.86,0.88,99.12,0.00,100.00,0.00,0.00,0.00,0.00,-nan,0.08,0.01,0.96,0.01,0.96,0.00,0.04,0.88,0.61,0.0003,0.0032,     0,0,0,0.00,0.00,-2147483648,0.00,0.00,N/A,12.79,13.28,212.04,0.96,24.06,0.01,0.19,0.01,0.84,0.01,0.99,0.01,0.05,0.84,0.70,0.0005,0.0,0.00,0.00,N/A,9.80,12.05,208.37,0.81,20.33,0.01,0.15,0.32,0.53,  0%,  0%,0.66,0.48,  0%,  0%,1.40,1.58,  1%,  1%,1.41,1.78,  1%,  1%,0.87,99.13,0.00,100.00,0.00,0.00,0.74,99.26,0.00,100.00,0.00,0.00,0.00,0.00,0.00 ,0.00 ,-nan ,-nan ,0.08,0.08,0.01,0.31,0.02,1.00,0.00,0.02,0.91,0.29,0.0016,0.0187,     0,0,0,1.99,98.01,0.00,N/A,1.27,4.12,208.37,0.31,7.69,0.01,0.15,0.01,1.33,0.01,1.00,0.00,0.00,0.66,0.89,0.0002,0.0007,     0,0,0,0.88,99.12,0.00,N/A,2.45,1.85,208.37,1.33,33.15,0.01,0.29,0.01,0.86,0.01,1.00,0.00,0.00,0.18,0.87,0.0012,0.0015,     0,0,0,1.02,98.98,0.00,N/A,1.83,2.12,208.37,0.86,21.56,0.01,0.22,0.03,1.66,0.02,1.00,0.00,0.00,0.91,0.93,0.0000,0.0004,     0,0,0,1.60,98.40,0.00,N/A,5.57,3.35,208.37,1.66,41.59,0.03,0.66,0.00,0.46,0.00,0.88,0.00,0.00,0.64,0.72,0.0015,0.0050,     0,0,0,0.09,99.91,0.00,N/A,0.07,0.16,208.37,0.46,11.42,0.00,0.01,0.00,0.46,0.00,0.93,0.00,0.00,0.51,0.71,0.0018,0.0058,     0,0,0,0.05,99.95,0.00,N/A,0.05,0.11,208.37,0.46,11.59,0.00,0.01,0.01,0.80,0.01,0.99,0.00,0.00,0.71,0.77,0.0005,0.0020,     0,0,0,0.69,99.31,0.00,N/A,1.15,1.44,208.37,0.80,19.94,0.01,0.14,0.00,0.70,0.01,0.99,0.00,0.00,0.55,0.68,0.0011,0.0026,     0,0,0,0.67,99.33,0.00,N/A,0.92,1.30,208.37,0.70,17.60,0.00,0.12,0.01,0.29,0.02,0.94,0.00,0.03,0.96,0.27,0.0009,0.0207,     0,0,0,2.39,97.61,0.00,N/A,1.36,4.69,208.37,0.29,7.23,0.01,0.16,0.00,0.36,0.00,0.88,0.00,0.00,0.30,0.70,0.0029,0.0055,     0,0,0,0.08,99.92,0.00,N/A,0.05,0.14,208.37,0.36,8.97,0.00,0.01,0.00,0.38,0.00,0.86,0.00,0.00,0.73,0.61,0.0017,0.0075,     0,0,0,0.07,99.93,0.00,N/A,0.05,0.13,208.37,0.38,9.53,0.00,0.01,0.04,1.26,0.03,1.00,0.00,0.00,0.65,0.94,0.0001,0.0004,     0,0,0,2.95,97.05,0.00,N/A,7.94,6.28,208.37,1.26,31.60,0.04,0.93,0.00,0.40,0.00,1.00,0.00,0.00,0.68,0.69,0.0016,0.0063,     0,0,0,0.06,99.94,0.00,N/A,0.05,0.12,208.37,0.40,10.03,0.00,0.01,0.00,0.43,0.00,1.00,0.00,0.00,0.61,0.69,0.0017,0.0058,     0,0,0,0.06,99.94,0.00,N/A,0.05,0.12,208.37,0.43,10.63,0.00,0.01,0.00,0.47,0.00,0.74,0.00,0.00,0.71,0.69,0.0016,0.0066,     0,0,0,0.10,99.90,0.00,N/A,0.07,0.15,208.37,0.47,11.70,0.00,0.01,0.00,0.56,0.00,1.00,0.00,0.00,0.34,0.71,0.0019,0.0030,     0,0,0,0.20,99.80,0.00,N/A,0.23,0.42,208.37,0.56,13.99,0.00,0.03,
2024-03-21,21:06:16.663,0.01,0.79,0.01,0.95,0.01,0.07,0.89,0.63,0.0004,0.0041,0.00,0.00,-2147483648,0.00,0.00,17.87,22.54,209.92,0.79,19.82,0.01,0.13,1.06,0.69,2.52,0.71,99.29,0.00,100.00,0.00,0.00,0.00,0.00,-nan,0.08,0.01,0.87,0.01,0.99,0.00,0.04,0.90,0.61,0.0003,0.0034,     0,0,0,0.00,0.00,-2147483648,0.00,0.00,N/A,10.30,11.89,209.92,0.87,21.65,0.01,0.15,0.00,0.71,0.01,0.91,0.00,0.04,0.88,0.65,0.0006,0.0050,     0,0,0,0.00,0.00,-2147483648,0.00,0.00,N/A,7.57,10.65,209.92,0.71,17.77,0.00,0.11,0.08,0.10,  0%,  0%,0.53,0.35,  0%,  0%,0.16,0.44,  0%,  0%,0.97,0.95,  0%,  0%,0.71,99.29,0.00,100.00,0.00,0.00,0.70,99.30,0.00,100.00,0.00,0.00,0.00,0.00,0.00 ,0.00 ,-nan ,-nan ,0.08,0.08,0.01,0.30,0.02,1.00,0.00,0.03,0.94,0.28,0.0012,0.0193,     0,0,0,2.40,97.60,0.00,N/A,1.49,5.03,209.92,0.30,7.38,0.01,0.18,0.00,0.83,0.00,0.96,0.00,0.00,0.87,0.48,0.0005,0.0040,     0,0,0,0.15,99.85,0.00,N/A,0.24,0.29,209.92,0.83,20.76,0.00,0.03,0.01,1.75,0.01,1.00,0.00,0.00,0.72,0.85,0.0001,0.0003,     0,0,0,0.56,99.44,0.00,N/A,2.07,1.18,209.92,1.75,43.74,0.01,0.25,0.00,0.36,0.00,0.83,0.00,0.00,0.75,0.92,0.0002,0.0015,     0,0,0,0.03,99.97,0.00,N/A,0.02,0.05,209.92,0.36,8.94,0.00,0.00,0.00,0.46,0.00,0.91,0.00,0.00,0.68,0.72,0.0014,0.0054,     0,0,0,0.06,99.94,0.00,N/A,0.05,0.11,209.92,0.46,11.55,0.00,0.01,0.00,0.27,0.00,0.98,0.00,0.00,0.45,0.74,0.0020,0.0048,     0,0,0,0.37,99.63,0.00,N/A,0.20,0.77,209.92,0.27,6.65,0.00,0.02,0.00,0.69,0.00,0.86,0.00,0.00,0.66,0.94,0.0002,0.0005,     0,0,0,0.13,99.87,0.00,N/A,0.17,0.24,209.92,0.69,17.22,0.00,0.02,0.03,1.44,0.02,1.00,0.00,0.00,0.75,0.91,0.0001,0.0006,     0,0,0,2.00,98.00,0.00,N/A,6.06,4.21,209.92,1.44,35.95,0.03,0.72,0.01,0.29,0.02,0.89,0.00,0.03,0.95,0.28,0.0010,0.0204,     0,0,0,2.57,97.43,0.00,N/A,1.38,4.79,209.92,0.29,7.20,0.01,0.16,0.00,0.36,0.00,0.60,0.00,0.00,0.79,0.87,0.0004,0.0025,     0,0,0,0.04,99.96,0.00,N/A,0.02,0.05,209.92,0.36,8.88,0.00,0.00,0.00,0.76,0.01,0.91,0.00,0.00,0.62,0.67,0.0010,0.0026,     0,0,0,0.71,99.29,0.00,N/A,1.04,1.36,209.92,0.76,19.06,0.00,0.12,0.00,0.39,0.00,0.57,0.00,0.00,0.94,0.92,0.0001,0.0015,     0,0,0,0.03,99.97,0.00,N/A,0.01,0.03,209.92,0.39,9.69,0.00,0.00,0.00,0.42,0.00,0.48,0.00,0.00,0.53,0.72,0.0023,0.0055,     0,0,0,0.10,99.90,0.00,N/A,0.04,0.10,209.92,0.42,10.42,0.00,0.01,0.00,0.44,0.00,0.47,0.00,0.00,0.61,0.76,0.0016,0.0044,     0,0,0,0.09,99.91,0.00,N/A,0.04,0.09,209.92,0.44,10.98,0.00,0.00,0.01,0.95,0.01,0.98,0.00,0.00,0.62,0.87,0.0006,0.0016,     0,0,0,1.02,98.98,0.00,N/A,1.99,2.11,209.92,0.95,23.63,0.01,0.24,0.01,1.44,0.01,0.98,0.00,0.00,0.82,0.90,0.0002,0.0011,     0,0,0,1.02,98.98,0.00,N/A,3.04,2.11,209.92,1.44,36.12,0.01,0.36,
2024-03-21,21:06:16.763,0.00,0.72,0.01,0.86,0.00,0.07,0.93,0.49,0.0004,0.0058,0.00,0.00,-2147483648,0.00,0.00,12.37,17.12,212.10,0.72,18.05,0.00,0.09,0.69,0.38,1.92,0.59,99.41,0.00,100.00,0.00,0.00,0.00,0.00,-nan,0.07,0.01,0.84,0.01,0.94,0.00,0.04,0.92,0.56,0.0003,0.0043,     0,0,0,0.00,0.00,-2147483648,0.00,0.00,N/A,9.77,11.60,212.10,0.84,21.06,0.01,0.14,0.00,0.47,0.00,0.74,0.00,0.03,0.95,0.35,0.0006,0.0114,     0,0,0,0.00,0.00,-2147483648,0.00,0.00,N/A,2.59,5.53,212.10,0.47,11.74,0.00,0.04,0.19,0.20,  0%,  0%,0.12,0.18,  0%,  0%,0.33,0.27,  0%,  0%,0.65,0.67,  0%,  0%,0.73,99.27,0.00,100.00,0.00,0.00,0.44,99.56,0.00,100.00,0.00,0.00,0.00,0.00,0.00 ,0.00 ,-nan ,-nan ,0.07,0.07,0.01,0.30,0.03,0.91,0.00,0.03,0.95,0.27,0.0010,0.0198,     0,0,0,2.93,97.07,0.00,N/A,1.72,5.67,212.10,0.30,7.59,0.01,0.20,0.01,1.27,0.01,0.99,0.00,0.00,0.47,0.66,0.0003,0.0009,     0,0,0,0.53,99.47,0.00,N/A,1.40,1.10,212.10,1.27,31.64,0.01,0.16,0.00,0.41,0.00,0.70,0.00,0.00,0.93,0.92,0.0001,0.0014,     0,0,0,0.03,99.97,0.00,N/A,0.02,0.05,212.10,0.41,10.24,0.00,0.00,0.00,0.47,0.00,0.90,0.00,0.00,0.80,0.68,0.0011,0.0070,     0,0,0,0.07,99.93,0.00,N/A,0.07,0.14,212.10,0.47,11.70,0.00,0.01,0.00,0.49,0.00,0.81,0.00,0.00,0.84,0.72,0.0008,0.0060,     0,0,0,0.07,99.93,0.00,N/A,0.06,0.11,212.10,0.49,12.29,0.00,0.01,0.00,0.44,0.00,0.77,0.00,0.00,0.86,0.61,0.0010,0.0080,     0,0,0,0.08,99.92,0.00,N/A,0.05,0.12,212.10,0.44,10.96,0.00,0.01,0.00,0.59,0.00,0.84,0.00,0.00,0.55,0.79,0.0009,0.0026,     0,0,0,0.26,99.74,0.00,N/A,0.28,0.47,212.10,0.59,14.86,0.00,0.03,0.03,1.57,0.02,0.99,0.00,0.00,0.86,0.88,0.0001,0.0007,     0,0,0,1.89,98.11,0.00,N/A,6.18,3.93,212.10,1.57,39.31,0.03,0.73,0.01,0.31,0.02,0.74,0.00,0.03,0.96,0.28,0.0009,0.0208,     0,0,0,2.76,97.24,0.00,N/A,1.36,4.32,212.10,0.31,7.86,0.01,0.16,0.00,1.61,0.00,0.90,0.00,0.00,0.34,0.84,0.0001,0.0002,     0,0,0,0.31,99.69,0.00,N/A,0.97,0.60,212.10,1.61,40.28,0.00,0.11,0.00,0.45,0.00,0.69,0.00,0.00,0.58,0.76,0.0016,0.0049,     0,0,0,0.08,99.92,0.00,N/A,0.05,0.11,212.10,0.45,11.37,0.00,0.01,0.00,0.50,0.00,0.72,0.00,0.00,0.87,0.68,0.0007,0.0065,     0,0,0,0.12,99.88,0.00,N/A,0.09,0.18,212.10,0.50,12.57,0.00,0.01,0.00,0.43,0.00,0.64,0.00,0.00,0.75,0.77,0.0009,0.0046,     0,0,0,0.08,99.92,0.00,N/A,0.05,0.11,212.10,0.43,10.74,0.00,0.01,0.00,0.42,0.00,0.65,0.00,0.00,0.71,0.81,0.0009,0.0034,     0,0,0,0.07,99.93,0.00,N/A,0.04,0.10,212.10,0.42,10.44,0.00,0.00,0.00,0.38,0.00,0.50,0.00,0.00,0.75,0.90,0.0004,0.0018,     0,0,0,0.05,99.95,0.00,N/A,0.02,0.05,212.10,0.38,9.50,0.00,0.00,0.00,0.35,0.00,0.50,0.00,0.00,0.62,0.86,0.0008,0.0025,     0,0,0,0.05,99.95,0.00,N/A,0.02,0.06,212.10,0.35,8.84,0.00,0.00,
2024-03-21,21:06:16.863,0.00,0.62,0.00,0.88,0.00,0.06,0.94,0.47,0.0004,0.0075,0.00,0.00,-2147483648,0.00,0.00,8.56,13.83,209.98,0.62,15.48,0.00,0.06,0.55,0.38,1.60,0.47,99.53,0.00,100.00,0.00,0.00,0.00,0.00,-nan,0.08,0.00,0.77,0.01,0.94,0.00,0.03,0.93,0.54,0.0003,0.0050,     0,0,0,0.00,0.00,-2147483648,0.00,0.00,N/A,6.90,8.99,209.98,0.77,19.20,0.00,0.10,0.00,0.34,0.00,0.79,0.00,0.03,0.95,0.34,0.0008,0.0179,     0,0,0,0.00,0.00,-2147483648,0.00,0.00,N/A,1.66,4.84,209.98,0.34,8.57,0.00,0.02,0.08,0.10,  0%,  0%,0.23,0.13,  0%,  0%,0.17,0.25,  0%,  0%,0.62,0.57,  0%,  0%,0.57,99.43,0.00,100.00,0.00,0.00,0.36,99.64,0.00,100.00,0.00,0.00,0.00,0.00,0.00 ,0.00 ,-nan ,-nan ,0,0.,0.08,0.01,0.30,0.02,0.99,0.00,0.03,0.96,0.28,0.0008,0.0203,     0,0,0,2.22,97.78,0.00,N/A,1.36,4.59,209.98,0.30,7.39,0.01,0.16,0.01,1.27,0.00,1.00,0.00,0.00,0.46,0.63,0.0003,0.0009,     0,0,0,0.42,99.58,0.00,N/A,1.11,0.88,209.98,1.27,31.76,0.01,0.13,0.00,0.45,0.00,0.82,0.00,0.00,0.91,0.82,0.0002,0.0039,     0,0,0,0.03,99.97,0.00,N/A,0.02,0.05,209.98,0.45,11.25,0.00,0.00,0.00,0.48,0.00,1.00,0.00,0.00,0.85,0.70,0.0008,0.0064,     0,0,0,0.08,99.92,0.00,N/A,0.08,0.17,209.98,0.48,12.07,0.00,0.01,0.00,0.51,0.00,0.84,0.00,0.00,0.82,0.74,0.0008,0.0054,     0,0,0,0.06,99.94,0.00,N/A,0.06,0.11,209.98,0.51,12.71,0.00,0.01,0.00,0.50,0.00,0.78,0.00,0.00,0.87,0.71,0.0006,0.0055,     0,0,0,0.06,99.94,0.00,N/A,0.05,0.10,209.98,0.50,12.62,0.00,0.01,0.00,0.61,0.00,1.00,0.00,0.00,0.75,0.79,0.0006,0.0030,     0,0,0,0.18,99.82,0.00,N/A,0.23,0.38,209.98,0.61,15.21,0.00,0.03,0.02,1.47,0.01,0.87,0.00,0.00,0.83,0.85,0.0002,0.0010,     0,0,0,1.48,98.52,0.00,N/A,3.99,2.71,209.98,1.47,36.83,0.02,0.48,0.01,0.32,0.02,0.81,0.00,0.03,0.96,0.28,0.0008,0.0211,     0,0,0,2.40,97.60,0.00,N/A,1.32,4.11,209.98,0.32,8.06,0.01,0.16,0.00,0.37,0.00,0.53,0.00,0.00,0.81,0.90,0.0003,0.0018,     0,0,0,0.04,99.96,0.00,N/A,0.02,0.05,209.98,0.37,9.16,0.00,0.00,0.00,0.42,0.00,0.69,0.00,0.00,0.74,0.76,0.0010,0.0044,     0,0,0,0.07,99.93,0.00,N/A,0.04,0.10,209.98,0.42,10.47,0.00,0.00,0.00,0.49,0.00,0.76,0.00,0.00,0.81,0.68,0.0009,0.0061,     0,0,0,0.10,99.90,0.00,N/A,0.08,0.17,209.98,0.49,12.25,0.00,0.01,0.00,0.43,0.00,0.65,0.00,0.00,0.76,0.78,0.0009,0.0041,     0,0,0,0.07,99.93,0.00,N/A,0.04,0.10,209.98,0.43,10.64,0.00,0.00,0.00,0.40,0.00,0.66,0.00,0.00,0.73,0.76,0.0011,0.0044,     0,0,0,0.07,99.93,0.00,N/A,0.04,0.10,209.98,0.40,9.93,0.00,0.00,0.00,0.38,0.00,0.54,0.00,0.00,0.81,0.91,0.0003,0.0016,     0,0,0,0.04,99.96,0.00,N/A,0.02,0.05,209.98,0.38,9.58,0.00,0.00,0.00,0.55,0.00,0.76,0.00,0.00,0.78,0.56,0.0013,0.0072,     0,0,0,0.11,99.89,0.00,N/A,0.10,0.17,209.98,0.55,13.84,0.00,0.01,
2024-03-21,21:06:16.963,0.00,0.73,0.00,0.83,0.00,0.07,0.94,0.52,0.0003,0.0059,0.00,0.00,-2147483648,0.00,0.00,11.13,15.18,209.97,0.73,18.34,0.00,0.08,0.55,0.75,1.52,0.55,99.45,0.00,100.00,0.00,0.00,0.00,0.00,-nan,0.07,0.01,0.92,0.01,0.87,0.00,0.04,0.93,0.60,0.0002,0.0038,     0,0,0,0.00,0.00,-2147483648,0.00,0.00,N/A,9.45,10.28,209.97,0.92,22.99,0.01,0.14,0.00,0.34,0.00,0.75,0.00,0.03,0.96,0.34,0.0008,0.0178,     0,0,0,0.00,0.00,-2147483648,0.00,0.00,N/A,1.68,4.90,209.97,0.34,8.57,0.00,0.02,0.24,0.09,  0%,  0%,0.13,0.10,  0%,  0%,0.15,0.32,  0%,  0%,0.55,0.51,  0%,  0%,0.70,99.30,0.00,100.00,0.00,0.00,0.39,99.61,0.00,100.00,0.00,0.00,0.00,0.00,0.00 ,0.00 ,-nan ,-nan ,0.08,0.07,0.01,0.32,0.02,0.77,0.00,0.03,0.96,0.28,0.0008,0.0210,     0,0,0,2.55,97.45,0.00,N/A,1.32,4.15,209.97,0.32,7.93,0.01,0.16,0.00,1.06,0.00,0.94,0.00,0.00,0.61,0.61,0.0003,0.0014,     0,0,0,0.44,99.56,0.00,N/A,0.91,0.86,209.97,1.06,26.42,0.00,0.11,0.00,0.51,0.00,0.76,0.00,0.00,0.93,0.81,0.0002,0.0040,     0,0,0,0.03,99.97,0.00,N/A,0.02,0.05,209.97,0.51,12.78,0.00,0.00,0.00,0.50,0.00,0.84,0.00,0.00,0.89,0.68,0.0006,0.0065,     0,0,0,0.09,99.91,0.00,N/A,0.08,0.16,209.97,0.50,12.38,0.00,0.01,0.00,0.50,0.00,0.74,0.00,0.00,0.91,0.73,0.0004,0.0056,     0,0,0,0.07,99.93,0.00,N/A,0.06,0.11,209.97,0.50,12.41,0.00,0.01,0.00,0.54,0.00,0.82,0.00,0.00,0.90,0.70,0.0005,0.0060,     0,0,0,0.06,99.94,0.00,N/A,0.05,0.10,209.97,0.54,13.55,0.00,0.01,0.00,0.67,0.00,0.83,0.00,0.00,0.75,0.80,0.0005,0.0027,     0,0,0,0.23,99.77,0.00,N/A,0.27,0.40,209.97,0.67,16.84,0.00,0.03,0.03,1.52,0.02,0.98,0.00,0.01,0.85,0.88,0.0001,0.0008,     0,0,0,2.16,97.84,0.00,N/A,6.75,4.45,209.97,1.52,37.91,0.03,0.80,0.01,0.32,0.02,0.78,0.00,0.03,0.96,0.28,0.0008,0.0207,     0,0,0,2.57,97.43,0.00,N/A,1.37,4.21,209.97,0.32,8.11,0.01,0.16,0.00,0.41,0.00,0.46,0.00,0.00,0.85,0.84,0.0003,0.0034,     0,0,0,0.06,99.94,0.00,N/A,0.02,0.05,209.97,0.41,10.22,0.00,0.00,0.00,0.47,0.00,0.65,0.00,0.00,0.62,0.76,0.0015,0.0046,     0,0,0,0.09,99.91,0.00,N/A,0.06,0.13,209.97,0.47,11.75,0.00,0.01,0.00,0.49,0.00,0.75,0.00,0.00,0.76,0.70,0.0011,0.0060,     0,0,0,0.11,99.89,0.00,N/A,0.08,0.17,209.97,0.49,12.16,0.00,0.01,0.00,0.48,0.00,0.61,0.00,0.00,0.90,0.71,0.0005,0.0061,     0,0,0,0.08,99.92,0.00,N/A,0.05,0.11,209.97,0.48,11.94,0.00,0.01,0.00,0.47,0.00,0.61,0.00,0.00,0.88,0.71,0.0006,0.0056,     0,0,0,0.09,99.91,0.00,N/A,0.05,0.11,209.97,0.47,11.86,0.00,0.01,0.00,0.37,0.00,0.47,0.00,0.00,0.77,0.90,0.0003,0.0017,     0,0,0,0.05,99.95,0.00,N/A,0.02,0.05,209.97,0.37,9.21,0.00,0.00,0.00,0.37,0.00,0.52,0.00,0.00,0.93,0.81,0.0002,0.0039,     0,0,0,0.06,99.94,0.00,N/A,0.02,0.06,209.97,0.37,9.22,0.00,0.00,
2024-03-21,21:06:17.064,0.00,0.74,0.00,0.87,0.00,0.07,0.94,0.52,0.0003,0.0059,0.00,0.00,-2147483648,0.00,0.00,10.94,14.87,210.00,0.74,18.40,0.00,0.08,0.69,0.66,1.72,0.51,99.49,0.00,100.00,0.00,0.00,0.00,0.00,-nan,0.10,0.01,0.92,0.01,0.94,0.00,0.03,0.94,0.61,0.0002,0.0037,     0,0,0,0.00,0.00,-2147483648,0.00,0.00,N/A,9.18,10.03,210.00,0.92,22.88,0.01,0.14,0.00,0.36,0.00,0.75,0.00,0.03,0.95,0.34,0.0008,0.0174,     0,0,0,0.00,0.00,-2147483648,0.00,0.00,N/A,1.76,4.83,210.00,0.36,9.09,0.00,0.03,0.24,0.33,  0%,  0%,0.10,0.03,  0%,  0%,0.69,0.60,  0%,  0%,0.24,0.18,  0%,  0%,0.63,99.37,0.00,100.00,0.00,0.00,0.39,99.61,0.00,100.00,0.00,0.00,0.00,0.00,0.00 ,0.00 ,-nan ,-nan ,0.10,0.10,0.01,0.31,0.02,1.00,0.00,0.03,0.96,0.28,0.0007,0.0205,     0,0,0,2.08,97.92,0.00,N/A,1.34,4.36,210.00,0.31,7.67,0.01,0.16,0.00,0.98,0.00,1.00,0.00,0.00,0.48,0.54,0.0007,0.0019,     0,0,0,0.45,99.55,0.00,N/A,0.92,0.94,210.00,0.98,24.59,0.00,0.11,0.00,0.51,0.00,0.84,0.00,0.00,0.92,0.89,0.0001,0.0021,     0,0,0,0.02,99.98,0.00,N/A,0.02,0.04,210.00,0.51,12.71,0.00,0.00,0.00,0.53,0.00,1.00,0.00,0.00,0.91,0.68,0.0004,0.0062,     0,0,0,0.07,99.93,0.00,N/A,0.08,0.15,210.00,0.53,13.35,0.00,0.01,0.00,0.50,0.00,0.90,0.00,0.00,0.91,0.76,0.0004,0.0051,     0,0,0,0.06,99.94,0.00,N/A,0.06,0.11,210.00,0.50,12.49,0.00,0.01,0.00,0.69,0.00,0.96,0.00,0.00,0.53,0.45,0.0008,0.0038,     0,0,0,0.21,99.79,0.00,N/A,0.30,0.43,210.00,0.69,17.29,0.00,0.04,0.00,0.68,0.00,1.00,0.00,0.00,0.82,0.78,0.0004,0.0027,     0,0,0,0.16,99.84,0.00,N/A,0.23,0.34,210.00,0.68,16.94,0.00,0.03,0.03,1.70,0.02,0.86,0.00,0.00,0.99,0.93,0.0000,0.0004,     0,0,0,2.00,98.00,0.00,N/A,6.24,3.66,210.00,1.70,42.59,0.03,0.74,0.01,0.33,0.02,0.75,0.00,0.03,0.96,0.27,0.0008,0.0215,     0,0,0,2.49,97.51,0.00,N/A,1.30,3.94,210.00,0.33,8.28,0.01,0.16,0.00,0.49,0.00,0.61,0.00,0.00,0.28,0.80,0.0021,0.0040,     0,0,0,0.06,99.94,0.00,N/A,0.04,0.08,210.00,0.49,12.16,0.00,0.00,0.00,0.46,0.00,0.71,0.00,0.00,0.70,0.78,0.0008,0.0043,     0,0,0,0.07,99.93,0.00,N/A,0.05,0.10,210.00,0.46,11.40,0.00,0.01,0.00,0.49,0.00,0.80,0.00,0.00,0.87,0.69,0.0007,0.0059,     0,0,0,0.10,99.90,0.00,N/A,0.08,0.16,210.00,0.49,12.13,0.00,0.01,0.00,0.47,0.00,0.66,0.00,0.00,0.81,0.71,0.0009,0.0054,     0,0,0,0.08,99.92,0.00,N/A,0.05,0.10,210.00,0.47,11.67,0.00,0.01,0.00,0.47,0.00,0.66,0.00,0.00,0.86,0.70,0.0007,0.0056,     0,0,0,0.07,99.93,0.00,N/A,0.05,0.10,210.00,0.47,11.76,0.00,0.01,0.00,0.38,0.00,0.50,0.00,0.00,0.85,0.89,0.0003,0.0022,     0,0,0,0.05,99.95,0.00,N/A,0.02,0.05,210.00,0.38,9.54,0.00,0.00,0.00,0.59,0.00,0.87,0.00,0.00,0.81,0.56,0.0012,0.0070,     0,0,0,0.16,99.84,0.00,N/A,0.18,0.30,210.00,0.59,14.77,0.00,0.02,
2024-03-21,21:06:17.164,0.00,0.80,0.01,0.91,0.00,0.07,0.94,0.54,0.0003,0.0048,0.00,0.00,-2147483648,0.00,0.00,15.00,18.73,211.94,0.80,20.02,0.00,0.11,0.39,0.51,1.53,0.61,99.39,0.00,100.00,0.00,0.00,0.00,0.00,-nan,0.07,0.01,0.98,0.01,1.00,0.00,0.04,0.93,0.65,0.0002,0.0031,     0,0,0,0.00,0.00,-2147483648,0.00,0.00,N/A,11.78,12.07,211.94,0.98,24.39,0.01,0.17,0.00,0.48,0.00,0.78,0.00,0.04,0.94,0.34,0.0006,0.0110,     0,0,0,0.00,0.00,-2147483648,0.00,0.00,N/A,3.22,6.66,211.94,0.48,12.09,0.00,0.05,0.06,0.19,  0%,  0%,0.10,0.04,  0%,  0%,0.38,0.70,  0%,  0%,0.26,0.19,  0%,  0%,0.71,99.29,0.00,100.00,0.00,0.00,0.50,99.50,0.00,100.00,0.00,0.00,0.00,0.00,0.00 ,0.00 ,-nan ,-nan ,0.08,0.07,0.01,0.29,0.02,1.00,0.00,0.03,0.95,0.28,0.0010,0.0194,     0,0,0,2.39,97.61,0.00,N/A,1.45,5.07,211.94,0.29,7.17,0.01,0.17,0.00,1.18,0.00,1.00,0.00,0.00,0.44,0.67,0.0004,0.0011,     0,0,0,0.36,99.64,0.00,N/A,0.89,0.76,211.94,1.10.00,N/,0.00,0.11,0.00,0.41,0.00,0.82,0.00,0.00,0.97,0.89,0.0001,0.0021,     0,0,0,0.03,99.97,0.00,N/A,0.02,0.05,211.94,0.41,10.22,0.00,0.00,0.00,0.50,0.00,1.00,0.00,0.00,0.91,0.69,0.0004,0.0057,     0,0,0,0.07,99.93,0.00,N/A,0.08,0.15,211.94,0.50,12.59,0.00,0.01,0.00,0.50,0.00,1.00,0.00,0.00,0.89,0.72,0.0005,0.0063,     0,0,0,0.06,99.94,0.00,N/A,0.07,0.13,211.94,0.50,12.53,0.00,0.01,0.00,0.48,0.00,0.83,0.00,0.00,0.96,0.90,0.0001,0.0019,     0,0,0,0.02,99.98,0.00,N/A,0.02,0.04,211.94,0.48,12.00,0.00,0.00,0.00,0.63,0.00,1.00,0.00,0.00,0.77,0.80,0.0004,0.0023,     0,0,0,0.16,99.84,0.00,N/A,0.22,0.35,211.94,0.63,15.82,0.00,0.03,0.04,1.63,0.03,1.00,0.00,0.01,0.92,0.90,0.0000,0.0006,     0,0,0,2.63,97.37,0.00,N/A,9.03,5.53,211.94,1.63,40.82,0.04,1.07,0.01,0.31,0.02,0.79,0.00,0.03,0.96,0.27,0.0009,0.0213,     0,0,0,3.00,97.00,0.00,N/A,1.54,5.03,211.94,0.31,7.67,0.01,0.18,0.01,1.40,0.00,0.89,0.00,0.00,0.58,0.63,0.0003,0.0007,     0,0,0,0.51,99.49,0.00,N/A,1.34,0.96,211.94,1.40,34.94,0.01,0.16,0.00,0.52,0.00,0.45,0.00,0.00,0.57,0.76,0.0016,0.0045,     0,0,0,0.10,99.90,0.00,N/A,0.05,0.09,211.94,0.52,12.90,0.00,0.01,0.00,0.49,0.00,0.68,0.00,0.00,0.84,0.73,0.0007,0.0048,     0,0,0,0.10,99.90,0.00,N/A,0.07,0.14,211.94,0.49,12.34,0.00,0.01,0.00,0.40,0.00,0.57,0.00,0.00,0.96,0.91,0.0000,0.0015,     0,0,0,0.04,99.96,0.00,N/A,0.02,0.05,211.94,0.40,9.99,0.00,0.00,0.00,0.37,0.00,0.58,0.00,0.00,0.81,0.90,0.0003,0.0017,     0,0,0,0.04,99.96,0.00,N/A,0.02,0.05,211.94,0.37,9.34,0.00,0.00,0.00,0.57,0.00,0.56,0.00,0.00,0.84,0.70,0.0008,0.0055,     0,0,0,0.12,99.88,0.00,N/A,0.08,0.14,211.94,0.57,14.33,0.00,0.01,0.00,0.49,0.00,0.80,0.00,0.00,0.80,0.56,0.0012,0.0070,     0,0,0,0.11,99.89,0.00,N/A,0.09,0.19,211.94,0.49,12.33,0.00,0.01,
2024-03-21,21:06:17.263,0.00,0.51,0.00,0.86,0.00,0.06,0.94,0.41,0.0006,0.0101,0.00,0.00,-2147483648,0.00,0.00,5.84,11.55,208.19,0.51,12.63,0.00,0.04,0.41,0.40,1.05,0.41,99.59,0.00,100.00,0.00,0.00,0.00,0.00,-nan,0.08,0.00,0.59,0.00,1.00,0.00,0.03,0.94,0.45,0.0005,0.0077,     0,0,0,0.00,0.00,-2147483648,0.00,0.00,N/A,4.27,7.19,208.19,0.59,14.86,0.00,0.06,0.00,0.36,0.00,0.69,0.00,0.03,0.94,0.36,0.0009,0.0165,     0,0,0,0.00,0.00,-2147483648,0.00,0.00,N/A,1.56,4.36,208.19,0.36,8.96,0.00,0.02,0.06,0.08,  0%,  0%,0.16,0.10,  0%,  0%,0.13,0.25,  0%,  0%,0.36,0.30,  0%,  0%,0.43,99.57,0.00,100.00,0.00,0.00,0.38,99.62,0.00,100.00,0.00,0.00,0.00,0.00,0.00 ,0.00 ,-nan ,-nan ,0.08,0.07,0.01,0.30,0.02,1.00,0.00,0.03,0.94,0.28,0.0011,0.0197,     0,0,0,2.35,97.65,0.00,N/A,1.46,4.89,208.19,0.30,7.45,0.01,0.18,0.00,0.42,0.00,1.00,0.00,0.00,0.66,0.75,0.0016,0.0058,     0,0,0,0.03,99.97,0.00,N/A,0.03,0.06,208.19,0.42,10.50,0.00,0.00,0.01,1.51,0.01,1.00,0.00,0.00,0.96,0.81,0.0000,0.0012,     0,0,0,0.78,99.22,0.00,N/A,2.42,1.61,208.19,1.51,37.66,0.01,0.29,0.00,0.46,0.00,1.00,0.00,0.00,0.82,0.77,0.0007,0.0051,     0,0,0,0.03,99.97,0.00,N/A,0.03,0.06,208.19,0.46,11.46,0.00,0.00,0.00,0.56,0.00,1.00,0.00,0.00,0.89,0.68,0.0004,0.0060,     0,0,0,0.06,99.94,0.00,N/A,0.07,0.13,208.19,0.56,14.04,0.00,0.01,0.00,0.34,0.00,0.85,0.00,0.00,1.00,0.92,0.0000,0.0016,     0,0,0,0.03,99.97,0.00,N/A,0.02,0.05,208.19,0.34,8.53,0.00,0.00,0.00,0.71,0.00,1.00,0.00,0.00,0.83,0.89,0.0001,0.0010,     0,0,0,0.11,99.89,0.00,N/A,0.16,0.22,208.19,0.71,17.80,0.00,0.02,0.00,0.55,0.00,1.00,0.00,0.00,0.52,0.57,0.0026,0.0068,     0,0,0,0.08,99.92,0.00,N/A,0.09,0.17,208.19,0.55,13.69,0.00,0.01,0.01,0.33,0.02,0.71,0.00,0.02,0.95,0.29,0.0009,0.0200,     0,0,0,2.44,97.56,0.00,N/A,1.18,3.61,208.19,0.33,8.20,0.01,0.14,0.00,0.49,0.00,0.80,0.00,0.00,0.62,0.68,0.0018,0.0058,     0,0,0,0.11,99.89,0.00,N/A,0.09,0.19,208.19,0.49,12.29,0.00,0.01,0.00,0.46,0.00,0.66,0.00,0.00,0.66,0.79,0.0009,0.0041,     0,0,0,0.08,99.92,0.00,N/A,0.05,0.11,208.19,0.46,11.61,0.00,0.01,0.00,0.37,0.00,0.67,0.00,0.00,0.86,0.77,0.0007,0.0053,     0,0,0,0.05,99.95,0.00,N/A,0.03,0.07,208.19,0.37,9.20,0.00,0.00,0.00,0.44,0.00,0.52,0.00,0.00,0.76,0.85,0.0003,0.0029,     0,0,0,0.05,99.95,0.00,N/A,0.02,0.05,208.19,0.44,11.07,0.00,0.00,0.00,0.39,0.00,0.54,0.00,0.00,0.96,0.93,0.0001,0.0013,     0,0,0,0.05,99.95,0.00,N/A,0.02,0.05,208.19,0.39,9.65,0.00,0.00,0.00,0.53,0.00,0.76,0.00,0.00,0.85,0.69,0.0008,0.0058,     0,0,0,0.09,99.91,0.00,N/A,0.08,0.15,208.19,0.53,13.31,0.00,0.01,0.00,0.67,0.00,0.42,0.00,0.00,0.82,0.56,0.0011,0.0069,     0,0,0,0.15,99.85,0.00,N/A,0.09,0.13,208.19,0.67,16.67,0.00,0.01,
2024-03-21,21:06:17.363,0.00,0.75,0.00,0.87,0.00,0.06,0.94,0.52,0.0003,0.0055,0.00,0.00,-2147483648,0.00,0.00,11.54,15.36,209.77,0.75,18.78,0.00,0.09,0.29,0.21,1.06,0.53,99.47,0.00,100.00,0.00,0.00,0.00,0.00,-nan,0.08,0.01,0.95,0.01,0.93,0.00,0.03,0.94,0.61,0.0002,0.0034,     0,0,0,0.00,0.00,-2147483648,0.00,0.00,N/A,9.80,10.27,209.77,0.95,23.84,0.01,0.15,0.00,0.34,0.00,0.76,0.00,0.03,0.95,0.34,0.0009,0.0174,     0,0,0,0.00,0.00,-2147483648,0.00,0.00,N/A,1.75,5.09,209.77,0.34,8.58,0.00,0.03,0.07,0.10,  0%,  0%,0.09,0.03,  0%,  0%,0.43,0.26,  0%,  0%,0.21,0.16,  0%,  0%,0.66,99.34,0.00,100.00,0.00,0.00,0.40,99.60,0.00,100.00,0.00,0.00,0.00,0.00,0.00 ,0.00 ,-nan ,-nan ,0.08,0.08,0.01,0.31,0.02,0.89,0.00,0.03,0.94,0.28,0.0011,0.0197,     0,0,0,2.53,97.47,0.00,N/A,1.46,4.71,209.77,0.31,7.74,0.01,0.17,0.01,1.48,0.01,0.98,0.00,0.00,0.66,0.67,0.0001,0.0005,     0,0,0,0.63,99.37,0.00,N/A,1.91,1.29,209.77,1.48,37.05,0.01,0.23,0.00,0.45,0.00,0.83,0.00,0.00,0.87,0.88,0.0002,0.0023,     0,0,0,0.02,99.98,0.00,N/A,0.02,0.04,209.77,0.45,11.32,0.00,0.00,0.00,0.51,0.00,0.89,0.00,0.00,0.88,0.67,0.0006,0.0064,     0,0,0,0.08,99.92,0.00,N/A,0.08,0.16,209.77,0.51,12.68,0.00,0.01,0.00,0.44,0.00,0.95,0.00,0.00,0.89,0.85,0.0003,0.0032,     0,0,0,0.03,99.97,0.00,N/A,0.03,0.06,209.77,0.44,11.11,0.00,0.00,0.00,0.47,0.00,0.61,0.00,0.00,0.81,0.88,0.0002,0.0019,     0,0,0,0.04,99.96,0.00,N/A,0.03,0.06,209.77,0.47,11.66,0.00,0.00,0.00,0.62,0.00,0.84,0.00,0.00,0.82,0.79,0.0004,0.0026,     0,0,0,0.21,99.79,0.00,N/A,0.23,0.37,209.77,0.62,15.55,0.00,0.03,0.03,1.68,0.02,1.00,0.00,0.00,0.98,0.94,0.0000,0.0003,     0,0,0,1.71,98.29,0.00,N/A,6.04,3.59,209.77,1.68,42.11,0.03,0.72,0.01,0.32,0.02,0.78,0.00,0.03,0.96,0.27,0.0008,0.0213,     0,0,0,2.54,97.46,0.00,N/A,1.31,4.16,209.77,0.32,7.89,0.01,0.16,0.00,0.45,0.00,0.78,0.00,0.00,0.66,0.65,0.0015,0.0064,     0,0,0,0.14,99.86,0.00,N/A,0.10,0.22,209.77,0.45,11.20,0.00,0.01,0.00,0.47,0.00,0.45,0.00,0.00,0.76,0.79,0.0008,0.0039,     0,0,0,0.09,99.91,0.00,N/A,0.04,0.09,209.77,0.47,11.73,0.00,0.00,0.00,0.47,0.00,0.83,0.00,0.00,0.87,0.68,0.0007,0.0062,     0,0,0,0.09,99.91,0.00,N/A,0.08,0.16,209.77,0.47,11.84,0.00,0.01,0.00,0.37,0.00,0.57,0.00,0.00,0.46,0.92,0.0003,0.0013,     0,0,0,0.05,99.95,0.00,N/A,0.02,0.06,209.77,0.37,9.15,0.00,0.00,0.00,0.40,0.00,0.54,0.00,0.00,0.88,0.80,0.0004,0.0038,     0,0,0,0.05,99.95,0.00,N/A,0.02,0.06,209.77,0.40,10.09,0.00,0.00,0.00,0.46,0.00,0.80,0.00,0.00,0.82,0.69,0.0009,0.0054,     0,0,0,0.10,99.90,0.00,N/A,0.08,0.17,209.77,0.46,11.54,0.00,0.01,0.00,0.54,0.00,0.69,0.00,0.00,0.79,0.56,0.0012,0.0071,     0,0,0,0.12,99.88,0.00,N/A,0.09,0.17,209.77,0.54,13.48,0.00,0.01,
2024-03-21,21:06:17.463,0.00,0.59,0.00,0.90,0.00,0.07,0.93,0.41,0.0005,0.0082,0.00,0.00,-2147483648,0.00,0.00,8.19,13.94,210.23,0.59,14.69,0.00,0.06,0.29,0.22,0.84,0.46,99.54,0.00,100.00,0.00,0.00,0.00,0.00,-nan,0.08,0.00,0.72,0.01,0.99,0.00,0.04,0.92,0.45,0.0004,0.0057,     0,0,0,0.00,0.00,-2147483648,0.00,0.00,N/A,6.41,8.84,210.23,0.72,18.12,0.00,0.10,0.00,0.35,0.00,0.78,0.00,0.03,0.95,0.35,0.0009,0.0173,     0,0,0,0.00,0.00,-2147483648,0.00,0.00,N/A,1.79,5.11,210.23,0.35,8.75,0.00,0.03,0.08,0.08,  0%,  0%,0.09,0.03,  0%,  0%,0.16,0.29,  0%,  0%,0.23,0.16,  0%,  0%,0.53,99.47,0.00,100.00,0.00,0.00,0.39,99.61,0.00,100.00,0.00,0.00,0.00,0.00,0.00 ,0.00 ,-nan ,-nan ,0.08,0.07,0.01,0.31,0.02,1.00,0.00,0.03,0.95,0.27,0.0010,0.0199,     0,0,0,2.23,97.77,0.00,N/A,1.47,4.70,210.23,0.31,7.81,0.01,0.17,0.01,1.41,0.01,1.00,0.00,0.00,0.54,0.60,0.0002,0.0007,     0,0,0,0.81,99.19,0.00,N/A,2.38,1.69,210.23,1.41,35.21,0.01,0.28,0.00,0.47,0.00,0.93,0.00,0.00,0.90,0.82,0.0003,0.0037,     0,0,0,0.03,99.97,0.00,N/A,0.02,0.05,210.23,0.47,11.67,0.00,0.00,0.00,0.56,0.00,0.97,0.00,0.00,0.86,0.66,0.0008,0.0066,     0,0,0,0.13,99.87,0.00,N/A,0.15,0.27,210.23,0.,0.00,N/A,0.09,0.26,209.88,0.36,9.06,0.00,0.01,0.00,0.43,0.00,0.93,0.00,0.00,0.95,0.71,0.0002,0.0054,     0,0,0,0.06,99.94,0.00,N/A,0.05,0.12,209.88,0.43,10.87,0.00,0.01,0.05,1.72,0.03,0.97,0.00,0.00,0.94,0.95,0.0000,0.0003,     0,0,0,3.14,96.86,0.00,N/A,10.97,6.38,209.88,1.72,43.00,0.05,1.31,0.00,0.61,0.00,0.98,0.00,0.00,0.39,0.69,0.0016,0.0029,     0,0,0,0.48,99.52,0.00,N/A,0.60,0.98,209.88,0.61,15.21,0.00,0.07,0.00,0.39,0.00,0.81,0.00,0.00,0.81,0.91,0.0002,0.0015,     0,0,0,0.03,99.97,0.00,N/A,0.02,0.05,209.88,0.39,9.64,0.00,0.00,0.01,0.33,0.02,0.78,0.00,0.03,0.96,0.27,0.0008,0.0214,     0,0,0,2.48,97.52,0.00,N/A,1.32,4.07,209.88,0.33,8.13,0.01,0.16,0.00,0.46,0.00,0.57,0.00,0.00,0.72,0.71,0.0011,0.0058,     0,0,0,0.11,99.89,0.00,N/A,0.06,0.13,209.88,0.46,11.56,0.00,0.01,0.00,0.41,0.00,0.49,0.00,0.00,0.61,0.84,0.0005,0.0034,     0,0,0,0.06,99.94,0.00,N/A,0.02,0.06,209.88,0.41,10.18,0.00,0.00,0.00,0.45,0.00,0.59,0.00,0.00,0.82,0.69,0.0010,0.0063,     0,0,0,0.09,99.91,0.00,N/A,0.05,0.11,209.88,0.45,11.34,0.00,0.01,0.00,0.49,0.00,0.74,0.00,0.00,0.82,0.74,0.0008,0.0052,     0,0,0,0.06,99.94,0.00,N/A,0.05,0.10,209.88,0.49,12.33,0.00,0.01,0.00,0.45,0.00,0.59,0.00,0.00,0.78,0.67,0.0011,0.0057,     0,0,0,0.10,99.90,0.00,N/A,0.06,0.12,209.88,0.45,11.31,0.00,0.01,0.00,0.47,0.00,0.58,0.00,0.00,0.81,0.69,0.0009,0.0055,     0,0,0,0.10,99.90,0.00,N/A,0.06,0.12,209.88,0.47,11.78,0.00,0.01,0.00,0.43,0.00,0.51,0.00,0.00,0.88,0.82,0.0003,0.0035,     0,0,0,0.05,99.95,0.00,N/A,0.02,0.06,209.88,0.43,10.73,0.00,0.00,
2024-03-21,21:06:17.564,0.00,0.86,0.01,0.93,0.00,0.06,0.94,0.61,0.0002,0.0040,0.00,0.00,-2147483648,0.00,0.00,15.79,18.41,209.89,0.86,21.44,0.00,0.12,0.44,0.21,1.24,0.59,99.41,0.00,100.00,0.00,0.00,0.00,0.00,-nan,0.09,0.01,1.05,0.01,1.00,0.00,0.03,0.94,0.72,0.0001,0.0023,     0,0,0,0.00,0.00,-2147483648,0.00,0.00,N/A,14.08,13.47,209.89,1.05,26.14,0.01,0.21,0.00,0.34,0.00,0.78,0.00,0.03,0.95,0.34,0.0009,0.0175,     0,0,0,0.00,0.00,-2147483648,0.00,0.00,N/A,1.71,4.94,209.89,0.34,8.62,0.00,0.03,0.09,0.11,  0%,  0%,0.16,0.08,  0%,  0%,0.18,0.29,  0%,  0%,0.48,0.30,  0%,  0%,0.80,99.20,0.00,100.00,0.00,0.00,0.38,99.62,0.00,100.00,0.00,0.00,0.00,0.00,0.00 ,0.00 ,-nan ,-nan ,0.09,0.08,0.01,0.29,0.02,1.00,0.00,0.03,0.96,0.29,0.0008,0.0201,     0,0,0,2.23,97.77,0.00,N/A,1.35,4.68,209.89,0.29,7.23,0.01,0.16,0.01,1.18,0.00,0.99,0.00,0.00,0.58,0.73,0.0001,0.0005,     0,0,0,0.44,99.56,0.00,N/A,1.08,0.91,209.89,1.18,29.43,0.01,0.13,0.00,1.41,0.00,0.98,0.00,0.00,0.83,0.71,0.0001,0.0007,     0,0,0,0.26,99.74,0.00,N/A,0.77,0.54,209.89,1.41,35.20,0.00,0.09,0.00,0.50,0.00,0.94,0.00,0.00,0.82,0.66,0.0009,0.0065,     0,0,0,0.08,99.92,0.00,N/A,0.08,0.16,209.89,0.50,12.54,0.00,0.01,0.01,0.91,0.01,1.00,0.00,0.00,0.59,0.91,0.0003,0.0011,     0,0,0,0.67,99.33,0.00,N/A,1.28,1.40,209.89,0.91,22.84,0.01,0.15,0.04,1.71,0.03,1.00,0.00,0.00,0.97,0.96,0.0000,0.0003,     0,0,0,2.59,97.41,0.00,N/A,9.30,5.44,209.89,1.71,42.79,0.04,1.11,0.00,0.71,0.00,1.00,0.00,0.00,0.63,0.89,0.0003,0.0010,     0,0,0,0.14,99.86,0.00,N/A,0.20,0.29,209.89,0.71,17.69,0.00,0.02,0.00,0.45,0.00,0.81,0.00,0.00,0.77,0.88,0.0004,0.0020,     0,0,0,0.03,99.97,0.00,N/A,0.02,0.04,209.89,0.45,11.18,0.00,0.00,0.01,0.32,0.02,0.83,0.00,0.03,0.96,0.28,0.0008,0.0208,     0,0,0,2.42,97.58,0.00,N/A,1.36,4.23,209.89,0.32,8.03,0.01,0.16,0.00,0.54,0.00,0.45,0.00,0.00,0.50,0.80,0.0017,0.0039,     0,0,0,0.07,99.93,0.00,N/A,0.04,0.07,209.89,0.54,13.54,0.00,0.00,0.00,0.50,0.00,0.77,0.00,0.00,0.36,0.73,0.0014,0.0032,     0,0,0,0.11,99.89,0.00,N/A,0.09,0.18,209.89,0.50,12.39,0.00,0.01,0.00,0.37,0.00,0.48,0.00,0.00,0.76,0.89,0.0005,0.0020,     0,0,0,0.05,99.95,0.00,N/A,0.02,0.05,209.89,0.37,9.18,0.00,0.00,0.00,0.55,0.00,0.44,0.00,0.00,0.87,0.64,0.0008,0.0065,     0,0,0,0.16,99.84,0.00,N/A,0.08,0.15,209.89,0.55,13.66,0.00,0.01,0.00,0.47,0.00,0.65,0.00,0.00,0.84,0.72,0.0008,0.0053,     0,0,0,0.08,99.92,0.00,N/A,0.05,0.11,209.89,0.47,11.65,0.00,0.01,0.00,0.48,0.00,0.66,0.00,0.00,0.87,0.72,0.0006,0.0052,     0,0,0,0.08,99.92,0.00,N/A,0.05,0.11,209.89,0.48,11.99,0.00,0.01,0.00,0.38,0.00,0.54,0.00,0.00,0.62,0.92,0.0004,0.0015,     0,0,0,0.05,99.95,0.00,N/A,0.02,0.05,209.89,0.38,9.58,0.00,0.00,
2024-03-21,21:06:17.664,0.00,0.53,0.00,0.89,0.00,0.06,0.94,0.44,0.0005,0.0086,0.00,0.00,-2147483648,0.00,0.00,7.43,14.04,211.85,0.53,13.23,0.00,0.05,0.30,0.51,0.94,0.46,99.54,0.00,100.00,0.00,0.00,0.00,0.00,-nan,0.09,0.00,0.63,0.01,0.99,0.00,0.03,0.92,0.53,0.0004,0.0056,     0,0,0,0.00,0.00,-2147483648,0.00,0.00,N/A,5.61,8.95,211.85,0.63,15.67,0.00,0.08,0.00,0.36,0.00,0.76,0.00,0.03,0.96,0.33,0.0008,0.0182,     0,0,0,0.00,0.00,-2147483648,0.00,0.00,N/A,1.82,5.09,211.85,0.36,8.94,0.00,0.03,0.06,0.09,  0%,  0%,0.11,0.04,  0%,  0%,0.18,0.30,  0%,  0%,0.25,0.20,  0%,  0%,0.53,99.47,0.00,100.00,0.00,0.00,0.40,99.60,0.00,100.00,0.00,0.00,0.00,0.00,0.00 ,0.00 ,-nan ,-nan ,0.08,0.09,0.01,0.28,0.02,1.00,0.00,0.03,0.95,0.29,0.0009,0.0197,     0,0,0,2.34,97.66,0.00,N/A,1.39,4.96,211.85,0.28,7.02,0.01,0.16,0.00,0.43,0.00,0.98,0.00,0.00,0.59,0.73,0.0012,0.0042,     0,0,0,0.07,99.93,0.00,N/A,0.06,0.15,211.85,0.43,10.75,0.00,0.01,0.01,1.45,0.00,0.98,0.00,0.00,0.61,0.67,0.0001,0.0005,     0,0,0,0.44,99.56,0.00,N/A,1.31,0.90,211.85,1.45,36.33,0.01,0.15,0.00,0.48,0.00,0.97,0.00,0.00,0.83,0.73,0.0006,0.0050,     0,0,0,0.05,99.95,0.00,N/A,0.05,0.11,211.85,0.48,12.09,0.00,0.01,0.00,0.48,0.00,1.00,0.00,0.00,0.86,0.71,0.0007,0.0055,     0,0,0,0.05,99.95,0.00,N/A,0.05,0.11,211.85,0.48,12.05,0.00,0.01,0.01,1.66,0.01,1.00,0.00,0.00,0.95,0.96,0.0000,0.0002,     0,0,0,0.68,99.32,0.00,N/A,2.36,1.42,211.85,1.66,41.48,0.01,0.28,0.00,0.29,0.01,1.00,0.00,0.00,0.47,0.76,0.0020,0.0043,     0,0,0,0.60,99.40,0.00,N/A,0.36,1.26,211.85,0.29,7.23,0.00,0.04,0.00,0.48,0.00,0.68,0.00,0.00,0.86,0.76,0.0004,0.0054,     0,0,0,0.04,99.96,0.00,N/A,0.03,0.06,211.85,0.48,12.09,0.00,0.00,0.01,0.34,0.02,0.80,0.00,0.03,0.96,0.27,0.0008,0.0209,     0,0,0,2.59,97.41,0.00,N/A,1.50,4.40,211.85,0.34,8.54,0.01,0.18,0.00,0.48,0.00,0.57,0.00,0.00,0.73,0.69,0.0010,0.0056,     0,0,0,0.13,99.87,0.00,N/A,0.07,0.15,211.85,0.48,12.08,0.00,0.01,0.00,0.36,0.00,0.49,0.00,0.00,0.59,0.89,0.0006,0.0022,     0,0,0,0.05,99.95,0.00,N/A,0.02,0.06,211.85,0.36,8.89,0.00,0.00,0.00,0.53,0.00,0.55,0.00,0.00,0.88,0.66,0.0006,0.0066,     0,0,0,0.13,99.87,0.00,N/A,0.08,0.15,211.85,0.53,13.19,0.00,0.01,0.00,0.40,0.00,0.47,0.00,0.00,0.67,0.80,0.0011,0.0038,     0,0,0,0.06,99.94,0.00,N/A,0.02,0.06,211.85,0.40,10.06,0.00,0.00,0.00,0.45,0.00,0.64,0.00,0.00,0.85,0.71,0.0007,0.0054,     0,0,0,0.08,99.92,0.00,N/A,0.05,0.11,211.85,0.45,11.25,0.00,0.01,0.00,0.47,0.00,0.65,0.00,0.00,0.88,0.72,0.0006,0.0054,     0,0,0,0.08,99.92,0.00,N/A,0.05,0.10,211.85,0.47,11.87,0.00,0.01,0.00,0.40,0.00,0.58,0.00,0.00,0.44,0.90,0.0007,0.0017,     0,0,0,0.04,99.96,0.00,N/A,0.02,0.05,211.85,0.40,9.93,0.00,0.00,
2024-03-21,21:06:17.764,0.00,0.78,0.01,0.87,0.00,0.06,0.93,0.55,0.0003,0.0047,0.00,0.00,-2147483648,0.00,0.00,13.72,17.55,210.26,0.78,19.54,0.00,0.10,0.80,0.83,1.18,0.60,99.40,0.00,100.00,0.00,0.00,0.00,0.00,-nan,0.08,0.01,0.97,0.01,0.91,0.00,0.03,0.91,0.65,0.0003,0.0028,     0,0,0,0.00,0.00,-2147483648,0.00,0.00,N/A,12.05,12.45,210.26,0.97,24.20,0.01,0.18,0.00,0.33,0.00,0.77,0.00,0.03,0.95,0.34,0.0009,0.0179,     0,0,0,0.00,0.00,-2147483648,0.00,0.00,N/A,1.67,5.10,210.26,0.33,8.17,0.00,0.02,0.31,0.33,  0%,  0%,0.12,0.04,  0%,  0%,0.39,0.27,  0%,  0%,0.30,0.22,  0%,  0%,0.81,99.19,0.00,100.00,0.00,0.00,0.39,99.61,0.00,100.00,0.00,0.00,0.00,0.00,0.00 ,0.00 ,-nan ,-nan ,0.08,0.08,0.01,0.28,0.02,0.87,0.00,0.03,0.95,0.29,0.0009,0.0199,     0,0,0,2.68,97.32,0.00,N/A,1.38,4.88,210.26,0.28,7.07,0.01,0.16,0.01,1.41,0.00,0.98,0.00,0.00,0.50,0.70,0.0002,0.0005,     0,0,0,0.46,99.54,0.00,N/A,1.33,0.94,210.26,1.41,35.19,0.01,0.16,0.00,0.89,0.00,0.98,0.00,0.00,0.67,0.63,0.0005,0.0025,     0,0,0,0.17,99.83,0.00,N/A,0.31,0.35,210.26,0.89,22.23,0.00,0.04,0.00,0.52,0.00,0.85,0.00,0.00,0.82,0.73,0.0007,0.0052,     0,0,0,0.05,99.95,0.00,N/A,0.05,0.10,210.26,0.52,12.92,0.00,0.01,0.00,0.49,0.00,0.92,0.00,0.00,0.91,0.73,0.0004,0.0052,     0,0,0,0.05,99.95,0.00,N/A,0.05,0.10,210.26,0.49,12.16,0.00,0.01,0.03,1.69,0.02,0.92,0.00,0.00,0.92,0.95,0.0000,0.0003,     0,0,0,2.15,97.85,0.00,1.66,41.59,0.03,0.74,0.00,0.46,0.00,1.00,0.00,0.00,0.50,0.71,0.0018,0.0042,     0,0,0,0.28,99.72,0.00,N/A,0.27,0.58,210.00,0.46,11.46,0.00,0.03,0.00,0.55,0.00,0.96,0.00,0.00,0.65,0.59,0.0017,0.0071,     0,0,0,0.10,99.90,0.00,N/A,0.11,0.20,210.00,0.55,13.86,0.00,0.01,0.01,0.31,0.02,0.88,0.00,0.03,0.96,0.28,0.0009,0.0205,     0,0,0,2.42,97.58,0.00,N/A,1.38,4.48,210.00,0.31,7.73,0.01,0.16,0.00,0.47,0.00,0.42,0.00,0.00,0.69,0.68,0.0014,0.0060,     0,0,0,0.12,99.88,0.00,N/A,0.05,0.10,210.00,0.47,11.66,0.00,0.01,0.00,0.53,0.00,0.43,0.00,0.00,0.71,0.74,0.0009,0.0049,     0,0,0,0.11,99.89,0.00,N/A,0.05,0.10,210.00,0.53,13.31,0.00,0.01,0.00,0.50,0.00,0.65,0.00,0.00,0.89,0.70,0.0005,0.0050,     0,0,0,0.09,99.91,0.00,N/A,0.06,0.12,210.00,0.50,12.59,0.00,0.01,0.00,0.48,0.00,0.41,0.00,0.00,0.82,0.72,0.0009,0.0053,     0,0,0,0.12,99.88,0.00,N/A,0.05,0.10,210.00,0.48,12.00,0.00,0.01,0.00,0.50,0.00,0.41,0.00,0.00,0.85,0.68,0.0008,0.0060,     0,0,0,0.12,99.88,0.00,N/A,0.05,0.10,210.00,0.50,12.53,0.00,0.01,0.00,0.46,0.00,0.43,0.00,0.00,0.79,0.75,0.0008,0.0044,     0,0,0,0.10,99.90,0.00,N/A,0.04,0.09,210.00,0.46,11.49,0.00,0.00,0.00,0.32,0.00,0.54,0.00,0.00,0.82,0.88,0.0004,0.0022,     0,0,0,0.05,99.95,0.00,N/A,0.02,0.06,210.00,0.32,8.06,0.00,0.00,
2024-03-21,21:06:17.864,0.00,0.65,0.00,0.90,0.00,0.07,0.94,0.48,0.0004,0.0068,0.00,0.00,-2147483648,0.00,0.00,9.78,15.01,210.45,0.65,16.30,0.00,0.07,0.40,0.41,1.40,0.50,99.50,0.00,100.00,0.00,0.00,0.00,0.00,-nan,0.09,0.00,0.83,0.01,0.99,0.00,0.04,0.93,0.56,0.0003,0.0044,     0,0,0,0.00,0.00,-2147483648,0.00,0.00,N/A,7.89,9.49,210.45,0.83,20.79,0.00,0.12,0.00,0.34,0.00,0.78,0.00,0.03,0.94,0.35,0.0009,0.0166,     0,0,0,0.00,0.00,-2147483648,0.00,0.00,N/A,1.90,5.53,210.45,0.34,8.58,0.00,0.03,0.10,0.12,  0%,  0%,0.09,0.09,  0%,  0%,0.24,0.24,  0%,  0%,0.42,0.50,  0%,  0%,0.57,99.43,0.00,100.00,0.00,0.00,0.42,99.58,0.00,100.00,0.00,0.00,0.00,0.00,0.00 ,0.00 ,-nan ,-nan ,0.09,0.08,0.01,0.31,0.02,1.00,0.00,0.03,0.95,0.27,0.0010,0.0198,     0,0,0,2.26,97.74,0.00,N/A,1.47,4.75,210.45,0.31,7.72,0.01,0.17,0.01,1.28,0.01,0.99,0.00,0.00,0.59,0.64,0.0002,0.0009,     0,0,0,0.55,99.45,0.00,N/A,1.48,1.16,210.45,1.28,32.07,0.01,0.18,0.00,0.47,0.00,0.85,0.00,0.00,0.79,0.82,0.0004,0.0037,     0,0,0,0.03,99.97,0.00,N/A,0.02,0.05,210.45,0.47,11.86,0.00,0.00,0.00,0.55,0.00,0.96,0.00,0.00,0.89,0.67,0.0006,0.0069,     0,0,0,0.08,99.92,0.00,N/A,0.09,0.16,210.45,0.55,13.76,0.00,0.01,0.00,0.54,0.00,0.88,0.00,0.00,0.81,0.71,0.0008,0.0059,     0,0,0,0.08,99.92,0.00,N/A,0.08,0.15,210.45,0.54,13.51,0.00,0.01,0.02,1.65,0.01,1.00,0.00,0.00,0.97,0.92,0.0000,0.0005,     0,0,0,1.27,98.73,0.00,N/A,4.39,2.66,210.45,1.65,41.23,0.02,0.52,0.00,0.67,0.00,0.98,0.00,0.00,0.76,0.78,0.0005,0.0028,     0,0,0,0.19,99.81,0.00,N/A,0.26,0.39,210.45,0.67,16.73,0.00,0.03,0.00,0.58,0.00,0.90,0.00,0.00,0.63,0.59,0.0017,0.0062,     0,0,0,0.09,99.91,0.00,N/A,0.10,0.17,210.45,0.58,14.55,0.00,0.01,0.01,0.31,0.02,0.79,0.00,0.03,0.96,0.28,0.0009,0.0205,     0,0,0,2.71,97.29,0.00,N/A,1.39,4.54,210.45,0.31,7.66,0.01,0.17,0.00,0.46,0.00,0.71,0.00,0.00,0.61,0.73,0.0017,0.0049,     0,0,0,0.07,99.93,0.00,N/A,0.05,0.11,210.45,0.46,11.39,0.00,0.01,0.00,0.47,0.00,0.59,0.00,0.00,0.56,0.76,0.0018,0.0048,     0,0,0,0.09,99.91,0.00,N/A,0.05,0.12,210.45,0.47,11.82,0.00,0.01,0.00,0.48,0.00,0.73,0.00,0.00,0.84,0.68,0.0008,0.0063,     0,0,0,0.12,99.88,0.00,N/A,0.09,0.18,210.45,0.48,11.99,0.00,0.01,0.00,0.47,0.00,0.68,0.00,0.00,0.85,0.74,0.0006,0.0050,     0,0,0,0.07,99.93,0.00,N/A,0.05,0.11,210.45,0.47,11.72,0.00,0.01,0.00,0.44,0.00,0.71,0.00,0.00,0.86,0.72,0.0007,0.0049,     0,0,0,0.07,99.93,0.00,N/A,0.05,0.11,210.45,0.44,11.06,0.00,0.01,0.00,0.50,0.00,0.68,0.00,0.00,0.84,0.71,0.0007,0.0055,     0,0,0,0.07,99.93,0.00,N/A,0.05,0.10,210.45,0.50,12.47,0.00,0.01,0.00,0.63,0.00,0.77,0.00,0.00,0.82,0.54,0.0011,0.0072,     0,0,0,0.16,99.84,0.00,N/A,0.17,0.26,210.45,0.63,15.76,0.00,0.02,
2024-03-21,21:06:17.963,0.00,0.69,0.00,0.85,0.00,0.06,0.94,0.49,0.0004,0.0064,0.00,0.00,-2147483648,0.00,0.00,10.14,14.66,209.54,0.69,17.29,0.00,0.08,0.27,0.24,0.82,0.51,99.49,0.00,100.00,0.00,0.00,0.00,0.00,-nan,0.09,0.01,0.87,0.01,0.94,0.00,0.03,0.93,0.57,0.0003,0.0041,     0,0,0,0.00,0.00,-2147483648,0.00,0.00,N/A,8.41,9.69,209.54,0.87,21.70,0.01,0.13,0.00,0.35,0.00,0.72,0.00,0.03,0.95,0.34,0.0008,0.0176,     0,0,0,0.00,0.00,-2147483648,0.00,0.00,N/A,1.73,4.97,209.54,0.35,8.70,0.00,0.03,0.07,0.07,  0%,  0%,0.10,0.03,  0%,  0%,0.12,0.34,  0%,  0%,0.21,0.15,  0%,  0%,0.61,99.39,0.00,100.00,0.00,0.00,0.41,99.59,0.00,100.00,0.00,0.00,0.00,0.00,0.00 ,0.00 ,-nan ,-nan ,0.09,0.08,0.01,0.30,0.02,0.93,0.00,0.03,0.95,0.27,0.0010,0.0194,     0,0,0,2.52,97.48,0.00,N/A,1.49,4.89,209.54,0.30,7.60,0.01,0.18,0.01,1.42,0.00,0.98,0.00,0.00,0.63,0.67,0.0002,0.0007,     0,0,0,0.51,99.49,0.00,N/A,1.48,1.04,209.54,1.42,35.61,0.01,0.18,0.00,0.44,0.00,0.74,0.00,0.00,0.90,0.91,0.0001,0.0016,     0,0,0,0.03,99.97,0.00,N/A,0.02,0.05,209.54,0.44,10.91,0.00,0.00,0.00,0.55,0.00,0.79,0.00,0.00,0.90,0.72,0.0005,0.0065,     0,0,0,0.07,99.93,0.00,N/A,0.06,0.11,209.54,0.55,13.82,0.00,0.01,0.00,0.52,0.00,0.79,0.00,0.00,0.89,0.74,0.0005,0.0053,     0,0,0,0.06,99.94,0.00,N/A,0.06,0.11,209.54,0.52,12.97,0.00,0.01,0.02,1.66,0.01,1.00,0.00,0.00,0.94,0.91,0.0000,0.0005,     0,0,0,1.45,98.55,0.00,N/A,4.99,3.01,209.54,1.66,41.39,0.02,0.60,0.00,0.69,0.00,0.82,0.00,0.00,0.79,0.81,0.0004,0.0024,     0,0,0,0.18,99.82,0.00,N/A,0.21,0.31,209.54,0.69,17.33,0.00,0.03,0.00,0.60,0.00,0.88,0.00,0.00,0.71,0.61,0.0014,0.0061,     0,0,0,0.09,99.91,0.00,N/A,0.10,0.17,209.54,0.60,14.88,0.00,0.01,0.01,0.32,0.02,0.74,0.00,0.03,0.96,0.27,0.0008,0.0211,     0,0,0,2.72,97.28,0.00,N/A,1.34,4.20,209.54,0.32,7.99,0.01,0.16,0.00,0.45,0.00,0.71,0.00,0.00,0.60,0.72,0.0018,0.0051,     0,0,0,0.07,99.93,0.00,N/A,0.05,0.11,209.54,0.45,11.27,0.00,0.01,0.00,0.51,0.00,0.60,0.00,0.00,0.80,0.75,0.0007,0.0045,     0,0,0,0.10,99.90,0.00,N/A,0.06,0.12,209.54,0.51,12.70,0.00,0.01,0.00,0.49,0.00,0.74,0.00,0.00,0.87,0.74,0.0006,0.0050,     0,0,0,0.06,99.94,0.00,N/A,0.05,0.10,209.54,0.49,12.20,0.00,0.01,0.00,0.48,0.00,0.63,0.00,0.00,0.81,0.74,0.0008,0.0049,     0,0,0,0.08,99.92,0.00,N/A,0.05,0.10,209.54,0.48,11.88,0.00,0.01,0.00,0.46,0.00,0.62,0.00,0.00,0.85,0.71,0.0007,0.0053,     0,0,0,0.08,99.92,0.00,N/A,0.05,0.11,209.54,0.46,11.58,0.00,0.01,0.00,0.48,0.00,0.69,0.00,0.00,0.86,0.73,0.0007,0.0050,     0,0,0,0.07,99.93,0.00,N/A,0.05,0.10,209.54,0.48,12.12,0.00,0.01,0.00,0.62,0.00,0.58,0.00,0.00,0.91,0.58,0.0005,0.0077,     0,0,0,0.11,99.89,0.00,N/A,0.08,0.13,209.54,0.62,15.43,0.00,0.01,
2024-03-21,21:06:18.064,0.00,0.68,0.00,0.90,0.00,0.07,0.93,0.50,0.0004,0.0065,0.00,0.00,-2147483648,0.00,0.00,10.26,15.16,210.56,0.68,16.91,0.00,0.08,0.68,0.48,1.12,0.50,99.50,0.00,100.00,0.00,0.00,0.00,0.00,-nan,0.08,0.00,0.84,0.01,0.96,0.00,0.04,0.92,0.58,0.0003,0.0042,     0,0,0,0.00,0.00,-2147483648,0.00,0.00,N/A,8.42,10.03,210.56,0.84,20.98,0.00,0.12,0.00,0.36,0.00,0.81,0.00,0.03,0.95,0.35,0.0008,0.0169,     0,0,0,0.00,0.00,-2147483648,0.00,0.00,N/A,1.84,5.14,210.56,0.36,8.95,0.00,0.03,0.30,0.23,  0%,  0%,0.11,0.04,  0%,  0%,0.40,0.22,  0%,  0%,0.28,0.22,  0%,  0%,0.62,99.38,0.00,100.00,0.00,0.00,0.38,99.62,0.00,100.00,0.00,0.00,0.00,0.00,0.00 ,0.00 ,-nan ,-nan ,0.09,0.07,0.01,0.30,0.02,1.00,0.00,0.03,0.95,0.27,0.0011,0.0196,     0,0,0,2.32,97.68,0.00,N/A,1.47,4.88,210.56,0.30,7.54,0.01,0.17,0.00,0.91,0.00,0.97,0.00,0.00,0.64,0.58,0.0006,0.0026,     0,0,0,0.29,99.71,0.00,N/A,0.54,0.60,210.56,0.91,22.65,0.00,0.06,0.01,1.59,0.00,0.90,0.00,0.00,0.47,0.75,0.0002,0.0003,     0,0,0,0.39,99.61,0.00,N/A,1.18,0.74,210.56,1.59,39.83,0.01,0.14,0.00,0.53,0.00,0.93,0.00,0.00,0.90,0.66,0.0005,0.0067,     0,0,0,0.11,99.89,0.00,N/A,0.11,0.22,210.56,0.53,13.24,0.00,0.01,0.00,1.16,0.00,0.49,0.00,0.00,0.87,0.89,0.0001,0.0011,     0,0,0,0.25,99.75,0.00,N/A,0.30,0.26,210.56,1.16,29.12,0.00,0.04,0.02,1.69,0.01,1.00,0.00,0.00,0.91,0.95,0.0000,0.0003,     0,0,0,1.22,98.78,0.00,N/A,4.31,2.55,210.56,1.69,42.20,0.02,0.51,0.00,0.67,0.00,0.93,0.00,0.00,0.77,0.76,0.0006,0.0032,     0,0,0,0.31,99.69,0.00,N/A,0.40,0.60,210.56,0.67,16.66,0.00,0.05,0.00,0.55,0.00,0.86,0.00,0.00,0.67,0.56,0.0017,0.0067,     0,0,0,0.09,99.91,0.00     0,0,0,0.0,210.56,0.55,13.74,0.00,0.01,0.01,0.32,0.02,0.85,0.00,0.03,0.96,0.27,0.0007,0.0212,     0,0,0,2.32,97.68,0.00,N/A,1.33,4.15,210.56,0.32,7.99,0.01,0.16,0.00,0.44,0.00,0.61,0.00,0.00,0.65,0.71,0.0016,0.0053,     0,0,0,0.09,99.91,0.00,N/A,0.05,0.11,210.56,0.44,10.93,0.00,0.01,0.00,0.48,0.00,0.74,0.00,0.00,0.79,0.73,0.0008,0.0053,     0,0,0,0.06,99.94,0.00,N/A,0.05,0.10,210.56,0.48,12.08,0.00,0.01,0.00,0.51,0.00,0.57,0.00,0.00,0.81,0.69,0.0010,0.0058,     0,0,0,0.17,99.83,0.00,N/A,0.10,0.20,210.56,0.51,12.67,0.00,0.01,0.00,0.51,0.00,0.65,0.00,0.00,0.88,0.76,0.0005,0.0048,     0,0,0,0.07,99.93,0.00,N/A,0.05,0.10,210.56,0.51,12.64,0.00,0.01,0.00,0.48,0.00,0.65,0.00,0.00,0.88,0.72,0.0006,0.0053,     0,0,0,0.07,99.93,0.00,N/A,0.05,0.10,210.56,0.48,12.06,0.00,0.01,0.00,0.47,0.00,0.58,0.00,0.00,0.84,0.70,0.0008,0.0055,     0,0,0,0.09,99.91,0.00,N/A,0.05,0.11,210.56,0.47,11.82,0.00,0.01,0.00,0.61,0.00,0.83,0.00,0.00,0.78,0.53,0.0014,0.0071,     0,0,0,0.15,99.85,0.00,N/A,0.16,0.26,210.56,0.61,15.34,0.00,0.02,
2024-03-21,21:06:18.164,0.00,0.79,0.00,0.84,0.00,0.07,0.94,0.50,0.0003,0.0055,0.00,0.00,-2147483648,0.00,0.00,12.40,15.78,209.65,0.79,19.64,0.00,0.09,0.48,0.90,1.40,0.56,99.44,0.00,100.00,0.00,0.00,0.00,0.00,-nan,0.08,0.01,0.93,0.01,0.95,0.00,0.04,0.94,0.59,0.0002,0.0040,     0,0,0,0.00,0.00,-2147483648,0.00,0.00,N/A,9.40,10.07,209.65,0.93,23.34,0.01,0.14,0.00,0.53,0.00,0.69,0.00,0.03,0.94,0.35,0.0006,0.0103,     0,0,0,0.00,0.00,-2147483648,0.00,0.00,N/A,3.00,5.71,209.65,0.53,13.13,0.00,0.04,0.15,0.19,  0%,  0%,0.09,0.03,  0%,  0%,0.38,0.60,  0%,  0%,0.24,0.19,  0%,  0%,0.63,99.37,0.00,100.00,0.00,0.00,0.49,99.51,0.00,100.00,0.00,0.00,0.00,0.00,0.00 ,0.00 ,-nan ,-nan ,0.09,0.08,0.01,0.32,0.02,0.94,0.00,0.03,0.95,0.27,0.0010,0.0201,     0,0,0,2.25,97.75,0.00,N/A,1.43,4.42,209.65,0.32,8.08,0.01,0.17,0.00,1.15,0.00,0.96,0.00,0.00,0.61,0.66,0.0004,0.0016,     0,0,0,0.29,99.71,0.00,N/A,0.68,0.59,209.65,1.15,28.82,0.00,0.08,0.00,0.41,0.00,0.60,0.00,0.00,0.79,0.82,0.0004,0.0038,     0,0,0,0.04,99.96,0.00,N/A,0.02,0.06,209.65,0.41,10.24,0.00,0.00,0.00,0.53,0.00,0.87,0.00,0.00,0.92,0.66,0.0004,0.0070,     0,0,0,0.09,99.91,0.00,N/A,0.09,0.16,209.65,0.53,13.25,0.00,0.01,0.00,0.49,0.00,0.86,0.00,0.00,0.84,0.70,0.0008,0.0061,     0,0,0,0.06,99.94,0.00,N/A,0.06,0.11,209.65,0.49,12.21,0.00,0.01,0.03,1.66,0.02,1.00,0.00,0.00,0.97,0.87,0.0000,0.0007,     0,0,0,1.94,98.06,0.00,N/A,6.74,4.07,209.65,1.66,41.41,0.03,0.80,0.00,0.67,0.00,0.84,0.00,0.00,0.76,0.76,0.0005,0.0028,     0,0,0,0.20,99.80,0.00,N/A,0.23,0.35,209.65,0.67,16.66,0.00,0.03,0.00,0.51,0.00,0.94,0.00,0.00,0.69,0.58,0.0017,0.0069,     0,0,0,0.16,99.84,0.00,N/A,0.16,0.32,209.65,0.51,12.73,0.00,0.02,0.01,0.33,0.02,0.74,0.00,0.03,0.96,0.27,0.0008,0.0212,     0,0,0,2.63,97.37,0.00,N/A,1.33,4.08,209.65,0.33,8.13,0.01,0.16,0.01,1.51,0.00,0.57,0.00,0.00,0.55,0.65,0.0002,0.0005,     0,0,0,0.72,99.28,0.00,N/A,1.30,0.86,209.65,1.51,37.81,0.01,0.15,0.00,0.50,0.00,0.63,0.00,0.00,0.72,0.75,0.0008,0.0050,     0,0,0,0.08,99.92,0.00,N/A,0.06,0.11,209.65,0.50,12.58,0.00,0.01,0.00,0.52,0.00,0.59,0.00,0.00,0.81,0.70,0.0009,0.0055,     0,0,0,0.12,99.88,0.00,N/A,0.08,0.15,209.65,0.52,13.04,0.00,0.01,0.00,0.43,0.00,0.60,0.00,0.00,0.71,0.73,0.0012,0.0049,     0,0,0,0.09,99.91,0.00,N/A,0.05,0.12,209.65,0.43,10.73,0.00,0.01,0.00,0.44,0.00,0.60,0.00,0.00,0.85,0.72,0.0006,0.0049,     0,0,0,0.09,99.91,0.00,N/A,0.05,0.12,209.65,0.44,10.88,0.00,0.01,0.00,0.47,0.00,0.65,0.00,0.00,0.85,0.73,0.0007,0.0052,     0,0,0,0.08,99.92,0.00,N/A,0.05,0.10,209.65,0.47,11.80,0.00,0.01,0.00,0.53,0.00,0.72,0.00,0.00,0.77,0.55,0.0014,0.0071,     0,0,0,0.12,99.88,0.00,N/A,0.09,0.17,209.65,0.53,13.26,0.00,0.01,
2024-03-21,21:06:18.264,0.00,0.70,0.00,0.86,0.00,0.07,0.94,0.49,0.0004,0.0066,0.00,0.00,-2147483648,0.00,0.00,9.97,14.29,209.93,0.70,17.44,0.00,0.07,0.81,0.73,1.65,0.49,99.51,0.00,100.00,0.00,0.00,0.00,0.00,-nan,0.10,0.00,0.87,0.01,0.94,0.00,0.04,0.93,0.57,0.0003,0.0043,     0,0,0,0.00,0.00,-2147483648,0.00,0.00,N/A,8.24,9.52,209.93,0.87,21.64,0.00,0.12,0.00,0.36,0.00,0.73,0.00,0.03,0.95,0.34,0.0008,0.0176,     0,0,0,0.00,0.00,-2147483648,0.00,0.00,N/A,1.73,4.77,209.93,0.36,9.07,0.00,0.03,0.32,0.37,  0%,  0%,0.10,0.03,  0%,  0%,0.73,0.52,  0%,  0%,0.23,0.17,  0%,  0%,0.60,99.40,0.00,100.00,0.00,0.00,0.39,99.61,0.00,100.00,0.00,0.00,0.00,0.00,0.00 ,0.00 ,-nan ,-nan ,0.10,0.10,0.01,0.32,0.02,0.93,0.00,0.03,0.95,0.27,0.0011,0.0202,     0,0,0,2.29,97.71,0.00,N/A,1.44,4.46,209.93,0.32,8.06,0.01,0.17,0.01,1.19,0.01,0.98,0.00,0.00,0.58,0.63,0.0003,0.0009,     0,0,0,0.64,99.36,0.00,N/A,1.58,1.32,209.93,1.19,29.85,0.01,0.19,0.00,0.54,0.00,0.69,0.00,0.00,0.98,0.77,0.0001,0.0050,     0,0,0,0.04,99.96,0.00,N/A,0.03,0.05,209.93,0.54,13.62,0.00,0.00,0.00,0.49,0.00,0.87,0.00,0.00,0.91,0.66,0.0005,0.0067,     0,0,0,0.09,99.91,0.00,N/A,0.09,0.17,209.93,0.49,12.33,0.00,0.01,0.00,0.49,0.00,0.90,0.00,0.00,0.94,0.74,0.0002,0.0052,     0,0,0,0.06,99.94,0.00,N/A,0.06,0.11,209.93,0.49,12.31,0.00,0.01,0.02,1.67,0.01,0.99,0.00,0.00,0.94,0.93,0.0000,0.0005,     0,0,0,1.36,98.64,0.00,N/A,4.71,2.82,209.93,1.67,41.67,0.02,0.56,0.00,0.62,0.00,0.80,0.00,0.00,0.81,0.79,0.0004,0.0026,     0,0,0,0.21,99.79,0.00,N/A,0.22,0.36,209.93,0.62,15.61,0.00,0.03,0.00,0.56,0.00,0.91,0.00,0.00,0.71,0.55,0.0015,0.0071,     0,0,0,0.11,99.89,0.00,N/A,0.12,0.21,209.93,0.56,13.95,0.00,0.01,0.01,0.34,0.02,0.74,0.00,0.03,0.96,0.27,0.0008,0.0215,     0,0,0,2.52,97.48,0.00,N/A,1.31,3.89,209.93,0.34,8.43,0.01,0.16,0.00,0.45,0.00,0.67,0.00,0.00,0.64,0.72,0.0015,0.0051,     0,0,0,0.08,99.92,0.00,N/A,0.05,0.11,209.93,0.45,11.23,0.00,0.01,0.00,0.40,0.00,0.78,0.00,0.00,0.61,0.73,0.0016,0.0052,     0,0,0,0.07,99.93,0.00,N/A,0.05,0.12,209.93,0.40,10.00,0.00,0.01,0.00,0.48,0.00,0.87,0.00,0.00,0.74,0.69,0.0013,0.0057,     0,0,0,0.09,99.91,0.00,N/A,0.08,0.17,209.93,0.48,12.05,0.00,0.01,0.00,0.50,0.00,0.59,0.00,0.00,0.88,0.72,0.0006,0.0054,     0,0,0,0.09,99.91,0.00,N/A,0.05,0.11,209.93,0.50,12.43,0.00,0.01,0.00,0.48,0.00,0.58,0.00,0.00,0.89,0.69,0.0005,0.0059,     0,0,0,0.09,99.91,0.00,N/A,0.05,0.11,209.93,0.48,12.11,0.00,0.01,0.00,0.43,0.00,0.64,0.00,0.00,0.80,0.80,0.0006,0.0036,     0,0,0,0.07,99.93,0.00,N/A,0.04,0.10,209.93,0.43,10.83,0.00,0.01,0.00,0.55,0.00,0.72,0.00,0.00,0.76,0.57,0.0013,0.0067,     0,0,0,0.11,99.89,0.00,N/A,0.09,0.17,209.93,0.55,13.74,0.00,0.01,
2024-03-21,21:06:18.364,0.00,0.78,0.00,0.83,0.00,0.07,0.94,0.51,0.0003,0.0054,0.00,0.00,-2147483648,0.00,0.00,12.82,16.48,209.84,0.78,19.44,0.00,0.10,0.42,0.46,1.68,0.59,99.41,0.00,100.00,0.00,0.00,0.00,0.00,-nan,0.08,0.01,0.97,0.01,0.88,0.00,0.04,0.93,0.60,0.0002,0.0034,     0,0,0,0.00,0.00,-2147483648,0.00,0.00,N/A,10.98,11.31,209.84,0.97,24.29,0.01,0.16,0.00,0.35,0.00,0.76,0.00,0.03,0.95,0.34,0.0008,0.0172,     0,0,0,0.00,0.00,-2147483648,0.00,0.00,N/A,1.83,5.17,209.84,0.35,8.85,0.00,0.03,0.18,0.12,  0%,  0%,0.10,0.03,  0%,  0%,0.23,0.73,  0%,  0%,0.22,0.51,  0%,  0%,0.77,99.23,0.00,100.00,0.00,0.00,0.41,99.59,0.00,100.00,0.00,0.00,0.00,0.00,0.00 ,0.00 ,-nan ,-nan ,0.08,0.08,0.01,0.31,0.02,0.83,0.00,0.03,0.94,0.27,0.0011,0.0196,     0,0,0,2.72,97.28,0.00,N/A,1.48,4.76,209.84,0.31,7.78,0.01,0.18,0.00,1.16,0.00,0.93,0.00,0.00,0.54,0.72,0.0003,0.0011,     0,0,0,0.20,99.80,0.00,N/A,0.45,0.39,209.84,1.16,29.10,0.00,0.05,0.01,1.51,0.00,0.97,0.00,0.00,0.65,0.72,0.0001,0.0003,     0,0,0,0.41,99.59,0.00,N/A,1.27,0.84,209.84,1.51,37.86,0.01,0.15,0.00,0.42,0.00,0.86,0.00,0.00,0.62,0.63,0.0017,0.0071,     0,0,0,0.09,99.91,0.00,N/A,0.07,0.16,209.84,0.42,10.40,0.00,0.01,0.00,0.50,0.00,0.90,0.00,0.00,0.93,0.74,0.0003,0.0053,     0,0,0,0.06,99.94,0.00,N/A,0.05,0.11,209.84,0.50,12.62,0.00,0.01,0.03,1.65,0.02,0.90,0.00,0.01,0.97,0.88,0.0000,0.0007,     0,0,0,2.29,97.71,0.00,N/A,7.21,4.36,209.84,1.65,41.33,0.03,0.86,0.00,0.69,0.00,0.87,0.00,0.00,0.66,0.81,0.0007,0.0024,     0,0,0,0.27,99.73,0.00,N/A,0.34,0.50,209.84,0.69,17.18,0.00,0.04,0.00,0.56,0.00,0.92,0.00,0.00,0.68,0.60,0.0017,0.0067,     0,0,0,0.10,99.90,0.00,N/A,0.11,0.19,209.84,0.56,13.98,0.00,0.01,0.01,0.32,0.02,0.79,0.00,0.03,0.96,0.27,0.0008,0.0211,     0,0,0,2.56,97.44,0.00,N/A,1.34,4.24,209.84,0.32,7.93,0.01,0.16,0.00,0.39,0.00,0.46,0.00,0.00,0.73,0.89,0.0005,0.0020,     0,0,0,0.05,,0.0057,   N/A,0.02,0.05,209.84,0.39,9.64,0.00,0.00,0.00,0.52,0.00,0.67,0.00,0.00,0.80,0.73,0.0007,0.0050,     0,0,0,0.09,99.91,0.00,N/A,0.06,0.12,209.84,0.52,12.96,0.00,0.01,0.00,0.45,0.00,0.77,0.00,0.00,0.76,0.67,0.0011,0.0060,     0,0,0,0.08,99.92,0.00,N/A,0.06,0.13,209.84,0.45,11.18,0.00,0.01,0.00,0.51,0.00,0.76,0.00,0.00,0.83,0.68,0.0009,0.0057,     0,0,0,0.10,99.90,0.00,N/A,0.08,0.15,209.84,0.51,12.79,0.00,0.01,0.00,0.47,0.00,0.76,0.00,0.00,0.85,0.63,0.0009,0.0067,     0,0,0,0.10,99.90,0.00,N/A,0.08,0.17,209.84,0.47,11.83,0.00,0.01,0.00,0.42,0.00,0.47,0.00,0.00,0.82,0.81,0.0004,0.0040,     0,0,0,0.06,99.94,0.00,N/A,0.02,0.06,209.84,0.42,10.44,0.00,0.00,0.00,0.65,0.00,0.56,0.00,0.00,0.82,0.50,0.0012,0.0075,     0,0,0,0.22,99.78,0.00,N/A,0.16,0.25,209.84,0.65,16.18,0.00,0.02,
2024-03-21,21:06:18.464,0.00,0.70,0.00,0.88,0.00,0.07,0.94,0.52,0.0003,0.0059,0.00,0.00,-2147483648,0.00,0.00,11.15,16.03,210.13,0.70,17.38,0.00,0.08,0.46,0.45,1.06,0.54,99.46,0.00,100.00,0.00,0.00,0.00,0.00,-nan,0.09,0.01,0.88,0.01,0.91,0.00,0.04,0.93,0.61,0.0002,0.0038,     0,0,0,0.00,0.00,-2147483648,0.00,0.00,N/A,9.43,10.72,210.13,0.88,21.99,0.01,0.14,0.00,0.32,0.00,0.83,0.00,0.03,0.95,0.34,0.0008,0.0175,     0,0,0,0.00,0.00,-2147483648,0.00,0.00,N/A,1.72,5.31,210.13,0.32,8.09,0.00,0.03,0.20,0.13,  0%,  0%,0.10,0.03,  0%,  0%,0.23,0.44,  0%,  0%,0.23,0.15,  0%,  0%,0.70,99.30,0.00,100.00,0.00,0.00,0.38,99.62,0.00,100.00,0.00,0.00,0.00,0.00,0.00 ,0.00 ,-nan ,-nan ,0.10,0.09,0.01,0.31,0.02,1.00,0.00,0.03,0.94,0.27,0.0011,0.0193,     0,0,0,2.37,97.63,0.00,N/A,1.54,4.99,210.13,0.31,7.72,0.01,0.18,0.00,0.67,0.00,0.99,0.00,0.00,0.65,0.70,0.0003,0.0012,     0,0,0,0.39,99.61,0.00,N/A,0.54,0.82,210.13,0.67,16.70,0.00,0.06,0.00,0.37,0.00,0.63,0.00,0.00,0.80,0.83,0.0004,0.0035,     0,0,0,0.05,99.95,0.00,N/A,0.03,0.07,210.13,0.37,9.28,0.00,0.00,0.00,0.57,0.00,0.94,0.00,0.00,0.91,0.71,0.0004,0.0055,     0,0,0,0.09,99.91,0.00,N/A,0.10,0.18,210.13,0.57,14.25,0.00,0.01,0.00,0.47,0.00,0.76,0.00,0.00,0.95,0.83,0.0002,0.0035,     0,0,0,0.03,99.97,0.00,N/A,0.03,0.05,210.13,0.47,11.78,0.00,0.00,0.03,1.68,0.02,0.81,0.00,0.00,0.96,0.91,0.0000,0.0006,     0,0,0,2.38,97.62,0.00,N/A,6.83,4.06,210.13,1.68,42.12,0.03,0.81,0.00,0.66,0.00,0.87,0.00,0.00,0.77,0.80,0.0005,0.0025,     0,0,0,0.22,99.78,0.00,N/A,0.27,0.40,210.13,0.66,16.50,0.00,0.03,0.00,0.58,0.00,0.91,0.00,0.00,0.67,0.57,0.0017,0.0066,     0,0,0,0.08,99.92,0.00,N/A,0.09,0.16,210.13,0.58,14.40,0.00,0.01,0.01,0.30,0.02,0.87,0.00,0.03,0.96,0.27,0.0008,0.0208,     0,0,0,2.47,97.53,0.00,N/A,1.34,4.53,210.13,0.30,7.39,0.01,0.16,0.00,0.36,0.00,0.44,0.00,0.00,0.76,0.89,0.0004,0.0019,     0,0,0,0.06,99.94,0.00,N/A,0.02,0.05,210.13,0.36,9.11,0.00,0.00,0.00,0.49,0.00,0.62,0.00,0.00,0.77,0.72,0.0007,0.0055,     0,0,0,0.09,99.91,0.00,N/A,0.06,0.11,210.13,0.49,12.17,0.00,0.01,0.00,0.53,0.00,0.73,0.00,0.00,0.85,0.69,0.0007,0.0057,     0,0,0,0.10,99.90,0.00,N/A,0.08,0.15,210.13,0.53,13.18,0.00,0.01,0.00,0.48,0.00,0.69,0.00,0.00,0.83,0.71,0.0009,0.0057,     0,0,0,0.08,99.92,0.00,N/A,0.06,0.12,210.13,0.48,12.02,0.00,0.01,0.00,0.46,0.00,0.69,0.00,0.00,0.87,0.66,0.0008,0.0063,     0,0,0,0.08,99.92,0.00,N/A,0.06,0.12,210.13,0.46,11.38,0.00,0.01,0.00,0.36,0.00,0.44,0.00,0.00,0.78,0.91,0.0003,0.0016,     0,0,0,0.06,99.94,0.00,N/A,0.02,0.05,210.13,0.36,9.03,0.00,0.00,0.00,0.54,0.00,0.76,0.00,0.00,0.78,0.56,0.0014,0.0070,     0,0,0,0.10,99.90,0.00,N/A,0.09,0.17,210.13,0.54,13.62,0.00,0.01,
2024-03-21,21:06:18.565,0.00,0.69,0.01,0.82,0.00,0.07,0.93,0.48,0.0004,0.0062,0.00,0.00,-2147483648,0.00,0.00,11.69,17.04,212.47,0.69,17.16,0.00,0.09,0.66,0.43,1.56,0.61,99.39,0.00,100.00,0.00,0.00,0.00,0.00,-nan,0.07,0.01,0.87,0.01,0.86,0.00,0.04,0.91,0.57,0.0003,0.0039,     0,0,0,0.00,0.00,-2147483648,0.00,0.00,N/A,9.78,11.20,212.47,0.87,21.84,0.01,0.14,0.00,0.33,0.00,0.75,0.00,0.03,0.95,0.32,0.0008,0.0181,     0,0,0,0.00,0.00,-2147483648,0.00,0.00,N/A,1.91,5.84,212.47,0.33,8.18,0.00,0.03,0.19,0.27,  0%,  0%,0.13,0.07,  0%,  0%,0.53,0.35,  0%,  0%,0.42,0.27,  0%,  0%,0.77,99.23,0.00,100.00,0.00,0.00,0.46,99.54,0.00,100.00,0.00,0.00,0.00,0.00,0.00 ,0.00 ,-nan ,-nan ,0.07,0.07,0.01,0.32,0.02,0.86,0.00,0.03,0.93,0.27,0.0013,0.0192,     0,0,0,2.70,97.30,0.00,N/A,1.59,4.92,212.47,0.32,8.07,0.01,0.19,0.01,1.42,0.01,0.97,0.00,0.00,0.62,0.67,0.0002,0.0007,     0,0,0,0.72,99.28,0.00,N/A,2.10,1.48,212.47,1.42,35.45,0.01,0.25,0.00,0.49,0.00,0.69,0.00,0.00,0.92,0.78,0.0002,0.0049,     0,0,0,0.04,99.96,0.00,N/A,0.03,0.05,212.47,0.49,12.37,0.00,0.00,0.00,0.54,0.00,0.81,0.00,0.00,0.92,0.66,0.0004,0.0061,     0,0,0,0.08,99.92,0.00,N/A,0.08,0.14,212.47,0.54,13.53,0.00,0.01,0.00,0.49,0.00,0.87,0.00,0.00,0.88,0.72,0.0005,0.0055,     0,0,0,0.07,99.93,0.00,N/A,0.07,0.13,212.47,0.49,12.35,0.00,0.01,0.03,1.64,0.02,0.80,0.00,0.00,0.96,0.89,0.0000,0.0006,     0,0,0,1.94,98.06,0.00,N/A,5.42,3.31,212.47,1.64,40.98,0.03,0.64,0.00,0.46,0.00,0.90,0.00,0.00,0.63,0.79,0.0009,0.0029,     0,0,0,0.35,99.65,0.00,N/A,0.30,0.67,212.47,0.46,11.39,0.00,0.04,0.00,0.40,0.00,0.98,0.00,0.00,0.56,0.66,0.0014,0.0044,     0,0,0,0.23,99.77,0.00,N/A,0.20,0.49,212.47,0.40,10.03,0.00,0.02,0.01,0.31,0.02,0.78,0.00,0.03,0.96,0.27,0.0008,0.0210,     0,0,0,3.06,96.94,0.00,N/A,1.56,5.10,212.47,0.31,7.65,0.01,0.18,0.00,0.34,0.00,0.48,0.00,0.00,0.70,0.91,0.0004,0.0016,     0,0,0,0.06,99.94,0.00,N/A,0.02,0.06,212.47,0.34,8.60,0.00,0.00,0.00,0.45,0.00,0.59,0.00,0.00,0.73,0.74,0.0009,0.0048,     0,0,0,0.09,99.91,0.00,N/A,0.05,0.12,212.47,0.45,11.21,0.00,0.01,0.00,0.52,0.00,0.42,0.00,0.00,0.81,0.66,0.0009,0.0058,     0,0,0,0.16,99.84,0.00,N/A,0.07,0.14,212.47,0.52,13.07,0.00,0.01,0.00,0.48,0.00,0.67,0.00,0.00,0.82,0.70,0.0008,0.0058,     0,0,0,0.08,99.92,0.00,N/A,0.05,0.11,212.47,0.48,12.10,0.00,0.01,0.00,0.47,0.00,0.69,0.00,0.00,0.85,0.71,0.0008,0.0055,     0,0,0,0.07,99.93,0.00,N/A,0.05,0.10,212.47,0.47,11.69,0.00,0.01,0.00,0.36,0.00,0.48,0.00,0.00,0.83,0.91,0.0002,0.0017,     0,0,0,0.06,99.94,0.00,N/A,0.02,0.06,212.47,0.36,8.98,0.00,0.00,0.00,0.53,0.00,0.74,0.00,0.00,0.86,0.58,0.0008,0.0065,     0,0,0,0.10,99.90,0.00,N/A,0.09,0.16,212.47,0.53,13.37,0.00,0.01,
2024-03-21,21:06:18.666,0.01,0.75,0.01,0.95,0.01,0.07,0.90,0.59,0.0004,0.0042,0.00,0.00,-2147483648,0.00,0.00,17.28,23.06,211.46,0.75,18.74,0.01,0.13,0.52,0.08,3.32,0.72,99.28,0.00,100.00,0.00,0.00,0.00,0.00,-nan,0.08,0.01,0.88,0.01,0.97,0.01,0.04,0.87,0.69,0.0003,0.0026,     0,0,0,0.00,0.00,-2147483648,0.00,0.00,N/A,15.01,16.99,211.46,0.88,22.08,0.01,0.22,0.00,0.37,0.00,0.88,0.00,0.03,0.93,0.34,0.0010,0.0149,     0,0,0,0.00,0.00,-2147483648,0.00,0.00,N/A,2.27,6.06,211.46,0.37,9.37,0.00,0.03,0.05,0.21,  0%,  0%,0.22,0.04,  0%,  0%,0.50,2.28,  0%,  2%,0.26,0.27,  0%,  0%,1.03,98.97,0.00,100.00,0.00,0.00,0.41,99.59,0.00,100.00,0.00,0.00,0.00,0.00,0.00 ,0.00 ,-nan ,-nan ,0.08,0.08,0.01,0.31,0.02,1.00,0.00,0.03,0.92,0.27,0.0014,0.0189,     0,0,0,2.44,97.56,0.00,N/A,1.59,5.17,211.46,0.31,7.71,0.01,0.19,0.01,1.39,0.00,1.00,0.00,0.00,0.46,0.69,0.0002,0.0005,     0,0,0,0.44,99.56,0.00,N/A,1.30,0.94,211.46,1.39,34.80,0.01,0.15,0.00,0.35,0.00,0.67,0.00,0.00,0.94,0.89,0.0001,0.0021,     0,0,0,0.04,99.96,0.00,N/A,0.02,0.05,211.46,0.35,8.86,0.00,0.00,0.01,1.05,0.01,1.00,0.00,0.00,0.47,0.91,0.0002,0.0005,     0,0,0,0.99,99.01,0.00,N/A,2.20,2.10,211.46,1.05,26.25,0.01,0.26,0.00,0.55,0.01,0.99,0.00,0.00,0.46,0.83,0.0011,0.0021,     0,0,0,0.83,99.17,0.00,N/A,0.96,1.76,211.46,0.55,13.70,0.00,0.11,0.04,1.70,0.02,0.92,0.00,0.00,0.97,0.93,0.0000,0.0004,     0,0,0,2.42,97.58,0.00,N/A,7.94,4.67,211.46,1.70,42.56,0.04,0.94,0.00,0.50,0.00,0.97,0.00,0.00,0.39,0.73,0.0018,0.0032,     0,0,0,0.26,99.74,0.00,N/A,0.27,0.54,211.46,0.50,12.60,0.00,0.03,0.00,0.40,0.01,0.99,0.00,0.00,0.53,0.88,0.0007,0.0017,     0,0,0,0.85,99.15,0.00,N/A,0.71,1.77,211.46,0.40,9.97,0.00,0.08,0.01,0.34,0.02,0.93,0.00,0.03,0.95,0.28,0.0009,0.0185,     0,0,0,2.55,97.45,0.00,N/A,1.72,5.09,211.46,0.34,8.43,0.01,0.20,0.00,0.37,0.00,0.54,0.00,0.00,0.82,0.87,0.0004,0.0023,     0,0,0,0.05,99.95,0.00,N/A,0.02,0.05,211.46,0.37,9.27,0.00,0.00,0.00,0.70,0.00,0.91,0.00,0.00,0.45,0.61,0.0018,0.0035,     0,0,0,0.24,99.76,0.00,N/A,0.32,0.46,211.46,0.70,17.38,0.00,0.04,0.00,0.34,0.00,0.57,0.00,0.00,0.81,0.90,0.0003,0.0018,     0,0,0,0,0.0005,0,0.00,N/A,0.02,0.06,211.46,0.34,8.57,0.00,0.00,0.00,0.48,0.00,0.46,0.00,0.00,0.80,0.80,0.0007,0.0038,     0,0,0,0.09,99.91,0.00,N/A,0.04,0.09,211.46,0.48,12.10,0.00,0.01,0.00,0.48,0.00,0.46,0.00,0.00,0.80,0.77,0.0008,0.0041,     0,0,0,0.09,99.91,0.00,N/A,0.04,0.09,211.46,0.48,12.12,0.00,0.01,0.00,0.38,0.00,0.54,0.00,0.00,0.55,0.90,0.0007,0.0019,     0,0,0,0.04,99.96,0.00,N/A,0.02,0.05,211.46,0.38,9.56,0.00,0.00,0.00,0.53,0.00,0.82,0.00,0.00,0.75,0.60,0.0014,0.0065,     0,0,0,0.10,99.90,0.00,N/A,0.09,0.18,211.46,0.53,13.23,0.00,0.01,
2024-03-21,21:06:18.765,0.01,0.95,0.01,0.99,0.01,0.08,0.87,0.68,0.0004,0.0033,0.00,0.00,-2147483648,0.00,0.00,24.68,26.05,207.93,0.95,23.68,0.01,0.19,2.55,0.97,5.65,0.80,99.20,0.00,100.00,0.00,0.00,0.00,0.00,-nan,0.09,0.01,1.07,0.01,0.98,0.01,0.04,0.84,0.67,0.0004,0.0028,     0,0,0,0.00,0.00,-2147483648,0.00,0.00,N/A,14.72,13.76,207.93,1.07,26.74,0.01,0.22,0.01,0.81,0.01,1.00,0.00,0.04,0.89,0.69,0.0004,0.0039,     0,0,0,0.00,0.00,-2147483648,0.00,0.00,N/A,9.95,12.29,207.93,0.81,20.25,0.01,0.15,0.28,0.13,  0%,  0%,1.43,0.72,  1%,  0%,1.21,1.47,  1%,  1%,1.95,1.02,  1%,  0%,0.85,99.15,0.00,100.00,0.00,0.00,0.74,99.26,0.00,100.00,0.00,0.00,0.00,0.00,0.00 ,0.00 ,-nan ,-nan ,0.09,0.09,0.01,0.38,0.02,1.00,0.00,0.03,0.91,0.26,0.0014,0.0170,     0,0,0,2.32,97.68,0.00,N/A,1.82,4.83,207.93,0.38,9.43,0.01,0.22,0.01,1.61,0.01,0.99,0.00,0.00,0.43,0.78,0.0001,0.0002,     0,0,0,0.66,99.34,0.00,N/A,2.18,1.35,207.93,1.61,40.24,0.01,0.26,0.02,1.37,0.01,1.00,0.00,0.00,0.45,0.88,0.0006,0.0011,     0,0,0,1.44,98.56,0.00,N/A,4.10,2.98,207.93,1.37,34.37,0.02,0.49,0.00,0.38,0.00,0.82,0.00,0.00,0.96,0.88,0.0001,0.0023,     0,0,0,0.03,99.97,0.00,N/A,0.02,0.05,207.93,0.38,9.59,0.00,0.00,0.01,1.64,0.01,1.00,0.00,0.00,0.86,0.96,0.0000,0.0003,     0,0,0,0.81,99.19,0.00,N/A,2.76,1.68,207.93,1.64,41.04,0.01,0.33,0.02,1.49,0.01,0.90,0.00,0.00,0.77,0.84,0.0002,0.0010,     0,0,0,1.27,98.73,0.00,N/A,3.57,2.39,207.93,1.49,37.37,0.02,0.43,0.00,0.65,0.00,0.92,0.00,0.00,0.38,0.90,0.0005,0.0010,     0,0,0,0.13,99.87,0.00,N/A,0.16,0.25,207.93,0.65,16.23,0.00,0.02,0.00,0.51,0.00,0.91,0.00,0.00,0.42,0.58,0.0032,0.0074,     0,0,0,0.12,99.88,0.00,N/A,0.12,0.23,207.93,0.51,12.70,0.00,0.01,0.01,0.28,0.02,1.00,0.00,0.03,0.95,0.27,0.0010,0.0212,     0,0,0,2.09,97.91,0.00,N/A,1.21,4.30,207.93,0.28,7.05,0.01,0.15,0.02,1.09,0.01,1.00,0.00,0.00,0.81,0.86,0.0002,0.0014,     0,0,0,1.47,98.53,0.00,N/A,3.34,3.06,207.93,1.09,27.32,0.02,0.40,0.01,1.42,0.01,1.00,0.00,0.00,0.78,0.91,0.0002,0.0010,     0,0,0,1.01,98.99,0.00,N/A,2.98,2.10,207.93,1.42,35.51,0.01,0.36,0.01,0.87,0.01,1.00,0.00,0.00,0.77,0.75,0.0004,0.0021,     0,0,0,0.59,99.41,0.00,N/A,1.07,1.23,207.93,0.87,21.64,0.01,0.13,0.01,0.94,0.01,1.00,0.00,0.00,0.69,0.81,0.0007,0.0023,     0,0,0,0.62,99.38,0.00,N/A,1.20,1.28,207.93,0.94,23.49,0.01,0.14,0.00,0.48,0.00,1.00,0.00,0.00,0.77,0.57,0.0004,0.0058,     0,0,0,0.11,99.89,0.00,N/A,0.11,0.22,207.93,0.48,12.00,0.00,0.01,0.00,0.44,0.00,1.00,0.00,0.00,0.86,0.88,0.0002,0.0022,     0,0,0,0.02,99.98,0.00,N/A,0.02,0.05,207.93,0.44,11.02,0.00,0.00,0.00,0.41,0.00,0.64,0.00,0.00,0.58,0.89,0.0007,0.0020,     0,0,0,0.04,99.96,0.00,N/A,0.02,0.05,207.93,0.41,10.17,0.00,0.00,
2024-03-21,21:06:18.864,0.00,0.86,0.01,0.83,0.00,0.07,0.93,0.57,0.0003,0.0044,0.00,0.00,-2147483648,0.00,0.00,15.32,17.79,210.10,0.86,21.54,0.00,0.11,1.52,0.90,2.40,0.64,99.36,0.00,100.00,0.00,0.00,0.00,0.00,-nan,0.09,0.01,1.07,0.01,0.86,0.00,0.04,0.93,0.67,0.0002,0.0026,     0,0,0,0.00,0.00,-2147483648,0.00,0.00,N/A,13.54,12.63,210.10,1.07,26.79,0.01,0.20,0.00,0.35,0.00,0.76,0.00,0.03,0.93,0.34,0.0012,0.0175,     0,0,0,0.00,0.00,-2147483648,0.00,0.00,N/A,1.79,5.16,210.10,0.35,8.67,0.00,0.03,0.94,0.08,  0%,  0%,0.26,0.24,  0%,  0%,0.15,0.44,  0%,  0%,0.86,0.95,  0%,  0%,0.88,99.12,0.00,100.00,0.00,0.00,0.40,99.60,0.00,100.00,0.00,0.00,0.00,0.00,0.00 ,0.00 ,-nan ,-nan ,0.09,0.10,0.01,0.31,0.02,0.84,0.00,0.03,0.94,0.28,0.0011,0.0196,     0,0,0,2.63,97.37,0.00,N/A,1.43,4.64,210.10,0.31,7.71,0.01,0.17,0.01,1.36,0.00,0.98,0.00,0.00,0.53,0.65,0.0002,0.0006,     0,0,0,0.48,99.52,0.00,N/A,1.34,0.98,210.10,1.36,34.07,0.01,0.16,0.00,0.48,0.00,0.83,0.00,0.00,0.54,0.73,0.0017,0.0055,     0,0,0,0.06,99.94,0.00,N/A,0.05,0.11,210.10,0.48,11.97,0.00,0.01,0.01,1.68,0.01,0.98,0.00,0.00,0.92,0.96,0.0000,0.0002,     0,0,0,0.56,99.44,0.00,N/A,1.95,1.16,210.10,1.68,42.05,0.01,0.23,0.00,0.50,0.00,0.94,0.00,0.00,0.77,0.70,0.0010,0.0061,     0,0,0,0.09,99.91,0.00,N/A,0.09,0.18,210.10,0.50,12.44,0.00,0.01,0.04,1.69,0.02,0.83,0.00,0.01,0.96,0.90,0.0000,0.0006,     0,0,0,2.84,97.16,0.00,N/A,8.32,4.93,210.10,1.69,42.18,0.04,0.99,0.00,0.59,0.00,0.81,0.00,0.00,0.60,0.89,0.0003,0.0010,     0,0,0,0.34,99.66,0.00,N/A,0.34,0.58,210.10,0.59,14.80,0.00,0.04,0.00,0.39,0.00,0.68,0.00,0.00,0.88,0.90,0.0002,0.0018,     0,0,0,0.04,99.96,0.00,N/A,0.02,0.05,210.10,0.39,9.74,0.00,0.00,0.01,0.33,0.02,0.81,0.00,0.03,0.95,0.27,0.0010,0.0211,     0,0,0,2.42,97.58,0.00,N/A,1.36,4.10,210.10,0.33,8.30,0.01,0.16,0.00,0.39,0.00,0.80,0.00,0.00,0.22,0.74,0.0029,0.0047,     0,0,0,0.08,99.92,0.00,N/A,0.05,0.13,210.10,0.39,9.83,0.00,0.01,0.00,0.48,0.00,0.43,0.00,0.00,0.67,0.71,0.0016,0.0059,     0,0,0,0.12,99.88,0.00,N/A,0.05,0.11,210.10,0.48,12.08,0.00,0.01,0.00,0.46,0.00,0.59,0.00,0.00,0.78,0.75,0.0010,0.0055,     0,0,0,0.09,99.91,0.00,N/A,0.05,0.12,210.10,0.46,11.60,0.00,0.01,0.00,0.47,0.00,0.44,0.00,0.00,0.70,0.68,0.0016,0.0062,     0,0,0,0.12,99.88,0.00,N/A,0.05,0.11,210.10,0.47,11.65,0.00,0.01,0.00,0.46,0.00,0.44,0.00,0.00,0.63,0.69,0.0019,0.0060,     0,0,0,0.12,99.88,0.00,N/A,0.05,0.11,210.10,0.46,11.49,0.00,0.01,0.00,0.44,0.00,0.73,0.00,0.00,0.62,0.70,0.0019,0.0060,     0,0,0,0.08,99.92,0.00,N/A,0.05,0.12,210.10,0.44,11.09,0.00,0.01,0.00,0.32,0.00,0.91,0.00,0.00,0.40,0.54,0.0031,0.0061,     0,0,0,0.19,99.81,0.00,N/A,0.12,0.36,210.10,0.32,8.01,0.00,0.01,
2024-03-21,21:06:18.965,0.00,0.66,0.00,0.92,0.01,0.07,0.92,0.52,0.0005,0.0061,0.00,0.00,-2147483648,0.00,0.00,10.87,16.48,209.97,0.66,16.50,0.00,0.08,0.73,0.52,2.12,0.53,99.47,0.00,100.00,0.00,0.00,0.00,0.00,-nan,0.08,0.01,0.82,0.01,0.99,0.00,0.04,0.90,0.60,0.0004,0.0039,     0,0,0,0.00,0.00,-2147483648,0.00,0.00,N/A,9.09,11.03,209.97,0.82,20.59,0.01,0.14,0.00,0.33,0.00,0.82,0.00,0.03,0.94,0.35,0.0010,0.0172,     0,0,0,0.00,0.00,-2147483648,0.00,0.00,N/A,1.79,5.45,209.97,0.33,8.21,0.00,0.03,0.09,0.15,  0%,  0%,0.27,0.21,  0%,  0%,0.30,0.40,  0%,  0%,0.90,0.51,  0%,  0%,0.66,99.34,0.00,100.00,0.00,0.00,0.40,99.60,0.00,100.00,0.00,0.00,0.00,0.00,0.00 ,0.00 ,-nan ,-nan ,0.09,0.08,0.01,0.29,0.02,1.00,0.00,0.03,0.94,0.28,0.0011,0.0188,     0,0,0,2.50,97.50,0.00,N/A,1.52,5.24,209.97,0.29,7.25,0.01,0.18,0.00,1.11,0.00,0.98,0.00,0.00,0.52,0.67,0.0004,0.0011,     0,0,0,0.30,99.70,0.00,N/A,0.69,0.62,209.97,1.11,27.85,0.00,0.08,0.00,0.52,0.00,0.86,0.00,0.00,0.82,0.69,0.0007,0.0062,     0,0,0,0.06,99.94,0.00,N/A,0.05,0.10,209.97,0.52,13.07,0.00,0.01,0.00,1.41,0.00,0.98,0.00,0.00,0.92,0.77,0.0001,0.0015,     0,0,0,0.36,99.64,0.00,N/A,1.05,0.74,209.97,1.41,35.24,0.00,0.12,0.00,0.52,0.00,0.91,0.00,0.00,0.80,0.72,0.0007,0.0057,     0,0,0,0.09,99.91,0.00,N/A,0.09,0.17,209.97,0.52,12.90,0.00,0.01,0.02,1.66,0.01,0.99,0.00,0.00,0.94,0.94,0.0000,0.0004,     0,0,0,1.44,98.56,0.00,N/A,5.01,3.02,209.97,1.66,41.56,0.02,0.59,0.00,0.60,0.01,0.97,0.00,0.00,0.41,0.65,0.0017,0.0032,     0,0,0,0.53,99.47,0.00,N/A,0.65,1.08,209.97,0.60,15.01,0.00,0.08,0.00,0.45,0.00,0.70,0.00,0.00,0.89,0.78,0.0003,0.0044,     0,0,0,0.04,99.96,0.00,N/A,0.02,0.05,209.97,0.45,11.23,0.00,0.00,0.01,0.30,0.02,0.85,0.00,0.03,0.95,0.27,0.0009,0.0207,     0,0,0,2.55,97.45,0.00,N/A,1.37,4.53,209.97,0.30,7.53,0.01,0.16,0.00,0.41,0.00,0.65,0.00,0.00,0.78,0.67,0.0010,0.0063,     0,0,0,0.10,99.90,0.00,N/A,0.05,0.13,209.97,0.41,10.29,0.00,0.01,0.00,0.44,0.00,0.64,0.00,0.00,0.54,0.75,0.0020,0.0049,     0,0,0,0.09,99.91,0.00,N/A,0.05,0.11,209.97,0.44,11.08,0.00,0.01,0.00,0.46,0.00,0.68,0.00,0.00,0.84,0.74,0.0008,0.0052,     0,0,0,0.07,99.93,0.00,N/A,0.05,0.11,209.97,0.46,11.38,0.00,0.01,0.00,0.46,0.00,0.64,0.00,0.00,0.74,0.74,0.0012,0.0052,     0,0,0,0.08,99.92,0.00,N/A,0.05,0.11,209.97,0.46,11.49,0.00,0.01,0.00,0.46,0.00,0.63,0.00,0.00,0.71,0.72,0.0014,0.0052, ,0.74,0.0,0.09,99.91,0.00,N/A,0.06,0.12,209.97,0.46,11.40,0.00,0.01,0.00,0.45,0.00,0.63,0.00,0.00,0.85,0.72,0.0008,0.0054,     0,0,0,0.09,99.91,0.00,N/A,0.05,0.12,209.97,0.45,11.16,0.00,0.01,0.00,0.53,0.00,0.85,0.00,0.00,0.66,0.59,0.0019,0.0070,     0,0,0,0.12,99.88,0.00,N/A,0.11,0.21,209.97,0.53,13.25,0.00,0.01,
2024-03-21,21:06:19.065,0.00,0.82,0.01,0.83,0.00,0.07,0.94,0.55,0.0003,0.0048,0.00,0.00,-2147483648,0.00,0.00,13.94,16.99,212.06,0.82,20.51,0.00,0.10,0.44,0.35,1.42,0.61,99.39,0.00,100.00,0.00,0.00,0.00,0.00,-nan,0.07,0.01,1.06,0.01,0.87,0.00,0.03,0.93,0.66,0.0002,0.0028,     0,0,0,0.00,0.00,-2147483648,0.00,0.00,N/A,11.97,11.34,212.06,1.06,26.39,0.01,0.18,0.00,0.35,0.00,0.76,0.00,0.03,0.94,0.34,0.0010,0.0173,     0,0,0,0.00,0.00,-2147483648,0.00,0.00,N/A,1.97,5.65,212.06,0.35,8.72,0.00,0.03,0.09,0.07,  0%,  0%,0.17,0.11,  0%,  0%,0.12,0.25,  0%,  0%,0.46,0.58,  0%,  0%,0.77,99.23,0.00,100.00,0.00,0.00,0.44,99.56,0.00,100.00,0.00,0.00,0.00,0.00,0.00 ,0.00 ,-nan ,-nan ,0.07,0.07,0.01,0.32,0.02,0.80,0.00,0.03,0.94,0.29,0.0011,0.0194,     0,0,0,2.68,97.32,0.00,N/A,1.46,4.52,212.06,0.32,8.09,0.01,0.17,0.01,1.54,0.01,0.99,0.00,0.00,0.56,0.66,0.0001,0.0004,     0,0,0,0.66,99.34,0.00,N/A,2.13,1.38,212.06,1.54,38.43,0.01,0.25,0.00,0.49,0.00,0.81,0.00,0.00,0.84,0.68,0.0008,0.0063,     0,0,0,0.06,99.94,0.00,N/A,0.05,0.10,212.06,0.49,12.21,0.00,0.01,0.00,0.46,0.00,0.86,0.00,0.00,0.87,0.70,0.0006,0.0055,     0,0,0,0.06,99.94,0.00,N/A,0.05,0.11,212.06,0.46,11.62,0.00,0.01,0.00,0.55,0.00,1.00,0.00,0.00,0.78,0.72,0.0008,0.0053,     0,0,0,0.10,99.90,0.00,N/A,0.12,0.21,212.06,0.55,13.84,0.00,0.01,0.04,1.70,0.02,0.92,0.00,0.00,0.95,0.94,0.0000,0.0003,     0,0,0,2.41,97.59,0.00,N/A,7.95,4.67,212.06,1.70,42.53,0.04,0.94,0.00,0.67,0.00,0.84,0.00,0.00,0.76,0.84,0.0003,0.0017,     0,0,0,0.17,99.83,0.00,N/A,0.20,0.30,212.06,0.67,16.75,0.00,0.02,0.00,0.42,0.00,0.65,0.00,0.00,0.95,0.87,0.0001,0.0022,     0,0,0,0.03,99.97,0.00,N/A,0.02,0.05,212.06,0.42,10.39,0.00,0.00,0.01,0.32,0.02,0.77,0.00,0.03,0.95,0.28,0.0010,0.0202,     0,0,0,2.96,97.04,0.00,N/A,1.56,4.83,212.06,0.32,8.09,0.01,0.18,0.00,0.48,0.00,0.67,0.00,0.00,0.58,0.74,0.0016,0.0053,     0,0,0,0.09,99.91,0.00,N/A,0.06,0.12,212.06,0.48,11.92,0.00,0.01,0.00,0.46,0.00,0.64,0.00,0.00,0.74,0.73,0.0009,0.0052,     0,0,0,0.08,99.92,0.00,N/A,0.05,0.11,212.06,0.46,11.40,0.00,0.01,0.00,0.48,0.00,0.68,0.00,0.00,0.85,0.72,0.0006,0.0058,     0,0,0,0.07,99.93,0.00,N/A,0.05,0.11,212.06,0.48,12.07,0.00,0.01,0.00,0.51,0.00,0.69,0.00,0.00,0.85,0.72,0.0007,0.0056,     0,0,0,0.07,99.93,0.00,N/A,0.05,0.11,212.06,0.51,12.67,0.00,0.01,0.00,0.49,0.00,0.68,0.00,0.00,0.84,0.72,0.0009,0.0061,     0,0,0,0.08,99.92,0.00,N/A,0.06,0.12,212.06,0.49,12.15,0.00,0.01,0.00,0.49,0.00,0.68,0.00,0.00,0.85,0.72,0.0007,0.0058,     0,0,0,0.07,99.93,0.00,N/A,0.05,0.11,212.06,0.49,12.27,0.00,0.01,0.00,0.54,0.00,0.70,0.00,0.00,0.84,0.56,0.0009,0.0066,     0,0,0,0.10,99.90,0.00,N/A,0.08,0.16,212.06,0.54,13.62,0.00,0.01,
2024-03-21,21:06:19.166,0.00,0.78,0.00,0.87,0.00,0.06,0.94,0.56,0.0003,0.0049,0.00,0.00,-2147483648,0.00,0.00,12.82,16.50,210.27,0.78,19.43,0.00,0.10,0.38,0.34,1.11,0.56,99.44,0.00,100.00,0.00,0.00,0.00,0.00,-nan,0.07,0.01,0.98,0.01,0.92,0.00,0.03,0.93,0.66,0.0002,0.0030,     0,0,0,0.00,0.00,-2147483648,0.00,0.00,N/A,11.08,11.29,210.27,0.98,24.54,0.01,0.16,0.00,0.33,0.00,0.78,0.00,0.03,0.94,0.34,0.0009,0.0174,     0,0,0,0.00,0.00,-2147483648,0.00,0.00,N/A,1.74,5.21,210.27,0.33,8.37,0.00,0.03,0.06,0.08,  0%,  0%,0.17,0.07,  0%,  0%,0.13,0.24,  0%,  0%,0.35,0.39,  0%,  0%,0.73,99.27,0.00,100.00,0.00,0.00,0.39,99.61,0.00,100.00,0.00,0.00,0.00,0.00,0.00 ,0.00 ,-nan ,-nan ,0.07,0.08,0.01,0.30,0.02,0.92,0.00,0.03,0.94,0.28,0.0011,0.0191,     0,0,0,2.62,97.38,0.00,N/A,1.49,5.05,210.27,0.30,7.38,0.01,0.18,0.01,1.51,0.00,0.99,0.00,0.00,0.69,0.69,0.0001,0.0005,     0,0,0,0.41,99.59,0.00,N/A,1.30,0.86,210.27,1.51,37.80,0.01,0.16,0.00,0.47,0.00,0.81,0.00,0.00,0.84,0.69,0.0007,0.0059,     0,0,0,0.06,99.94,0.00,N/A,0.05,0.10,210.27,0.47,11.71,0.00,0.01,0.00,0.52,0.00,0.91,0.00,0.00,0.97,0.73,0.0001,0.0055,     0,0,0,0.05,99.95,0.00,N/A,0.05,0.10,210.27,0.52,13.00,0.00,0.01,0.00,0.49,0.00,0.87,0.00,0.00,0.86,0.76,0.0005,0.0048,     0,0,0,0.06,99.94,0.00,N/A,0.05,0.11,210.27,0.49,12.24,0.00,0.01,0.04,1.70,0.02,0.90,0.00,0.00,0.94,0.96,0.0000,0.0003,     0,0,0,2.42,97.58,0.00,N/A,7.87,4.62,210.27,1.70,42.56,0.04,0.93,0.00,0.70,0.00,0.92,0.00,0.00,0.80,0.84,0.0002,0.0017,     0,0,0,0.15,99.85,0.00,N/A,0.20,0.29,210.27,0.70,17.50,0.00,0.02,0.00,0.39,0.00,0.90,0.00,0.00,0.61,0.62,0.0020,0.0066,     0,0,0,0.08,99.92,0.00,N/A,0.06,0.16,210.27,0.39,9.86,0.00,0.01,0.01,0.31,0.02,0.81,0.00,0.03,0.95,0.28,0.0009,0.0208,     0,0,0,2.61,97.39,0.00,N/A,1.36,4.41,210.27,0.31,7.71,0.01,0.16,0.00,0.43,0.00,0.73,0.00,0.00,0.59,0.73,0.0016,0.0052,     0,0,0,0.07,99.93,0.00,N/A,0.05,0.11,210.27,0.43,10.84,0.00,0.01,0.00,0.47,0.00,0.69,0.00,0.00,0.78,0.74,0.0006,0.0048,     0,0,0,0.07,99.93,0.00,N/A,0.05,0.10,210.27,0.47,11.68,0.00,0.01,0.00,0.49,0.00,0.79,0.00,0.00,0.84,0.73,0.0007,0.0053,     0,0,0,0.06,99.94,0.00,N/A,0.05,0.10,210.27,0.49,12.17,0.00,0.01,0.00,0.45,0.00,0.55,0.00,0.00,0.79,0.74,0.0008,0.0049,     0,0,0,0.09,99.91,0.00,N/A,0.05,0.11,210.27,0.45,11.32,0.00,0.01,0.00,0.42,0.00,0.56,0.00,0.00,0.75,0.77,0.0010,0.0041,     0,0,0,0.09,99.91,0.00,N/A,0.04,0.10,210.27,0.42,10.42,0.00,0.01,0.00,0.51,0.00,0.75,0.00,0.00,0.70,0.72,0.0013,0.0054,     0,0,0,0.08,99.92,0.00,N/A,0.06,0.12,210.27,0.51,12.83,0.00,0.01,0.00,0.56,0.00,0.79,0.00,0.00,0.85,0.56,0.0008,0.0066,     0,0,0,0.09,99.91,0.00,N/A,0.08,0.15,210.27,0.56,14.06,0.00,0.01,
2024-03-21,21:06:19.266,0.00,0.75,0.00,0.85,0.00,0.06,0.93,0.53,0.0004,0.0057,0.00,0.00,-2147483648,0.00,0.00,11.42,15.29,211.82,0.75,18.66,0.00,0.08,0.47,0.34,1.86,0.53,99.47,0.00,100.00,0.00,0.00,0.00,0.00,-nan,0.09,0.01,0.93,0.01,0.92,0.00,0.03,0.92,0.63,0.0003,0.0036,     0,0,0,0.00,0.00,-2147483648,0.00,0.00,N/A,9.70,10.44,211.82,0.93,23.24,0.01,0.14,0.00,0.35,0.00,0.72,0.00,0.03,0.95,0.34,0.0008,0.0175,     0,0,0,0.00,0.00,-2147483648,0.00,0.00,N/A,1.71,4.85,211.82,0.35,8.82,0.00,0.03,0.12,0.09,  0%,  0%,0.14,0.13,  0%,  0%,0.16,0.24,  0%,  0%,0.74,0.72,  0%,  0%,0.67,99.33,0.00,100.00,0.00,0.00,0.40,99.60,0.00,100.00,0.00,0.00,0.00,0.00,0.00 ,0.00 ,-nan ,-nan ,0.09,0.09,0.01,0.32,0.02,0.91,0.00,0.03,0.95,0.28,0.0010,0.0199,     0,0,0,2.33,97.67,0.00,N/A,1.44,4.48,211.82,0.32,8.02,0.01,0.17,0.00,1.20,0.00,0.97,0.00,0.00,0.64,0.67,0.0002,0.0011,     0,0,0,0.28,99.72,0.00,N/A,0.70,0.58,211.82,1.20,29.98,0.00,0.08,0.00,0.41,0.00,0.84,0.00,0.00,0.83,0.67,0.0007,0.0063,     0,0,0,0.07,99.93,0.00,N/A,0.05,0.13,211.82,0.41,10.25,0.00,0.01,0.00,0.56,0.00,0.81,0.00,0.00,0.97,0.70,0.0002,0.0067,     0,0,0,0.06,99.94,0.00,N/A,0.06,0.10,211.82,0.56,14.05,0.00,0.01,0.00,0.49,0.00,0.92,0.00,0.00,0.89,0.72,0.0004,0.0055,     0,0,0,0.06,99.94,0.00,N/A,0.06,0.11,211.82,0.49,12.13,0.00,0.01,0.03,1.71,0.02,0.94,0.00,0.00,0.96,0.95,0.0000,0.0003,     0,0,0,2.00,98.00,0.00,N/A,6.73,3.94,211.82,1.71,42.70,0.03,0.80,0.00,0.63,0.00,0.92,0.00,0.00,0.46,0.65,0.0016,0.0032,     0,0,0,0.54,99.46,0.00,N/A,0.65,1.04,211.82,0.63,15.68,0.00,0.08,0.00,0.44,0.00,0.76,0.00,0.00,0.88,0.89,0.0002,0.0020,     0,0,0,0.03,99.97,0.00,N/A,0.02,0.05,211.82,0.44,10.92,0.00,0.00,0.01,0.33,0.02,0.74,0.00,0.03,0.96,0.27,0.0008,0.0213,     0,0,0,2.55,97.45,0.00,N/A,1.31,4.00,211.82,0.33,8.20,0.01,0.15,0.00,0.42,0.00,0.62,0.00,0.00,0.55,0.73,0.0019,0.0051,     0,0,0,0.09,99.91,0.00,N/A,0.05,0.12,211.82,0.42,10.61,0.00,0.01,0.00,0.48,0.00,0.74,0.00,0.00,0.55,0.76,0.0018,0.0046,     0,0,0,0.07,99.93,0.00,N/A,0.05,0.10,211.82,0.48,11.97,0.00,0.01,0.00,0.52,0.00,0.45,0.00,0.00,0.83,0.74,0.0007,0.0051,     0,0,0,0.10,99.90,0.00,N/A,0.05,0.10,211.82,0.52,13.03,0.00,0.01,0.00,0.49,0.00,0.62,0.00,0.00,0.88,0.74,0.0005,0.0047,     0,0,0,0.08,99.92,0.00,N/A,0.05,0.10,211.82,0.49,12.15,0.00,0.01,0.00,0.48,0.00,0.62,0.00,0.00,0.87,0.72,0.0006,0.0053,     0,0,0,0.08,99.92,0.00,N/A,0.05,0.10,211.82,0.48,11.98,0.00,0.01,0.00,0.48,0.00,0.58,0.00,0.00,0.85,0.75,0.0006,0.0048,     0,0,0,0.09,99.91,0.00,N/A,0.05,0.11,211.82,0.48,12.11,0.00,0.01,0.00,0.45,0.00,0.86,0.00,0.00,0.83,0.56,0.62,0.91,0.0,     0,0,0,0.12,99.88,0.00,N/A,0.10,0.22,211.82,0.45,11.27,0.00,0.01,
2024-03-21,21:06:19.366,0.00,0.72,0.00,0.82,0.00,0.06,0.95,0.53,0.0003,0.0062,0.00,0.00,-2147483648,0.00,0.00,10.17,14.07,207.97,0.72,18.06,0.00,0.08,0.57,1.14,2.08,0.51,99.49,0.00,100.00,0.00,0.00,0.00,0.00,-nan,0.11,0.01,0.95,0.01,0.89,0.00,0.03,0.95,0.63,0.0002,0.0038,     0,0,0,0.00,0.00,-2147483648,0.00,0.00,N/A,8.45,8.90,207.97,0.95,23.73,0.01,0.13,0.00,0.33,0.00,0.73,0.00,0.03,0.95,0.34,0.0009,0.0175,     0,0,0,0.00,0.00,-2147483648,0.00,0.00,N/A,1.72,5.18,207.97,0.33,8.33,0.00,0.03,0.20,0.19,  0%,  0%,0.12,0.06,  0%,  0%,0.41,0.93,  0%,  0%,0.40,0.34,  0%,  0%,0.60,99.40,0.00,100.00,0.00,0.00,0.43,99.57,0.00,100.00,0.00,0.00,0.00,0.00,0.00 ,0.00 ,-nan ,-nan ,0.11,0.10,0.01,0.34,0.02,0.88,0.00,0.03,0.95,0.28,0.0009,0.0201,     0,0,0,2.29,97.71,0.00,N/A,1.42,4.19,207.97,0.34,8.46,0.01,0.17,0.00,0.93,0.00,0.91,0.00,0.00,0.80,0.71,0.0003,0.0023,     0,0,0,0.13,99.87,0.00,N/A,0.23,0.24,207.97,0.93,23.19,0.00,0.03,0.00,0.43,0.00,0.81,0.00,0.00,0.88,0.66,0.0006,0.0069,     0,0,0,0.08,99.92,0.00,N/A,0.06,0.14,207.97,0.43,10.69,0.00,0.01,0.00,0.53,0.00,0.72,0.00,0.00,0.84,0.67,0.0007,0.0070,     0,0,0,0.08,99.92,0.00,N/A,0.06,0.12,207.97,0.53,13.17,0.00,0.01,0.00,0.49,0.00,0.81,0.00,0.00,0.83,0.75,0.0005,0.0051,     0,0,0,0.07,99.93,0.00,N/A,0.06,0.12,207.97,0.49,12.16,0.00,0.01,0.03,1.72,0.02,0.92,0.00,0.00,0.98,0.95,0.0000,0.0003,     0,0,0,1.91,98.09,0.00,N/A,6.37,3.69,207.97,1.72,43.09,0.03,0.76,0.00,0.68,0.00,0.75,0.00,0.00,0.77,0.82,0.0004,0.0022,     0,0,0,0.22,99.78,0.00,N/A,0.24,0.35,207.97,0.68,17.12,0.00,0.03,0.00,0.41,0.00,0.74,0.00,0.00,0.82,0.91,0.0002,0.0016,     0,0,0,0.03,99.97,0.00,N/A,0.02,0.05,207.97,0.41,10.29,0.00,0.00,0.01,0.31,0.02,0.78,0.00,0.03,0.96,0.28,0.0009,0.0208,     0,0,0,2.71,97.29,0.00,N/A,1.34,4.40,207.97,0.31,7.63,0.01,0.16,0.00,0.49,0.00,0.44,0.00,0.00,0.77,0.73,0.0009,0.0052,     0,0,0,0.11,99.89,0.00,N/A,0.05,0.10,207.97,0.49,12.31,0.00,0.01,0.00,0.48,0.00,0.75,0.00,0.00,0.73,0.73,0.0007,0.0051,     0,0,0,0.07,99.93,0.00,N/A,0.05,0.11,207.97,0.48,12.05,0.00,0.01,0.00,0.46,0.00,0.54,0.00,0.00,0.73,0.70,0.0013,0.0057,     0,0,0,0.10,99.90,0.00,N/A,0.05,0.11,207.97,0.46,11.48,0.00,0.01,0.00,0.51,0.00,0.44,0.00,0.00,0.85,0.73,0.0007,0.0052,     0,0,0,0.10,99.90,0.00,N/A,0.05,0.09,207.97,0.51,12.75,0.00,0.01,0.00,0.48,0.00,0.44,0.00,0.00,0.80,0.67,0.0011,0.0063,     0,0,0,0.11,99.89,0.00,N/A,0.05,0.10,207.97,0.48,11.91,0.00,0.01,0.00,0.46,0.00,0.44,0.00,0.00,0.72,0.80,0.0010,0.0037,     0,0,0,0.10,99.90,0.00,N/A,0.04,0.09,207.97,0.46,11.46,0.00,0.00,0.00,0.53,0.00,0.74,0.00,0.00,0.83,0.57,0.0010,0.0063,     0,0,0,0.11,99.89,0.00,N/A,0.09,0.18,207.97,0.53,13.21,0.00,0.01,
2024-03-21,21:06:19.466,0.00,0.79,0.00,0.85,0.00,0.06,0.95,0.56,0.0003,0.0052,0.00,0.00,-2147483648,0.00,0.00,12.22,15.51,209.99,0.79,19.70,0.00,0.09,0.60,0.49,3.14,0.54,99.46,0.00,100.00,0.00,0.00,0.00,0.00,-nan,0.08,0.01,1.00,0.01,0.90,0.00,0.03,0.95,0.66,0.0002,0.0032,     0,0,0,0.00,0.00,-2147483648,0.00,0.00,N/A,10.53,10.56,209.99,1.00,24.94,0.01,0.16,0.00,0.34,0.00,0.76,0.00,0.03,0.96,0.34,0.0008,0.0177,     0,0,0,0.00,0.00,-2147483648,0.00,0.00,N/A,1.69,4.95,209.99,0.34,8.52,0.00,0.03,0.20,0.23,  0%,  0%,0.11,0.07,  0%,  0%,0.43,0.51,  0%,  0%,1.19,1.01,  1%,  0%,0.70,99.30,0.00,100.00,0.00,0.00,0.39,99.61,0.00,100.00,0.00,0.00,0.00,0.00,0.00 ,0.00 ,-nan ,-nan ,0.08,0.08,0.01,0.32,0.02,0.89,0.00,0.03,0.95,0.28,0.0009,0.0196,     0,0,0,2.45,97.55,0.00,N/A,1.45,4.55,209.99,0.32,7.99,0.01,0.17,0.00,0.72,0.00,0.88,0.00,0.00,0.86,0.73,0.0003,0.0032,     0,0,0,0.10,99.90,0.00,N/A,0.13,0.19,209.99,0.72,18.07,0.00,0.02,0.00,0.44,0.00,0.93,0.00,0.00,0.83,0.62,0.0009,0.0068,     0,0,0,0.07,99.93,0.00,N/A,0.06,0.15,209.99,0.44,11.09,0.00,0.01,0.00,0.57,0.00,0.83,0.00,0.00,0.95,0.80,0.0001,0.0039,     0,0,0,0.07,99.93,0.00,N/A,0.07,0.12,209.99,0.57,14.34,0.00,0.01,0.00,0.43,0.00,0.77,0.00,0.00,0.85,0.76,0.0005,0.0049,     0,0,0,0.08,99.92,0.00,N/A,0.05,0.13,209.99,0.43,10.71,0.00,0.01,0.04,1.71,0.02,0.92,0.00,0.00,0.98,0.95,0.0000,0.0003,     0,0,0,2.55,97.45,0.00,N/A,8.45,4.93,209.99,1.71,42.81,0.04,1.01,0.00,0.68,0.00,0.77,0.00,0.00,0.71,0.81,0.0005,0.0023,     0,0,0,0.19,99.81,0.00,N/A,0.21,0.31,209.99,0.68,16.96,0.00,0.02,0.00,0.53,0.00,0.97,0.00,0.00,0.73,0.57,0.0013,0.0068,     0,0,0,0.10,99.90,0.00,N/A,0.10,0.20,209.99,0.53,13.18,0.00,0.01,0.01,0.32,0.02,0.80,0.00,0.03,0.96,0.27,0.0008,0.0213,     0,0,0,2.48,97.52,0.00,N/A,1.31,4.14,209.99,0.32,7.91,0.01,0.16,0.00,0.43,0.00,0.64,0.00,0.00,0.74,0.72,0.0009,0.0052,     0,0,0,0.09,99.91,0.00,N/A,0.05,0.11,209.99,0.43,10.74,0.00,0.01,0.00,0.44,0.00,0.58,0.00,0.00,0.72,0.77,0.0007,0.0042,     0,0,0,0.09,99.91,0.00,N/A,0.05,0.11,209.99,0.44,11.06,0.00,0.01,0.00,0.42,0.00,0.57,0.00,0.00,0.85,0.74,0.0007,0.0051,     0,0,0,0.09,99.91,0.00,N/A,0.05,0.11,209.99,0.42,10.58,0.00,0.01,0.00,0.48,0.00,0.62,0.00,0.00,0.87,0.75,0.0005,0.0048,     0,0,0,0.08,99.92,0.00,N/A,0.05,0.10,209.99,0.48,12.11,0.00,0.01,0.00,0.46,0.00,0.63,0.00,0.00,0.89,0.70,0.0006,0.0056,     0,0,0,0.08,99.92,0.00,N/A,0.05,0.11,209.99,0.46,11.46,0.00,0.01,0.00,0.44,0.00,0.67,0.00,0.00,0.77,0.79,0.0008,0.0039,     0,0,0,0.07,99.93,0.00,N/A,0.05,0.10,209.99,0.44,10.91,0.00,0.01,0.00,0.55,0.00,0.74,0.00,0.00,0.87,0.55,0.0007,0.0067,     0,0,0,0.10,99.90,0.00,N/A,0.09,0.16,209.99,0.55,13.77,0.00,0.01,
2024-03-21,21:06:19.565,0.00,0.60,0.00,0.92,0.00,0.06,0.94,0.46,0.0004,0.0073,0.00,0.00,-2147483648,0.00,0.00,8.88,14.68,209.99,0.60,15.11,0.00,0.07,0.53,0.62,2.25,0.47,99.53,0.00,100.00,0.00,0.00,0.00,0.00,-nan,0.09,0.00,0.77,0.01,0.98,0.00,0.03,0.93,0.54,0.0003,0.0048,     0,0,0,0.00,0.00,-2147483648,0.00,0.00,N/A,7.12,9.26,209.99,0.77,19.21,0.00,0.11,0.00,0.32,0.00,0.83,0.00,0.03,0.95,0.34,0.0009,0.0173,     0,0,0,0.00,0.00,-2147483648,0.00,0.00,N/A,1.76,5.42,209.99,0.32,8.10,0.00,0.03,0.06,0.17,  0%,  0%,0.14,0.16,  0%,  0%,0.28,0.71,  0%,  0%,0.64,0.63,  0%,  0%,0.56,99.44,0.00,100.00,0.00,0.00,0.39,99.61,0.00,100.00,0.00,0.00,0.00,0.00,0.00 ,0.00 ,-nan ,-nan ,0.09,0.09,0.01,0.30,0.02,1.00,0.00,0.03,0.95,0.28,0.0010,0.0192,     0,0,0,2.41,97.59,0.00,N/A,1.50,5.06,209.99,0.30,7.41,0.01,0.18,0.01,1.34,0.00,0.98,0.00,0.00,0.53,0.68,0.0003,0.0008,     0,0,0,0.45,99.55,0.00,N/A,1.23,0.92,209.99,1.34,33.40,0.01,0.15,0.02,1.63,0.01,0.99,0.00,0.00,0.96,0.91,0.0000,0.0006,     0,0,0,1.08,98.92,0.00,N/A,3.65,2.25,209.99,1.63,40.63,0.02,0.43,0.00,0.54,0.00,0.88,0.00,0.00,0.80,0.69,0.0008,0.0065,     0,0,0,0.06,99.94,0.00,N/A,0.06,0.11,209.99,0.54,13.51,0.00,0.01,0.00,0.41,0.00,0.80,0.00,0.00,0.86,0.72,0.0005,0.0053,     0,0,0,0.08,99.92,0.00,N/A,0.06,0.14,209.99,0.41,10.21,0.00,0.01,0.00,1.17,0.00,0.92,0.00,0.00,0.87,0.87,0.0001,0.0012,     0,0,0,0.13,99.87,0.00,N/A,0.28,0.24,209.99,1.17,29.28,0.00,0.03,0.00,0.67,0.00,0.88,0.00,0.00,0.78,0.81,0.0004,0.0022,     0,0,0,0.18,99.82,0.00,N/A,0.23,0.34,209.99,0.67,16.84,0.00,0.03,0.00,0.53,0.00,0.94,0.00,0.00,0.64,0.58,0.0019,0.0069,     0,0,0,0.11,99.89,0.00,N/A,0.11,0.21,209.99,0.53,13.23,0.00,0.01,0.01,0.29,0.02,0.89,0.00,0.03,0.96,0.28,0.0009,0.0206,     0,0,0,2.49,97.51,0.00,N/A,1.37,4.64,209.99,0.29,7.36,0.01,0.16,0.00,0.45,0.00,0.71,0.00,0.00,0.57,0.72,0.0018,0.0052,     0,0,0,0.07,99.93,0.00,N/A,0.05,0.11,209.99,0.45,11.31,0.00,0.01,0.00,0.45,0.00,0.70,0.00,0.00,0.75,0.74,0.0008,0.0047,     0,0,0,0.07,99.93,0.00,N/A,0.05,0.11,209.99,0.45,11.29,0.00,0.01,0.00,0.47,0.00,0.65,0.00,0.00,0.84,0.74,0.0007,0.0049,     0,0,0,0.08,99.92,0.00,N/A,0.05,0.10,209.99,0.47,11.84,0.00,0.01,0.00,0.48,0.00,0.65,0.00,0.00,0.85,0.72,0.0007,0.0052,     0,0,0,0.07,99.93,0.00,N/A,0.05,0.10,209.99,0.48,12.02,0.00,0.01,0.00,0.47,0.00,0.65,0.00,0.00,0.81,0.69,0.0010,0.0057,     0,0,0,0.08,99.92,0.00,N/A,0.05,0.11,209.99,0.47,11.64,0.00,0.01,0.00,0.47,0.00,0.69,0.00,0.00,0.85,0.72,0.0007,0.0056,     0,0,0,0.08,99.92,0.00,N/A,0.05,0.11,209.99,0.47,11.74,0.00,0.01,0.00,0.66,0.00,0.41,0.00,0.00,0.85,0.53,0.0009,0.0075,     0,0,0,0.16,99.84,0.00,N/A,0.09,0.14,209.99,0.66,16.59,0.00,0.01,
2024-03-21,21:06:19.666,0.00,0.72,0.00,0.85,0.00,0.07,0.94,0.52,0.0003,0.0058,0.00,0.00,-2147483648,0.00,0.00,11.22,15.48,210.23,0.72,18.11,0.00,0.08,0.08,0.66,0.95,0.54,99.46,0.00,100.00,0.00,0.00,0.00,0.00,-nan,0.07,0.01,0.95,0.01,0.84,0.00,0.03,0.94,0.61,0.0002,0.0037,     0,0,0,0.00,0.00,-2147483648,0.00,0.00,N/A,9.46,9.98,210.23,0.95,23.70,0.01,0.14,0.00,0.32,0.00,0.87,0.00,0.03,0.95,0.32,0.0009,0.0177,     0,0,0,0.00,0.00,-2147483648,0.00,0.00,N/A,1.76,5.50,210.23,0.32,7.98,0.00,0.03,0.06,0.08,  0%,  0%,0.10,0.06,  0%,  0%,0.13,0.24,  0%,  0%,0.34,0.28,  0%,  0%,0.70,99.30,0.00,100.00,0.00,0.00,0.38,99.62,0.00,100.00,0.00,0.00,0.00,0.00,0.00 ,0.00 ,-nan ,-nan ,0.07,0.08,0.01,0.32,0.02,0.75,0.00,0.03,0.94,0.28,0.0011,0.0196,     0,0,0,2.93,97.07,0.00,N/A,1.47,4.61,210.23,0.32,7.96,0.01,0.17,0.00,1.32,0.00,0.92,0.00,0.00,0.69,0.74,0.0001,0.0007,     0,0,0,0.23,99.77,0.00,N/A,0.60,0.45,210.23,1.32,33.01,0.00,0.07,0.03,1.68,0.02,0.99,0.00,0.00,0.99,0.91,0.0000,0.0005,     0,0,0,1.98,98.02,0.00,N/A,6.96,4.14,210.23,1.68,42.01,0.03,0.82,0.00,0.44,0.00,0.76,0.00,0.00,0.90,0.72,0.0004,0.0054,     0,0,0,0.07,99.93,0.00,N/A,0.05,0.11,210.23,0.44,11.03,0.00,0.01,0.00,0.45,0.00,0.83,0.00,0.00,0.83,0.73,0.0007,0.0055,     0,0,0,0.07,99.93,0.00,N/A,0.06,0.12,210.23,0.45,11.20,0.00,0.01,0.00,0.53,0.00,0.83,0.00,0.00,0.88,0.72,0.0005,0.0054,     0,0,0,0.05,99.95,0.00,N/A,0.05,0.09,210.23,0.53,13.22,0.00,0.01,0.00,0.65,0.00,0.66,0.00,0.00,0.85,0.83,0.0002,0.0017,     0,0,0,0.21,99.79,0.00,N/A,0.19,0.29,210.23,0.65,16.28,0.00,0.02,0.00,0.57,0.00,0.89,0.00,0.00,0.68,0.56,0.0017,0.0066,     0,0,0,0.09,99.91,0.00,N/A,0.09,0.16,210.23,0.57,14.13,0.00,0.01,0.01,0.29,0.02,0.93,0.00,0.03,0.96,0.26,0.0009,0.0211,     0,0,0,2.41,97.59,0.00,N/A,1.36,4.71,210.23,0.29,7.23,0.01,0.16,0.00,0.44,0.00,0.73,0.00,0.00,0.55,0.72,0.0020,0.0051,     0,0,0,0.08,99.92,0.00,N/A,0.05,0.11,210.23,0.44,10.88,0.00,0.01,0.00,0.47,0.00,0.70,0.00,0.00,0.62,0.71,0.0017,0.0053,     0,0,0,0.07,99.93,0.00,N/A,0.05,0.10,210.23,0.47,11.69,0.00,0.01,0.00,0.46,0.00,0.62,0.00,0.00,0.84,0.73,0.0008,0.0053,     0,0,0,0.08,99.92,0.00,N/A,0.05,0.11,210.23,0.46,11.58,0.00,0.01,0.00,0.47,0.00,0.66,0.00,0.00,0.85,0.72,0.0007,0.0053,     0,0,0,0.07,99.93,0.00,N/A,0.05,0.10,210.23,0.47,11.85,0.00,0.01,0.00,0.45,0.00,0.67,0.00,0.00,0.83,0.68,0.0009,0.0057,     0,0,0,0.08,99.92,0.00,N/A,0.05,0.11,210.23,0.45,11.35,0.00,0.01,0.00,0.52,0.00,0.69,0.00,0.00,0.82,0.74,0.0008,0.0049,     0,0,0,0.08,99.92,0.00,N/A,0.06,0.12,210.23,0.52,13.02,0.00,0.01,0.00,0.64,0.00,0.43,0.00,0.00,0.83,0.56,0.0010,0.0065,     0,0,0,0.15,99.85,0.00,N/A,0.09,0.13,210.23,0.64,16.07,0.00,0.01,
2024-03-21,21:06:19.765,0.00,0.64,0.01,0.92,0.00,0.06,0.93,0.54,0.0004,0.0054,0.00,0.00,-2147483648,0.00,0.00,11.94,18.78,209.91,0.64,15.90,0.00,0.09,0.31,0.28,0.84,0.61,99.39,0.00,100.00,0.00,0.00,0.00,0.00,-nan,0.08,0.01,0.88,0.01,0.99,0.00,0.03,0.94,0.63,0.0002,0.0036,     0,0,0,0.00,0.00,-2147483648,0.00,0.00,N/A,9.17,10.41,209.91,0.88,22.03,0.01,0.14,0.00,0.33,0.00,0.85,0.00,0.03,0.92,0.40,0.0009,0.0116,     0,0,0,0.00,0.00,-2147483648,0.00,0.00,N/A,2.77,8.37,209.91,0.33,8.27,0.00,0.04,0.08,0.09,  0%,  0%,0.10,0.04,  0%,  0%,0.15,0.26,  0%,  0%,0.26,0.18,  0%,  0%,0.63,99.37,0.00,100.00,0.00,0.00,0.59,99.41,0.00,100.00,0.00,0.00,0.00,0.00,0.00 ,0.00 ,-nan ,-nan ,0.09,0.08,0.01,0.31,0.02,1.00,0.00,0.03,0.95,0.28,0.0010,0.0195,     0,0,0,2.29,97.71,0.00,N/A,1.48,4.80,209.91,0.31,7.70,0.01,0.18,0.00,0.73,0.00,0.98,0.00,0.00,0.68,0.80,0.0001,0.0005,     0,0,0,0.41,99.59,0.00,N/A,0.62,0.85,209.91,0.73,18.22,0.00,0.07,0.03,1.67,0.02,1.00,0.00,0.00,0.95,0.95,0.0000,0.0003,     0,0,0,1.88,98.12,0.00,N/A,6.59,3.94,209.91,1.67,41.86,0.03,0.79,0.00,0.53,0.00,0.90,0.00,0.00,0.73,0.75,0.0009,0.0043,     0,0,0,0.07,99.93,0.00,N/A,0.07,0.14,209.91,0.53,13.14,0.00,0.01,0.00,0.53,0.00,0.80,0.00,0.00,0.79,0.73,0.0008,0.0054,     0,0,0,0.06,99.94,0.00,N/A,0.06,0.11,209.91,0.53,13.14,0.00,0.01,0.00,0.53,0.00,0.85,0.00,0.00,0.91,0.75,0.0003,0.0047,     0,0,0,0.05,99.95,0.00,N/A,0.05,0.09,209.91,0.53,13.25,0.00,0.01,0.00,0.68,0.00,0.95,0.00,0.00,0.85,0.81,0.0003,0.0021,     0,0,0,0.15,99.85,0.00,N/A,0.21,0.30,209.91,0.68,17.09,0.00,0.02,0.00,0.56,0.00,0.92,0.00,0.00,0.76,0.58,0.0012,0.0063,     0,0,0,0.09,99.91,0.00,N/A,0.10,0.17,209.91,0.56,13.88,0.00,0.01,0.01,0.30,0.02,0.80,0.00,0.03,0.96,0.27,0.0009,0.0200,     0,0,0,2.82,97.18,0.00,N/A,1.43,4.74,209.91,0.30,7.52,0.01,0.17,0.00,0.44,0.00,0.72,0.00,0.00,0.57,0.72,0.0019,0.0051,     0,0,0,0.07,99.93,0.00,N/A,0.05,0.11,209.91,0.44,11.02,0.00,0.01,0.00,0.24,0.00,0.91,0.00,0.00,0.73,0.82,0.0003,0.0012,     0,0,0,0.28,99.72,0.00,N/A,0.13,0.53,209.91,0.24,5.90,0.00,0.02,0.00,0.46,0.00,0.76,0.00,0.00,0.79,0.73,0.0008,0.0047,     0,0,0,0.08,99.92,0.00,N/A,0.06,0.13,209.91,0.46,11.41,0.00,0.01,0.00,0.33,0.01,0.98,0.00,0.00,0.38,0.81,0.0013,0.0021,     0,0,0,1.05,98.95,0.00,N/A,0.72,2.16,209.91,0.33,8.29,0.00,0.09,0.00,0.58,0.00,0.92,0.00,0.00,0.81,0.64,0.0002,0.0021,     0,0,0,0.21,99.79,0.00,N/A,0.23,0.40,209.91,0.58,14.51,0.00,0.03,0.00,0.53,0.00,0.63,0.00,0.00,0.86,0.73,0.0006,0.0053,     0,0,0,0.09,99.91,0.00,N/A,0.06,0.12,209.91,0.53,13.27,0.00,0.01,0.00,0.55,0.00,0.75,0.00,0.00,0.80,0.54,0.0012,0.0069,     0,0,0,0.10,99.90,0.00,N/A,0.09,0.17,209.91,0.55,13.83,0.00,0.01,
2024-03-21,21:06:19.866,0.00,0.75,0.00,0.87,0.00,0.07,0.95,0.52,0.0003,0.0057,0.00,0.00,-2147483648,0.00,0.00,11.45,15.24,209.81,0.75,18.77,0.00,0.09,0.53,0.37,1.34,0.52,99.48,0.00,100.00,0.00,0.00,0.00,0.00,-nan,0.08,0.01,0.94,0.01,0.95,0.00,0.04,0.94,0.61,0.0002,0.0036,     0,0,0,0.00,0.00,-2147483648,0.00,0.00,N/A,9.80,10.45,209.81,0.94,23.45,0.01,0.15,0.00,0.34,0.00,0.74,0.00,0.03,0.95,0.34,0.0008,0.0181,     0,0,0,0.00,0.00,-2147483648,0.00,0.00,N/A,1.65,4.79,209.81,0.34,8.59,0.00,0.02,0.27,0.08,  0%,  0%,0.09,0.08,  0%,  0%,0.20,0.27,  0%,  0%,0.47,0.40,  0%,  0%,0.65,99.35,0.00,100.00,0.00,0.00,0.38,99.62,0.00,100.00,0.00,0.00,0.00,0.00,0.00 ,0.00 ,-nan ,-nan ,0.07,0.08,0.01,0.31,0.02,1.00,0.00,0.03,0.95,0.28,0.0010,0.0198,     0,0,0,2.22,97.78,0.00,N/A,1.45,4.65,209.81,0.31,7.80,0.01,0.17,0.00,0.97,0.00,0.98,0.00,0.00,0.74,0.70,0.0002,0.0012,     0,0,0,0.24,99.76,0.00,N/A,0.49,0.50,209.81,0.97,24.35,0.00,0.06,0.04,1.66,0.02,0.91,0.00,0.00,0.96,0.90,0.0000,0.0006,     0,0,0,2.34,97.66,0.00,N/A,7.39,4.46,209.81,1.66,41.38,0.04,0.88,0.00,0.50,0.00,0.93,0.00,0.00,0.94,0.70,0.0003,0.0063,     0,0,0,0.06,99.94,0.00,N/A,0.05,0.11,209.81,0.50,12.48,0.00,0.01,0.00,0.50,0.00,0.92,0.00,0.00,0.81,0.74,0.0006,0.0053,     0,0,0,0.06,99.94,0.00,N/A,0.06,0.11,209.81,0.50,12.51,0.00,0.01,0.00,0.51,0.00,0.81,0.00,0.00,0.91,0.75,0.0004,0.0049,     0,0,0,0.06,99.94,0.00,N/A,0.05,0.10,209.81,0.51,12.80,0.00,0.01,0.00,0.64,0.00,0.97,0.00,0.00,0.81,0.83,0.0003,0.0019,     0,0,0,0.16,99.84,0.00,N/A,0.21,0.32,209.81,0.64,16.00,0.00,0.02,0.00,0.56,0.00,0.92,0.00,0.00,0.73,0.60,0.0013,0.0063,     0,0,0,0.10,99.90,0.00,N/A,0.10,0.19,209.81,0.56,13.89,0.00,0.01,0.01,0.32,0.02,0.77,0.00,0.03,0.96,0.27,0.0008,0.0213,     0,0,0,2.49,97.51,0.00,N/A,1.32,4.05,209.81,0.32,8.12,0.01,0.16,0.00,0.41,0.00,0.67,0.00,0.00,0.69,0.72,0.0013,0.0055,     0,0,0,0.09,99.91,0.00,N/A,0.05,0.13,209.81,0.41,10.20,0.00,0.01,0.00,0.44,0.00,0.69,0.00,0.00,0.82,0.73,0.0007,0.0051,     0,0,0,0.08,99.92,0.00,N/A,0.05,0.11,209.81,0.44,11.04,0.00,0.01,0.00,0.52,0.00,0.45,0.00,0.00,0.86,0.72,0.0007,0.0055,     0,0,0,0.10,99.90,0.00,N/A,0.05,0.09,209.81,0.52,12.90,0.00,0.01,0.00,0.46,0.00,0.66,0.00,0.00,0.83,0.70,0.0008,0.0061,     0,0,0,0.09,99.91,0.00,N/A,0.05,0.12,209.81,0.46,11.41,0.00,0.01,0.00,0.46,0.00,0.65,0.00,0.00,0.78,0.70,0.0011,0.0057,     0,0,0,0.08,99.92,0.00,N/A,0.05,0.11,209.81,0.46,11.53,0.00,0.01,0.00,0.48,0.00,0.61,0.00,0.00,0.86,0.75,0.0006,0.0050,     0,0,0,0.09,99.91,0.00,N/A,0.06,0.12,209.81,0.48,11.97,0.00,0.01,0.00,0.31,0.00,0.55,0.00,0.00,0.62,0.86,0.0006,0.0024,     0,0,0,0.06,99.94,0.00,N/A,0.02,0.07,209.81,0.31,7.81,0.00,0.00,
2024-03-21,21:06:19.966,0.00,0.79,0.00,0.85,0.00,0.06,0.95,0.54,0.0003,0.0053,0.00,0.00,-2147483648,0.00,0.00,12.25,15.49,210.23,0.79,19.77,0.00,0.09,0.30,0.50,0.85,0.54,99.46,0.00,100.00,0.00,0.00,0.00,0.00,-nan,0.10,0.01,1.01,0.01,0.93,0.00,0.03,0.94,0.63,0.0002,0.0033,     0,0,0,0.00,0.00,-2147483648,0.00,0.00,N/A,10.57,10.49,210.23,1.01,25.19,0.01,0.16,0.00,0.34,0.00,0.73,0.00,0.03,0.96,0.34,0.0008,0.0178,     0,0,0,0.00,0.00,-2147483648,0.00,0.00,N/A,1.68,5.00,210.23,0.34,8.39,0.00,0.02,0.06,0.09,  0%,  0%,0.11,0.04,  0%,  0%,0.14,0.26,  0%,  0%,0.27,0.18,  0%,  0%,0.67,99.33,0.00,100.00,0.00,0.00,0.41,99.59,0.00,100.00,0.00,0.00,0.00,0.00,0.00 ,0.00 ,-nan ,-nan ,0.10,0.10,0.01,0.32,0.02,1.00,0.00,0.03,0.95,0.28,0.0009,0.0200,     0,0,0,2.11,97.89,0.00,N/A,1.42,4.43,210.23,0.32,8.03,0.01,0.17,0.01,1.50,0.00,0.99,0.00,0.00,0.66,0.72,0.0001,0.0005,     0,0,0,0.36,99.64,0.00,N/A,1.14,0.76,210.23,1.50,37.54,0.01,0.14,0.04,1.67,0.02,0.87,0.00,0.00,0.96,0.92,0.0000,0.0005,     0,0,0,2.46,97.54,0.00,N/A,7.53,4.51,210.23,1.67,41.78,0.04,0.89,0.00,0.53,0.00,0.93,0.00,0.00,0.77,0.73,0.0008,0.0053,     0,0,0,0.05,99.95,0.00,N/A,0.05,0.09,210.23,0.53,13.34,0.00,0.01,0.00,0.52,0.00,0.85,0.00,0.00,0.92,0.76,0.0003,0.0048,     0,0,0,0.06,99.94,0.00,N/A,0.05,0.10,210.23,0.52,12.91,0.00,0.01,0.00,0.54,0.00,0.84,0.00,0.00,0.91,0.76,0.0003,0.0045,     0,0,0,0.05,99.95,0.00,N/A,0.05,0.09,210.23,0.54,13.62,0.00,0.01,0.00,0.69,0.00,0.97,0.00,0.00,0.79,0.83,0.0003,0.0018,     0,0,0,0.14,99.86,0.00,N/A,0.20,0.30,210.23,0.69,17.30,0.00,0.02,0.00,0.57,0.00,0.96,0.00,0.00,0.63,0.56,0.0019,0.0068,     0,0,0,0.10,99.90,0.00,N/A,0.12,0.21,210.23,0.57,14.23,0.00,0.01,0.01,0.31,0.02,0.74,0.00,0.03,0.96,0.28,0.0008,0.0210,     0,0,0,2.74,97.26,0.00,N/A,1.34,4.28,210.23,0.31,7.84,0.01,0.16,0.00,0.44,0.00,0.70,0.00,0.00,0.68,0.73,0.0012,0.0053,     0,0,0,0.08,99.92,0.00,N/A,0.05,0.11,210.23,0.44,11.12,0.00,0.01,0.00,0.48,0.00,0.69,0.00,0.00,0.78,0.71,0.0007,0.0056,     0,0,0,0.08,99.92,0.00,N/A,0.05,0.11,210.23,0.48,12.00,0.00,0.01,0.00,0.47,0.00,0.65,0.00,0.00,0.84,0.75,0.0007,0.0049,     0,0,0,0.08,99.92,0.00,N/A,0.05,0.10,210.23,0.47,11.76,0.00,0.01,0.00,0.47,0.00,0.67,0.00,0.00,0.79,0.72,0.0010,0.0053,     0,0,0,0.08,99.92,0.00,N/A,0.05,0.11,210.23,0.47,11.75,0.00,0.01,0.00,0.49,0.00,0.67,0.00,0.00,0.80,0.71,0.0009,0.0058,     0,0,0,0.08,99.92,0.00,N/A,0.05,0.11,210.23,0.49,12.37,0.00,0.01,0.00,0.51,0.00,0.62,0.00,0.00,0.85,0.71,0.0006,0.0054,     0,0,0,0.09,99.91,0.00,N/A,0.06,0.12,210.23,0.51,12.74,0.00,0.01,0.00,0.35,0.00,0.52,0.00,0.00,0.77,0.86,0.0003,0.0027,     0,0,0,0.06,99.94,0.00,N/A,0.02,0.07,210.23,0.35,8.72,0.00,0.00,
2024-03-21,21:06:20.066,0.00,0.73,0.00,0.83,0.00,0.07,0.95,0.48,0.0003,0.0063,0.00,0.00,-2147483648,0.00,0.00,10.53,14.35,211.65,0.73,18.35,0.00,0.08,0.44,0.39,1.03,0.51,99.49,0.00,100.00,0.00,0.00,0.00,0.00,-nan,0.08,0.01,0.92,0.01,0.88,0.00,0.04,0.94,0.56,0.0002,0.0041,     0,0,0,0.00,0.00,-2147483648,0.00,0.00,N/A,8.89,9.66,211.65,0.92,23.01,0.01,0.13,0.00,0.35,0.00,0.74,0.00,0.03,0.95,0.34,0.0008,0.0181,     0,0,0,0.00,0.00,-2147483648,0.00,0.00,N/A,1.64,4.68,211.65,0.35,8.75,0.00,0.02,0.07,0.08,  0%,  0%,0.20,0.09,  0%,  0%,0.14,0.22,  0%,  0%,0.40,0.27,  0%,  0%,0.65,99.35,0.00,100.00,0.00,0.00,0.37,99.63,0.00,100.00,0.00,0.00,0.00,0.00,0.00 ,0.00 ,-nan ,-nan ,0.08,0.08,0.01,0.33,0.02,0.90,0.00,0.03,0.95,0.28,0.0010,0.0197,     0,0,0,2.35,97.65,0.00,N/A,1.45,4.45,211.65,0.33,8.14,0.01,0.17,0.01,1.47,0.00,0.96,0.00,0.00,0.66,0.69,0.0001,0.0005,     0,0,0,0.44,99.56,0.00,N/A,1.31,0.89,211.65,1.47,36.79,0.01,0.15,0.03,1.63,0.02,0.85,0.00,0.01,0.96,0.84,0.0000,0.0009,     0,0,0,1.93,98.07,0.00,N/A,5.65,3.46,211.65,1.63,40.86,0.03,0.67,0.00,0.45,0.00,0.84,0.00,0.00,0.91,0.72,0.0004,0.0056,     0,0,0,0.06,99.94,0.00,N/A,0.05,0.11,211.65,0.45,11.33,0.00,0.01,0.00,0.48,0.00,0.93,0.00,0.00,0.72,0.73,0.0010,0.0055,     0,0,0,0.06,99.94,0.00,N/A,0.06,0.12,211.65,0.48,11.95,0.00,0.01,0.00,0.52,0.00,0.76,0.00,0.00,0.94,0.74,0.0002,0.0049,     0,0,0,0.06,99.94,0.00,N/A,0.05,0.09,211.65,0.52,13.04,0.00,0.01,0.00,0.68,0.00,0.81,0.00,0.00,0.76,0.82,0.0004,0.0021,     0,0,0,0.19,99.81,0.00,N/A,0.22,0.33,211.65,0.68,16.96,0.00,0.03,0.00,0.50,0.00,0.91,0.00,0.00,0.62,0.55,0.0021,0.0072,     0,0,0,0.11,99.89,0.00,N/A,0.11,0.22,211.65,0.50,12.61,0.00,0.01,0.01,0.33,0.02,0.76,0.00,0.03,0.96,0.27,0.0008,0.0215,     0,0,0,2.46,97.54,0.00,N/A,1.31,3.98,211.65,0.33,8.24,0.01,0.15,0.00,0.44,0.00,0.68,0.00,0.00,0.64,0.74,0.0015,0.0050,     0,0,0,0.08,99.92,0.00,N/A,0.05,0.11,211.65,0.44,11.09,0.00,0.01,0.00,0.46,0.00,0.63,0.00,0.00,0.50,0.77,0.0018,0.0042,     0,0,0,0.08,99.92,0.00,N/A,0.05,0.11,211.65,0.46,11.52,0.00,0.01,0.00,0.48,0.00,0.74,0.00,0.00,0.86,0.72,0.0007,0.0055,     0,0,0,0.07,99.93,0.00,N/A,0.05,0.10,211.65,0.48,11.88,0.00,0.01,0.00,0.49,0.00,0.65,0.00,0.00,0.84,0.75,0.0007,0.0049,     0,0,0,0.07,99.93,0.00,N/A,0.05,0.10,211.65,0.49,12.18,0.00,0.01,0.00,0.47,0.00,0.65,0.00,0.00,0.85,0.71,0.0007,0.0055,     0,0,0,0.08,99.92,0.00,N/A,0.05,0.11,211.65,0.47,11.71,0.00,0.01,0.00,0.50,0.00,0.69,0.00,0.00,0.82,0.77,0.0007,0.0042,     0,0,0,0.08,99.92,0.00,N/A,0.06,0.12,211.65,0.50,12.53,0.00,0.01,0.00,0.37,0.00,0.49,0.00,0.00,0.90,0.87,0.0002,0.0021,     0,0,0,0.05,99.95,0.00,N/A,0.02,0.06,211.65,0.37,9.29,0.00,0.00,
2024-03-21,21:06:20.166,0.00,0.73,0.00,0.83,0.00,0.06,0.94,0.52,0.0003,0.0058,0.00,0.00,-2147483648,0.00,0.00,11.06,15.24,208.33,0.73,18.15,0.00,0.08,0.50,0.60,1.50,0.55,99.45,0.00,100.00,0.00,0.00,0.00,0.00,-nan,0.09,0.01,0.91,0.01,0.91,0.00,0.03,0.93,0.61,0.0002,0.0037,     0,0,0,0.00,0.00,-2147483648,0.00,0.00,N/A,9.37,10.25,208.33,0.91,22.87,0.01,0.14,0.00,0.34,0.00,0.70,0.00,0.03,0.95,0.34,0.0009,0.0177,     0,0,0,0.00,0.00,-2147483648,0.00,0.00,N/A,1.69,4.99,208.33,0.34,8.45,0.00,0.03,0.09,0.07,  0%,  0%,0.22,0.12,  0%,  0%,0.12,0.26,  0%,  0%,0.57,0.54,  0%,  0%,0.67,99.33,0.00,100.00,0.00,0.00,0.43,99.57,0.00,100.00,0.00,0.00,0.00,0.00,0.00 ,0.00 ,-nan ,-nan ,0.08,0.09,0.01,0.31,0.02,0.93,0.00,0.03,0.95,0.28,0.0011,0.0195,     0,0,0,2.47,97.53,0.00,N/A,1.46,4.78,208.33,0.31,7.66,0.01,0.18,0.00,1.28,0.00,0.98,0.00,0.00,0.69,0.63,0.0001,0.0007,     0,0,0,0.36,99.64,0.00,N/A,0.94,0.73,208.33,1.28,32.07,0.00,0.11,0.03,1.66,0.02,0.89,0.00,0.00,0.95,0.92,0.0000,0.0005,     0,0,0,1.90,98.10,0.00,N/A,5.83,3.52,208.33,1.66,41.47,0.03,0.70,0.00,1.55,0.00,0.96,0.00,0.00,0.91,0.94,0.0000,0.0004,     0,0,0,0.22,99.78,0.00,N/A,0.69,0.45,208.33,1.55,38.77,0.00,0.08,0.00,0.48,0.00,0.83,0.00,0.00,0.92,0.71,0.0004,0.0058,     0,0,0,0.07,99.93,0.00,N/A,0.06,0.12,208.33,0.48,11.91,0.00,0.01,0.00,0.54,0.00,1.00,0.00,0.00,0.88,0.71,0.0006,0.0057,     0,0,0,0.04,99.96,0.00,N/A,0.05,0.09,208.33,0.54,13.51,0.00,0.01,0.00,0.64,0.00,0.74,0.00,0.00,0.70,0.77,0.0006,0.0027,     0,0,0,0.25,99.75,0.00,N/A,0.25,0.39,208.33,0.64,16.01,0.00,0.03,0.00,0.52,0.00,0.91,0.00,0.00,0.68,0.57,0.0017,0.0065,     0,0,0,0.09,99.91,0.00,N/A,0.09,0.18,208.33,0.52,12.97,0.00,0.01,0.01,0.31,0.02,0.73,0.00,0.03,0.96,0.27,0.0009,0.0209,     0,0,0,2.79,97.21,0.00,N/A,1.34,4.27,208.33,0.31,7.84,0.01,0.16,0.00,0.44,0.00,0.64,0.00,0.00,0.72,0.74,0.0010,0.0049,     0,0,0,0.08,99.92,0.00,N/A,0.05,0.11,208.33,0.44,10.91,0.00,0.01,0.00,0.46,0.00,0.68,0.00,0.00,0.55,0.77,0.0016,0.0043,     0,0,0,0.08,99.92,0.00,N/A,0.05,0.11,208.33,0.46,11.39,0.00,0.01,0.00,0.54,0.00,0.42,0.00,0.00,0.86,0.70,0.0008,0.0063,     0,0,0,0.13,99.87,0.00,N/A,0.06,0.11,208.33,0.54,13.42,0.00,0.01,0.00,0.52,0.00,0.48,0.00,0.00,0.81,0.71,0.0008,0.0062,     0,0,0,0.11,99.89,0.00,N/A,0.06,0.11,208.33,0.52,12.98,0.00,0.01,0.00,0.50,0.00,0.47,0.00,0.00,0.79,0.72,0.0010,0.0056,     0,0,0,0.10,99.90,0.00,N/A,0.05,0.10,208.33,0.50,12.41,0.00,0.01,0.00,0.51,0.00,0.57,0.00,0.00,0.82,0.72,0.0007,0.0052,     0,0,0,0.10,99.90,0.00,N/A,0.06,0.12,208.33,0.51,12.82,0.00,0.01,0.00,0.37,0.00,0.60,0.00,0.00,0.88,0.88,0.0002,0.0022,     0,0,0,0.04,99.96,0.00,N/A,0.02,0.05,208.33,0.37,9.18,0.00,0.00,
2024-03-21,21:06:20.266,0.00,0.76,0.00,0.88,0.00,0.06,0.94,0.55,0.0003,0.0052,0.00,0.00,-2147483648,0.00,0.00,12.61,16.67,212.01,0.76,18.91,0.00,0.09,0.48,0.43,1.73,0.56,99.44,0.00,100.00,0.00,0.00,0.00,0.00,-nan,0.08,0.01,0.97,0.01,0.91,0.00,0.04,0.93,0.65,0.0002,0.0032,     0,0,0,0.00,0.00,-2147483648,0.00,0.00,N/A,10.92,11.27,212.01,0.97,24.23,0.01,0.16,0.00,0.31,0.00,0.82,0.00,0.03,0.95,0.34,0.0008,0.0176,     0,0,0,0.00,0.00,-2147483648,0.00,0.00,N/A,1.69,5.40,212.01,0.31,7.80,0.00,0.02,0.08,0.19,  0%,  0%,0.11,0.10,  0%,  0%,0.33,0.31,  0%,  0%,0.52,0.57,  0%,  0%,0.73,99.27,0.00,100.00,0.00,0.00,0.39,99.61,0.00,,100.00,0.00,0.0,0.00,0.00,0.00 ,0.00 ,-nan ,-nan ,0.08,0.08,0.01,0.30,0.02,0.91,0.00,0.03,0.94,0.28,0.0011,0.0193,     0,0,0,2.61,97.39,0.00,N/A,1.49,5.03,212.01,0.30,7.41,0.01,0.18,0.00,1.28,0.00,0.92,0.00,0.00,0.80,0.72,0.0001,0.0009,     0,0,0,0.20,99.80,0.00,N/A,0.51,0.40,212.01,1.28,31.89,0.00,0.06,0.00,0.47,0.00,0.79,0.00,0.00,0.69,0.70,0.0011,0.0056,     0,0,0,0.06,99.94,0.00,N/A,0.05,0.10,212.01,0.47,11.71,0.00,0.01,0.02,1.65,0.01,0.98,0.00,0.00,0.96,0.89,0.0000,0.0007,     0,0,0,1.21,98.79,0.00,N/A,4.13,2.50,212.01,1.65,41.26,0.02,0.49,0.00,0.46,0.00,0.75,0.00,0.00,0.91,0.73,0.0004,0.0056,     0,0,0,0.07,99.93,0.00,N/A,0.06,0.12,212.01,0.46,11.62,0.00,0.01,0.02,1.68,0.01,0.88,0.00,0.00,0.97,0.94,0.0000,0.0004,     0,0,0,1.40,98.60,0.00,N/A,4.37,2.61,212.01,1.68,41.92,0.02,0.52,0.00,0.68,0.00,0.84,0.00,0.00,0.80,0.85,0.0003,0.0016,     0,0,0,0.18,99.82,0.00,N/A,0.21,0.31,212.01,0.68,17.10,0.00,0.03,0.00,0.55,0.00,0.83,0.00,0.00,0.67,0.58,0.0018,0.0067,     0,0,0,0.11,99.89,0.00,N/A,0.11,0.20,212.01,0.55,13.66,0.00,0.01,0.01,0.29,0.02,0.90,0.00,0.03,0.96,0.27,0.0008,0.0206,     0,0,0,2.48,97.52,0.00,N/A,1.36,4.71,212.01,0.29,7.25,0.01,0.16,0.00,0.44,0.00,0.65,0.00,0.00,0.68,0.73,0.0010,0.0051,     0,0,0,0.08,99.92,0.00,N/A,0.05,0.11,212.01,0.44,11.07,0.00,0.01,0.00,0.46,0.00,0.43,0.00,0.00,0.69,0.79,0.0009,0.0040,     0,0,0,0.11,99.89,0.00,N/A,0.05,0.10,212.01,0.46,11.40,0.00,0.01,0.00,0.51,0.00,0.45,0.00,0.00,0.83,0.72,0.0008,0.0055,     0,0,0,0.10,99.90,0.00,N/A,0.05,0.10,212.01,0.51,12.69,0.00,0.01,0.00,0.46,0.00,0.60,0.00,0.00,0.80,0.74,0.0009,0.0049,     0,0,0,0.09,99.91,0.00,N/A,0.05,0.11,212.01,0.46,11.49,0.00,0.01,0.00,0.43,0.00,0.60,0.00,0.00,0.85,0.71,0.0008,0.0058,     0,0,0,0.09,99.91,0.00,N/A,0.05,0.11,212.01,0.43,10.83,0.00,0.01,0.00,0.52,0.00,0.59,0.00,0.00,0.74,0.71,0.0012,0.0056,     0,0,0,0.09,99.91,0.00,N/A,0.06,0.12,212.01,0.52,13.08,0.00,0.01,0.00,0.35,0.00,0.47,0.00,0.00,0.83,0.90,0.0002,0.0016,     0,0,0,0.06,99.94,0.00,N/A,0.02,0.06,212.01,0.35,8.74,0.00,0.00,
2024-03-21,21:06:20.366,0.00,0.71,0.00,0.87,0.00,0.07,0.94,0.52,0.0003,0.0060,0.00,0.00,-2147483648,0.00,0.00,11.17,15.72,210.12,0.71,17.76,0.00,0.08,0.46,0.40,0.99,0.54,99.46,0.00,100.00,0.00,0.00,0.00,0.00,-nan,0.09,0.01,0.90,0.01,0.91,0.00,0.04,0.94,0.60,0.0002,0.0039,     0,0,0,0.00,0.00,-2147483648,0.00,0.00,N/A,9.48,10.58,210.12,0.90,22.40,0.01,0.14,0.00,0.33,0.00,0.81,0.00,0.03,0.95,0.34,0.0009,0.0176,     0,0,0,0.00,0.00,-2147483648,0.00,0.00,N/A,1.69,5.14,210.12,0.33,8.22,0.00,0.03,0.21,0.13,  0%,  0%,0.09,0.03,  0%,  0%,0.21,0.36,  0%,  0%,0.25,0.17,  0%,  0%,0.69,99.31,0.00,100.00,0.00,0.00,0.38,99.62,0.00,100.00,0.00,0.00,0.00,0.00,0.00 ,0.00 ,-nan ,-nan ,0.09,0.09,0.01,0.30,0.02,0.89,0.00,0.03,0.94,0.28,0.0010,0.0188,     0,0,0,2.74,97.26,0.00,N/A,1.53,5.14,210.12,0.30,7.41,0.01,0.18,0.00,0.92,0.00,0.93,0.00,0.00,0.77,0.72,0.0003,0.0021,     0,0,0,0.12,99.88,0.00,N/A,0.22,0.24,210.12,0.92,22.93,0.00,0.03,0.00,0.51,0.00,0.81,0.00,0.00,0.77,0.69,0.0009,0.0062,     0,0,0,0.06,99.94,0.00,N/A,0.05,0.10,210.12,0.51,12.67,0.00,0.01,0.00,0.56,0.00,0.85,0.00,0.00,0.93,0.72,0.0003,0.0058,     0,0,0,0.06,99.94,0.00,N/A,0.06,0.10,210.12,0.56,14.09,0.00,0.01,0.00,0.51,0.00,0.86,0.00,0.00,0.79,0.73,0.0009,0.0054,     0,0,0,0.06,99.94,0.00,N/A,0.06,0.11,210.12,0.51,12.75,0.00,0.01,0.03,1.65,0.02,0.93,0.00,0.01,0.96,0.87,0.0000,0.0008,     0,0,0,2.25,97.75,0.00,N/A,7.26,4.40,210.12,1.65,41.23,0.03,0.86,0.00,0.71,0.00,0.83,0.00,0.00,0.82,0.82,0.0003,0.0020,     0,0,0,0.17,99.83,0.00,N/A,0.22,0.30,210.12,0.71,17.76,0.00,0.03,0.00,0.53,0.00,0.95,0.00,0.00,0.72,0.57,0.0015,0.0067,     0,0,0,0.09,99.91,0.00,N/A,0.09,0.17,210.12,0.53,13.27,0.00,0.01,0.01,0.31,0.02,0.86,0.00,0.03,0.96,0.28,0.0008,0.0208,     0,0,0,2.45,97.55,0.00,N/A,1.35,4.40,210.12,0.31,7.65,0.01,0.16,0.00,0.43,0.00,0.60,0.00,0.00,0.50,0.74,0.0021,0.0052,     0,0,0,0.10,99.90,0.00,N/A,0.05,0.12,210.12,0.43,10.67,0.00,0.01,0.00,0.47,0.00,0.71,0.00,0.00,0.76,0.74,0.0007,0.0048,     0,0,0,0.07,99.93,0.00,N/A,0.05,0.11,210.12,0.47,11.77,0.00,0.01,0.00,0.48,0.00,0.68,0.00,0.00,0.82,0.71,0.0008,0.0057,     0,0,0,0.07,99.93,0.00,N/A,0.05,0.11,210.12,0.48,11.91,0.00,0.01,0.00,0.47,0.00,0.63,0.00,0.00,0.81,0.73,0.0009,0.0050,     0,0,0,0.08,99.92,0.00,N/A,0.05,0.11,210.12,0.47,11.67,0.00,0.01,0.00,0.46,0.00,0.62,0.00,0.00,0.82,0.69,0.0009,0.0061,     0,0,0,0.09,99.91,0.00,N/A,0.05,0.11,210.12,0.46,11.47,0.00,0.01,0.00,0.52,0.00,0.57,0.00,0.00,0.78,0.76,0.0008,0.0043,     0,0,0,0.10,99.90,0.00,N/A,0.07,0.12,210.12,0.52,13.11,0.00,0.01,0.00,0.38,0.00,0.53,0.00,0.00,0.81,0.81,0.0004,0.0039,     0,0,0,0.05,99.95,0.00,N/A,0.02,0.06,210.12,0.38,9.53,0.00,0.00,
2024-03-21,21:06:20.466,0.00,0.79,0.00,0.84,0.00,0.06,0.95,0.53,0.0003,0.0055,0.00,0.00,-2147483648,0.00,0.00,11.36,14.47,209.81,0.79,19.63,0.00,0.08,0.69,0.48,1.41,0.51,99.49,0.00,100.00,0.00,0.00,0.00,0.00,-nan,0.08,0.01,0.98,0.01,0.91,0.00,0.03,0.94,0.63,0.0002,0.0034,     0,0,0,0.00,0.00,-2147483648,0.00,0.00,N/A,9.73,9.93,209.81,0.98,24.51,0.01,0.14,0.00,0.36,0.00,0.71,0.00,0.03,0.96,0.34,0.0007,0.0180,     0,0,0,0.00,0.00,-2147483648,0.00,0.00,N/A,1.63,4.55,209.81,0.36,8.97,0.00,0.02,0.22,0.33,  0%,  0%,0.10,0.03,  0%,  0%,0.60,0.39,  0%,  0%,0.24,0.18,  0%,  0%,0.65,99.35,0.00,100.00,0.00,0.00,0.38,99.62,0.00,100.00,0.00,0.00,0.00,0.00,0.00 ,0.00 ,-nan ,-nan ,0.08,0.08,0.01,0.33,0.02,0.94,0.00,0.03,0.95,0.27,0.0010,0.0201,     0,0,0,2.21,97.79,0.00,N/A,1.43,4.37,209.81,0.33,8.19,0.01,0.17,0.01,1.44,0.00,0.99,0.00,0.00,0.62,0.73,0.0001,0.0005,     0,0,0,0.41,99.59,0.00,N/A,1.22,0.85,209.81,1.44,36.08,0.01,0.15,0.00,0.49,0.00,0.80,0.00,0.00,0.74,0.74,0.0009,0.0051,     0,0,0,0.06,99.94,0.00,N/A,0.05,0.10,209.81,0.49,12.17,0.00,0.01,0.00,0.50,0.00,0.89,0.00,0.00,0.82,0.75,0.0006,0.0050,     0,0,0,0.05,99.95,0.00,N/A,0.05,0.10,209.81,0.50,12.47,0.00,0.01,0.00,0.51,0.00,0.90,0.00,0.00,0.81,0.74,0.0007,0.0052,     0,0,0,0.06,99.94,0.00,N/A,0.05,0.11,209.81,0.51,12.82,0.00,0.01,0.03,1.68,0.02,0.88,0.00,0.00,0.96,0.95,0.0000,0.0003,     0,0,0,2.14,97.86,0.00,N/A,6.65,3.95,209.81,1.68,42.06,0.03,0.79,0.00,0.65,0.00,0.87,0.00,0.00,0.78,0.84,0.0003,0.0018,     0,0,0,0.15,99.85,0.00,N/A,0.18,0.28,209.81,0.65,16.24,0.00,0.02,0.00,0.55,0.00,0.91,0.00,0.00,0.73,0.58,0.0014,0.0067,     0,0,0,0.09,99.91,0.00,N/A,0.10,0.18,209.81,0.55,13.65,0.00,0.01,0.01,0.34,0.02,0.75,0.00,0.03,0.96,0.28,0.0007,0.0213,     0,0,0,2.46,97.54,0.00,N/A,1.30,3.86,209.81,0.34,8.44,0.01,0.16,0.00,0.46,0.00,0.68,0.00,0.00,0.57,0.74,0.0019,0.0048,     0,0,0,0.07,99.93,0.00,N/A,0.05,0.11,209.81,0.46,11.39,0.00,0.01,0.00,0.53,0.00,0.45,0.00,0.00,0.81,0.74,0.0006,0.0048,     0,0,0,0.10,99.90,0.00,N/A,0.05,0.09,209.81,0.53,13.24,0.00,0.01,0.00,0.47,0.00,0.43,0.00,0.00,0.88,0.74,0.0005,0.0050,     0,0,0,0.11,99.89,0.00,N/A,0.05,0.10,209.81,0.47,11.83,0.00,0.01,0.00,0.51,0.00,0.61,0.00,0.00,0.90,0.71,0.0005,0.0058,     0,0,0,0.08,99.92,0.00,N/A,0.05,0.10,209.81,0.51,12.64,0.00,0.01,0.00,0.46,0.00,0.61,0.00,0.00,0.86,0.69,0.0007,0.0059,     0,0,0,0.08,99.92,0.00,N/A,0.05,0.11,209.81,0.46,11.49,0.00,0.01,0.00,0.52,0.00,0.66,0.00,0.00,0.81,0.73,0.0008,0.0052,     0,0,0,0.09,99.91,0.00,N/A,0.06,0.12,209.81,0.52,12.97,0.00,0.01,0.00,0.36,0.00,0.54,0.00,0.00,0.91,0.91,0.0001,0.0016,     0,0,0,0.05,99.95,0.00,N/A,0.02,0.06,209.81,0.36,8.88,0.00,0.00,
2024-03-21,21:06:20.566,0.00,0.68,0.00,0.86,0.00,0.07,0.94,0.50,0.0004,0.0068,0.00,0.00,-2147483648,0.00,0.00,9.86,14.54,209.92,0.68,16.94,0.00,0.07,0.52,0.66,1.41,0.50,99.50,0.00,100.00,0.00,0.00,0.00,0.00,-nan,0.10,0.00,0.86,0.01,0.91,0.00,0.04,0.94,0.58,0.0003,0.0045,     0,0,0,0.00,0.00,-2147483648,0.00,0.00,N/A,8.17,9.50,209.92,0.86,21.50,0.00,0.12,0.00,0.33,0.00,0.78,0.00,0.03,0.95,0.34,0.0009,0.0178,     0,0,0,0.00,0.00,-2147483648,0.00,0.00,N/A,1.69,5.05,209.92,0.33,8.35,0.00,0.03,0.24,0.16,  0%,  0%,0.09,0.03,  0%,  0%,0.26,0.75,  0%,  0%,0.23,0.17,  0%,  0%,0.62,99.38,0.00,100.00,0.00,0.00,0.38,99.62,0.00,100.00,0.00,0.00,0.00,0.00,0.00 ,0.00 ,-nan ,-nan ,0.11,0.10,0.01,0.33,0.02,0.94,0.00,0.03,0.96,0.28,0.0009,0.0203,     0,0,0,2.13,97.87,0.00,N/A,1.39,4.22,209.92,0.33,8.22,0.01,0.17,0.00,1.02,0.00,0.92,0.00,0.00,0.82,0.68,0.0002,0.0020,    ,     0,0,0,0.84,,0.00,N/A,0.28,0.27,209.92,1.02,25.38,0.00,0.03,0.00,0.50,0.00,0.81,0.00,0.00,0.77,0.69,0.0009,0.0062,     0,0,0,0.06,99.94,0.00,N/A,0.05,0.11,209.92,0.50,12.56,0.00,0.01,0.00,0.54,0.00,0.81,0.00,0.00,0.93,0.72,0.0003,0.0062,     0,0,0,0.06,99.94,0.00,N/A,0.05,0.10,209.92,0.54,13.39,0.00,0.01,0.00,0.51,0.00,0.90,0.00,0.00,0.91,0.75,0.0003,0.0051,     0,0,0,0.06,99.94,0.00,N/A,0.06,0.11,209.92,0.51,12.71,0.00,0.01,0.03,1.64,0.02,0.87,0.00,0.00,0.97,0.88,0.0000,0.0008,     0,0,0,1.95,98.05,0.00,N/A,5.85,3.57,209.92,1.64,40.97,0.03,0.70,0.00,0.64,0.00,0.88,0.00,0.00,0.70,0.78,0.0005,0.0026,     0,0,0,0.20,99.80,0.00,N/A,0.24,0.37,209.92,0.64,15.99,0.00,0.03,0.00,0.34,0.00,0.98,0.00,0.00,0.60,0.63,0.0022,0.0073,     0,0,0,0.36,99.64,0.00,N/A,0.26,0.75,209.92,0.34,8.61,0.00,0.03,0.01,0.31,0.02,0.83,0.00,0.03,0.96,0.27,0.0008,0.0210,     0,0,0,2.47,97.53,0.00,N/A,1.34,4.31,209.92,0.31,7.77,0.01,0.16,0.00,0.44,0.00,0.69,0.00,0.00,0.58,0.73,0.0017,0.0050,     0,0,0,0.08,99.92,0.00,N/A,0.05,0.11,209.92,0.44,10.94,0.00,0.01,0.00,0.45,0.00,0.65,0.00,0.00,0.75,0.73,0.0008,0.0050,     0,0,0,0.08,99.92,0.00,N/A,0.05,0.11,209.92,0.45,11.28,0.00,0.01,0.00,0.46,0.00,0.43,0.00,0.00,0.80,0.68,0.0011,0.0061,     0,0,0,0.12,99.88,0.00,N/A,0.05,0.10,209.92,0.46,11.47,0.00,0.01,0.00,0.49,0.00,0.65,0.00,0.00,0.86,0.70,0.0007,0.0059,     0,0,0,0.08,99.92,0.00,N/A,0.05,0.11,209.92,0.49,12.23,0.00,0.01,0.00,0.47,0.00,0.65,0.00,0.00,0.87,0.70,0.0006,0.0055,     0,0,0,0.08,99.92,0.00,N/A,0.05,0.10,209.92,0.47,11.79,0.00,0.01,0.00,0.53,0.00,0.60,0.00,0.00,0.71,0.72,0.0012,0.0052,     0,0,0,0.10,99.90,0.00,N/A,0.06,0.12,209.92,0.53,13.30,0.00,0.01,0.00,0.44,0.00,0.44,0.00,0.00,0.90,0.73,0.0004,0.0049,     0,0,0,0.08,99.92,0.00,N/A,0.03,0.08,209.92,0.44,11.00,0.00,0.00,
2024-03-21,21:06:20.666,0.00,0.77,0.00,0.88,0.00,0.06,0.95,0.52,0.0003,0.0055,0.00,0.00,-2147483648,0.00,0.00,11.62,15.18,210.26,0.77,19.14,0.00,0.09,1.21,0.94,2.21,0.51,99.49,0.00,100.00,0.00,0.00,0.00,0.00,-nan,0.09,0.01,0.96,0.01,0.95,0.00,0.03,0.94,0.62,0.0002,0.0035,     0,0,0,0.00,0.00,-2147483648,0.00,0.00,N/A,9.97,10.42,210.26,0.96,23.92,0.01,0.15,0.00,0.35,0.00,0.77,0.00,0.03,0.95,0.34,0.0008,0.0180,     0,0,0,0.00,0.00,-2147483648,0.00,0.00,N/A,1.65,4.75,210.26,0.35,8.66,0.00,0.02,0.19,0.89,  0%,  0%,0.10,0.03,  0%,  0%,1.32,0.52,  1%,  0%,0.23,0.14,  0%,  0%,0.65,99.35,0.00,100.00,0.00,0.00,0.37,99.63,0.00,100.00,0.00,0.00,0.00,0.00,0.00 ,0.00 ,-nan ,-nan ,0.09,0.08,0.01,0.31,0.02,1.00,0.00,0.03,0.95,0.28,0.0009,0.0195,     0,0,0,2.26,97.74,0.00,N/A,1.46,4.75,210.26,0.31,7.70,0.01,0.17,0.01,1.41,0.00,0.99,0.00,0.00,0.63,0.70,0.0001,0.0005,     0,0,0,0.36,99.64,0.00,N/A,1.05,0.75,210.26,1.41,35.22,0.01,0.13,0.00,0.52,0.00,0.72,0.00,0.00,0.79,0.69,0.0008,0.0062,     0,0,0,0.07,99.93,0.00,N/A,0.05,0.10,210.26,0.52,13.01,0.00,0.01,0.00,0.43,0.00,0.93,0.00,0.00,0.77,0.73,0.0009,0.0056,     0,0,0,0.06,99.94,0.00,N/A,0.05,0.11,210.26,0.43,10.63,0.00,0.01,0.00,0.51,0.00,0.85,0.00,0.00,0.85,0.76,0.0004,0.0049,     0,0,0,0.06,99.94,0.00,N/A,0.05,0.10,210.26,0.51,12.86,0.00,0.01,0.03,1.69,0.02,0.90,0.00,0.00,0.96,0.91,0.0000,0.0005,     0,0,0,2.18,97.82,0.00,N/A,7.02,4.14,210.26,1.69,42.35,0.03,0.83,0.00,0.65,0.00,0.92,0.00,0.00,0.73,0.83,0.0004,0.0019,     0,0,0,0.15,99.85,0.00,N/A,0.19,0.29,210.26,0.65,16.33,0.00,0.02,0.00,0.54,0.00,0.91,0.00,0.00,0.71,0.55,0.0016,0.0071,     0,0,0,0.09,99.91,0.00,N/A,0.09,0.17,210.26,0.54,13.49,0.00,0.01,0.01,0.33,0.02,0.80,0.00,0.03,0.96,0.28,0.0008,0.0214,     0,0,0,2.38,97.62,0.00,N/A,1.30,3.99,210.26,0.33,8.13,0.01,0.15,0.00,0.44,0.00,0.67,0.00,0.00,0.57,0.71,0.0019,0.0054,     0,0,0,0.08,99.92,0.00,N/A,0.05,0.11,210.26,0.44,10.93,0.00,0.01,0.00,0.44,0.00,0.60,0.00,0.00,0.78,0.74,0.0007,0.0049,     0,0,0,0.09,99.91,0.00,N/A,0.05,0.11,210.26,0.44,10.97,0.00,0.01,0.00,0.46,0.00,0.61,0.00,0.00,0.81,0.73,0.0008,0.0050,     0,0,0,0.08,99.92,0.00,N/A,0.05,0.10,210.26,0.46,11.57,0.00,0.01,0.00,0.47,0.00,0.69,0.00,0.00,0.81,0.73,0.0009,0.0052,     0,0,0,0.07,99.93,0.00,N/A,0.05,0.11,210.26,0.47,11.80,0.00,0.01,0.00,0.47,0.00,0.70,0.00,0.00,0.86,0.68,0.0007,0.0062,     0,0,0,0.07,99.93,0.00,N/A,0.05,0.11,210.26,0.47,11.82,0.00,0.01,0.00,0.48,0.00,0.69,0.00,0.00,0.80,0.68,0.0010,0.0055,     0,0,0,0.10,99.90,0.00,N/A,0.07,0.14,210.26,0.48,11.95,0.00,0.01,0.00,0.41,0.00,0.54,0.00,0.00,0.82,0.80,0.0005,0.0043,     0,0,0,0.06,99.94,0.00,N/A,0.03,0.07,210.26,0.41,10.33,0.00,0.00,
2024-03-21,21:06:20.766,0.00,0.60,0.00,0.95,0.00,0.07,0.93,0.47,0.0005,0.0069,0.00,0.00,-2147483648,0.00,0.00,9.53,15.99,209.79,0.60,14.90,0.00,0.07,0.90,0.53,2.66,0.50,99.50,0.00,100.00,0.00,0.00,0.00,0.00,-nan,0.08,0.00,0.71,0.01,0.98,0.00,0.03,0.92,0.53,0.0004,0.0054,     0,0,0,0.00,0.00,-2147483648,0.00,0.00,N/A,6.40,9.04,209.79,0.71,17.71,0.00,0.10,0.00,0.45,0.00,0.92,0.00,0.03,0.93,0.37,0.0007,0.0100,     0,0,0,0.00,0.00,-2147483648,0.00,0.00,N/A,3.13,6.96,209.79,0.45,11.25,0.00,0.05,0.19,0.13,  0%,  0%,0.36,0.22,  0%,  0%,0.25,0.66,  0%,  0%,1.10,0.65,  0%,  0%,0.55,99.45,0.00,100.00,0.00,0.00,0.45,99.55,0.00,100.00,0.00,0.00,0.00,0.00,0.00 ,0.00 ,-nan ,-nan ,0.08,0.09,0.01,0.29,0.02,1.00,0.00,0.03,0.94,0.28,0.0011,0.0192,     0,0,0,2.48,97.52,0.00,N/A,1.49,5.20,209.79,0.29,7.18,0.01,0.18,0.00,1.40,0.00,0.97,0.00,0.00,0.76,0.68,0.0001,0.0007,     0,0,0,0.31,99.69,0.00,N/A,0.88,0.63,209.79,1.40,34.99,0.00,0.10,0.00,0.39,0.00,0.89,0.00,0.00,0.89,0.64,0.0006,0.0071,     0,0,0,0.07,99.93,0.00,N/A,0.05,0.12,209.79,0.39,9.75,0.00,0.01,0.00,0.50,0.00,0.87,0.00,0.00,0.69,0.70,0.0013,0.0065,     0,0,0,0.06,99.94,0.00,N/A,0.05,0.10,209.79,0.50,12.59,0.00,0.01,0.00,0.46,0.00,0.77,0.00,0.00,0.79,0.67,0.0010,0.0066,     0,0,0,0.08,99.92,0.00,N/A,0.06,0.12,209.79,0.46,11.46,0.00,0.01,0.00,0.50,0.00,0.81,0.00,0.00,0.79,0.71,0.0010,0.0057,     0,0,0,0.06,99.94,0.00,N/A,0.05,0.10,209.79,0.50,12.49,0.00,0.01,0.02,1.49,0.01,0.98,0.00,0.00,0.87,0.90,0.0001,0.0007,     0,0,0,1.19,98.81,0.00,N/A,3.64,2.45,209.79,1.49,37.15,0.02,0.43,0.00,0.58,0.00,0.97,0.00,0.00,0.59,0.54,0.0022,0.0071,     0,0,0,0.15,99.85,0.00,N/A,0.18,0.30,209.79,0.58,14.62,0.00,0.02,0.01,0.41,0.03,0.96,0.00,0.03,0.94,0.27,0.0007,0.0126,     0,0,0,2.79,97.21,0.00,N/A,2.29,5.63,209.79,0.41,10.19,0.01,0.27,0.00,0.42,0.00,0.68,0.00,0.00,0.52,0.69,0.0023,0.0058,     0,0,0,0.08,99.92,0.00,N/A,0.05,0.12,209.79,0.42,10.50,0.00,0.01,0.00,0.46,0.00,0.66,0.00,0.00,0.56,0.73,0.0014,0.0051,     0,0,0,0.08,99.92,0.00,N/A,0.05,0.11,209.79,0.46,11.48,0.00,0.01,0.00,0.46,0.00,0.67,0.00,0.00,0.83,0.67,0.0007,0.0057,     0,0,0,0.09,99.91,0.00,N/A,0.06,0.13,209.79,0.46,11.49,0.00,0.01,0.00,0.45,0.00,0.71,0.00,0.00,0.79,0.74,0.0009,0.0049,     0,0,0,0.07,99.93,0.00,N/A,0.05,0.11,209.79,0.45,11.28,0.00,0.01,0.00,0.46,0.00,0.71,0.00,0.00,0.78,0.70,0.0010,0.0055,     0,0,0,0.07,99.93,0.00,N/A,0.05,0.11,209.79,0.46,11.42,0.00,0.01,0.00,0.80,0.00,0.92,0.00,0.00,0.81,0.77,0.0003,0.0018,     0,0,0,0.36,99.64,0.00,N/A,0.55,0.69,209.79,0.80,19.94,0.00,0.07,0.00,0.42,0.00,0.51,0.00,0.00,0.66,0.88,0.0006,0.0022,     0,0,0,0.05,99.95,0.00,N/A,0.02,0.06,209.79,0.42,10.57,0.00,0.00,
2024-03-21,21:06:20.867,0.00,0.68,0.01,0.92,0.00,0.07,0.93,0.54,0.0004,0.0055,0.00,0.00,-2147483648,0.00,0.00,11.83,17.42,210.18,0.68,16.99,0.00,0.09,1.03,0.64,3.40,0.56,99.44,0.00,100.00,0.00,0.00,0.00,0.00,-nan,0.08,0.01,0.90,0.01,0.95,0.00,0.03,0.93,0.59,0.0003,0.0038,     0,0,0,0.00,0.00,-2147483648,0.00,0.00,N/A,9.23,10.27,210.18,0.90,22.45,0.01,0.14,0.00,0.37,0.00,0.89,0.00,0.03,0.94,0.46,0.0007,0.0118,     0,0,0,0.00,0.00,-2147483648,0.00,0.00,N/A,2.61,7.14,210.18,0.37,9.13,0.00,0.04,0.47,0.39,  0%,  0%,0.14,0.04,  0%,  0%,1.19,1.78,  1%,  1%,0.26,0.17,  0%,  0%,0.65,99.35,0.00,100.00,0.00,0.00,0.48,99.52,0.00,100.00,0.00,0.00,0.00,0.00,0.00 ,0.00 ,-nan ,-nan ,0.09,0.08,0.01,0.30,0.02,1.00,0.00,0.03,0.94,0.28,0.0011,0.0193,     0,0,0,2.33,97.67,0.00,N/A,1.48,4.90,210.18,0.30,7.57,0.01,0.18,0.01,1.54,0.00,0.99,0.00,0.00,0.61,0.70,0.0001,0.0004,     0,0,0,0.48,99.52,0.00,N/A,1.53,0.99,210.18,1.54,38.49,0.01,0.18,0.01,1.64,0.01,0.78,0.00,0.00,0.94,0.94,0.0000,0.0004,     0,0,0,1.06,98.94,0.00,N/A,2.88,1.76,210.18,1.64,41.00,0.01,0.34,0.00,0.54,0.00,0.93,0.00,0.00,0.87,0.69,0.0006,0.0009,0.0056,  0,0.05,99.95,0.00,N/A,0.05,0.10,210.18,0.54,13.55,0.00,0.01,0.00,0.44,0.00,0.75,0.00,0.00,0.78,0.73,0.0010,0.0053,     0,0,0,0.10,99.90,0.00,N/A,0.07,0.15,210.18,0.44,10.92,0.00,0.01,0.01,1.60,0.01,0.99,0.00,0.00,0.95,0.89,0.0000,0.0007,     0,0,0,0.84,99.16,0.00,N/A,2.82,1.76,210.18,1.60,39.92,0.01,0.33,0.00,0.70,0.00,0.98,0.00,0.00,0.82,0.84,0.0003,0.0020,     0,0,0,0.15,99.85,0.00,N/A,0.21,0.30,210.18,0.70,17.51,0.00,0.03,0.00,0.60,0.00,0.95,0.00,0.00,0.61,0.56,0.0021,0.0069,     0,0,0,0.15,99.85,0.00,N/A,0.18,0.31,210.18,0.60,14.97,0.00,0.02,0.01,0.29,0.02,0.88,0.00,0.03,0.96,0.27,0.0008,0.0206,     0,0,0,2.51,97.49,0.00,N/A,1.36,4.67,210.18,0.29,7.30,0.01,0.16,0.00,0.53,0.01,0.98,0.00,0.00,0.67,0.92,0.0003,0.0011,     0,0,0,0.88,99.12,0.00,N/A,0.96,1.81,210.18,0.53,13.22,0.00,0.11,0.00,0.41,0.00,0.83,0.00,0.00,0.57,0.62,0.0021,0.0069,     0,0,0,0.09,99.91,0.00,N/A,0.07,0.16,210.18,0.41,10.23,0.00,0.01,0.00,0.42,0.00,0.72,0.00,0.00,0.72,0.76,0.0009,0.0044,     0,0,0,0.07,99.93,0.00,N/A,0.05,0.11,210.18,0.42,10.48,0.00,0.01,0.00,0.48,0.00,0.74,0.00,0.00,0.80,0.74,0.0009,0.0050,     0,0,0,0.07,99.93,0.00,N/A,0.05,0.11,210.18,0.48,11.91,0.00,0.01,0.00,0.47,0.00,0.74,0.00,0.00,0.79,0.71,0.0011,0.0056,     0,0,0,0.07,99.93,0.00,N/A,0.05,0.11,210.18,0.47,11.74,0.00,0.01,0.00,0.43,0.00,0.76,0.00,0.00,0.79,0.69,0.0011,0.0060,     0,0,0,0.07,99.93,0.00,N/A,0.05,0.11,210.18,0.43,10.82,0.00,0.01,0.00,0.40,0.00,0.54,0.00,0.00,0.40,0.82,0.0018,0.0032,     0,0,0,0.06,99.94,0.00,N/A,0.03,0.07,210.18,0.40,9.89,0.00,0.00,
2024-03-21,21:06:20.974,0.01,0.86,0.01,0.92,0.01,0.08,0.88,0.65,0.0004,0.0037,0.00,0.00,-2147483648,0.00,0.00,21.19,24.53,211.76,0.86,21.60,0.01,0.16,0.78,0.12,3.95,0.78,99.22,0.00,100.00,0.00,0.00,0.00,0.00,-nan,0.08,0.01,0.89,0.01,0.90,0.01,0.04,0.86,0.65,0.0005,0.0035,     0,0,0,0.00,0.00,-2147483648,0.00,0.00,N/A,11.79,13.22,211.76,0.89,22.31,0.01,0.17,0.01,0.83,0.01,0.95,0.00,0.04,0.91,0.65,0.0004,0.0039,     0,0,0,0.00,0.00,-2147483648,0.00,0.00,N/A,9.40,11.31,211.76,0.83,20.78,0.01,0.14,0.23,0.30,  0%,  0%,0.16,0.09,  0%,  0%,1.56,1.72,  1%,  1%,0.37,0.30,  0%,  0%,0.87,99.13,0.00,100.00,0.00,0.00,0.70,99.30,0.00,100.00,0.00,0.00,0.00,0.00,0.00 ,0.00 ,-nan ,-nan ,0.08,0.08,0.01,0.41,0.02,0.84,0.00,0.03,0.93,0.26,0.0009,0.0140,     0,0,0,2.91,97.09,0.00,N/A,2.13,5.20,211.76,0.41,10.24,0.01,0.25,0.00,0.63,0.00,0.97,0.00,0.00,0.60,0.69,0.0010,0.0038,     0,0,0,0.26,99.74,0.00,N/A,0.33,0.53,211.76,0.63,15.71,0.00,0.04,0.00,0.44,0.00,0.87,0.00,0.00,0.92,0.47,0.0007,0.0109,     0,0,0,0.15,99.85,0.00,N/A,0.12,0.28,211.76,0.44,11.02,0.00,0.01,0.02,1.60,0.01,0.86,0.00,0.00,0.83,0.94,0.0001,0.0004,     0,0,0,1.20,98.80,0.00,N/A,3.48,2.18,211.76,1.60,40.02,0.02,0.41,0.00,0.91,0.00,0.98,0.00,0.00,0.83,0.82,0.0004,0.0025,     0,0,0,0.29,99.71,0.00,N/A,0.55,0.60,211.76,0.91,22.83,0.00,0.06,0.02,1.28,0.02,1.00,0.00,0.00,0.56,0.87,0.0004,0.0010,     0,0,0,1.77,98.23,0.00,N/A,4.75,3.72,211.76,1.28,31.91,0.02,0.57,0.00,0.65,0.00,0.82,0.00,0.00,0.61,0.83,0.0006,0.0021,     0,0,0,0.20,99.80,0.00,N/A,0.23,0.35,211.76,0.65,16.29,0.00,0.03,0.00,0.54,0.00,0.93,0.00,0.00,0.43,0.54,0.0030,0.0074,     0,0,0,0.18,99.82,0.00,N/A,0.19,0.36,211.76,0.54,13.47,0.00,0.02,0.01,0.30,0.02,0.89,0.00,0.03,0.96,0.27,0.0009,0.0211,     0,0,0,2.33,97.67,0.00,N/A,1.33,4.41,211.76,0.30,7.57,0.01,0.16,0.01,1.23,0.01,0.99,0.00,0.00,0.85,0.95,0.0001,0.0004,     0,0,0,1.01,98.99,0.00,N/A,2.60,2.11,211.76,1.23,30.80,0.01,0.31,0.00,0.39,0.00,0.95,0.00,0.00,0.59,0.65,0.0021,0.0064,     0,0,0,0.08,99.92,0.00,N/A,0.06,0.16,211.76,0.39,9.81,0.00,0.01,0.00,0.44,0.00,0.88,0.00,0.00,0.49,0.69,0.0027,0.0061,     0,0,0,0.07,99.93,0.00,N/A,0.05,0.12,211.76,0.44,11.07,0.00,0.01,0.00,0.45,0.00,0.87,0.00,0.00,0.76,0.71,0.0009,0.0056,     0,0,0,0.06,99.94,0.00,N/A,0.05,0.11,211.76,0.45,11.26,0.00,0.01,0.02,1.24,0.02,0.99,0.00,0.01,0.73,0.85,0.0003,0.0012,     0,0,0,2.01,97.99,0.00,N/A,5.23,4.23,211.76,1.24,30.90,0.02,0.62,0.00,0.46,0.00,0.87,0.00,0.00,0.77,0.69,0.0012,0.0058,     0,0,0,0.06,99.94,0.00,N/A,0.05,0.11,211.76,0.46,11.52,0.00,0.01,0.00,0.35,0.00,0.78,0.00,0.00,0.77,0.88,0.0003,0.0020,     0,0,0,0.04,99.96,0.00,N/A,0.02,0.06,211.76,0.35,8.63,0.00,0.00,
2024-03-21,21:06:21.068,0.00,0.75,0.01,0.95,0.01,0.07,0.90,0.57,0.0005,0.0053,0.00,0.00,-2147483648,0.00,0.00,13.87,18.50,211.86,0.75,18.74,0.00,0.10,1.53,0.50,3.71,0.58,99.42,0.00,100.00,0.00,0.00,0.00,0.00,-nan,0.09,0.01,0.84,0.01,0.98,0.00,0.04,0.90,0.56,0.0004,0.0043,     0,0,0,0.00,0.00,-2147483648,0.00,0.00,N/A,9.30,11.10,211.86,0.84,20.94,0.01,0.14,0.00,0.62,0.00,0.90,0.00,0.03,0.92,0.58,0.0006,0.0073,     0,0,0,0.00,0.00,-2147483648,0.00,0.00,N/A,4.57,7.39,211.86,0.62,15.44,0.00,0.07,0.07,0.20,  0%,  0%,0.81,0.45,  0%,  0%,0.31,0.46,  0%,  0%,1.55,1.39,  1%,  1%,0.67,99.33,0.00,100.00,0.00,0.00,0.49,99.51,0.00,100.00,0.00,0.00,0.00,0.00,0.00 ,0.00 ,-nan ,-nan ,0.09,0.09,0.01,0.32,0.02,1.00,0.00,0.03,0.93,0.28,0.0014,0.0190,     0,0,0,2.31,97.69,0.00,N/A,1.55,4.90,211.86,0.32,7.91,0.01,0.18,0.01,1.41,0.01,0.99,0.00,0.00,0.59,0.66,0.0002,0.0006,     0,0,0,0.52,99.48,0.00,N/A,1.51,1.07,211.86,1.41,35.26,0.01,0.18,0.00,1.25,0.00,0.94,0.00,0.00,0.74,0.76,0.0004,0.0017,     0,0,0,0.37,99.63,0.00,N/A,0.93,0.74,211.86,1.25,31.28,0.00,0.11,0.02,1.58,0.01,0.99,0.00,0.00,0.92,0.88,0.0001,0.0007,     0,0,0,1.15,98.85,0.00,N/A,3.76,2.39,211.86,1.58,39.39,0.02,0.45,0.00,0.33,0.00,0.75,0.00,0.00,0.94,0.85,0.0002,0.0030,     0,0,0,0.05,99.95,0.00,N/A,0.03,0.08,211.86,0.33,8.16,0.00,0.00,0.00,0.92,0.00,0.98,0.00,0.00,0.89,0.77,0.0003,0.0030,     0,0,0,0.32,99.68,0.00,N/A,0.61,0.67,211.86,0.92,22.95,0.00,0.07,0.00,0.84,0.00,0.96,0.00,0.00,0.83,0.71,0.0004,0.0026,     0,0,0,0.40,99.60,0.00,N/A,0.68,0.81,211.86,0.84,21.05,0.00,0.08,0.00,0.51,0.00,0.93,0.00,0.00,0.47,0.57,0.0024,0.0062,     0,0,0,0.23,99.77,0.00,N/A,0.22,0.44,211.86,0.51,12.65,0.00,0.03,0.01,0.30,0.02,0.88,0.00,0.03,0.96,0.27,0.0008,0.0212,     0,0,0,2.38,97.62,0.00,N/A,1.31,4.42,211.86,0.30,7.43,0.01,0.16,0.00,0.39,0.00,0.67,0.00,0.00,0.34,0.80,0.0019,0.0039,     0,0,0,0.04,99.96,0.00,N/A,0.02,0.06,211.86,0.39,9.81,0.00,0.00,0.00,0.65,0.00,0.89,0.00,0.00,0.46,0.70,0.0015,0.0036,     0,0,0,0.19,99.81,0.00,N/A,0.23,0.36,211.86,0.65,16.20,0.00,0.03,0.01,1.31,0.01,0.99,0.00,0.00,0.73,0.89,0.0004,0.0013,     0,0,0,1.04,98.96,0.00,N/A,2.84,2.17,211.86,1.31,32.69,0.01,0.34,0.00,0.40,0.00,0.79,0.00,0.00,0.67,0.65,0.0020,0.0071,     0,0,0,0.09,99.91,0.00,N/A,0.06,0.16,211.86,0.40,9.90,0.00,0.01,0.00,0.45,0.00,0.75,0.00,0.00,0.67,0.73,0.0015,0.0052,     0,0,0,0.07,99.93,0.00,N/A,0.05,0.12,211.86,0.45,11.14,0.00,0.01,0.00,0.38,0.00,0.63,0.00,0.00,0.74,0.85,0.0006,0.0030,     0,0,0,0.04,99.96,0.00,N/A,0.02,0.05,211.86,0.38,9.62,0.00,0.00,0.00,0.43,0.00,0.62,0.00,0.00,0.62,0.80,0.0008,0.0039,     0,0,0,0.04,99.96,0.00,N/A,0.03,0.06,211.86,0.43,10.64,0.00,0.00,
2024-03-21,21:06:21.168,0.00,0.76,0.00,0.78,0.00,0.06,0.94,0.52,0.0003,0.0057,0.00,0.00,-2147483648,0.00,0.00,11.14,14.59,208.63,0.76,19.09,0.00,0.08,0.98,0.85,3.41,0.55,99.45,0.00,100.00,0.00,0.00,0.00,0.00,-nan,0.10,0.01,0.98,0.01,0.81,0.00,0.03,0.93,0.61,0.0002,0.0036,     0,0,0,0.00,0.00,-2147483648,0.00,0.00,N/A,9.52,9.74,208.63,0.98,24.45,0.01,0.14,0.00,0.33,0.00,0.74,0.00,0.03,0.95,0.33,0.0009,0.0182,     0,0,0,0.00,0.00,-2147483648,0.00,0.00,N/A,1.61,4.85,208.63,0.33,8.33,0.00,0.02,0.08,0.10,  0%,  0%,0.32,0.48,  0%,  0%,0.16,0.38,  0%,  0%,1.51,1.35,  1%,  1%,0.72,99.28,0.00,100.00,0.00,0.00,0.39,99.61,0.00,100.00,0.00,0.00,0.00,0.00,0.00 ,0.00 ,-nan ,-nan ,0.09,0.11,0.01,0.33,0.02,0.79,0.00,0.03,0.95,0.28,0.0010,0.0203,     0,0,0,2.56,97.44,0.00,N/A,1.41,4.21,208.63,0.33,8.35,0.01,0.17,0.01,1.53,0.00,0.95,0.00,0.00,0.50,0.81,0.0001,0.0003,     0,0,0,0.39,99.61,0.00,N/A,1.20,0.78,208.63,1.53,38.33,0.01,0.14,0.02,1.60,0.01,0.84,0.00,0.00,0.94,0.90,0.0000,0.0006,     0,0,0,1.38,98.62,0.00,N/A,3.88,2.42,208.63,1.60,40.06,0.02,0.46,0.01,1.69,0.01,0.76,0.00,0.00,0.95,0.96,0.0000,0.0003,     0,0,0,0.95,99.05,0.00,N/A,2.56,1.52,208.63,1.69,42.24,0.01,0.30,0.00,0.46,0.00,0.67,0.00,0.00,0.86,0.85,0.0003,0.0033,     0,0,0,0.04,99.96,0.00,N/A,0.03,0.06,208.63,0.46,11.50,0.00,0.00,0.00,0.54,0.00,0.76,0.00,0.00,0.78,0,0.00,0.64,0.68,0,     0,0,0,0.08,99.92,0.00,N/A,0.07,0.13,208.63,0.54,13.38,0.00,0.01,0.00,0.66,0.00,0.75,0.00,0.00,0.68,0.85,0.0005,0.0018,     0,0,0,0.20,99.80,0.00,N/A,0.20,0.31,208.63,0.66,16.49,0.00,0.02,0.00,0.57,0.00,0.92,0.00,0.00,0.54,0.55,0.0024,0.0070,     0,0,0,0.16,99.84,0.00,N/A,0.18,0.31,208.63,0.57,14.17,0.00,0.02,0.01,0.32,0.02,0.75,0.00,0.03,0.96,0.27,0.0008,0.0213,     0,0,0,2.62,97.38,0.00,N/A,1.31,4.13,208.63,0.32,7.93,0.01,0.16,0.00,0.40,0.00,0.76,0.00,0.00,0.47,0.76,0.0021,0.0043,     0,0,0,0.07,99.93,0.00,N/A,0.04,0.10,208.63,0.40,9.96,0.00,0.00,0.00,0.48,0.00,0.62,0.00,0.00,0.71,0.75,0.0009,0.0051,     0,0,0,0.09,99.91,0.00,N/A,0.05,0.11,208.63,0.48,11.99,0.00,0.01,0.00,0.45,0.00,0.68,0.00,0.00,0.81,0.72,0.0009,0.0055,     0,0,0,0.08,99.92,0.00,N/A,0.05,0.11,208.63,0.45,11.22,0.00,0.01,0.00,0.42,0.00,0.69,0.00,0.00,0.69,0.69,0.0017,0.0062,     0,0,0,0.08,99.92,0.00,N/A,0.05,0.11,208.63,0.42,10.47,0.00,0.01,0.00,0.42,0.00,0.69,0.00,0.00,0.72,0.69,0.0016,0.0060,     0,0,0,0.08,99.92,0.00,N/A,0.05,0.12,208.63,0.42,10.61,0.00,0.01,0.00,0.40,0.00,0.75,0.00,0.00,0.62,0.75,0.0016,0.0044,     0,0,0,0.07,99.93,0.00,N/A,0.04,0.11,208.63,0.40,10.00,0.00,0.01,0.00,0.37,0.00,0.62,0.00,0.00,0.67,0.85,0.0006,0.0026,     0,0,0,0.04,99.96,0.00,N/A,0.02,0.05,208.63,0.37,9.33,0.00,0.00,
2024-03-21,21:06:21.268,0.00,0.83,0.00,0.87,0.00,0.06,0.95,0.57,0.0003,0.0049,0.00,0.00,-2147483648,0.00,0.00,12.68,15.21,209.71,0.83,20.83,0.00,0.09,0.50,0.32,1.18,0.52,99.48,0.00,100.00,0.00,0.00,0.00,0.00,-nan,0.08,0.01,1.04,0.01,0.94,0.00,0.03,0.94,0.67,0.0002,0.0030,     0,0,0,0.00,0.00,-2147483648,0.00,0.00,N/A,11.09,10.64,209.71,1.04,26.06,0.01,0.17,0.00,0.35,0.00,0.75,0.00,0.03,0.95,0.34,0.0008,0.0183,     0,0,0,0.00,0.00,-2147483648,0.00,0.00,N/A,1.59,4.58,209.71,0.35,8.68,0.00,0.02,0.14,0.13,  0%,  0%,0.17,0.06,  0%,  0%,0.25,0.25,  0%,  0%,0.36,0.33,  0%,  0%,0.67,99.33,0.00,100.00,0.00,0.00,0.36,99.64,0.00,100.00,0.00,0.00,0.00,0.00,0.00 ,0.00 ,-nan ,-nan ,0.08,0.09,0.01,0.33,0.02,0.92,0.00,0.03,0.95,0.28,0.0010,0.0199,     0,0,0,2.28,97.72,0.00,N/A,1.44,4.39,209.71,0.33,8.18,0.01,0.17,0.00,1.32,0.00,0.94,0.00,0.00,0.73,0.72,0.0001,0.0008,     0,0,0,0.21,99.79,0.00,N/A,0.55,0.42,209.71,1.32,33.09,0.00,0.07,0.00,0.44,0.00,0.79,0.00,0.00,0.73,0.71,0.0010,0.0054,     0,0,0,0.07,99.93,0.00,N/A,0.05,0.11,209.71,0.44,10.97,0.00,0.01,0.04,1.74,0.02,0.98,0.00,0.00,0.99,0.96,0.0000,0.0003,     0,0,0,2.40,97.60,0.00,N/A,8.58,4.93,209.71,1.74,43.52,0.04,1.03,0.00,0.48,0.00,0.67,0.00,0.00,0.98,0.86,0.0000,0.0029,     0,0,0,0.04,99.96,0.00,N/A,0.03,0.06,209.71,0.48,12.08,0.00,0.00,0.00,0.53,0.00,0.75,0.00,0.00,0.81,0.74,0.0008,0.0052,     0,0,0,0.07,99.93,0.00,N/A,0.06,0.12,209.71,0.53,13.23,0.00,0.01,0.00,0.66,0.00,0.77,0.00,0.00,0.78,0.82,0.0004,0.0020,     0,0,0,0.19,99.81,0.00,N/A,0.20,0.30,209.71,0.66,16.52,0.00,0.02,0.00,0.58,0.00,0.98,0.00,0.00,0.64,0.58,0.0019,0.0067,     0,0,0,0.15,99.85,0.00,N/A,0.18,0.31,209.71,0.58,14.57,0.00,0.02,0.01,0.33,0.02,0.79,0.00,0.03,0.97,0.28,0.0007,0.0216,     0,0,0,2.31,97.69,0.00,N/A,1.27,3.84,209.71,0.33,8.28,0.01,0.15,0.00,0.41,0.00,0.59,0.00,0.00,0.58,0.73,0.0018,0.0053,     0,0,0,0.10,99.90,0.00,N/A,0.05,0.12,209.71,0.41,10.23,0.00,0.01,0.00,0.45,0.00,0.68,0.00,0.00,0.53,0.75,0.0019,0.0050,     0,0,0,0.08,99.92,0.00,N/A,0.05,0.11,209.71,0.45,11.35,0.00,0.01,0.00,0.45,0.00,0.66,0.00,0.00,0.80,0.76,0.0009,0.0047,     0,0,0,0.08,99.92,0.00,N/A,0.05,0.11,209.71,0.45,11.24,0.00,0.01,0.00,0.47,0.00,0.61,0.00,0.00,0.82,0.69,0.0009,0.0062,     0,0,0,0.09,99.91,0.00,N/A,0.05,0.11,209.71,0.47,11.77,0.00,0.01,0.00,0.44,0.00,0.63,0.00,0.00,0.78,0.70,0.0011,0.0057,     0,0,0,0.09,99.91,0.00,N/A,0.05,0.11,209.71,0.44,11.12,0.00,0.01,0.00,0.39,0.00,0.56,0.00,0.00,0.66,0.75,0.0015,0.0045,     0,0,0,0.10,99.90,0.00,N/A,0.04,0.11,209.71,0.39,9.79,0.00,0.01,0.00,0.36,0.00,0.50,0.00,0.00,0.85,0.89,0.0002,0.0020,     0,0,0,0.05,99.95,0.00,N/A,0.02,0.06,209.71,0.36,8.88,0.00,0.00,
2024-03-21,21:06:21.368,0.00,0.67,0.00,0.88,0.00,0.06,0.94,0.51,0.0004,0.0063,0.00,0.00,-2147483648,0.00,0.00,10.03,14.99,210.61,0.67,16.74,0.00,0.07,0.48,0.50,1.88,0.50,99.50,0.00,100.00,0.00,0.00,0.00,0.00,-nan,0.08,0.00,0.87,0.01,0.93,0.00,0.03,0.93,0.61,0.0003,0.0040,     0,0,0,0.00,0.00,-2147483648,0.00,0.00,N/A,8.37,9.62,210.61,0.87,21.74,0.00,0.12,0.00,0.31,0.00,0.81,0.00,0.03,0.95,0.34,0.0009,0.0177,     0,0,0,0.00,0.00,-2147483648,0.00,0.00,N/A,1.67,5.37,210.61,0.31,7.77,0.00,0.02,0.06,0.08,  0%,  0%,0.19,0.14,  0%,  0%,0.12,0.39,  0%,  0%,0.64,0.73,  0%,  0%,0.62,99.38,0.00,100.00,0.00,0.00,0.39,99.61,0.00,100.00,0.00,0.00,0.00,0.00,0.00 ,0.00 ,-nan ,-nan ,0.09,0.08,0.01,0.30,0.02,0.91,0.00,0.03,0.94,0.27,0.0011,0.0194,     0,0,0,2.60,97.40,0.00,N/A,1.50,4.95,210.61,0.30,7.57,0.01,0.18,0.00,1.09,0.00,0.90,0.00,0.00,0.74,0.71,0.0002,0.0015,     0,0,0,0.15,99.85,0.00,N/A,0.32,0.29,210.61,1.09,27.28,0.00,0.04,0.00,0.51,0.00,0.77,0.00,0.00,0.75,0.70,0.0010,0.0060,     0,0,0,0.06,99.94,0.00,N/A,0.05,0.10,210.61,0.51,12.72,0.00,0.01,0.00,0.52,0.00,0.72,0.00,0.00,0.88,0.70,0.0005,0.0063,     0,0,0,0.07,99.93,0.00,N/A,0.05,0.10,210.61,0.52,13.05,0.00,0.01,0.00,0.32,0.00,0.71,0.00,0.00,0.90,0.83,0.0003,0.0037,     0,0,0,0.06,99.94,0.00,N/A,0.03,0.08,210.61,0.32,7.99,0.00,0.00,0.00,0.50,0.00,0.84,0.00,0.00,0.73,0.76,0.0010,0.0049,     0,0,0,0.07,99.93,0.00,N/A,0.06,0.13,210.61,0.50,12.45,0.00,0.01,0.00,0.67,0.00,0.78,0.00,0.00,0.78,0.85,0.0003,0.0017,     0,0,0,0.17,99.83,0.00,N/A,0.19,0.28,210.61,0.67,16.85,0.00,0.02,0.03,1.68,0.02,1.00,0.00,0.00,0.93,0.93,0.0000,0.0005,     0,0,0,1.76,98.24,0.00,N/A,6.16,3.68,210.61,1.68,41.88,0.03,0.74,0.01,0.29,0.02,0.84,0.00,0.03,0.96,0.27,0.0009,0.0208,     0,0,0,2.62,97.38,0.00,N/A,1.34,4.66,210.61,0.29,7.20,0.01,0.16,0.00,0.48,0.00,0.77,0.00,0.00,0.75,0.73,0.0008,0.0057,     0,0,0,0.07,99.93,0.00,N/A,0.05,0.11,210.61,0.48,11.91,0.00,0.01,0.00,0.44,0.00,0.61,0.00,0.00,0.59,0.75,0.0017,0.0049,     0,0,0,0.08,99.92,0.00,N/A,0.05,0.11,210.61,0.44,11.09,0.00,0.01,0.00,0.49,0.00,0.70,0.00,0.00,0.83,0.74,0.0007,0.0048,     0,0,0,0.07,99.93,0.00,N/A,0.05,0.10,210.61,0.49,12.13,0.00,0.01,0.00,0.44,0.00,0.63,0.00,0.00,0.82,0.72,0.0008,0.0053,     0,0,0,0.08,99.92,0.00,N/A,0.05,0.11,210.61,0.44,10.98,0.00,0.01,0.00,0.44,0.00,0.63,0.00,0.00,0.80,0.70,0.0010,0.0057,     0,0,0,0.09,99.91,0.00,N/A,0.05,0.12,210.61,0.44,10.98,0.00,0.01,0.00,0.50,0.00,0.75,0.00,0.00,0.84,0.75,0.0007,0.0049,     0,0,0,0.06,99.94,0.00,N/A,0.05,0.10,210.61,0.50,12.50,0.00,0.01,0.00,0.40,0.00,0.54,0.00,0.00,0.64,0.88,0.0006,0.0022,     0,0,0,0.05,99.95,0.00,N/A,0.02,0.05,210.61,0.40,10.12,0.00,0.00,
2024-03-21,21:06:21.467,0.00,0.67,0.00,0.88,0.00,0.06,0.94,0.46,0.0004,0.0062,0.00,0.00,-2147483648,0.00,0.00,10.11,15.20,209.50,0.67,16.63,0.00,0.08,0.42,0.30,1.18,0.52,99.48,0.00,100.00,0.00,0.00,0.00,0.00,-nan,0.08,0.01,0.83,0.01,0.96,0.00,0.03,0.92,0.53,0.0003,0.0040,     0,0,0,0.00,0.00,-2147483648,0.00,0.00,N/A,8.45,10.20,209.50,0.83,20.71,0.01,0.13,0.00,0.33,0.00,0.74,0.00,0.03,0.95,0.33,0.0008,0.0178,     0,0,0,0.00,0.00,-2147483648,0.00,0.00,N/A,1.65,4.99,209.50,0.33,8.29,0.00,0.02,0.07,0.09,  0%,  0%,0.17,0.10,  0%,  0%,0.15,0.21,  0%,  0%,0.50,0.32,  0%,  0%,0.63,99.37,0.00,100.00,0.00,0.00,0.40,99.60,0.00,100.00,0.00,0.00,0.00,0.00,0.00 ,0.00 ,-nan ,-nan ,0.08,0.07,0.01,0.30,0.02,1.00,0.00,0.03,0.94,0.27,0.0011,0.0195,     0,0,0,2.34,97.66,0.00,N/A,1.49,4.91,209.50,0.30,7.58,0.01,0.18,0.01,1.51,0.01,0.99,0.00,0.00,0.59,0.71,0.0001,0.0004,     0,0,0,0.60,99.40,0.00,N/A,1.89,1.25,209.50,1.51,37.71,0.01,0.23,0.00,0.45,0.00,0.79,0.00,0.00,0.69,0.71,0.0011,0.0056,     0,0,0,0.07,99.93,0.00,N/A,0.05,0.11,209.50,0.45,11.18,0.00,0.01,0.00,0.48,0.00,0.94,0.00,0.00,0.77,0.73,0.0008,0.0053,     0,0,0,0.05,99.95,0.00,N/A,0.05,0.10,209.50,0.48,12.00,0.00,0.01,0.00,0.43,0.00,0.73,0.00,0.00,0.91,0.91,0.0001,0.0016,     0,0,0,0.03,99.97,0.00,N/A,0.02,0.05,209.50,0.43,10.83,0.00,0.00,0.00,0.49,0.00,0.79,0.00,0.00,0.86,0.75,0.0005,0.0046,     0,0,0,0.07,99.93,0.00,N/A,0.05,0.11,209.50,0.49,12.26,0.00,0.01,0.00,0.66,0.00,0.89,0.00,0.00,0.77,0.84,0.0003,0.0016,     0,0,0,0.16,99.84,0.00,N/A,0.20,0.30,209.50,0.66,16.54,0.00,0.02,0.02,1.40,0.02,0.92,0.00,0.,0.02,1.00,0.00,0.0,0.0005,     0,0,0,1.75,98.25,0.00,N/A,4.70,3.37,209.50,1.40,34.88,0.02,0.56,0.01,0.31,0.02,0.75,0.00,0.03,0.96,0.27,0.0008,0.0211,     0,0,0,2.66,97.34,0.00,N/A,1.32,4.18,209.50,0.31,7.87,0.01,0.16,0.00,0.45,0.00,0.71,0.00,0.00,0.59,0.71,0.0020,0.0055,     0,0,0,0.07,99.93,0.00,N/A,0.05,0.11,209.50,0.45,11.35,0.00,0.01,0.00,0.41,0.00,0.61,0.00,0.00,0.79,0.73,0.0009,0.0051,     0,0,0,0.09,99.91,0.00,N/A,0.05,0.12,209.50,0.41,10.18,0.00,0.01,0.00,0.46,0.00,0.71,0.00,0.00,0.83,0.72,0.0008,0.0053,     0,0,0,0.07,99.93,0.00,N/A,0.05,0.11,209.50,0.46,11.39,0.00,0.01,0.00,0.49,0.00,0.74,0.00,0.00,0.79,0.73,0.0009,0.0051,     0,0,0,0.07,99.93,0.00,N/A,0.05,0.10,209.50,0.49,12.14,0.00,0.01,0.00,0.47,0.00,0.75,0.00,0.00,0.83,0.71,0.0009,0.0057,     0,0,0,0.07,99.93,0.00,N/A,0.05,0.11,209.50,0.47,11.81,0.00,0.01,0.00,0.32,0.00,0.82,0.00,0.00,0.85,0.75,0.0005,0.0034,     0,0,0,0.12,99.88,0.00,N/A,0.07,0.21,209.50,0.32,8.11,0.00,0.01,0.00,0.41,0.00,0.53,0.00,0.00,0.80,0.79,0.0004,0.0040,     0,0,0,0.05,99.95,0.00,N/A,0.02,0.06,209.50,0.41,10.16,0.00,0.00,
2024-03-21,21:06:21.568,0.00,0.69,0.00,0.79,0.00,0.07,0.94,0.48,0.0004,0.0064,0.00,0.00,-2147483648,0.00,0.00,10.37,14.96,210.15,0.69,17.34,0.00,0.08,0.40,0.20,1.30,0.57,99.43,0.00,100.00,0.00,0.00,0.00,0.00,-nan,0.07,0.01,0.87,0.01,0.81,0.00,0.04,0.93,0.55,0.0003,0.0042,     0,0,0,0.00,0.00,-2147483648,0.00,0.00,N/A,8.73,10.06,210.15,0.87,21.70,0.01,0.13,0.00,0.34,0.00,0.74,0.00,0.03,0.95,0.34,0.0008,0.0179,     0,0,0,0.00,0.00,-2147483648,0.00,0.00,N/A,1.64,4.90,210.15,0.34,8.38,0.00,0.02,0.06,0.08,  0%,  0%,0.15,0.10,  0%,  0%,0.14,0.32,  0%,  0%,0.45,0.39,  0%,  0%,0.74,99.26,0.00,100.00,0.00,0.00,0.40,99.60,0.00,100.00,0.00,0.00,0.00,0.00,0.00 ,0.00 ,-nan ,-nan ,0.07,0.08,0.01,0.30,0.02,0.83,0.00,0.03,0.94,0.28,0.0011,0.0193,     0,0,0,2.79,97.21,0.00,N/A,1.49,4.89,210.15,0.30,7.62,0.01,0.18,0.01,1.50,0.00,0.98,0.00,0.00,0.63,0.68,0.0001,0.0005,     0,0,0,0.42,99.58,0.00,N/A,1.31,0.87,210.15,1.50,37.50,0.01,0.16,0.03,1.64,0.02,0.73,0.00,0.00,0.98,0.86,0.0000,0.0008,     0,0,0,2.11,97.89,0.00,N/A,5.34,3.26,210.15,1.64,41.01,0.03,0.63,0.00,0.54,0.00,0.81,0.00,0.00,0.84,0.71,0.0006,0.0063,     0,0,0,0.06,99.94,0.00,N/A,0.06,0.11,210.15,0.54,13.57,0.00,0.01,0.00,0.42,0.00,0.83,0.00,0.00,0.97,0.84,0.0001,0.0032,     0,0,0,0.04,99.96,0.00,N/A,0.03,0.06,210.15,0.42,10.40,0.00,0.00,0.00,0.58,0.00,0.84,0.00,0.00,0.74,0.72,0.0010,0.0054,     0,0,0,0.07,99.93,0.00,N/A,0.07,0.12,210.15,0.58,14.43,0.00,0.01,0.00,0.69,0.00,0.78,0.00,0.00,0.72,0.80,0.0005,0.0023,     0,0,0,0.18,99.82,0.00,N/A,0.20,0.29,210.15,0.69,17.18,0.00,0.02,0.00,0.52,0.00,0.98,0.00,0.00,0.62,0.59,0.0017,0.0064,     0,0,0,0.22,99.78,0.00,N/A,0.24,0.46,210.15,0.52,12.96,0.00,0.03,0.01,0.31,0.02,0.77,0.00,0.03,0.96,0.27,0.0008,0.0210,     0,0,0,2.62,97.38,0.00,N/A,1.32,4.22,210.15,0.31,7.80,0.01,0.16,0.00,0.46,0.00,0.71,0.00,0.00,0.65,0.72,0.0014,0.0055,     0,0,0,0.08,99.92,0.00,N/A,0.05,0.12,210.15,0.46,11.45,0.00,0.01,0.00,0.53,0.00,0.45,0.00,0.00,0.82,0.74,0.0006,0.0048,     0,0,0,0.10,99.90,0.00,N/A,0.05,0.09,210.15,0.53,13.35,0.00,0.01,0.00,0.49,0.00,0.42,0.00,0.00,0.79,0.68,0.0011,0.0064,     0,0,0,0.12,99.88,0.00,N/A,0.05,0.10,210.15,0.49,12.18,0.00,0.01,0.00,0.50,0.00,0.79,0.00,0.00,0.83,0.74,0.0007,0.0048,     0,0,0,0.06,99.94,0.00,N/A,0.05,0.10,210.15,0.50,12.47,0.00,0.01,0.00,0.48,0.00,0.79,0.00,0.00,0.83,0.71,0.0008,0.0054,     0,0,0,0.06,99.94,0.00,N/A,0.05,0.10,210.15,0.48,12.08,0.00,0.01,0.00,0.47,0.00,0.68,0.00,0.00,0.80,0.75,0.0009,0.0049,     0,0,0,0.07,99.93,0.00,N/A,0.05,0.11,210.15,0.47,11.82,0.00,0.01,0.00,0.37,0.00,0.49,0.00,0.00,0.72,0.88,0.0005,0.0021,     0,0,0,0.05,99.95,0.00,N/A,0.02,0.06,210.15,0.37,9.28,0.00,0.00,
2024-03-21,21:06:21.667,0.00,0.82,0.00,0.89,0.00,0.06,0.94,0.56,0.0003,0.0049,0.00,0.00,-2147483648,0.00,0.00,13.09,16.00,209.78,0.82,20.44,0.00,0.10,0.61,0.44,1.75,0.54,99.46,0.00,100.00,0.00,0.00,0.00,0.00,-nan,0.09,0.01,1.01,0.01,0.97,0.00,0.03,0.94,0.65,0.0002,0.0030,     0,0,0,0.00,0.00,-2147483648,0.00,0.00,N/A,11.41,11.34,209.78,1.01,25.16,0.01,0.17,0.00,0.36,0.00,0.73,0.00,0.03,0.95,0.35,0.0009,0.0178,     0,0,0,0.00,0.00,-2147483648,0.00,0.00,N/A,1.67,4.66,209.78,0.36,8.96,0.00,0.02,0.21,0.11,  0%,  0%,0.17,0.13,  0%,  0%,0.19,0.23,  0%,  0%,0.63,0.70,  0%,  0%,0.70,99.30,0.00,100.00,0.00,0.00,0.38,99.62,0.00,100.00,0.00,0.00,0.00,0.00,0.00 ,0.00 ,-nan ,-nan ,0.09,0.09,0.01,0.32,0.02,1.00,0.00,0.03,0.95,0.27,0.0010,0.0199,     0,0,0,2.21,97.79,0.00,N/A,1.46,4.63,209.78,0.32,7.90,0.01,0.17,0.00,1.22,0.00,0.99,0.00,0.00,0.49,0.65,0.0003,0.0008,     0,0,0,0.40,99.60,0.00,N/A,1.02,0.84,209.78,1.22,30.54,0.00,0.12,0.03,1.67,0.02,0.93,0.00,0.00,0.96,0.95,0.0000,0.0003,     0,0,0,1.92,98.08,0.00,N/A,6.24,3.74,209.78,1.67,41.66,0.03,0.75,0.00,0.42,0.00,0.95,0.00,0.00,0.92,0.71,0.0003,0.0062,     0,0,0,0.06,99.94,0.00,N/A,0.05,0.13,209.78,0.42,10.38,0.00,0.01,0.00,0.41,0.00,1.00,0.00,0.00,0.83,0.92,0.0002,0.0016,     0,0,0,0.03,99.97,0.00,N/A,0.02,0.05,209.78,0.41,10.34,0.00,0.00,0.00,0.53,0.00,0.87,0.00,0.00,0.88,0.72,0.0006,0.0055,     0,0,0,0.05,99.95,0.00,N/A,0.05,0.09,209.78,0.53,13.22,0.00,0.01,0.00,0.61,0.00,0.90,0.00,0.00,0.75,0.82,0.0004,0.0020,     0,0,0,0.17,99.83,0.00,N/A,0.20,0.33,209.78,0.61,15.17,0.00,0.02,0.01,1.55,0.01,0.99,0.00,0.00,0.88,0.89,0.0001,0.0007,     0,0,0,0.73,99.27,0.00,N/A,2.36,1.52,209.78,1.55,38.80,0.01,0.28,0.01,0.34,0.02,0.74,0.00,0.03,0.96,0.27,0.0008,0.0215,     0,0,0,2.46,97.54,0.00,N/A,1.28,3.81,209.78,0.34,8.42,0.01,0.15,0.00,0.45,0.00,0.77,0.00,0.00,0.55,0.68,0.0024,0.0063,     0,0,0,0.11,99.89,0.00,N/A,0.08,0.18,209.78,0.45,11.23,0.00,0.01,0.00,0.47,0.00,0.74,0.00,0.00,0.77,0.70,0.0008,0.0060,     0,0,0,0.06,99.94,0.00,N/A,0.05,0.10,209.78,0.47,11.75,0.00,0.01,0.00,0.46,0.00,0.66,0.00,0.00,0.78,0.74,0.0009,0.0047,     0,0,0,0.08,99.92,0.00,N/A,0.05,0.10,209.78,0.46,11.46,0.00,0.01,0.00,0.48,0.00,0.69,0.00,0.00,0.85,0.73,0.0007,0.0050,     0,0,0,0.07,99.93,0.00,N/A,0.05,0.10,209.78,0.48,11.96,0.00,0.01,0.00,0.51,0.00,0.72,0.00,0.00,0.72,0.69,0.0014,0.0060,     0,0,0,0.08,99.92,0.00,N/A,0.06,0.12,209.78,0.51,12.64,0.00,0.01,0.00,0.51,0.00,0.73,0.00,0.00,0.86,0.68,0.0009,0.0066,     0,0,0,0.11,99.89,0.00,N/A,0.08,0.16,209.78,0.51,12.70,0.00,0.01,0.00,0.25,0.00,0.52,0.00,0.00,0.80,0.90,0.0003,0.0017,     0,0,0,0.08,99.92,0.00,N/A,0.02,0.09,209.78,0.25,6.25,0.00,0.00,
2024-03-21,21:06:21.768,0.00,0.67,0.00,0.77,0.00,0.06,0.94,0.50,0.0004,0.0071,0.00,0.00,-2147483648,0.00,0.00,9.03,13.45,210.12,0.67,16.79,0.00,0.07,0.68,1.05,1.50,0.52,99.48,0.00,100.00,0.00,0.00,0.00,0.00,-nan,0.09,0.00,0.85,0.01,0.82,0.00,0.03,0.94,0.58,0.0003,0.0046,     0,0,0,0.00,0.00,-2147483648,0.00,0.00,N/A,7.32,8.57,210.12,0.85,21.35,0.00,0.11,0.00,0.35,0.00,0.70,0.00,0.03,0.95,0.35,0.0009,0.0175,     0,0,0,0.00,0.00,-2147483648,0.00,0.00,N/A,1.71,4.88,210.12,0.35,8.76,0.00,0.03,0.25,0.20,  0%,  0%,0.14,0.09,  0%,  0%,0.43,0.31,  0%,  0%,0.41,0.35,  0%,  0%,0.62,99.38,0.00,100.00,0.00,0.00,0.41,99.59,0.00,100.00,0.00,0.00,0.00,0.00,0.00 ,0.00 ,-nan ,-nan ,0.09,0.09,0.01,0.33,0.02,0.80,0.00,0.03,0.95,0.27,0.0010,0.0202,     0,0,0,2.56,97.44,0.00,N/A,1.43,4.30,210.12,0.33,8.31,0.01,0.17,0.01,1.52,0.01,0.99,0.00,0.00,0.86,0.94,0.0000,0.0004,     0,0,0,0.90,99.10,0.00,N/A,2.84,1.87,210.12,1.52,38.00,0.01,0.34,0.00,0.47,0.00,0.95,0.00,0.00,0.80,0.67,0.0008,0.0062,     0,0,0,0.07,99.93,0.00,N/A,0.07,0.15,210.12,0.47,11.84,0.00,0.01,0.00,0.54,0.00,0.77,0.00,0.00,0.85,0.71,0.0006,0.0065,     0,0,0,0.07,99.93,0.00,N/A,0.06,0.11,210.12,0.54,13.41,0.00,0.01,0.00,0.47,0.00,0.62,0.00,0.00,0.97,0.83,0.0001,0.0036,     0,0,0,0.04,99.96,0.00,N/A,0.02,0.05,210.12,0.47,11.63,0.00,0.00,0.00,0.50,0.00,0.85,0.00,0.00,0.87,0.73,0.0006,0.0051,     0,0,0,0.06,99.94,0.00,N/A,0.05,0.10,210.12,0.50,12.56,0.00,0.01,0.00,0.69,0.00,0.77,0.00,0.00,0.68,0.81,0.0006,0.0022,     0,0,0,0.21,99.79,0.00,N/A,0.23,0.34,210.12,0.69,17.22,0.00,0.03,0.01,1.58,0.01,0.75,0.00,0.00,0.90,0.86,0.0001,0.0008,     0,0,0,1.05,98.95,0.00,N/A,2.62,1.66,210.12,1.58,39.40,0.01,0.31,0.01,0.32,0.02,0.73,0.00,0.03,0.96,0.27,0.0008,0.0213,     0,0,0,2.66,97.34,0.00,N/A,1.31,4.06,210.12,0.32,8.06,0.01,0.16,0.00,0.47,0.00,0.70.16,0.00,0.48,0.00,0,0.0023,0.0066,     0,0,0,0.11,99.89,0.00,N/A,0.08,0.17,210.12,0.47,11.79,0.00,0.01,0.00,0.48,0.00,0.77,0.00,0.00,0.58,0.73,0.0017,0.0055,     0,0,0,0.07,99.93,0.00,N/A,0.05,0.11,210.12,0.48,12.09,0.00,0.01,0.00,0.45,0.00,0.71,0.00,0.00,0.80,0.69,0.0009,0.0051,     0,0,0,0.09,99.91,0.00,N/A,0.06,0.13,210.12,0.45,11.16,0.00,0.01,0.00,0.53,0.00,0.45,0.00,0.00,0.72,0.68,0.0015,0.0062,     0,0,0,0.11,99.89,0.00,N/A,0.05,0.10,210.12,0.53,13.17,0.00,0.01,0.00,0.51,0.00,0.44,0.00,0.00,0.66,0.80,0.0011,0.0035,     0,0,0,0.11,99.89,0.00,N/A,0.05,0.11,210.12,0.51,12.86,0.00,0.01,0.00,0.53,0.00,0.69,0.00,0.00,0.84,0.73,0.0008,0.0054,     0,0,0,0.10,99.90,0.00,N/A,0.08,0.15,210.12,0.53,13.16,0.00,0.01,0.00,0.42,0.00,0.47,0.00,0.00,0.90,0.83,0.0002,0.0033,     0,0,0,0.06,99.94,0.00,N/A,0.02,0.06,210.12,0.42,10.48,0.00,0.00,
2024-03-21,21:06:21.869,0.00,0.73,0.00,0.85,0.00,0.06,0.95,0.53,0.0003,0.0060,0.00,0.00,-2147483648,0.00,0.00,10.37,14.14,212.12,0.73,18.33,0.00,0.08,0.57,0.50,1.54,0.49,99.51,0.00,100.00,0.00,0.00,0.00,0.00,-nan,0.08,0.01,0.93,0.01,0.93,0.00,0.03,0.95,0.63,0.0002,0.0037,     0,0,0,0.00,0.00,-2147483648,0.00,0.00,N/A,8.71,9.38,212.12,0.93,23.21,0.01,0.13,0.00,0.35,0.00,0.72,0.00,0.03,0.95,0.35,0.0008,0.0178,     0,0,0,0.00,0.00,-2147483648,0.00,0.00,N/A,1.66,4.76,212.12,0.35,8.72,0.00,0.02,0.19,0.24,  0%,  0%,0.10,0.04,  0%,  0%,0.45,0.63,  0%,  0%,0.27,0.19,  0%,  0%,0.60,99.40,0.00,100.00,0.00,0.00,0.39,99.61,0.00,100.00,0.00,0.00,0.00,0.00,0.00 ,0.00 ,-nan ,-nan ,0.08,0.08,0.01,0.31,0.02,0.91,0.00,0.03,0.95,0.27,0.0010,0.0198,     0,0,0,2.43,97.57,0.00,N/A,1.45,4.66,212.12,0.31,7.77,0.01,0.17,0.00,1.20,0.00,0.90,0.00,0.00,0.93,0.85,0.0000,0.0007,     0,0,0,0.08,99.92,0.00,N/A,0.18,0.15,212.12,1.20,29.95,0.00,0.02,0.03,1.72,0.02,0.99,0.00,0.00,0.98,0.95,0.0000,0.0003,     0,0,0,1.84,98.16,0.00,N/A,6.64,3.85,212.12,1.72,43.06,0.03,0.79,0.00,0.53,0.00,0.70,0.00,0.00,0.88,0.84,0.0002,0.0032,     0,0,0,0.03,99.97,0.00,N/A,0.03,0.05,212.12,0.53,13.16,0.00,0.00,0.00,0.55,0.00,0.85,0.00,0.00,0.96,0.74,0.0002,0.0053,     0,0,0,0.05,99.95,0.00,N/A,0.05,0.10,212.12,0.55,13.81,0.00,0.01,0.00,0.53,0.00,0.90,0.00,0.00,0.92,0.74,0.0003,0.0050,     0,0,0,0.05,99.95,0.00,N/A,0.05,0.10,212.12,0.53,13.14,0.00,0.01,0.00,0.74,0.00,0.86,0.00,0.00,0.68,0.87,0.0003,0.0012,     0,0,0,0.15,99.85,0.00,N/A,0.21,0.28,212.12,0.74,18.59,0.00,0.02,0.00,0.54,0.00,0.87,0.00,0.00,0.71,0.59,0.0014,0.0065,     0,0,0,0.11,99.89,0.00,N/A,0.11,0.20,212.12,0.54,13.57,0.00,0.01,0.01,0.33,0.02,0.78,0.00,0.03,0.96,0.28,0.0007,0.0212,     0,0,0,2.43,97.57,0.00,N/A,1.31,4.01,212.12,0.33,8.15,0.01,0.15,0.00,0.51,0.00,0.48,0.00,0.00,0.79,0.68,0.0009,0.0063,     0,0,0,0.15,99.85,0.00,N/A,0.08,0.16,212.12,0.51,12.75,0.00,0.01,0.00,0.44,0.00,0.61,0.00,0.00,0.57,0.75,0.0017,0.0047,     0,0,0,0.08,99.92,0.00,N/A,0.05,0.11,212.12,0.44,10.93,0.00,0.01,0.00,0.41,0.00,0.52,0.00,0.00,0.81,0.91,0.0002,0.0016,     0,0,0,0.05,99.95,0.00,N/A,0.02,0.05,212.12,0.41,10.21,0.00,0.00,0.00,0.46,0.00,0.61,0.00,0.00,0.87,0.74,0.0006,0.0049,     0,0,0,0.08,99.92,0.00,N/A,0.05,0.11,212.12,0.46,11.54,0.00,0.01,0.00,0.52,0.00,0.58,0.00,0.00,0.77,0.67,0.0012,0.0064,     0,0,0,0.10,99.90,0.00,N/A,0.06,0.12,212.12,0.52,13.12,0.00,0.01,0.00,0.50,0.00,0.46,0.00,0.00,0.77,0.74,0.0010,0.0049,     0,0,0,0.15,99.85,0.00,N/A,0.07,0.14,212.12,0.50,12.55,0.00,0.01,0.00,0.32,0.00,0.55,0.00,0.00,0.94,0.88,0.0001,0.0021,     0,0,0,0.06,99.94,0.00,N/A,0.02,0.06,212.12,0.32,7.89,0.00,0.00,
2024-03-21,21:06:21.968,0.00,0.69,0.00,0.82,0.00,0.06,0.94,0.50,0.0003,0.0059,0.00,0.00,-2147483648,0.00,0.00,10.91,15.89,209.75,0.69,17.18,0.00,0.08,0.39,0.44,1.35,0.58,99.42,0.00,100.00,0.00,0.00,0.00,0.00,-nan,0.07,0.01,0.89,0.01,0.84,0.00,0.03,0.93,0.59,0.0002,0.0038,     0,0,0,0.00,0.00,-2147483648,0.00,0.00,N/A,8.58,9.64,209.75,0.89,22.27,0.01,0.13,0.00,0.37,0.00,0.78,0.00,0.03,0.94,0.36,0.0007,0.0136,     0,0,0,0.00,0.00,-2147483648,0.00,0.00,N/A,2.33,6.25,209.75,0.37,9.33,0.00,0.03,0.06,0.15,  0%,  0%,0.14,0.04,  0%,  0%,0.27,0.57,  0%,  0%,0.30,0.20,  0%,  0%,0.68,99.32,0.00,100.00,0.00,0.00,0.48,99.52,0.00,100.00,0.00,0.00,0.00,0.00,0.00 ,0.00 ,-nan ,-nan ,0.07,0.08,0.01,0.31,0.02,0.82,0.00,0.03,0.94,0.28,0.0011,0.0195,     0,0,0,2.88,97.12,0.00,N/A,1.51,4.93,209.75,0.31,7.66,0.01,0.18,0.01,1.58,0.00,0.96,0.00,0.00,0.57,0.76,0.0001,0.0002,     0,0,0,0.39,99.61,0.00,N/A,1.27,0.80,209.75,1.58,39.59,0.01,0.15,0.03,1.69,0.02,0.88,0.00,0.00,0.94,0.95,0.0000,0.0003,     0,0,0,1.75,98.25,0.00,N/A,5.41,3.21,209.75,1.69,42.20,0.03,0.65,0.00,0.48,0.00,0.62,0.00,0.00,0.92,0.78,0.0003,0.0051,     0,0,0,0.04,99.96,0.00,N/A,0.03,0.06,209.75,0.48,11.88,0.00,0.00,0.00,0.51,0.00,0.85,0.00,0.00,0.96,0.73,0.0002,0.0055,     0,0,0,0.06,99.94,0.00,N/A,0.05,0.11,209.75,0.51,12.67,0.00,0.01,0.00,0.48,0.00,0.89,0.00,0.00,0.91,0.72,0.0004,0.0056,     0,0,0,0.06,99.94,0.00,N/A,0.05,0.10,209.75,0.48,11.89,0.00,0.01,0.00,0.65,0.00,0.71,0.00,0.00,0.87,0.87,0.0001,0.0012,     0,0,0,0.16,99.84,0.00,N/A,0.16,0.24,209.75,0.65,16.34,0.00,0.02,0.00,0.55,0.00,0.91,0.00,0.00,0.73,0.62,0.0013,0.0062,     0,0,0,0.10,99.90,0.00,N/A,0.10,0.18,209.75,0.55,13.87,0.00,0.01,0.01,0.30,0.02,0.75,0.00,0.03,0.96,0.27,0.0009,0.0206,     0,0,0,2.83,97.17,0.00,N/A,1.35,4.45,209.75,0.30,7.60,0.01,0.16,0.00,0.45,0.00,0.79,0.00,0.00,0.51,0.67,0.0025,0.0064,     0,0,0,0.12,99.88,0.00,N/A,0.09,0.20,209.75,0.45,11.26,0.00,0.01,0.00,0.62,0.00,0.91,0.00,0.00,0.84,0.61,0.0001,0.0032,     0,0,0,0.29,99.71,0.00,N/A,0.34,0.55,209.75,0.62,15.38,0.00,0.04,0.00,0.42,0.00,0.62,0.00,0.00,0.96,0.82,0.0001,0.0036,     0,0,0,0.04,99.96,0.00,N/A,0.02,0.06,209.75,0.42,10.51,0.00,0.00,0.00,0.56,0.00,0.95,0.00,0.00,0.84,0.59,0.0001,0.0033,     0,0,0,0.33,99.67,0.00,N/A,0.36,0.65,209.75,0.56,14.00,0.00,0.04,0.00,0.51,0.00,0.70,0.00,0.00,0.79,0.72,0.0008,0.0047,     0,0,0,0.08,99.92,0.00,N/A,0.06,0.12,209.75,0.51,12.74,0.00,0.01,0.00,0.46,0.00,0.77,0.00,0.00,0.85,0.68,0.0008,0.0059,     0,0,0,0.10,99.90,0.00,N/A,0.07,0.16,209.75,0.46,11.51,0.00,0.01,0.00,0.43,0.00,0.73,0.00,0.00,0.68,0.82,0.0006,0.0032,     0,0,0,0.04,99.96,0.00,N/A,0.03,0.06,209.75,0.43,10.82,0.00,0.00,
2024-03-21,21:06:22.069,0.00,0.79,0.00,0.89,0.00,0.06,0.94,0.54,0.0003,0.0051,0.00,0.00,-2147483648,0.00,0.00,12.35,15.67,210.66,0.79,19.70,0.00,0.09,1.10,1.04,1.01,0.52,99.48,0.00,100.00,0.00,0.00,0.00,0.00,-nan,0.08,0.01,0.96,0.01,0.98,0.00,0.03,0.94,0.63,0.0002,0.0035,     0,0,0,0.00,0.00,-2147483648,0.00,0.00,N/A,9.39,9.77,210.66,0.96,24.03,0.01,0.14,0.00,0.50,0.00,0.78,0.00,0.03,0.94,0.35,0.0006,0.0103,     0,0,0,0.00,0.00,-2147483648,0.00,0.00,N/A,2.95,5.89,210.66,0.50,12.52,0.00,0.04,0.84,0.10,  0%,  0%,0.09,0.07,  0%,  0%,0.17,0.27,  0%,  0%,0.30,0.27,  0%,  0%,0.59,99.41,0.00,100.00,0.00,0.00,0.45,99.55,0.00,100.00,0.00,0.00,0.00,0.00,0.00 ,0.00 ,-nan ,-nan ,0.08,0.08,0.01,0.32,0.02,0.99,0.00,0.03,0.95,0.28,0.0010,0.0197,     0,0,0,2.22,97.78,0.00,N/A,1.46,4.63,210.66,0.32,7.90,0.01,0.17,0.00,1.45,0.00,0.95,0.00,0.00,0.85,0.84,0.0000,0.0004,     0,0,0,0.13,99.87,0.00,N/A,0.37,0.25,210.66,1.45,36.34,0.00,0.04,0.03,1.71,0.02,1.00,0.00,0.00,0.97,0.95,0.0000,0.0003,     0,0,0,1.98,98.02,0.00,N/A,7.14,4.17,210.66,1.71,42.80,0.03,0.84,0.00,0.51,0.00,0.75,0.00,0.00,0.91,0.83,0.0002,0.0034,     0,0,0,0.03,99.97,0.00,N/A,0.02,0.05,210.66,0.51,12.66,0.00,0.00,0.00,0.51,0.00,0.81,0.00,0.00,0.87,0.73,0.0005,0.0053,     0,0,0,0.07,99.93,0.00,N/A,0.06,0.12,210.66,0.51,12.81,0.00,0.01,0.00,0.46,0.00,0.82,0.00,0.00,0.91,0.73,0.0004,0.0057,     0,0,0,0.07,99.93,0.00,N/A,0.06,0.13,210.66,0.46,11.60,0.00,0.01,0.00,0.73,0.00,0.80,0.00,0.00,0.81,0.91,0.0001,0.0008,     0,0,0,0.14,99.86,0.00,N/A,0.17,0.24,210.66,0.73,18.14,0.00,0.02,0.00,0.57,0.00,0.94,0.00,0.00,0.69,0.59,0.0016,0.0069,     0,0,0,0.09,99.91,0.00,N/A,0.11,0.19,210.66,0.57,14.36,0.00,0.01,0.01,0.31,0.02,0.79,0.00,0.03,0.96,0.28,0.0008,0.0208,     0,0,0,2.57,97.43,0.00,N/A,1.35,4.29,210.66,0.31,7.86,0.01,0.16,0.01,1.33,0.00,0.95,0.00,0.00,0.52,0.65,0.0003,0.0007,     0,0,0,0.49,99.51,0.00,N/A,1.32,0.99,210.66,1.33,33.36,0.01,0.16,0.00,0.46,0.00,0.63,0.00,0.00,0.64,0.76,0.0011,0.0045,     0,0,0,0.08,99.92,0.00,N/A,0.05,0.11,210.66,0.46,11.40,0.00,0.01,0.00,0.41,11.25,0.00,0.01,0.0,0.95,0.85,0.0001,0.0032,     0,0,0,0.06,99.94,0.00,N/A,0.03,0.06,210.66,0.41,10.27,0.00,0.00,0.00,0.52,0.00,0.44,0.00,0.00,0.80,0.73,0.0009,0.0054,     0,0,0,0.12,99.88,0.00,N/A,0.06,0.11,210.66,0.52,12.99,0.00,0.01,0.00,0.51,0.00,0.44,0.00,0.00,0.81,0.70,0.0008,0.0058,     0,0,0,0.11,99.89,0.00,N/A,0.05,0.10,210.66,0.51,12.68,0.00,0.01,0.00,0.46,0.00,0.75,0.00,0.00,0.84,0.66,0.0010,0.0067,     0,0,0,0.11,99.89,0.00,N/A,0.08,0.17,210.66,0.46,11.60,0.00,0.01,0.00,0.39,0.00,0.53,0.00,0.00,0.92,0.84,0.0002,0.0030,     0,0,0,0.06,99.94,0.00,N/A,0.02,0.06,210.66,0.39,9.65,0.00,0.00,
2024-03-21,21:06:22.170,0.00,0.78,0.00,0.83,0.00,0.06,0.94,0.54,0.0003,0.0052,0.00,0.00,-2147483648,0.00,0.00,11.98,15.44,211.34,0.78,19.40,0.00,0.09,0.30,0.29,0.77,0.55,99.45,0.00,100.00,0.00,0.00,0.00,0.00,-nan,0.08,0.01,0.97,0.01,0.88,0.00,0.03,0.94,0.63,0.0002,0.0032,     0,0,0,0.00,0.00,-2147483648,0.00,0.00,N/A,10.28,10.57,211.34,0.97,24.31,0.01,0.15,0.00,0.35,0.00,0.73,0.00,0.03,0.95,0.35,0.0009,0.0175,     0,0,0,0.00,0.00,-2147483648,0.00,0.00,N/A,1.70,4.87,211.34,0.35,8.74,0.00,0.03,0.07,0.09,  0%,  0%,0.11,0.03,  0%,  0%,0.15,0.25,  0%,  0%,0.22,0.15,  0%,  0%,0.71,99.29,0.00,100.00,0.00,0.00,0.39,99.61,0.00,100.00,0.00,0.00,0.00,0.00,0.00 ,0.00 ,-nan ,-nan ,0.07,0.08,0.01,0.30,0.02,0.83,0.00,0.03,0.94,0.27,0.0011,0.0195,     0,0,0,2.80,97.20,0.00,N/A,1.49,4.93,211.34,0.30,7.57,0.01,0.18,0.01,1.63,0.00,0.98,0.00,0.00,0.55,0.79,0.0001,0.0002,     0,0,0,0.37,99.63,0.00,N/A,1.26,0.77,211.34,1.63,40.83,0.01,0.15,0.03,1.69,0.02,0.94,0.00,0.00,0.97,0.95,0.0000,0.0003,     0,0,0,2.11,97.89,0.00,N/A,7.12,4.22,211.34,1.69,42.21,0.03,0.84,0.00,0.46,0.00,0.70,0.00,0.00,1.00,0.93,0.0000,0.0012,     0,0,0,0.03,99.97,0.00,N/A,0.02,0.04,211.34,0.46,11.55,0.00,0.00,0.00,0.51,0.00,0.97,0.00,0.00,0.89,0.72,0.0005,0.0058,     0,0,0,0.05,99.95,0.00,N/A,0.06,0.11,211.34,0.51,12.66,0.00,0.01,0.00,0.55,0.00,0.90,0.00,0.00,0.94,0.74,0.0002,0.0052,     0,0,0,0.05,99.95,0.00,N/A,0.05,0.09,211.34,0.55,13.81,0.00,0.01,0.00,0.73,0.00,0.75,0.00,0.00,0.79,0.91,0.0001,0.0008,     0,0,0,0.15,99.85,0.00,N/A,0.17,0.23,211.34,0.73,18.18,0.00,0.02,0.00,0.61,0.00,0.90,0.00,0.00,0.77,0.60,0.0011,0.0066,     0,0,0,0.09,99.91,0.00,N/A,0.11,0.18,211.34,0.61,15.25,0.00,0.01,0.01,0.33,0.02,0.75,0.00,0.03,0.96,0.28,0.0008,0.0209,     0,0,0,2.59,97.41,0.00,N/A,1.34,4.08,211.34,0.33,8.18,0.01,0.16,0.00,0.47,0.00,0.82,0.00,0.00,0.53,0.70,0.0023,0.0057,     0,0,0,0.10,99.90,0.00,N/A,0.08,0.17,211.34,0.47,11.70,0.00,0.01,0.00,0.47,0.00,0.60,0.00,0.00,0.68,0.75,0.0013,0.0050,     0,0,0,0.09,99.91,0.00,N/A,0.05,0.12,211.34,0.47,11.69,0.00,0.01,0.00,0.31,0.00,0.56,0.00,0.00,0.94,0.90,0.0001,0.0018,     0,0,0,0.06,99.94,0.00,N/A,0.02,0.07,211.34,0.31,7.64,0.00,0.00,0.00,0.47,0.00,0.67,0.00,0.00,0.85,0.73,0.0007,0.0051,     0,0,0,0.07,99.93,0.00,N/A,0.05,0.10,211.34,0.47,11.82,0.00,0.01,0.00,0.52,0.00,0.62,0.00,0.00,0.73,0.67,0.0013,0.0061,     0,0,0,0.09,99.91,0.00,N/A,0.06,0.12,211.34,0.52,12.96,0.00,0.01,0.00,0.52,0.00,0.79,0.00,0.00,0.83,0.70,0.0009,0.0062,     0,0,0,0.09,99.91,0.00,N/A,0.08,0.16,211.34,0.52,13.09,0.00,0.01,0.00,0.36,0.00,0.49,0.00,0.00,0.75,0.92,0.0002,0.0014,     0,0,0,0.05,99.95,0.00,N/A,0.02,0.06,211.34,0.36,9.06,0.00,0.00,
2024-03-21,21:06:22.270,0.00,0.76,0.00,0.86,0.00,0.06,0.95,0.54,0.0003,0.0055,0.00,0.00,-2147483648,0.00,0.00,11.45,15.12,210.24,0.76,18.94,0.00,0.09,0.30,0.25,1.00,0.53,99.47,0.00,100.00,0.00,0.00,0.00,0.00,-nan,0.10,0.01,0.96,0.01,0.93,0.00,0.03,0.95,0.63,0.0002,0.0034,     0,0,0,0.00,0.00,-2147483648,0.00,0.00,N/A,9.76,10.14,210.24,0.96,24.05,0.01,0.15,0.00,0.34,0.00,0.74,0.00,0.03,0.95,0.35,0.0008,0.0175,     0,0,0,0.00,0.00,-2147483648,0.00,0.00,N/A,1.70,4.98,210.24,0.34,8.52,0.00,0.03,0.07,0.08,  0%,  0%,0.11,0.03,  0%,  0%,0.12,0.48,  0%,  0%,0.23,0.17,  0%,  0%,0.65,99.35,0.00,100.00,0.00,0.00,0.40,99.60,0.00,100.00,0.00,0.00,0.00,0.00,0.00 ,0.00 ,-nan ,-nan ,0.10,0.10,0.01,0.31,0.02,0.90,0.00,0.03,0.95,0.27,0.0010,0.0195,     0,0,0,2.57,97.43,0.00,N/A,1.48,4.85,210.24,0.31,7.64,0.01,0.18,0.00,1.44,0.00,0.86,0.00,0.00,0.83,0.90,0.0000,0.0002,     0,0,0,0.12,99.88,0.00,N/A,0.33,0.23,210.24,1.44,36.12,0.00,0.04,0.04,1.72,0.02,1.00,0.00,0.00,0.98,0.93,0.0000,0.0004,     0,0,0,2.09,97.91,0.00,N/A,7.55,4.38,210.24,1.72,43.05,0.04,0.90,0.00,0.56,0.00,0.52,0.00,0.00,0.99,0.80,0.0000,0.0043,     0,0,0,0.05,99.95,0.00,N/A,0.03,0.06,210.24,0.56,14.07,0.00,0.00,0.00,0.46,0.00,0.81,0.00,0.00,0.94,0.75,0.0003,0.0050,     0,0,0,0.07,99.93,0.00,N/A,0.05,0.11,210.24,0.46,11.43,0.00,0.01,0.00,0.55,0.00,1.00,0.00,0.00,0.94,0.74,0.0002,0.0052,     0,0,0,0.04,99.96,0.00,N/A,0.05,0.09,210.24,0.55,13.65,0.00,0.01,0.00,0.66,0.00,0.76,0.00,0.00,0.67,0.93,0.0002,0.0006,     0,0,0,0.16,99.84,0.00,N/A,0.16,0.25,210.24,0.66,16.50,0.00,0.02,0.00,0.59,0.00,0.94,0.00,0.00,0.79,0.59,0.0011,0.0069,     0,0,0,0.09,99.91,0.00,N/A,0.10,0.18,210.24,0.59,14.86,0.00,0.01,0.01,0.32,0.02,0.75,0.00,0.03,0.96,0.28,0.0008,0.0209,     0,0,0,2.66,97.34,0.00,N/A,1.33,4.20,210.24,0.32,7.93,0.01,0.16,0.00,0.47,0.00,0.77,0.00,0.00,0.62,0.69,0.0017,0.0060,     0,0,0,0.11,99.89,0.00,N/A,0.08,0.17,210.24,0.47,11.72,0.00,0.01,0.00,0.49,0.00,0.66,0.00,0.00,0.52,0.77,0.0018,0.0044,     0,0,0,0.08,99.92,0.00,N/A,0.05,0.11,210.24,0.49,12.24,0.00,0.01,0.00,0.40,0.00,0.49,0.00,0.00,0.93,0.90,0.0001,0.0018,     0,0,0,0.05,99.95,0.00,N/A,0.02,0.05,210.24,0.40,9.92,0.00,0.00,0.00,0.47,0.00,0.68,0.00,0.00,0.82,0.72,0.0008,0.0056,     0,0,0,0.08,99.92,0.00,N/A,0.05,0.11,210.24,0.47,11.75,0.00,0.01,0.00,0.50,0.00,0.64,0.00,0.00,0.84,0.72,0.0007,0.0053,     0,0,0,0.08,99.92,0.00,N/A,0.06,0.11,210.24,0.50,12.48,0.00,0.01,0.00,0.50,0.00,0.75,0.00,0.00,0.85,0.71,0.0008,0.0058,     0,0,0,0.10,99.90,0.00,N/A,0.08,0.16,210.24,0.50,12.57,0.00,0.01,0.00,0.35,0.00,0.46,0.00,0.00,0.83,0.88,0.0003,0.0021,     0,0,0,0.06,99.94,0.00,N/A,0.02,0.06,210.24,0.35,8.74,0.00,0.00,
2024-03-21,21:06:22.371,0.00,0.81,0.00,0.89,0.00,0.07,0.94,0.54,0.0003,0.0052,0.00,0.00,-2147483648,0.00,0.00,12.95,15.99,212.52,0.81,20.24,0.00,0.10,0.27,0.32,0.85,0.53,99.47,0.00,100.00,0.00,0.00,0.00,0.00,-nan,0.08,0.01,1.07,0.01,0.98,0.00,0.04,0.95,0.64,0.0001,0.0032,     0,0,0,0.00,0.00,-2147483648,0.00,0.00,N/A,11.09,10.41,212.52,1.07,26.63,0.01,0.16,0.00,0.33,0.00,0.76,0.00,0.03,0.92,0.35,0.0013,0.0171,     0,0,0,0.00,0.00,-2147483648,0.00,0.00,N/A,1.86,5.58,212.52,0.33,8.32,0.00,0.03,0.06,0.07,  0%,  0%,0.10,0.04,  0%,  0%,0.13,0.26,  0%,  0%,0.26,0.19,  0%,  0%,0.62,99.38,0.00,100.00,0.00,0.00,0.43,99.57,0.00,100.00,0.00,0.00,0.00,0.00,0.00 ,0.00 ,-nan ,-nan ,0.09,0.07,0.01,0.35,0.02,1.00,0.00,0.03,0.96,0.28,0.0008,0.0203,     0,0,0,1.89,98.11,0.00,N/A,1.40,4.01,212.52,0.35,8.76,0.01,0.17,0.00,1.44,0.00,0.96,0.00,0.00,0.55,0.86,0.0001,0.0003,     0,0,0,0.19,99.81,0.00,N/A,0.57,0.39,212.52,1.44,36.05,0.00,0.07,0.04,1.66,0.02,1.00,0.00,0.01,0.96,0.90,0.0000,0.0006,     0,0,0,2.46,97.54,0.00,N/A,8.67,5.23,212.52,1.66,41.47,0.04,1.02,0.00,0.41,0.00,0.86,0.00,0.00,0.77,0.71,0.0010,0.0061,     0,0,0,0.05,99.95,0.00,N/A,0.04,0.09,212.52,0.41,10.25,0.00,0.00,0.00,0.53,0.00,0.80,0.00,0.00,0.93,0.74,0.0003,0.0052,     0,0,0,0.06,99.94,0.00,N/A,0.06,0.11,212.52,0.53,13.17,0.00,0.01,0.00,0.54,0.00,0.86,0.00,0.00,0.89,0.74,0.0004,0.0051,     0,0,0,0.05,99.95,0.00,N/A,0.05,0.09,212.52,0.54,13.57,0.00,0.01,0.00,0.61,0.00,0.85,0.00,0.00,0.74,0.82,0.0004,0.0017,     0,0,0,0.18,99.82,0.00,N/A,0.20,0.32,212.52,0.61,15.29,0.00,0.02,0.00,0.62,0.00,0.88,0.00,0.00,0.82,0.62,0.0008,0.0061,     0,0,0,0.09,99.91,0.00,N/A,0.10,0.17,212.52,0.62,15.42,0.00,0.01,0.01,0.31,0.02,0.75,0.00,0.03,0.96,0.28,0.0008,0.0209,     0,0,0,2.68,97.32,0.00,N/A,1.34,4.27,212.52,0.31,7.84,0.01,0.16,0.00,0.48,0.00,0.82,0.00,0.00,0.54,0.69,0.0023,0.0060,     0,0,0,0.10,99.90,0.00,N/A,0.08,0.17,212.52,0.48,11.89,0.00,0.01,0.00,0.46,0.00,0.64,0.00,0.00,0.76,0.74,0.0007,0.0049,     0,0,0,0.08,99.92,0.00,N/A,0.05,0.11,212.52,0.46,11.40,0.00,0.01,0.00,0.38,0.00,0.57,0.00,0.00,0.70,0.67,0.0013,0.0066,     0,0,0,0.08,99.92,0.00,N/A,0.04,0.10,212.52,0.38,9.41,0.00,0.00,0.00,0.48,0.00,0.73,0.00,0.00,0.82,0.75,0.0008,0.0047,     0,0,0,0.07,99.93,0.00,N/A,0.05,0.10,212.52,0.48,12.04,0.00,0.01,,210.00,0.52,12.95,,0.00,0.00,0.82,0.71,0.0009,0.0053,     0,0,0,0.08,99.92,0.00,N/A,0.05,0.12,212.52,0.46,11.62,0.00,0.01,0.00,0.49,0.00,0.81,0.00,0.00,0.84,0.69,0.0009,0.0064,     0,0,0,0.09,99.91,0.00,N/A,0.08,0.16,212.52,0.49,12.19,0.00,0.01,0.00,0.31,0.00,0.89,0.00,0.00,0.47,0.49,0.0050,0.0103,     0,0,0,0.29,99.71,0.00,N/A,0.17,0.56,212.52,0.31,7.68,0.00,0.02,
2024-03-21,21:06:22.471,0.00,0.77,0.00,0.83,0.00,0.07,0.95,0.50,0.0003,0.0058,0.00,0.00,-2147483648,0.00,0.00,11.47,14.91,211.63,0.77,19.23,0.00,0.08,0.47,0.45,1.06,0.53,99.47,0.00,100.00,0.00,0.00,0.00,0.00,-nan,0.08,0.01,0.98,0.01,0.85,0.00,0.04,0.94,0.59,0.0002,0.0037,     0,0,0,0.00,0.00,-2147483648,0.00,0.00,N/A,9.62,9.81,211.63,0.98,24.53,0.01,0.14,0.00,0.36,0.00,0.81,0.00,0.03,0.95,0.35,0.0008,0.0167,     0,0,0,0.00,0.00,-2147483648,0.00,0.00,N/A,1.85,5.10,211.63,0.36,9.04,0.00,0.03,0.07,0.08,  0%,  0%,0.22,0.10,  0%,  0%,0.14,0.24,  0%,  0%,0.41,0.27,  0%,  0%,0.68,99.32,0.00,100.00,0.00,0.00,0.37,99.63,0.00,100.00,0.00,0.00,0.00,0.00,0.00 ,0.00 ,-nan ,-nan ,0.07,0.08,0.01,0.33,0.02,0.80,0.00,0.03,0.95,0.26,0.0010,0.0201,     0,0,0,2.63,97.37,0.00,N/A,1.47,4.46,211.63,0.33,8.27,0.01,0.17,0.01,1.59,0.00,0.96,0.00,0.00,0.56,0.76,0.0001,0.0002,     0,0,0,0.39,99.61,0.00,N/A,1.27,0.80,211.63,1.59,39.81,0.01,0.15,0.03,1.68,0.02,0.90,0.00,0.00,0.96,0.91,0.0000,0.0005,     0,0,0,2.01,97.99,0.00,N/A,6.45,3.83,211.63,1.68,42.11,0.03,0.77,0.00,0.45,0.00,0.57,0.00,0.00,0.93,0.83,0.0002,0.0033,     0,0,0,0.05,99.95,0.00,N/A,0.03,0.06,211.63,0.45,11.37,0.00,0.00,0.00,0.50,0.00,0.70,0.00,0.00,0.92,0.70,0.0004,0.0060,     0,0,0,0.07,99.93,0.00,N/A,0.05,0.11,211.63,0.50,12.46,0.00,0.01,0.00,0.49,0.00,0.90,0.00,0.00,0.91,0.68,0.0004,0.0061,     0,0,0,0.08,99.92,0.00,N/A,0.08,0.16,211.63,0.49,12.15,0.00,0.01,0.00,0.73,0.00,0.73,0.00,0.00,0.82,0.88,0.0002,0.0013,     0,0,0,0.14,99.86,0.00,N/A,0.16,0.22,211.63,0.73,18.34,0.00,0.02,0.00,0.61,0.00,0.91,0.00,0.00,0.78,0.59,0.0010,0.0068,     0,0,0,0.09,99.91,0.00,N/A,0.11,0.17,211.63,0.61,15.36,0.00,0.01,0.01,0.33,0.02,0.84,0.00,0.03,0.96,0.28,0.0007,0.0207,     0,0,0,2.34,97.66,0.00,N/A,1.34,4.13,211.63,0.33,8.13,0.01,0.16,0.00,0.49,0.00,0.67,0.00,0.00,0.57,0.72,0.0018,0.0054,     0,0,0,0.08,99.92,0.00,N/A,0.05,0.11,211.63,0.49,12.16,0.00,0.01,0.00,0.45,0.00,0.65,0.00,0.00,0.70,0.73,0.0009,0.0048,     0,0,0,0.08,99.92,0.00,N/A,0.05,0.11,211.63,0.45,11.36,0.00,0.01,0.00,0.38,0.00,0.47,0.00,0.00,0.91,0.92,0.0001,0.0015,     0,0,0,0.05,99.95,0.00,N/A,0.02,0.05,211.63,0.38,9.42,0.00,0.00,0.00,0.49,0.00,0.72,0.00,0.00,0.79,0.72,0.0010,0.0055,     0,0,0,0.10,99.90,0.00,N/A,0.08,0.16,211.63,0.49,12.13,0.00,0.01,0.00,0.52,0.00,0.68,0.00,0.00,0.80,0.64,0.0012,0.0069,     0,0,0,0.12,99.88,0.00,N/A,0.09,0.17,211.63,0.52,13.12,0.00,0.01,0.00,0.51,0.00,0.66,0.00,0.00,0.87,0.73,0.0006,0.0056,     0,0,0,0.08,99.92,0.00,N/A,0.06,0.11,211.63,0.51,12.63,0.00,0.01,0.00,0.60,0.00,0.85,0.00,0.00,0.81,0.54,0.0011,0.0066,     0,0,0,0.15,99.85,0.00,N/A,0.16,0.26,211.63,0.60,15.12,0.00,0.02,
2024-03-21,21:06:22.572,0.00,0.74,0.00,0.85,0.00,0.06,0.94,0.55,0.0003,0.0055,0.00,0.00,-2147483648,0.00,0.00,11.52,15.53,210.21,0.74,18.54,0.00,0.09,0.49,0.56,2.18,0.54,99.46,0.00,100.00,0.00,0.00,0.00,0.00,-nan,0.08,0.01,0.94,0.01,0.93,0.00,0.03,0.94,0.65,0.0002,0.0034,     0,0,0,0.00,0.00,-2147483648,0.00,0.00,N/A,9.75,10.34,210.21,0.94,23.55,0.01,0.14,0.00,0.34,0.00,0.74,0.00,0.03,0.94,0.35,0.0010,0.0171,     0,0,0,0.00,0.00,-2147483648,0.00,0.00,N/A,1.77,5.19,210.21,0.34,8.53,0.00,0.03,0.10,0.08,  0%,  0%,0.19,0.12,  0%,  0%,0.14,0.76,  0%,  0%,0.63,0.64,  0%,  0%,0.66,99.34,0.00,100.00,0.00,0.00,0.42,99.58,0.00,100.00,0.00,0.00,0.00,0.00,0.00 ,0.00 ,-nan ,-nan ,0.08,0.08,0.01,0.30,0.02,0.89,0.00,0.03,0.94,0.27,0.0011,0.0193,     0,0,0,2.68,97.32,0.00,N/A,1.50,5.00,210.21,0.30,7.50,0.01,0.18,0.00,1.04,0.00,0.88,0.00,0.00,0.90,0.86,0.0000,0.0010,     0,0,0,0.06,99.94,0.00,N/A,0.12,0.12,210.21,1.04,26.12,0.00,0.01,0.04,1.70,0.02,0.99,0.00,0.00,0.96,0.95,0.0000,0.0003,     0,0,0,2.16,97.84,0.00,N/A,7.69,4.53,210.21,1.70,42.45,0.04,0.91,0.00,0.46,0.00,0.72,0.00,0.00,0.83,0.91,0.0001,0.0014,     0,0,0,0.03,99.97,0.00,N/A,0.02,0.04,210.21,0.46,11.58,0.00,0.00,0.00,0.52,0.00,0.92,0.00,0.00,0.92,0.70,0.0004,0.0062,     0,0,0,0.05,99.95,0.00,N/A,0.05,0.10,210.21,0.52,13.10,0.00,0.01,0.00,0.55,0.00,0.86,0.00,0.00,0.95,0.72,0.0002,0.0056,     0,0,0,0.05,99.95,0.00,N/A,0.05,0.10,210.21,0.55,13.64,0.00,0.01,0.00,0.71,0.00,0.77,0.00,0.00,0.81,0.83,0.0003,0.0017,     0,0,0,0.17,99.83,0.00,N/A,0.20,0.28,210.21,0.71,17.70,0.00,0.02,0.00,0.60,0.00,0.96,0.00,0.00,0.78,0.57,0.0011,0.0068,     0,0,0,0.09,99.91,0.00,N/A,0.10,0.18,210.21,0.60,14.89,0.00,0.01,0.01,0.31,0.02,0.76,0.00,0.03,0.96,0.28,0.0009,0.0208,     0,0,0,2.72,97.28,0.00,N/A,1.35,4.31,210.21,0.31,7.82,0.01,0.16,0.00,0.46,0.00,0.76,0.00,0.00,0.55,0.69,0.0023,0.0059,     0,0,0,0.11,99.89,0.00,N/A,0.08,0.17,210.21,0.46,11.54,0.00,0.01,0.00,0.43,0.00,0.61,0.00,0.00,0.61,0.71,0.0017,0.0054,     0,0,0,0.09,99.91,0.00,N/A,0.05,0.11,210.21,0.43,10.68,0.00,0.01,0.00,0.37,0.00,0.46,0.00,0.00,0.86,0.90,0.0002,0.0017,     0,0,0,0.05,99.95,0.00,N/A,0.02,0.05,210.21,0.37,9.19,0.00,0.00,0.00,0.48,0.00,0.62,0.00,0.00,0.85,0.76,0.0006,0.0049,     0,0,0,0.08,99.92,0.00,N/A,0.05,0.11,210.21,0.48,12.09,0.00,0.01,0.00,0.48,0.00,0.61,0.00,0.00,0.81,0.69,0.0009,0.0060,     0,0,0,0.09,99.91,0.00,N/A,0.05,0.11,210.21,0.48,11.98,0.00,0.01,0.00,0.52,0.00,0.70,0.00,0.00,0.85,0.71,0.0008,0.0056,     0,0,0,0.11,99.89,0.00,N/A,0.08,0.16,210.21,0.52,12.89,0.00,0.01,0.00,0.55,0.00,0.79,0.00,0.00,0.85,0.56,0.0008,0.0063,     0,0,0,0.09,99.91,0.00,N/A,0.09,0.16,210.21,0.55,13.87,0.00,0.01,
2024-03-21,21:06:22.671,0.00,0.64,0.00,0.85,0.00,0.06,0.94,0.48,0.0004,0.0071,0.00,0.00,-2147483648,0.00,0.00,8.89,13.94,209.92,0.64,15.94,0.00,0.07,0.63,0.54,3.80,0.49,99.51,0.00,100.00,0.00,0.00,0.00,0.00,-nan,0.09,0.00,0.83,0.01,0.89,0.00,0.03,0.94,0.56,0.0003,0.0046,     0,0,0,0.00,0.00,-2147483648,0.00,0.00,N/A,7.11,8.56,209.92,0.83,20.78,0.00,0.11,0.00,0.33,0.00,0.79,0.00,0.03,0.94,0.35,0.0009,0.0171,     0,0,0,0.00,0.00,-2147483648,0.00,0.00,N/A,1.78,5.38,209.92,0.33,8.25,0.00,0.03,0.21,0.19,  0%,  0%,0.09,0.14,  0%,  0%,0.35,0.32,  0%,  0%,1.59,1.54,  1%,  1%,0.57,99.43,0.00,100.00,0.00,0.00,0.41,99.59,0.00,100.00,0.00,0.00,0.00,0.00,0.00 ,0.00 ,-nan ,-nan ,0.09,0.09,0.01,0.31,0.02,1.00,0.00,0.03,0.95,0.28,0.0010,0.0197,     0,0,0,2.20,97.80,0.00,N/A,1.46,4.63,209.92,0.31,7.87,0.01,0.17,0.00,1.54,0.00,0.96,0.00,0.00,0.64,0.87,0.0001,0.0002,     0,0,0,0.22,99.78,0.00,N/A,0.68,0.44,209.92,1.54,38.49,0.00,0.08,0.02,1.64,0.01,0.77,0.00,0.00,0.94,0.92,0.0000,0.0005,     0,0,0,1.72,98.28,0.00,N/A,4.53,2.76,209.92,1.64,41.01,0.02,0.54,0.00,0.50,0.00,0.76,0.00,0.00,0.94,0.84,0.0001,0.0033,     0,0,0,0.03,99.97,0.00,N/A,0.03,0.05,209.92,0.50,12.40,0.00,0.00,0.00,0.52,0.00,0.77,0.00,0.00,0.93,0.73,0.0003,0.0056,     0,0,0,0.07,99.93,0.00,N/A,0.06,0.11,209.92,0.52,12.93,0.00,0.01,0.00,0.49,0.00,0.77,0.00,0.00,0.90,0.70,0.0005,0.0057,     0,0,0,0.06,99.94,0.00,N/A,0.05,0.10,209.92,0.49,12.30,0.00,0.01,0.00,0.72,0.00,0.83,0.00,0.00,0.65,0.86,0.0004,0.0014,     0,0,0,0.17,99.83,0.00,N/A,0.21,0.29,209.92,0.72,17.96,0.00,0.02,0.00,0.59,0.00,0.88,0.00,0.00,0.74,0.58,0.0013,0.0065,     0,0,0,0.09,99.91,0.00,N/A,0.10,0.17,209.92,0.59,14.74,0.00,0.01,0.01,0.30,0.02,0.80,0.00,0.03,0.96,0.28,0.0008,0.0206,     0,0,0,2.67,97.33,0.00,N/A,1.36,4.51,209.92,0.30,7.54,0.01,0.16,0.00,0.45,0.00,0.76,0.00,0.00,0.52,0.69,0.0026,0.0060,     0,0,0,0.11,99.89,0.00,N/A,0.08,0.17,209.92,0.45,11.34,0.00,0.01,0.00,0.46,0.00,0.63,0.00,0.00,0.73,0.74,0.0010,0.0050,     0,0,0,0.08,99.92,0.00,N/A,0.05,0.11,209.92,0.46,11.52,0.00,0.01,0.00,0.38,0.00,0.49,0.00,0.00,0.76,0.89,0.0004,0.0021,     0,0,0,0.05,99.95,0.00,N/A,0.02,0.05,209.92,0.38,9.62,0.00,0.00,0.00,0.45,0.00,0.73,0.00,0.00,0.84,0.72,0.0007,0.0052,     0,0,0,0.07,99.93,0.00,N/A,0.05,0.11,209.92,0.45,11.13,0.00,0.01,0.00,0.46,0.00,0.72,0.00,0.00,0.82,0.68,0.0010,0.0063,     0,0,0,0.07,99.93,0.00,N/A,0.05,0.11,209.92,0.46,11.62,0.00,0.01,0.00,0.49,0.00,0.74,0.00,0.00,0.87,0.70,0.0007,0.0060,     0,0,0,0.10,99.90,0.00,N/A,0.08,0.16,209.92,0.49,12.37,0.00,,0.05,0.09,210.06,0,0.81,0.00,0.00,0.77,0.57,0.0014,0.0068,     0,0,0,0.10,99.90,0.00,N/A,0.09,0.16,209.92,0.56,13.99,0.00,0.01,
2024-03-21,21:06:22.771,0.00,0.73,0.01,0.90,0.01,0.07,0.90,0.56,0.0005,0.0051,0.00,0.00,-2147483648,0.00,0.00,13.25,18.07,209.72,0.73,18.33,0.00,0.10,1.14,0.44,3.36,0.60,99.40,0.00,100.00,0.00,0.00,0.00,0.00,-nan,0.08,0.01,0.93,0.01,0.97,0.00,0.04,0.89,0.65,0.0003,0.0032,     0,0,0,0.00,0.00,-2147483648,0.00,0.00,N/A,10.95,11.83,209.72,0.93,23.14,0.01,0.16,0.00,0.37,0.00,0.78,0.00,0.03,0.91,0.37,0.0013,0.0139,     0,0,0,0.00,0.00,-2147483648,0.00,0.00,N/A,2.30,6.24,209.72,0.37,9.21,0.00,0.03,0.24,0.22,  0%,  0%,0.40,0.29,  0%,  0%,0.37,0.65,  0%,  0%,1.28,1.07,  1%,  0%,0.73,99.27,0.00,100.00,0.00,0.00,0.47,99.53,0.00,100.00,0.00,0.00,0.00,0.00,0.00 ,0.00 ,-nan ,-nan ,0.08,0.08,0.01,0.30,0.02,1.00,0.00,0.03,0.95,0.27,0.0010,0.0196,     0,0,0,2.33,97.67,0.00,N/A,1.48,4.89,209.72,0.30,7.55,0.01,0.18,0.00,1.53,0.00,0.94,0.00,0.00,0.71,0.91,0.0000,0.0001,     0,0,0,0.17,99.83,0.00,N/A,0.51,0.33,209.72,1.53,38.25,0.00,0.06,0.02,1.66,0.01,0.91,0.00,0.00,0.89,0.95,0.0000,0.0003,     0,0,0,1.44,98.56,0.00,N/A,4.56,2.75,209.72,1.66,41.52,0.02,0.54,0.01,1.66,0.01,0.99,0.00,0.00,0.95,0.96,0.0000,0.0003,     0,0,0,0.71,99.29,0.00,N/A,2.44,1.47,209.72,1.66,41.50,0.01,0.29,0.00,0.48,0.00,0.83,0.00,0.00,0.77,0.72,0.0010,0.0057,     0,0,0,0.07,99.93,0.00,N/A,0.06,0.12,209.72,0.48,12.10,0.00,0.01,0.00,0.58,0.01,0.99,0.00,0.00,0.34,0.74,0.0021,0.0035,     0,0,0,0.51,99.49,0.00,N/A,0.62,1.06,209.72,0.58,14.62,0.00,0.07,0.01,1.14,0.00,0.97,0.00,0.00,0.51,0.85,0.0004,0.0009,     0,0,0,0.51,99.49,0.00,N/A,1.19,1.04,209.72,1.14,28.46,0.01,0.14,0.00,0.59,0.00,1.00,0.00,0.00,0.66,0.59,0.0015,0.0061,     0,0,0,0.08,99.92,0.00,N/A,0.10,0.17,209.72,0.59,14.87,0.00,0.01,0.01,0.30,0.02,0.83,0.00,0.03,0.96,0.28,0.0009,0.0205,     0,0,0,2.61,97.39,0.00,N/A,1.36,4.57,209.72,0.30,7.42,0.01,0.16,0.00,0.50,0.00,0.87,0.00,0.00,0.48,0.70,0.0020,0.0047,     0,0,0,0.20,99.80,0.00,N/A,0.18,0.37,209.72,0.50,12.40,0.00,0.02,0.00,0.44,0.00,0.72,0.00,0.00,0.47,0.76,0.0018,0.0043,     0,0,0,0.07,99.93,0.00,N/A,0.05,0.11,209.72,0.44,10.96,0.00,0.01,0.00,0.42,0.00,0.57,0.00,0.00,0.71,0.86,0.0003,0.0020,     0,0,0,0.06,99.94,0.00,N/A,0.03,0.07,209.72,0.42,10.46,0.00,0.00,0.00,0.47,0.00,0.68,0.00,0.00,0.73,0.70,0.0012,0.0057,     0,0,0,0.08,99.92,0.00,N/A,0.05,0.11,209.72,0.47,11.64,0.00,0.01,0.00,0.46,0.00,0.69,0.00,0.00,0.78,0.71,0.0011,0.0055,     0,0,0,0.07,99.93,0.00,N/A,0.05,0.11,209.72,0.46,11.57,0.00,0.01,0.00,0.64,0.00,0.68,0.00,0.00,0.39,0.60,0.0022,0.0037,     0,0,0,0.52,99.48,0.00,N/A,0.48,0.74,209.72,0.64,15.98,0.00,0.06,0.00,0.65,0.00,0.44,0.00,0.00,0.82,0.59,0.0010,0.0068,     0,0,0,0.18,99.82,0.00,N/A,0.11,0.16,209.72,0.65,16.36,0.00,0.01,
2024-03-21,21:06:22.871,0.00,0.77,0.00,0.82,0.00,0.06,0.94,0.52,0.0003,0.0054,0.00,0.00,-2147483648,0.00,0.00,11.91,15.45,210.18,0.77,19.27,0.00,0.09,0.51,0.26,2.05,0.56,99.44,0.00,100.00,0.00,0.00,0.00,0.00,-nan,0.09,0.01,0.97,0.01,0.88,0.00,0.03,0.93,0.62,0.0002,0.0033,     0,0,0,0.00,0.00,-2147483648,0.00,0.00,N/A,10.14,10.41,210.18,0.97,24.33,0.01,0.15,0.00,0.35,0.00,0.73,0.00,0.03,0.95,0.35,0.0009,0.0173,     0,0,0,0.00,0.00,-2147483648,0.00,0.00,N/A,1.77,5.03,210.18,0.35,8.80,0.00,0.03,0.16,0.15,  0%,  0%,0.13,0.07,  0%,  0%,0.27,0.53,  0%,  0%,0.67,0.57,  0%,  0%,0.70,99.30,0.00,100.00,0.00,0.00,0.41,99.59,0.00,100.00,0.00,0.00,0.00,0.00,0.00 ,0.00 ,-nan ,-nan ,0.09,0.09,0.01,0.32,0.02,0.94,0.00,0.03,0.95,0.27,0.0011,0.0197,     0,0,0,2.34,97.66,0.00,N/A,1.46,4.62,210.18,0.32,7.90,0.01,0.17,0.02,1.67,0.01,0.99,0.00,0.00,0.91,0.96,0.0000,0.0002,     0,0,0,0.91,99.09,0.00,N/A,3.15,1.89,210.18,1.67,41.64,0.02,0.38,0.01,1.36,0.00,0.98,0.00,0.00,0.52,0.62,0.0002,0.0007,     0,0,0,0.42,99.58,0.00,N/A,1.17,0.86,210.18,1.36,34.08,0.01,0.14,0.02,1.68,0.01,0.77,0.00,0.00,0.98,0.93,0.0000,0.0004,     0,0,0,1.35,98.65,0.00,N/A,3.65,2.18,210.18,1.68,41.88,0.02,0.43,0.00,0.48,0.00,0.70,0.00,0.00,0.81,0.72,0.0008,0.0058,     0,0,0,0.08,99.92,0.00,N/A,0.06,0.12,210.18,0.48,12.10,0.00,0.01,0.00,0.53,0.00,0.84,0.00,0.00,0.90,0.74,0.0004,0.0049,     0,0,0,0.05,99.95,0.00,N/A,0.05,0.10,210.18,0.53,13.17,0.00,0.01,0.00,1.04,0.00,0.60,0.00,0.00,0.91,0.82,0.0001,0.0014,     0,0,0,0.38,99.62,0.00,N/A,0.50,0.48,210.18,1.04,26.04,0.00,0.06,0.00,0.56,0.00,0.94,0.00,0.00,0.70,0.58,0.0015,0.0066,     0,0,0,0.09,99.91,0.00,N/A,0.10,0.18,210.18,0.56,14.06,0.00,0.01,0.01,0.32,0.02,0.78,0.00,0.03,0.96,0.28,0.0008,0.0210,     0,0,0,2.54,97.46,0.00,N/A,1.33,4.16,210.18,0.32,8.01,0.01,0.16,0.00,0.50,0.00,0.55,0.00,0.00,0.75,0.67,0.0013,0.0070,     0,0,0,0.14,99.86,0.00,N/A,0.08,0.17,210.18,0.50,12.44,0.00,0.01,0.00,0.44,0.00,0.68,0.00,0.00,0.75,0.73,0.0009,0.0051,     0,0,0,0.08,99.92,0.00,N/A,0.05,0.11,210.18,0.44,10.92,0.00,0.01,0.00,0.39,0.00,0.49,0.00,0.00,0.84,0.91,0.0003,0.0016,     0,0,0,0.05,99.95,0.00,N/A,0.02,0.05,210.18,0.39,9.87,0.00,0.00,0.00,0.45,0.00,0.60,0.00,0.00,0.84,0.74,0.0007,0.0049,     0,0,0,0.09,99.91,0.00,N/A,0.05,0.11,210.18,0.45,11.27,0.00,0.01,0.00,0.45,0.00,0.59,0.00,0.00,0.81,0.71,0.0009,0.0055,     0,0,0,0.09,99.91,0.00,N/A,0.05,0.11,210.18,0.45,11.21,0.00,0.01,0.00,0.52,0.00,0.53,0.00,0.00,0.75,0.69,0.0014,0.0063,     0,0,0,0.14,99.86,0.00,N/A,0.08,0.15,210.18,0.52,12.91,0.00,0.01,0.00,0.64,0.00,0.47,0.00,0.00,0.80,0.59,0.0011,0.0064,     0,0,0,0.17,99.83,0.00,N/A,0.11,0.17,210.18,0.64,16.01,0.00,0.01,
2024-03-21,21:06:22.971,0.00,0.67,0.00,0.80,0.00,0.06,0.94,0.49,0.0004,0.0071,0.00,0.00,-2147483648,0.00,0.00,8.93,13.29,210.04,0.67,16.81,0.00,0.07,0.66,0.59,1.29,0.50,99.50,0.00,100.00,0.00,0.00,0.00,0.00,-nan,0.08,0.00,0.87,0.00,0.87,0.00,0.03,0.95,0.57,0.0002,0.0047,     0,0,0,0.00,0.00,-2147483648,0.00,0.00,N/A,7.14,8.21,210.04,0.87,21.73,0.00,0.11,0.00,0.35,0.00,0.70,0.00,0.03,0.94,0.35,0.0010,0.0170,     0,0,0,0.00,0.00,-2147483648,0.00,0.00,N/A,1.79,5.07,210.04,0.35,8.83,0.00,0.03,0.23,0.29,  0%,  0%,0.10,0.03,  0%,  0%,0.51,0.35,  0%,  0%,0.25,0.18,  0%,  0%,0.56,99.44,0.00,100.00,0.00,0.00,0.43,99.57,0.00,100.00,0.00,0.00,0.00,0.00,0.00 ,0.00 ,-nan ,-nan ,0.08,0.08,0.01,0.33,0.02,0.90,0.00,0.03,0.95,0.28,0.0010,0.0202,     0,0,0,2.26,97.74,0.00,N/A,1.42,4.24,210.04,0.33,8.36,0.01,0.17,0.00,1.24,0.00,0.86,0.00,0.00,0.83,0.86,0.0001,0.0006,     0,0,0,0.09,99.91,0.00,N/A,0.21,0.17,210.04,1.24,31.08,0.00,0.02,0.00,0.56,0.00,0.93,0.00,0.00,0.73,0.70,0.0009,0.0059,     0,0,0,0.08,99.92,0.00,N/A,0.09,0.15,210.04,0.56,13.95,0.00,0.01,0.02,1.68,0.01,0.86,0.00,0.00,0.96,0.91,0.0000,0.0006,     0,0,0,1.66,98.34,0.00,N/A,5.05,3.01,210.04,1.68,41.97,0.02,0.60,0.00,0.47,0.00,0.76,0.00,0.00,0.87,0.74,0.0006,0.0056,     0,0,0,0.07,99.93,0.00,N/A,0.06,0.12,210.04,0.47,11.64,0.00,0.01,0.00,0.54,0.00,0.91,0.00,0.00,0.90,0.73,0.0004,0.0053,     0,0,0,0.05,99.95,0.00,N/A,0.05,0.09,210.04,0.54,13.43,0.00,0.01,0.00,0.72,0.00,0.72,0.00,0.00,0.73,0.92,0.0001,0.0007,     0,0,0,0.17,99.83,0.00,N/A,0.18,0.25,210.04,0.72,17.92,0.00,0.02,0.00,0.53,0.00,0.88,0.00,0.00,0.78,0.58,0.0011,0.0067,     0,0,0,0.10,99.90,0.00,N/A,0.10,0.18,210.04,0.53,13.35,0.00,0.01,0.01,0.32,0.02,0.71,0.00,0.03,0.96,0.28,0.0009,0.0209,     0,0,0,2.79,97.21,0.00,N/A,1.34,4.17,210.04,0.32,8.01,0.01,0.16,0.00,0.46,0.00,0.82,0.00,0.00,0.51,0.70,0.0025,0.0060,     0,0,0,0.10,99.90,0.00,N/A,0.08,0.17,210.04,0.46,11.38,0.00,0.01,0.00,0.44,0.00,0.63,0.00,0.00,0.53,0.74,0.0018,0.0047,     0,0,0,0.08,99.92,0.00,N/A,0.05,0.11,210.04,0.44,11.09,0.00,0.01,0.00,0.39,0.00,0.48,0.00,0.00,0.90,0.91,0.0002,0.0017,     0,0,0,0.05,99.95,0.00,N/A,0.02,0.05,210.04,0.39,9.73,0.00,0.00,0.00,0.50,0.00,0.71,0.00,0.00,0.82,0.72,0.0008,0.0052,     0,0,0,0.07,99.93,0.00,N/A,0.05,0.10,210.04,0.50,12.54,0.00,0.01,0.00,0.47,0.00,0.73,0.00,0.00,0.85,0.72,0.0007,0.0053,     0,0,0,0.07,99.93,0.00,N/A,0.05,0.10,210.04,0.47,11.85,0.00,0.01,0.00,0.49,0.00,0.75,0.00,0.00,0.72,0.67,0.0016,0.0064,     0,0,0,0.12,99.88,0.00,N/A,0.10,0.19,210.04,0.49,12.31,0.00,0.01,0.00,0.67,0.00,0.47,0.00,0.00,0.83,0.62,0.0009,0.0058,     0,0,0,0.17,99.83,0.00,N/A,0.11,0.17,210.04,0.67,16.68,0.00,0.01,
2024-03-21,21:06:23.076,0.00,0.75,0.01,0.93,0.00,0.07,0.93,0.57,0.0003,0.0047,0.00,0.00,-2147483648,0.00,0,0.0065,0.00,0.00,-214,0.75,18.70,0.00,0.11,1.54,0.61,4.44,0.62,99.38,0.00,100.00,0.00,0.00,0.00,0.00,-nan,0.07,0.01,0.89,0.01,0.99,0.00,0.04,0.92,0.66,0.0002,0.0029,     0,0,0,0.00,0.00,-2147483648,0.00,0.00,N/A,12.62,14.21,209.86,0.89,22.21,0.01,0.19,0.00,0.36,0.00,0.79,0.00,0.03,0.95,0.35,0.0009,0.0169,     0,0,0,0.00,0.00,-2147483648,0.00,0.00,N/A,1.81,5.08,209.86,0.36,8.89,0.00,0.03,0.68,0.74,  0%,  0%,0.10,0.03,  0%,  0%,2.16,1.92,  1%,  1%,0.22,0.13,  0%,  0%,0.85,99.15,0.00,100.00,0.00,0.00,0.38,99.62,0.00,100.00,0.00,0.00,0.00,0.00,0.00 ,0.00 ,-nan ,-nan ,0.08,0.07,0.01,0.33,0.02,1.00,0.00,0.03,0.96,0.27,0.0009,0.0201,     0,0,0,2.09,97.91,0.00,N/A,1.44,4.38,209.86,0.33,8.21,0.01,0.17,0.01,1.61,0.00,1.00,0.00,0.00,0.58,0.79,0.0001,0.0002,     0,0,0,0.36,99.64,0.00,N/A,1.26,0.79,209.86,1.61,40.22,0.01,0.14,0.00,0.10,0.01,0.99,0.00,0.00,0.41,0.76,0.0018,0.0037,     0,0,0,1.04,98.96,0.00,N/A,0.22,2.17,209.86,0.10,2.59,0.00,0.03,0.04,1.69,0.02,1.00,0.00,0.00,0.96,0.91,0.0000,0.0005,     0,0,0,2.37,97.63,0.00,N/A,8.46,5.01,209.86,1.69,42.22,0.04,1.00,0.00,0.91,0.00,0.96,0.00,0.00,0.51,0.88,0.0008,0.0017,     0,0,0,0.44,99.56,0.00,N/A,0.81,0.90,209.86,0.91,22.64,0.00,0.10,0.00,0.52,0.00,0.87,0.00,0.00,0.79,0.68,0.0010,0.0060,     0,0,0,0.07,99.93,0.00,N/A,0.07,0.13,209.86,0.52,12.96,0.00,0.01,0.00,0.74,0.00,1.00,0.00,0.00,0.81,0.91,0.0001,0.0008,     0,0,0,0.12,99.88,0.00,N/A,0.19,0.26,209.86,0.74,18.38,0.00,0.02,0.00,0.30,0.00,0.97,0.00,0.00,0.73,0.59,0.0011,0.0057,     0,0,0,0.28,99.72,0.00,N/A,0.17,0.57,209.86,0.30,7.39,0.00,0.02,0.01,0.32,0.02,0.81,0.00,0.03,0.96,0.27,0.0008,0.0213,     0,0,0,2.43,97.57,0.00,N/A,1.32,4.12,209.86,0.32,7.98,0.01,0.16,0.00,0.46,0.00,0.75,0.00,0.00,0.63,0.72,0.0018,0.0055,     0,0,0,0.10,99.90,0.00,N/A,0.08,0.17,209.86,0.46,11.44,0.00,0.01,0.00,0.45,0.00,0.68,0.00,0.00,0.78,0.77,0.0006,0.0042,     0,0,0,0.07,99.93,0.00,N/A,0.05,0.11,209.86,0.45,11.33,0.00,0.01,0.00,0.43,0.00,0.48,0.00,0.00,0.76,0.84,0.0004,0.0033,     0,0,0,0.05,99.95,0.00,N/A,0.02,0.06,209.86,0.43,10.63,0.00,0.00,0.00,0.58,0.00,0.79,0.00,0.00,0.57,0.73,0.0013,0.0037,     0,0,0,0.11,99.89,0.00,N/A,0.10,0.18,209.86,0.58,14.52,0.00,0.01,0.00,0.47,0.00,0.67,0.00,0.00,0.82,0.67,0.0009,0.0063,     0,0,0,0.08,99.92,0.00,N/A,0.05,0.11,209.86,0.47,11.68,0.00,0.01,0.00,0.50,0.00,0.75,0.00,0.00,0.84,0.70,0.0008,0.0059,     0,0,0,0.10,99.90,0.00,N/A,0.08,0.16,209.86,0.50,12.42,0.00,0.01,0.00,0.59,0.00,0.79,0.00,0.00,0.76,0.59,0.0013,0.0063,     0,0,0,0.11,99.89,0.00,N/A,0.11,0.18,209.86,0.59,14.65,0.00,0.01,
2024-03-21,21:06:23.177,0.01,0.83,0.01,0.91,0.01,0.08,0.86,0.63,0.0005,0.0036,0.00,0.00,-2147483648,0.00,0.00,22.61,27.29,211.96,0.83,20.71,0.01,0.17,2.35,0.81,5.08,0.89,99.11,0.00,100.00,0.00,0.00,0.00,0.00,-nan,0.08,0.01,0.94,0.01,0.86,0.00,0.04,0.87,0.64,0.0004,0.0030,     0,0,0,0.00,0.00,-2147483648,0.00,0.00,N/A,12.33,13.09,211.96,0.94,23.54,0.01,0.18,0.01,0.72,0.01,0.96,0.01,0.04,0.84,0.62,0.0007,0.0043,     0,0,0,0.00,0.00,-2147483648,0.00,0.00,N/A,10.28,14.19,211.96,0.72,18.11,0.01,0.15,0.48,0.54,  0%,  0%,0.73,0.60,  0%,  0%,1.12,1.12,  1%,  1%,1.45,1.38,  1%,  1%,0.90,99.10,0.00,100.00,0.00,0.00,0.87,99.13,0.00,100.00,0.00,0.00,0.00,0.00,0.00 ,0.00 ,-nan ,-nan ,0.08,0.09,0.01,0.31,0.02,0.78,0.00,0.03,0.93,0.27,0.0013,0.0200,     0,0,0,2.81,97.19,0.00,N/A,1.44,4.67,211.96,0.31,7.74,0.01,0.17,0.00,0.48,0.00,0.65,0.00,0.00,0.65,0.77,0.0013,0.0045,     0,0,0,0.05,99.95,0.00,N/A,0.03,0.07,211.96,0.48,11.97,0.00,0.00,0.00,1.17,0.00,0.96,0.00,0.00,0.40,0.63,0.0004,0.0011,     0,0,0,0.31,99.69,0.00,N/A,0.73,0.63,211.96,1.17,29.15,0.00,0.09,0.03,1.66,0.02,0.83,0.00,0.00,0.89,0.93,0.0000,0.0004,     0,0,0,1.95,98.05,0.00,N/A,5.65,3.41,211.96,1.66,41.47,0.03,0.67,0.00,0.47,0.00,0.87,0.00,0.00,0.76,0.71,0.0010,0.0061,     0,0,0,0.06,99.94,0.00,N/A,0.05,0.12,211.96,0.47,11.81,0.00,0.01,0.00,1.09,0.00,0.96,0.00,0.00,0.80,0.81,0.0003,0.0020,     0,0,0,0.23,99.77,0.00,N/A,0.50,0.46,211.96,1.09,27.37,0.00,0.06,0.00,0.62,0.00,0.87,0.00,0.00,0.16,0.56,0.0021,0.0026,     0,0,0,0.42,99.58,0.00,N/A,0.48,0.78,211.96,0.62,15.54,0.00,0.06,0.02,1.15,0.01,1.00,0.00,0.00,0.60,0.86,0.0003,0.0008,     0,0,0,1.40,98.60,0.00,N/A,3.43,2.97,211.96,1.15,28.82,0.02,0.40,0.01,0.32,0.02,0.91,0.00,0.03,0.95,0.27,0.0010,0.0191,     0,0,0,2.53,97.47,0.00,N/A,1.53,4.87,211.96,0.32,7.88,0.01,0.18,0.00,0.45,0.00,0.83,0.00,0.00,0.40,0.63,0.0030,0.0065,     0,0,0,0.13,99.87,0.00,N/A,0.10,0.22,211.96,0.45,11.25,0.00,0.01,0.01,1.09,0.01,0.99,0.00,0.00,0.64,0.86,0.0002,0.0007,     0,0,0,0.77,99.23,0.00,N/A,1.75,1.61,211.96,1.09,27.33,0.01,0.21,0.00,0.46,0.00,0.97,0.00,0.00,0.05,0.42,0.0032,0.0034,     0,0,0,0.25,99.75,0.00,N/A,0.24,0.51,211.96,0.46,11.53,0.00,0.03,0.00,0.55,0.00,1.00,0.00,0.00,0.70,0.59,0.0007,0.0036,     0,0,0,0.35,99.65,0.00,N/A,0.41,0.74,211.96,0.55,13.69,0.00,0.05,0.00,0.75,0.00,1.00,0.00,0.00,0.73,0.63,0.0004,0.0023,     0,0,0,0.32,99.68,0.00,N/A,0.50,0.68,211.96,0.75,18.67,0.00,0.06,0.03,1.09,0.02,1.00,0.00,0.01,0.68,0.85,0.0005,0.0015,     0,0,0,2.32,97.68,0.00,N/A,5.36,4.91,211.96,1.09,27.32,0.03,0.63,0.00,0.58,0.00,0.99,0.00,0.00,0.50,0.57,0.0021,0.0049,     0,0,0,0.31,99.69,0.00,N/A,0.38,0.66,211.96,0.58,14.39,0.00,0.04,
2024-03-21,21:06:23.272,0.00,0.65,0.00,0.87,0.01,0.06,0.92,0.49,0.0005,0.0066,0.00,0.00,-2147483648,0.00,0.00,9.78,15.12,208.03,0.65,16.18,0.00,0.07,1.25,0.30,2.82,0.52,99.48,0.00,100.00,0.00,0.00,0.00,0.00,-nan,0.08,0.00,0.82,0.01,0.89,0.00,0.03,0.91,0.58,0.0004,0.0044,     0,0,0,0.00,0.00,-2147483648,0.00,0.00,N/A,7.58,9.18,208.03,0.82,20.62,0.00,0.11,0.00,0.37,0.00,0.84,0.00,0.03,0.92,0.34,0.0011,0.0141,     0,0,0,0.00,0.00,-2147483648,0.00,0.00,N/A,2.21,5.94,208.03,0.37,9.30,0.00,0.03,0.55,0.29,  0%,  0%,0.28,0.13,  0%,  0%,0.71,0.62,  0%,  0%,0.90,0.58,  0%,  0%,0.62,99.38,0.00,100.00,0.00,0.00,0.43,99.57,0.00,100.00,0.00,0.00,0.00,0.00,0.00 ,0.00 ,-nan ,-nan ,0.08,0.09,0.01,0.30,0.02,0.90,0.00,0.03,0.95,0.28,0.0010,0.0204,     0,0,0,2.45,97.55,0.00,N/A,1.39,4.58,208.03,0.30,7.57,0.01,0.17,0.01,1.42,0.01,0.99,0.00,0.00,0.42,0.87,0.0002,0.0006,     0,0,0,0.68,99.32,0.00,N/A,1.89,1.33,208.03,1.42,35.49,0.01,0.24,0.00,0.44,0.00,1.00,0.00,0.00,0.58,0.71,0.0013,0.0044,     0,0,0,0.10,99.90,0.00,N/A,0.09,0.21,208.03,0.44,10.95,0.00,0.01,0.02,1.64,0.01,0.81,0.00,0.00,0.84,0.92,0.0001,0.0005,     0,0,0,1.36,98.64,0.00,N/A,3.78,2.30,208.03,1.64,41.01,0.02,0.45,0.00,0.49,0.00,0.95,0.00,0.00,0.60,0.69,0.0016,0.0056,     0,0,0,0.08,99.92,0.00,N/A,0.08,0.16,208.03,0.49,12.29,0.00,0.01,0.00,0.45,0.00,0.86,0.00,0.00,0.70,0.71,0.0013,0.0058,     0,0,0,0.06,99.94,0.00,N/A,0.05,0.11,208.03,0.45,11.31,0.00,0.01,0.00,0.67,0.00,0.86,0.00,0.00,0.64,0.83,0.0005,0.0019,     0,0,0,0.18,99.82,0.00,N/A,0.21,0.31,208.03,0.67,16.73,0.00,0.03,0.00,0.51,0.00,1.00,0.00,0.00,0.36,0.58,0.0031,0.0064,     0,0,0,0.09,99.91,0.00,N/A,0.09,0.18,208.03,0.51,12.73,0.00,0.01,0.01,0.36,0.02,0.86,0.00,0.03,0.94,0.28,0.0009,0.0159,     0,0,0,2.80,97.20,0.00,N/A,1.81,5.03,208.03,0.36,9.01,0.01,0.22,0.00,0.43,0.00,0.72,0.00,0.00,0.60,0.74,0.0016,0.0051,     0,0,0,0.08,99.92,0.00,N/A,0.05,0.12,208.03,0.43,10.68,0.00,0.01,0.00,0.45,0.00,0.67,0.00,0.00,0.58,0.71,0.0015,0.0055,     0,0,0,0.09,99.91,0.00,N/A,0.05,0.12,208.03,0.45,11.13,0.00,0.01,0.00,0.39,0.00,0.70,0.00,0.00,0.58,0.75,0.0018,0.0045,     0,0,0,0.07,99.93,0.00,N/A,0.04,0.11,208.03,0.39,9.76,0.00,0.01,0.00,0.42,0.00,0.77,0.00,0.00,0.69,0.72,0.0014,0.0052,     0,0,0,0.08,99.92,0.00,N/A,0.05,0.12,208.03,0.42,10.39,0.00,0.01,0.00,0.42,0.00,0.76,0.00,0.00,0.69,0.72,0.0015,0.0053,     0,0,0,0.07,99.93,0.00,N/A,0.05,0.12,208.03,0.42,10.47,0.00,0.01,0.00,0.40,0.00,0.66,0.00,0.00,0.57,0.75,0.0018,0.0047,     0,0,0,0.09,99.91,0.00,N/A,0.05,0.12,208.03,0.40,9.88,0.00,0.01,0.00,0.51,0.00,0.79,0.00,0.00,0.61,0.55,0.0025,0.0073,     0,0,0,0.12,99.88,0.00,N/A,0.10,0.20,208.03,0.51,12.72,0.00,0.01,
2024-03-21,21:06:23.371,0.00,0.69,0.00,0.90,0.00,0.06,0.93,0.52,0.0004,0.0060,0.00,0.00,-2147483648,0.00,0.00,10.72,15.58,209.93,0.69,17.21,0.00,0.08,0.76,0.34,1.83,0.51,99.49,0.00,100.00,0.00,0.00,0.00,0.00,-nan,0.09,0.01,0.89,0.01,0.99,0.00,0.03,0.93,0.61,0.0003,0.0038,     0,0,0,0.00,0.00,-2147483648,0.00,0.00,N/A,8.90,10.02,209.93,0.8,0.00,0.00,N/A,9.96,10,0.33,0.00,0.78,0.00,0.03,0.94,0.35,0.0010,0.0169,     0,0,0,0.00,0.00,-2147483648,0.00,0.00,N/A,1.82,5.56,209.93,0.33,8.20,0.00,0.03,0.16,0.20,  0%,  0%,0.25,0.15,  0%,  0%,0.38,0.49,  0%,  0%,0.58,0.38,  0%,  0%,0.60,99.40,0.00,100.00,0.00,0.00,0.43,99.57,0.00,100.00,0.00,0.00,0.00,0.00,0.00 ,0.00 ,-nan ,-nan ,0.10,0.08,0.01,0.29,0.02,1.00,0.00,0.03,0.96,0.28,0.0009,0.0204,     0,0,0,2.22,97.78,0.00,N/A,1.37,4.66,209.93,0.29,7.33,0.01,0.16,0.00,1.08,0.00,0.99,0.00,0.00,0.30,0.62,0.0005,0.0010,     0,0,0,0.30,99.70,0.00,N/A,0.68,0.62,209.93,1.08,27.04,0.00,0.08,0.00,0.48,0.00,0.96,0.00,0.00,0.50,0.62,0.0021,0.0069,     0,0,0,0.14,99.86,0.00,N/A,0.14,0.29,209.93,0.48,11.97,0.00,0.02,0.03,1.70,0.02,1.00,0.00,0.00,0.96,0.93,0.0000,0.0004,     0,0,0,1.77,98.23,0.00,N/A,6.27,3.69,209.93,1.70,42.44,0.03,0.75,0.00,0.52,0.00,0.86,0.00,0.00,0.86,0.73,0.0006,0.0057,     0,0,0,0.06,99.94,0.00,N/A,0.06,0.11,209.93,0.52,12.91,0.00,0.01,0.00,0.51,0.00,0.80,0.00,0.00,0.79,0.73,0.0008,0.0054,     0,0,0,0.06,99.94,0.00,N/A,0.05,0.10,209.93,0.51,12.68,0.00,0.01,0.00,0.68,0.00,0.93,0.00,0.00,0.68,0.83,0.0005,0.0020,     0,0,0,0.18,99.82,0.00,N/A,0.24,0.35,209.93,0.68,17.11,0.00,0.03,0.00,0.56,0.00,0.92,0.00,0.00,0.57,0.60,0.0021,0.0069,     0,0,0,0.10,99.90,0.00,N/A,0.11,0.20,209.93,0.56,13.95,0.00,0.01,0.01,0.30,0.02,0.79,0.00,0.03,0.96,0.27,0.0009,0.0207,     0,0,0,2.69,97.31,0.00,N/A,1.36,4.47,209.93,0.30,7.58,0.01,0.16,0.00,0.44,0.00,0.75,0.00,0.00,0.68,0.67,0.0014,0.0066,     0,0,0,0.12,99.88,0.00,N/A,0.08,0.18,209.93,0.44,10.89,0.00,0.01,0.00,0.44,0.00,0.68,0.00,0.00,0.55,0.75,0.0018,0.0050,     0,0,0,0.08,99.92,0.00,N/A,0.05,0.12,209.93,0.44,11.01,0.00,0.01,0.00,0.47,0.00,0.80,0.00,0.00,0.61,0.76,0.0016,0.0048,     0,0,0,0.06,99.94,0.00,N/A,0.05,0.10,209.93,0.47,11.77,0.00,0.01,0.00,0.48,0.00,0.60,0.00,0.00,0.84,0.73,0.0008,0.0055,     0,0,0,0.09,99.91,0.00,N/A,0.05,0.11,209.93,0.48,11.90,0.00,0.01,0.00,0.43,0.00,0.61,0.00,0.00,0.77,0.70,0.0011,0.0058,     0,0,0,0.09,99.91,0.00,N/A,0.05,0.11,209.93,0.43,10.87,0.00,0.01,0.00,0.46,0.00,0.75,0.00,0.00,0.79,0.67,0.0013,0.0068,     0,0,0,0.12,99.88,0.00,N/A,0.08,0.18,209.93,0.46,11.41,0.00,0.01,0.00,0.36,0.00,0.84,0.00,0.00,0.75,0.59,0.0013,0.0060,     0,0,0,0.16,99.84,0.00,N/A,0.10,0.28,209.93,0.36,9.07,0.00,0.01,
2024-03-21,21:06:23.471,0.00,0.70,0.00,0.81,0.00,0.06,0.94,0.47,0.0004,0.0064,0.00,0.00,-2147483648,0.00,0.00,10.04,14.28,210.17,0.70,17.57,0.00,0.07,0.56,0.26,1.88,0.52,99.48,0.00,100.00,0.00,0.00,0.00,0.00,-nan,0.10,0.00,0.89,0.01,0.87,0.00,0.03,0.94,0.55,0.0002,0.0040,     0,0,0,0.00,0.00,-2147483648,0.00,0.00,N/A,8.24,9.27,210.17,0.89,22.21,0.00,0.12,0.00,0.36,0.00,0.72,0.00,0.03,0.94,0.36,0.0010,0.0170,     0,0,0,0.00,0.00,-2147483648,0.00,0.00,N/A,1.80,5.01,210.17,0.36,8.98,0.00,0.03,0.06,0.16,  0%,  0%,0.22,0.12,  0%,  0%,0.26,0.44,  0%,  0%,0.62,0.56,  0%,  0%,0.63,99.37,0.00,100.00,0.00,0.00,0.41,99.59,0.00,100.00,0.00,0.00,0.00,0.00,0.00 ,0.00 ,-nan ,-nan ,0.10,0.10,0.01,0.30,0.02,0.88,0.00,0.03,0.96,0.27,0.0008,0.0208,     0,0,0,2.38,97.62,0.00,N/A,1.34,4.41,210.17,0.30,7.62,0.01,0.16,0.01,1.48,0.00,0.97,0.00,0.00,0.59,0.68,0.0001,0.0004,     0,0,0,0.36,99.64,0.00,N/A,1.08,0.73,210.17,1.48,37.00,0.01,0.13,0.01,1.37,0.00,0.98,0.00,0.00,0.59,0.65,0.0002,0.0007,     0,0,0,0.44,99.56,0.00,N/A,1.23,0.90,210.17,1.37,34.16,0.01,0.15,0.02,1.65,0.01,0.82,0.00,0.00,0.94,0.90,0.0000,0.0006,     0,0,0,1.47,98.53,0.00,N/A,4.16,2.53,210.17,1.65,41.19,0.02,0.49,0.00,0.48,0.00,0.75,0.00,0.00,0.86,0.86,0.0002,0.0030,     0,0,0,0.03,99.97,0.00,N/A,0.03,0.05,210.17,0.48,11.97,0.00,0.00,0.00,0.46,0.00,0.87,0.00,0.00,0.88,0.71,0.0006,0.0060,     0,0,0,0.06,99.94,0.00,N/A,0.05,0.11,210.17,0.46,11.62,0.00,0.01,0.00,0.66,0.00,0.81,0.00,0.00,0.73,0.81,0.0004,0.0021,     0,0,0,0.21,99.79,0.00,N/A,0.24,0.36,210.17,0.66,16.50,0.00,0.03,0.00,0.57,0.00,0.92,0.00,0.00,0.70,0.59,0.0014,0.0067,     0,0,0,0.10,99.90,0.00,N/A,0.11,0.19,210.17,0.57,14.32,0.00,0.01,0.01,0.33,0.02,0.76,0.00,0.03,0.96,0.28,0.0008,0.0214,     0,0,0,2.48,97.52,0.00,N/A,1.28,3.94,210.17,0.33,8.15,0.01,0.15,0.00,0.50,0.00,0.65,0.00,0.00,0.54,0.62,0.0025,0.0069,     0,0,0,0.18,99.82,0.00,N/A,0.12,0.24,210.17,0.50,12.58,0.00,0.01,0.00,0.51,0.00,0.43,0.00,0.00,0.53,0.73,0.0019,0.0057,     0,0,0,0.12,99.88,0.00,N/A,0.05,0.11,210.17,0.51,12.80,0.00,0.01,0.00,0.49,0.00,0.61,0.00,0.00,0.84,0.76,0.0006,0.0050,     0,0,0,0.09,99.91,0.00,N/A,0.06,0.11,210.17,0.49,12.32,0.00,0.01,0.00,0.43,0.00,0.58,0.00,0.00,0.82,0.74,0.0008,0.0050,     0,0,0,0.09,99.91,0.00,N/A,0.05,0.11,210.17,0.43,10.80,0.00,0.01,0.00,0.41,0.00,0.59,0.00,0.00,0.81,0.70,0.0010,0.0060,     0,0,0,0.09,99.91,0.00,N/A,0.05,0.12,210.17,0.41,10.37,0.00,0.01,0.00,0.51,0.00,0.54,0.00,0.00,0.82,0.72,0.0010,0.0059,     0,0,0,0.14,99.86,0.00,N/A,0.08,0.16,210.17,0.51,12.83,0.00,0.01,0.00,0.48,0.00,0.82,0.00,0.00,0.77,0.55,0.0014,0.0068,     0,0,0,0.12,99.88,0.00,N/A,0.10,0.21,210.17,0.48,11.89,0.00,0.01,
2024-03-21,21:06:23.571,0.00,0.69,0.00,0.85,0.00,0.06,0.95,0.50,0.0003,0.0066,0.00,0.00,-2147483648,0.00,0.00,9.72,14.06,209.99,0.69,17.28,0.00,0.07,0.71,0.94,1.52,0.49,99.51,0.00,100.00,0.00,0.00,0.00,0.00,-nan,0.07,0.00,0.90,0.01,0.91,0.00,0.03,0.95,0.59,0.0002,0.0042,     0,0,0,0.00,0.00,-2147483648,0.00,0.00,N/A,7.90,8.81,209.99,0.90,22.42,0.00,0.12,0.00,0.35,0.00,0.76,0.00,0.03,0.95,0.35,0.0009,0.0170,     0,0,0,0.00,0.00,-2147483648,0.00,0.00,N/A,1.82,5.25,209.99,0.35,8.65,0.00,0.03,0.38,0.08,  0%,  0%,0.14,0.11,  0%,  0%,0.15,0.32,  0%,  0%,0.52,0.53,  0%,  0%,0.57,99.43,0.00,100.00,0.00,0.00,0.41,99.59,0.00,100.00,0.00,0.00,0.00,0.00,0.00 ,0.00 ,-nan ,-nan ,0.07,0.08,0.01,0.32,0.02,0.91,0.00,0.03,0.96,0.27,0.0008,0.0212,     0,0,0,2.18,97.82,0.00,N/A,1.32,4.17,209.99,0.32,7.89,0.01,0.16,0.00,1.45,0.00,0.97,0.00,0.00,0.60,0.68,0.0001,0.0005,     0,0,0,0.27,99.73,0.00,N/A,0.81,0.56,209.99,1.45,36.33,0.00,0.10,0.00,0.50,0.00,0.80,0.00,0.00,0.78,0.67,0.0009,0.0070,     0,0,0,0.11,99.89,0.00,N/A,0.09,0.18,209.99,0.50,12.56,0.00,0.01,0.02,1.70,0.01,0.93,0.00,0.00,0.93,0.95,0.0000,0.0003,     0,0,0,1.55,98.45,0.00,N/A,5.17,3.05,209.99,1.70,42.44,0.02,0.62,0.00,0.52,0.00,0.77,0.00,0.00,0.86,0.71,0.0006,0.0059,     0,0,0,0.07,99.93,0.00,N/A,0.06,0.11,209.99,0.52,12.90,0.00,0.01,0.00,0.53,0.00,0.84,0.00,0.00,0.91,0.73,0.0004,0.0053,     0,0,0,0.05,99.95,0.00,N/A,0.05,0.09,209.99,0.53,13.28,0.00,0.01,0.00,0.68,0.00,0.80,0.00,0.00,0.77,0.82,0.0004,0.0021,     0,0,0,0.18,99.82,0.00,N/A,0.21,0.31,209.99,0.68,17.12,0.00,0.03,0.00,0.57,0.00,0.97,0.00,0.00,0.73,0.55,0.0015,0.0070,     0,0,0,0.17,99.83,0.00,N/A,0.19,0.34,209.99,0.57,14.17,0.00,0.02,0.01,0.31,0.02,0.80,0.00,0.03,0.96,0.28,0.0009,0.0209,     0,0,0,2.58,97.42,0.00,N/A,1.35,4.32,209.99,0.31,7.80,0.01,0.16,0.00,0.50,0.00,0.55,0.00,0.00,0.68,0.69,0.0016,0.0062,     0,0,0,0.14,99.86,0.00,N/A,0.08,0.16,209.99,0.50,12.45,0.00,0.01,0.00,0.46,0.00,0.61,0.00,0.00,0.83,0.74,0.0005,0.0048,     0,0,0,0.08,99.92,0.00,N/A,0.05,0.11,209.99,0.46,11.45,0.00,0.01,0.00,0.46,0.00,0.63,0.00,0.00,0.84,0.73,0.0007,0.0053,     0,0,0,0.08,99.92,0.00,N/A,0.05,0.11,209.99,0.46,11.41,0.00,0.01,0.00,0.50,0.00,0.58,0.00,0.00,0.85,0.75,0.0006,0.0051,     0,0,0,0.09,99.91,0.00,N/A,0.05,0.11,209.99,0.50,12.40,0.00,0.01,0.00,0.46,0.00,0.58,0.00,0.00,0.82,0.70,0.0008,0.0058,     0,0,0,0.09,99.91,0.00,N/A,0.05,0.11,209.99,0.46,11.53,0.00,0.01,0.00,0.55,0.00,0.55,0.00,0.00,0.80,0.72,0.0009,0.0056,     0,0,0,0.14,99.86,0.00,N/A,0.09,0.16,209.99,0.55,13.71,0.00,0.01,0.00,0.56,0.00,0.74,0.00,0.00,0.77,0.56,0.0015,0.0072,     0,0,0,0.11,99.89,0.00,N/A,0.10,0.17,209.99,0.56,13.91,0.00,0.01,
2024-03-21,21:06:23.671,0.00,0.75,0.00,0.84,0.00,0.07,0.95,0.51,0.0003,0.0059,0.00,0.00,-2147483648,0.00,0.00,11.08,14.87,210.14,0.75,18.63,0.00,0.08,0.57,0.44,1.37,0.53,99.47,0.00,100.00,0.00,0.00,0.00,0.00,-nan,0.08,0.01,0.95,0.01,0.87,0.00,0.03,0.95,0.60,0.0002,0.0037,     0,0,0,0.00,0.00,-2147483648,0.00,0.00,N/A,9.31,9.81,210.14,0.95,23.71,0.01,0.14,0.00,0.35,0.00,0.78,0.00,0.03,0.95,0.34,0.0008,0.0174,     0,0,0,0.00,0.00,-2147483648,0.00,0.00,N/A,1.77,5.06,210.14,0.35,8.77,0.00,0.03,0.13,0.13,  0%,  0%,0.21,0.10,  0%,  0%,0.22,0.26,  0%,  0%,0.55,0.34,  0%,  0%,0.6,  0%,  0%,0.28,0.190.00,0.00,0.39,99.61,0.00,100.00,0.00,0.00,0.00,0.00,0.00 ,0.00 ,-nan ,-nan ,0.08,0.08,0.01,0.31,0.02,0.86,0.00,0.03,0.96,0.28,0.0008,0.0208,     0,0,0,2.37,97.63,0.00,N/A,1.32,4.30,210.14,0.31,7.67,0.01,0.16,0.00,1.47,0.00,0.96,0.00,0.00,0.58,0.67,0.0001,0.0005,     0,0,0,0.31,99.69,0.00,N/A,0.91,0.62,210.14,1.47,36.80,0.00,0.11,0.00,0.52,0.00,0.90,0.00,0.00,0.79,0.66,0.0009,0.0067,     0,0,0,0.09,99.91,0.00,N/A,0.08,0.16,210.14,0.52,13.05,0.00,0.01,0.03,1.65,0.02,0.87,0.00,0.00,0.96,0.90,0.0000,0.0006,     0,0,0,2.17,97.83,0.00,N/A,6.53,3.95,210.14,1.65,41.27,0.03,0.78,0.00,0.51,0.00,0.84,0.00,0.00,0.93,0.72,0.0003,0.0058,     0,0,0,0.06,99.94,0.00,N/A,0.05,0.11,210.14,0.51,12.87,0.00,0.01,0.00,0.50,0.00,0.78,0.00,0.00,0.90,0.72,0.0005,0.0055,     0,0,0,0.06,99.94,0.00,N/A,0.05,0.10,210.14,0.50,12.61,0.00,0.01,0.00,0.67,0.00,0.84,0.00,0.00,0.77,0.81,0.0004,0.0022,     0,0,0,0.16,99.84,0.00,N/A,0.19,0.28,210.14,0.67,16.70,0.00,0.02,0.00,0.61,0.00,0.97,0.00,0.00,0.78,0.55,0.0012,0.0070,     0,0,0,0.14,99.86,0.00,N/A,0.18,0.29,210.14,0.61,15.24,0.00,0.02,0.01,0.32,0.02,0.82,0.00,0.03,0.96,0.27,0.0008,0.0213,     0,0,0,2.39,97.61,0.00,N/A,1.32,4.11,210.14,0.32,8.02,0.01,0.16,0.00,0.50,0.00,0.59,0.00,0.00,0.68,0.67,0.0017,0.0065,     0,0,0,0.13,99.87,0.00,N/A,0.08,0.16,210.14,0.50,12.59,0.00,0.01,0.00,0.47,0.00,0.56,0.00,0.00,0.79,0.72,0.0008,0.0055,     0,0,0,0.09,99.91,0.00,N/A,0.05,0.11,210.14,0.47,11.64,0.00,0.01,0.00,0.46,0.00,0.60,0.00,0.00,0.84,0.71,0.0008,0.0054,     0,0,0,0.08,99.92,0.00,N/A,0.05,0.10,210.14,0.46,11.44,0.00,0.01,0.00,0.49,0.00,0.69,0.00,0.00,0.86,0.73,0.0006,0.0051,     0,0,0,0.07,99.93,0.00,N/A,0.05,0.10,210.14,0.49,12.13,0.00,0.01,0.00,0.45,0.00,0.69,0.00,0.00,0.88,0.72,0.0006,0.0053,     0,0,0,0.07,99.93,0.00,N/A,0.05,0.11,210.14,0.45,11.33,0.00,0.01,0.00,0.54,0.00,0.61,0.00,0.00,0.82,0.72,0.0009,0.0056,     0,0,0,0.12,99.88,0.00,N/A,0.08,0.16,210.14,0.54,13.41,0.00,0.01,0.00,0.45,0.00,0.78,0.00,0.00,0.83,0.58,0.0009,0.0062,     0,0,0,0.13,99.87,0.00,N/A,0.10,0.22,210.14,0.45,11.13,0.00,0.01,
2024-03-21,21:06:23.771,0.00,0.77,0.01,0.90,0.00,0.07,0.93,0.52,0.0003,0.0050,0.00,0.00,-2147483648,0.00,0.00,13.12,17.03,209.96,0.77,19.26,0.00,0.10,0.46,0.35,1.68,0.56,99.44,0.00,100.00,0.00,0.00,0.00,0.00,-nan,0.07,0.01,0.98,0.01,0.96,0.00,0.04,0.93,0.62,0.0002,0.0031,     0,0,0,0.00,0.00,-2147483648,0.00,0.00,N/A,11.24,11.51,209.96,0.98,24.42,0.01,0.17,0.00,0.34,0.00,0.79,0.00,0.03,0.94,0.35,0.0010,0.0165,     0,0,0,0.00,0.00,-2147483648,0.00,0.00,N/A,1.88,5.52,209.96,0.34,8.51,0.00,0.03,0.07,0.09,  0%,  0%,0.19,0.11,  0%,  0%,0.15,0.38,  0%,  0%,0.57,0.57,  0%,  0%,0.71,99.29,0.00,100.00,0.00,0.00,0.41,99.59,0.00,100.00,0.00,0.00,0.00,0.00,0.00 ,0.00 ,-nan ,-nan ,0.07,0.08,0.01,0.30,0.02,0.95,0.00,0.03,0.94,0.28,0.0011,0.0193,     0,0,0,2.53,97.47,0.00,N/A,1.49,5.06,209.96,0.30,7.38,0.01,0.18,0.01,1.63,0.01,0.99,0.00,0.00,0.52,0.70,0.0001,0.0003,     0,0,0,0.71,99.29,0.00,N/A,2.41,1.48,209.96,1.63,40.63,0.01,0.29,0.00,0.51,0.00,0.83,0.00,0.00,0.75,0.67,0.0011,0.0065,     0,0,0,0.09,99.91,0.00,N/A,0.08,0.16,209.96,0.51,12.78,0.00,0.01,0.03,1.68,0.02,0.99,0.00,0.00,0.95,0.92,0.0000,0.0005,     0,0,0,1.95,98.05,0.00,N/A,6.80,4.05,209.96,1.68,41.93,0.03,0.81,0.00,0.50,0.00,0.80,0.00,0.00,0.92,0.74,0.0003,0.0053,     0,0,0,0.07,99.93,0.00,N/A,0.06,0.11,209.96,0.50,12.48,0.00,0.01,0.00,0.43,0.00,0.63,0.00,0.00,0.83,0.92,0.0003,0.0016,     0,0,0,0.03,99.97,0.00,N/A,0.02,0.04,209.96,0.43,10.67,0.00,0.00,0.00,0.68,0.00,0.84,0.00,0.00,0.79,0.80,0.0004,0.0024,     0,0,0,0.16,99.84,0.00,N/A,0.20,0.29,209.96,0.68,17.05,0.00,0.02,0.00,0.60,0.00,0.94,0.00,0.00,0.73,0.56,0.0014,0.0070,     0,0,0,0.16,99.84,0.00,N/A,0.19,0.31,209.96,0.60,14.92,0.00,0.02,0.01,0.30,0.02,0.81,0.00,0.03,0.96,0.27,0.0009,0.0209,     0,0,0,2.63,97.37,0.00,N/A,1.36,4.45,209.96,0.30,7.61,0.01,0.16,0.00,0.48,0.00,0.80,0.00,0.00,0.58,0.70,0.0020,0.0060,     0,0,0,0.10,99.90,0.00,N/A,0.08,0.17,209.96,0.48,12.03,0.00,0.01,0.00,0.44,0.00,0.63,0.00,0.00,0.73,0.75,0.0007,0.0047,     0,0,0,0.08,99.92,0.00,N/A,0.05,0.11,209.96,0.44,11.07,0.00,0.01,0.00,0.47,0.00,0.75,0.00,0.00,0.82,0.72,0.0007,0.0046,     0,0,0,0.08,99.92,0.00,N/A,0.06,0.12,209.96,0.47,11.86,0.00,0.01,0.00,0.41,0.00,0.46,0.00,0.00,0.98,0.83,0.0000,0.0034,     0,0,0,0.06,99.94,0.00,N/A,0.02,0.06,209.96,0.41,10.32,0.00,0.00,0.00,0.40,0.00,0.47,0.00,0.00,0.85,0.81,0.0004,0.0035,     0,0,0,0.06,99.94,0.00,N/A,0.02,0.06,209.96,0.40,9.92,0.00,0.00,0.00,0.53,0.00,0.88,0.00,0.00,0.64,0.69,0.0016,0.0049,     0,0,0,0.18,99.82,0.00,N/A,0.18,0.33,209.96,0.53,13.34,0.00,0.02,0.00,0.51,0.00,0.82,0.00,0.00,0.78,0.61,0.0012,0.0062,     0,0,0,0.12,99.88,0.00,N/A,0.11,0.21,209.96,0.51,12.75,0.00,0.01,
2024-03-21,21:06:23.871,0.00,0.75,0.00,0.91,0.00,0.07,0.94,0.51,0.0003,0.0056,0.00,0.00,-2147483648,0.00,0.00,12.02,16.12,209.86,0.75,18.64,0.00,0.09,0.89,0.89,1.64,0.53,99.47,0.00,100.00,0.00,0.00,0.00,0.00,-nan,0.08,0.01,0.96,0.01,0.99,0.00,0.04,0.93,0.60,0.0002,0.0036,     0,0,0,0.00,0.00,-2147483648,0.00,0.00,N/A,10.26,10.69,209.86,0.96,24.00,0.01,0.15,0.00,0.32,0.00,0.78,0.00,0.03,0.95,0.34,0.0009,0.0171,     0,0,0,0.00,0.00,-2147483648,0.00,0.00,N/A,1.77,5.44,209.86,0.32,8.12,0.00,0.03,0.31,0.33,  0%,  0%,0.16,0.09,  0%,  0%,0.59,0.21,  0%,  0%,0.48,0.36,  0%,  0%,0.64,99.36,0.00,100.00,0.00,0.00,0.41,99.59,0.00,100.00,0.00,0.00,0.00,0.00,0.00 ,0.00 ,-nan ,-nan ,0.08,0.08,0.01,0.31,0.02,1.00,0.00,0.03,0.95,0.27,0.0010,0.0198,     0,0,0,2.21,97.79,0.00,N/A,1.44,4.64,209.86,0.31,7.76,0.01,0.17,0.01,1.55,0.00,0.98,0.00,0.00,0.66,0.73,0.0001,0.0004,     0,0,0,0.42,99.58,0.00,N/A,1.34,0.87,209.86,1.55,38.68,0.01,0.16,0.02,1.56,0.01,1.00,0.00,0.00,0.90,0.87,0.0001,0.0008,     0,0,0,1.44,98.56,0.00,N/A,4.72,3.02,209.86,1.56,39.10,0.02,0.56,0.01,1.61,0.01,0.99,0.00,0.00,0.93,0.88,0.0000,0.0007,     0,0,0,0.69,99.31,0.00,N/A,2.31,1.44,209.86,1.61,40.13,0.01,0.28,0.00,0.53,0.00,0.80,0.00,0.00,0.95,0.74,0.0002,0.0053,     0,0,0,0.06,99.94,0.00,N/A,0.06,0.11,209.86,0.53,13.13,0.00,0.01,0.00,0.43,0.00,0.66,0.00,0.00,1.00,0.91,0.0000,0.0016,     0,0,0,0.03,99.97,0.00,N/A,0.02,0.05,209.86,0.43,10.71,0.00,0.00,0.00,0.66,0.00,0.95,0.00,0.00,0.80,0.84,0.0003,0.0017,     0,0,0,0.15,99.85,0.00,N/A,0.19,0.29,209.86,0.66,16.57,0.00,0.02,0.00,0.64,0.00,1.00,0.00,0.00,0.77,0.53,0.0013,0.0073,     0,0,0,0.14,99.86,0.00,N/A,0.18,0.29,209.86,0.64,15.90,0.00,0.02,0.01,0.30,0.02,0.83,0.00,0.03,0.96,0.28,0.0008,0.0205,     0,0,0,2.67,97.33,0.00,N/A,1.37,4.63,209.86,0.30,7.39,0.01,0.16,0.00,0.46,0.00,0.76,0.00,0.00,0.58,0.70,0.0019,0.0057,     0,0,0,0.11,99.89,0.00,N/A,0.08,0.17,209.86,0.46,11.54,0.00,0.01,0.00,0.50,0.00,0.41,0.00,0.00,0.82,0.71,0.0008,0.0058,     0,0,0,0.12,99.88,0.00,N/A,0.05,0.10,209.86,0.50,12.43,0.00,0.01,0.00,0.49,0.00,0.46,0.00,0.00,0.82,0.73,0.0008,0.0050,     0,0,0,0.10,99.90,0.00,N/A,0.05,0.10,209.86,0.49,12.22,0.00,0.01,0.00,0.38,0.00,0.50,0.00,0.00,0.87,0.93,0.0001,0.0012,     0,0,0,0.05,99.95,0.00,N/A,0.02,0.05,209.86,0.38,9.44,0.00,0.00,0.00,0.38,0.00,0.50,0.00,0.00,0.73,0.92,0.0003,0.0013,     0,0,0,0.05,99.95,0.00,N/A,0.02,0.05,209.86,0.38,9.51,0.00,0.00,0.00,0.52,0.00,0.71,0.00,0.00,0.85,0.70,0.0008,0.0060,     0,0,0,0.11,99.89,0.00,N/A,0.09,0.17,209.86,0.52,12.90,0.00,0.01,0.00,0.57,0.00,0.78,0.00,0.00,0.76,0.58,0.0014,0.0069,     0,0,0,0.10,99.90,0.00,N/A,0.09,0.17,209.86,0.57,14.15,0.00,0.01,
2024-03-21,21:06:23.971,0.00,0.72,0.00,0.86,0.00,0.06,0.94,0.50,0.0003,0.0058,0.00,0.00,-2147483648,0.00,0.00,11.17,15.48,209.96,0.72,18.05,0.00,0.08,0.49,0.50,1.34,0.53,99.47,0.00,100.00,0.00,0.00,0.00,0.00,-nan,0.08,0.01,0.92,0.01,0.90,0.00,0.03,0.93,0.59,0.0002,0.0036,     0,0,0,0.00,0.00,-2147483648,0.00,0.00,N/A,9.41,10.19,209.96,0.92,23.07,0.01,0.14,0.00,0.33,0.00,0.79,0.00,0.03,0.95,0.34,0.0009,0.0173,     0,0,0,0.00,0.00,-2147483648,0.00,0.00,N/A,1.77,5.28,209.96,0.33,8.36,0.00,0.03,0.06,0.08,  0%,  0%,0.24,0.11,  0%,  0%,0.14,0.25,  0%,  0%,0.51,0.43,  0%,  0%,0.67,99.33,0.00,100.00,0.00,0.00,0.40,99.60,0.00,100.00,0.00,0.00,0.00,0.00,0.00 ,0.00 ,-nan ,-nan ,0.08,0.08,0.01,0.31,0.02,0.94,0.00,0.03,0.95,0.28,0.0010,0.0196,     0,0,0,2.42,97.58,0.00,N/A,1.47,4.77,209.96,0.31,7.68,0.01,0.17,0.01,1.5,0.30,7.51,0.01,,0.00,0.61,0.74,0.0001,0.0003,     0,0,0,0.67,99.33,0.00,N/A,2.22,1.40,209.96,1.59,39.66,0.01,0.26,0.02,1.64,0.02,0.84,0.00,0.00,0.91,0.93,0.0000,0.0004,     0,0,0,1.81,98.19,0.00,N/A,5.22,3.18,209.96,1.64,41.06,0.02,0.62,0.00,0.50,0.00,0.86,0.00,0.00,0.85,0.69,0.0006,0.0062,     0,0,0,0.06,99.94,0.00,N/A,0.05,0.11,209.96,0.50,12.58,0.00,0.01,0.00,0.55,0.00,0.78,0.00,0.00,0.93,0.70,0.0003,0.0061,     0,0,0,0.06,99.94,0.00,N/A,0.06,0.10,209.96,0.55,13.66,0.00,0.01,0.00,0.40,0.00,0.66,0.00,0.00,0.90,0.90,0.0002,0.0019,     0,0,0,0.04,99.96,0.00,N/A,0.02,0.05,209.96,0.40,9.90,0.00,0.00,0.00,0.64,0.00,0.88,0.00,0.00,0.82,0.82,0.0003,0.0020,     0,0,0,0.16,99.84,0.00,N/A,0.19,0.30,209.96,0.64,16.02,0.00,0.02,0.00,0.64,0.00,0.97,0.00,0.00,0.76,0.54,0.0013,0.0072,     0,0,0,0.14,99.86,0.00,N/A,0.19,0.29,209.96,0.64,16.01,0.00,0.02,0.01,0.31,0.02,0.81,0.00,0.03,0.96,0.27,0.0009,0.0208,     0,0,0,2.60,97.40,0.00,N/A,1.35,4.42,209.96,0.31,7.66,0.01,0.16,0.00,0.47,0.00,0.77,0.00,0.00,0.61,0.68,0.0017,0.0064,     0,0,0,0.11,99.89,0.00,N/A,0.08,0.18,209.96,0.47,11.73,0.00,0.01,0.00,0.40,0.00,0.74,0.00,0.00,0.83,0.74,0.0007,0.0048,     0,0,0,0.08,99.92,0.00,N/A,0.05,0.12,209.96,0.40,10.05,0.00,0.01,0.00,0.48,0.00,0.77,0.00,0.00,0.85,0.74,0.0007,0.0049,     0,0,0,0.07,99.93,0.00,N/A,0.05,0.11,209.96,0.48,11.88,0.00,0.01,0.00,0.38,0.00,0.53,0.00,0.00,0.78,0.83,0.0003,0.0034,     0,0,0,0.06,99.94,0.00,N/A,0.02,0.06,209.96,0.38,9.52,0.00,0.00,0.00,0.38,0.00,0.52,0.00,0.00,0.77,0.90,0.0003,0.0017,     0,0,0,0.05,99.95,0.00,N/A,0.02,0.06,209.96,0.38,9.60,0.00,0.00,0.00,0.51,0.00,0.78,0.00,0.00,0.86,0.71,0.0007,0.0058,     0,0,0,0.10,99.90,0.00,N/A,0.08,0.17,209.96,0.51,12.68,0.00,0.01,0.00,0.57,0.00,0.77,0.00,0.00,0.78,0.57,0.0013,0.0073,     0,0,0,0.10,99.90,0.00,N/A,0.10,0.17,209.96,0.57,14.32,0.00,0.01,
2024-03-21,21:06:24.072,0.00,0.78,0.00,0.85,0.00,0.07,0.94,0.51,0.0003,0.0053,0.00,0.00,-2147483648,0.00,0.00,12.40,15.91,209.98,0.78,19.49,0.00,0.09,0.45,0.34,1.70,0.56,99.44,0.00,100.00,0.00,0.00,0.00,0.00,-nan,0.09,0.01,0.96,0.01,0.93,0.00,0.04,0.93,0.59,0.0002,0.0034,     0,0,0,0.00,0.00,-2147483648,0.00,0.00,N/A,10.70,11.14,209.98,0.96,24.02,0.01,0.16,0.00,0.36,0.00,0.71,0.00,0.03,0.95,0.34,0.0008,0.0177,     0,0,0,0.00,0.00,-2147483648,0.00,0.00,N/A,1.70,4.77,209.98,0.36,8.92,0.00,0.03,0.13,0.07,  0%,  0%,0.14,0.11,  0%,  0%,0.13,0.26,  0%,  0%,0.62,0.69,  0%,  0%,0.71,99.29,0.00,100.00,0.00,0.00,0.40,99.60,0.00,100.00,0.00,0.00,0.00,0.00,0.00 ,0.00 ,-nan ,-nan ,0.09,0.09,0.01,0.30,0.02,0.97,0.00,0.03,0.95,0.27,0.0010,0.0196,     0,0,0,2.38,97.62,0.00,N/A,1.46,4.86,209.98,0.30,7.53,0.01,0.17,0.01,1.61,0.01,0.99,0.00,0.00,0.62,0.69,0.0001,0.0003,     0,0,0,0.73,99.27,0.00,N/A,2.44,1.51,209.98,1.61,40.27,0.01,0.29,0.01,1.54,0.01,0.74,0.00,0.00,0.96,0.81,0.0000,0.0012,     0,0,0,1.04,98.96,0.00,N/A,2.50,1.63,209.98,1.54,38.42,0.01,0.30,0.02,1.64,0.01,0.98,0.00,0.00,0.89,0.94,0.0000,0.0004,     0,0,0,1.12,98.88,0.00,N/A,3.81,2.32,209.98,1.64,40.96,0.02,0.45,0.00,0.55,0.00,0.85,0.00,0.00,0.92,0.73,0.0003,0.0056,     0,0,0,0.06,99.94,0.00,N/A,0.06,0.10,209.98,0.55,13.78,0.00,0.01,0.00,0.46,0.00,0.80,0.00,0.00,0.52,0.77,0.0018,0.0046,     0,0,0,0.05,99.95,0.00,N/A,0.04,0.09,209.98,0.46,11.60,0.00,0.00,0.00,0.68,0.00,0.96,0.00,0.00,0.76,0.82,0.0004,0.0021,     0,0,0,0.15,99.85,0.00,N/A,0.21,0.31,209.98,0.68,17.10,0.00,0.03,0.00,0.59,0.00,1.00,0.00,0.00,0.77,0.53,0.0012,0.0072,     0,0,0,0.15,99.85,0.00,N/A,0.19,0.32,209.98,0.59,14.63,0.00,0.02,0.01,0.33,0.02,0.74,0.00,0.03,0.96,0.27,0.0008,0.0214,     0,0,0,2.56,97.44,0.00,N/A,1.31,3.98,209.98,0.33,8.24,0.01,0.16,0.00,0.51,0.00,0.56,0.00,0.00,0.65,0.69,0.0016,0.0060,     0,0,0,0.14,99.86,0.00,N/A,0.08,0.16,209.98,0.51,12.87,0.00,0.01,0.00,0.45,0.00,0.64,0.00,0.00,0.60,0.74,0.0016,0.0049,     0,0,0,0.08,99.92,0.00,N/A,0.05,0.11,209.98,0.45,11.22,0.00,0.01,0.00,0.48,0.00,0.65,0.00,0.00,0.86,0.75,0.0006,0.0046,     0,0,0,0.07,99.93,0.00,N/A,0.05,0.10,209.98,0.48,11.96,0.00,0.01,0.00,0.37,0.00,0.49,0.00,0.00,0.82,0.91,0.0003,0.0016,     0,0,0,0.05,99.95,0.00,N/A,0.02,0.05,209.98,0.37,9.36,0.00,0.00,0.00,0.39,0.00,0.49,0.00,0.00,0.92,0.81,0.0003,0.0038,     0,0,0,0.06,99.94,0.00,N/A,0.02,0.06,209.98,0.39,9.82,0.00,0.00,0.00,0.53,0.00,0.53,0.00,0.00,0.77,0.72,0.0012,0.0056,     0,0,0,0.14,99.86,0.00,N/A,0.08,0.16,209.98,0.53,13.16,0.00,0.01,0.00,0.57,0.00,0.70,0.00,0.00,0.88,0.58,0.0007,0.0061,     0,0,0,0.10,99.90,0.00,N/A,0.08,0.15,209.98,0.57,14.20,0.00,0.01,
2024-03-21,21:06:24.172,0.00,0.63,0.00,0.89,0.00,0.06,0.94,0.49,0.0004,0.0070,0.00,0.00,-2147483648,0.00,0.00,9.10,14.37,210.54,0.63,15.82,0.00,0.07,0.61,0.49,1.50,0.48,99.52,0.00,100.00,0.00,0.00,0.00,0.00,-nan,0.08,0.00,0.83,0.01,0.97,0.00,0.03,0.94,0.58,0.0003,0.0047,     0,0,0,0.00,0.00,-2147483648,0.00,0.00,N/A,7.15,8.60,210.54,0.83,20.76,0.00,0.11,0.00,0.34,0.00,0.79,0.00,0.03,0.94,0.34,0.0009,0.0153,     0,0,0,0.00,0.00,-2147483648,0.00,0.00,N/A,1.95,5.77,210.54,0.34,8.46,0.00,0.03,0.23,0.19,  0%,  0%,0.12,0.06,  0%,  0%,0.39,0.33,  0%,  0%,0.42,0.36,  0%,  0%,0.53,99.47,0.00,100.00,0.00,0.00,0.43,99.57,0.00,100.00,0.00,0.00,0.00,0.00,0.00 ,0.00 ,-nan ,-nan ,0.08,0.08,0.01,0.32,0.02,1.00,0.00,0.03,0.95,0.27,0.0010,0.0201,     0,0,0,2.11,97.89,0.00,N/A,1.42,4.44,210.54,0.32,8.02,0.01,0.17,0.00,1.01,0.00,0.92,0.00,0.00,0.59,0.71,0.0004,0.0015,     0,0,0,0.17,99.83,0.00,N/A,0.33,0.33,210.54,1.01,25.36,0.00,0.04,0.00,0.47,0.00,0.62,0.00,0.00,0.83,0.65,0.0008,0.0071,     0,0,0,0.14,99.86,0.00,N/A,0.09,0.19,210.54,0.47,11.80,0.00,0.01,0.02,1.68,0.01,0.99,0.00,0.00,0.96,0.94,0.0000,0.0004,     0,0,0,1.39,98.61,0.00,N/A,4.81,2.87,210.54,1.68,41.90,0.02,0.58,0.00,0.53,0.00,0.77,0.00,0.00,0.94,0.74,0.0003,0.0052,     0,0,0,0.07,99.93,0.00,N/A,0.06,0.11,210.54,0.53,13.15,0.00,0.01,0.00,0.48,0.00,0.84,0.00,0.00,0.82,0.88,0.0004,0.0023,     0,0,0,0.02,99.98,0.00,N/A,0.02,0.04,210.54,0.48,11.96,0.00,0.00,0.00,0.70,0.00,0.85,0.00,0.00,0.79,0.83,0.0004,0.0021,     0,0,0,0.18,99.82,0.00,N/A,0.23,0.33,210.54,0.70,17.38,0.00,0.03,0.00,0.61,0.00,0.95,0.00,0.00,0.75,0.55,0.0013,0.0068,     0,0,0,0.15,99.85,0.00,N/A,0.18,0.30,210.54,0.61,15.27,0.00,0.02,0.01,0.30,0.02,0.82,0.00,0.03,0.96,0.28,0.0008,0.0206,     0,0,0,2.63,97.37,0.00,N/A,1.36,4.52,210.54,0.30,7.50,0.01,0.16,0.00,0.48,0.00,0.61,0.00,0.00,0.54,0.69,0.0023,0.0059,     0,0,0,0.14,99.86,0.00,N/A,0.08,0.17,210.54,0.48,11.93,0.00,0.01,0.00,0.45,0.00,0.89,0.00,0.00,0.64,0.71,0.0003,0.0019,     0,0,0,0.21,99.79,0.00,N/A,0.18,0.40,210.54,0.45,11.26,0.00,0.02,0.00,0.50,0.00,0.76,0.00,0.00,0.85,0.67,0.0009,0.0063,     0,0,0,0.07,99.93,0.00,N/A,0.05,0.11,210.54,0.50,12.38,0.00,0.01,0.00,0.55,0.00,0.84,0.00,0.00,0.12,0.71,0.0014,0.0018,     0,0,0,0.17,99.83,0.00,N/A,0.17,0.30,210.54,0.55,13.83,0.00,0.02,0.00,0.38,0.00,0.50,0.00,0.00,0.72,0.88,0.0004,0.0021,     0,0,0,0.05,99.95,0.00,N/A,0.02,0.05,210.54,0.38,9.54,0.00,0.00,0.00,0.46,0.00,0.58,0.00,0.00,0.77,0.72,0.0011,0.0050,     0,0,0,0.11,99.89,0.00,N/A,0.06,0.14,210.54,0.46,11.40,0.00,0.01,0.00,0.38,0.00,0.53,0.00,0.00,0.70,0.88,0.0005,0.0021,     0,0,0,0.07,99.93,0.00,N/A,0.03,0.07,210.54,0.38,9.42,0.00,0.00,
2024-03-21,21:06:24.271,0.00,0.76,0.00,0.80,0.00,0.07,0.93,0.50,0.0004,0.0054,0.00,0.00,-2147483648,0.00,0.00,12.16,16.10,209.51,0.76,18.88,0.00,0.09,0.55,0.53,1.49,0.60,99.40,0.00,100.00,0.00,0.00,0.00,0.00,-nan,0.08,0.01,0.88,0.01,0.82,0.00,0.04,0.92,0.58,0.0003,0.0038,     0,0,0,0.00,0.00,-2147483648,0.00,0.00,N/A,9.19,10.39,209.51,0.88,22.10,0.01,0.14,0.00,0.52,0.00,0.76,0.00,0.03,0.94,0.35,0.0006,0.0104,     0,0,0,0.00,0.00,-2147483648,0.00,0.00,N/A,2.97,5.71,209.51,0.52,13.02,0.00,0.04,0.17,0.25,  0%,  0%,0.10,0.03,  0%,  0%,0.49,0.59,  0%,  0%,0.25,0.17,  0%,  0%,0.76,99.24,0.00,100.00,0.00,0.00,0.45,99.55,0.00,100.00,0.00,0.00,0.00,0.00,0.00 ,0.00 ,-nan ,-nan ,0.07,0.09,0.01,0.32,0.02,0.80,0.00,0.03,0.95,0.27,0.0011,0.0200,     0,0,0,2.70,97.30,0.00,N/A,1.44,4.52,209.51,0.32,7.98,0.01,0.17,0.01,1.54,0.01,0.98,0.00,0.00,0.59,0.75,0.0001,0.0003,     0,0,0,0.64,99.36,0.00,N/A,2.01,1.30,209.51,1.54,38.58,0.01,0.24,0.00,0.51,0.00,0.86,0.00,0.00,0.74,0.65,0.0011,0.0068,     0,0,0,0.10,99.90,0.00,N/A,0.10,0.19,209.51,0.51,12.79,0.00,0.01,0209.81,0.41,10.32,,0.00,0.00,0.97,0.92,0.0000,0.0005,     0,0,0,1.89,98.11,0.00,N/A,5.10,3.01,209.51,1.69,42.34,0.02,0.61,0.00,0.45,0.00,0.80,0.00,0.00,0.94,0.73,0.0003,0.0055,     0,0,0,0.07,99.93,0.00,N/A,0.06,0.12,209.51,0.45,11.18,0.00,0.01,0.00,0.39,0.00,0.64,0.00,0.00,0.95,0.93,0.0001,0.0012,     0,0,0,0.04,99.96,0.00,N/A,0.02,0.05,209.51,0.39,9.67,0.00,0.00,0.00,0.33,0.00,0.89,0.00,0.00,0.54,0.78,0.0017,0.0040,     0,0,0,0.50,99.50,0.00,N/A,0.31,0.93,209.51,0.33,8.23,0.00,0.04,0.00,0.59,0.00,0.93,0.00,0.00,0.77,0.55,0.0013,0.0072,     0,0,0,0.14,99.86,0.00,N/A,0.16,0.27,209.51,0.59,14.81,0.00,0.02,0.01,0.33,0.02,0.77,0.00,0.03,0.96,0.27,0.0008,0.0215,     0,0,0,2.48,97.52,0.00,N/A,1.31,3.98,209.51,0.33,8.24,0.01,0.16,0.00,0.48,0.00,0.56,0.00,0.00,0.59,0.70,0.0020,0.0059,     0,0,0,0.14,99.86,0.00,N/A,0.08,0.17,209.51,0.48,11.92,0.00,0.01,0.00,0.48,0.00,0.70,0.00,0.00,0.79,0.76,0.0006,0.0047,     0,0,0,0.07,99.93,0.00,N/A,0.05,0.11,209.51,0.48,11.99,0.00,0.01,0.00,0.45,0.00,0.67,0.00,0.00,0.81,0.70,0.0010,0.0059,     0,0,0,0.08,99.92,0.00,N/A,0.05,0.11,209.51,0.45,11.21,0.00,0.01,0.00,0.42,0.00,0.48,0.00,0.00,0.91,0.85,0.0001,0.0029,     0,0,0,0.06,99.94,0.00,N/A,0.02,0.06,209.51,0.42,10.52,0.00,0.00,0.00,0.35,0.00,0.49,0.00,0.00,0.75,0.90,0.0004,0.0017,     0,0,0,0.05,99.95,0.00,N/A,0.02,0.05,209.51,0.35,8.84,0.00,0.00,0.00,0.46,0.00,0.56,0.00,0.00,0.77,0.66,0.0014,0.0065,     0,0,0,0.15,99.85,0.00,N/A,0.08,0.17,209.51,0.46,11.55,0.00,0.01,0.01,1.28,0.01,0.95,0.00,0.00,0.55,0.60,0.0003,0.0007,     0,0,0,0.53,99.47,0.00,N/A,1.36,1.06,209.51,1.28,32.08,0.01,0.16,
2024-03-21,21:06:24.371,0.00,0.74,0.00,0.92,0.00,0.07,0.94,0.53,0.0003,0.0055,0.00,0.00,-2147483648,0.00,0.00,12.01,16.18,210.07,0.74,18.55,0.00,0.09,0.57,0.94,1.28,0.53,99.47,0.00,100.00,0.00,0.00,0.00,0.00,-nan,0.07,0.01,0.96,0.01,0.95,0.00,0.04,0.93,0.62,0.0002,0.0034,     0,0,0,0.00,0.00,-2147483648,0.00,0.00,N/A,10.24,10.68,210.07,0.96,23.97,0.01,0.15,0.00,0.32,0.00,0.85,0.00,0.03,0.95,0.34,0.0009,0.0172,     0,0,0,0.00,0.00,-2147483648,0.00,0.00,N/A,1.77,5.50,210.07,0.32,8.04,0.00,0.03,0.27,0.13,  0%,  0%,0.13,0.04,  0%,  0%,0.26,0.55,  0%,  0%,0.27,0.20,  0%,  0%,0.67,99.33,0.00,100.00,0.00,0.00,0.39,99.61,0.00,100.00,0.00,0.00,0.00,0.00,0.00 ,0.00 ,-nan ,-nan ,0.07,0.07,0.01,0.31,0.02,0.94,0.00,0.03,0.95,0.28,0.0010,0.0197,     0,0,0,2.35,97.65,0.00,N/A,1.46,4.64,210.07,0.31,7.86,0.01,0.17,0.01,1.54,0.00,0.97,0.00,0.00,0.63,0.70,0.0001,0.0003,     0,0,0,0.41,99.59,0.00,N/A,1.28,0.83,210.07,1.54,38.60,0.01,0.15,0.00,0.99,0.00,0.97,0.00,0.00,0.88,0.68,0.0003,0.0026,     0,0,0,0.29,99.71,0.00,N/A,0.58,0.59,210.07,0.99,24.74,0.00,0.07,0.03,1.67,0.02,0.99,0.00,0.00,0.92,0.94,0.0000,0.0004,     0,0,0,1.85,98.15,0.00,N/A,6.44,3.85,210.07,1.67,41.80,0.03,0.77,0.00,0.49,0.00,0.83,0.00,0.00,0.92,0.74,0.0003,0.0052,     0,0,0,0.06,99.94,0.00,N/A,0.05,0.10,210.07,0.49,12.14,0.00,0.01,0.00,0.43,0.00,0.66,0.00,0.00,0.86,0.91,0.0002,0.0016,     0,0,0,0.03,99.97,0.00,N/A,0.02,0.05,210.07,0.43,10.67,0.00,0.00,0.00,0.67,0.00,0.81,0.00,0.00,0.70,0.81,0.0005,0.0023,     0,0,0,0.19,99.81,0.00,N/A,0.21,0.32,210.07,0.67,16.86,0.00,0.03,0.00,0.63,0.00,0.94,0.00,0.00,0.81,0.54,0.0010,0.0072,     0,0,0,0.15,99.85,0.00,N/A,0.19,0.30,210.07,0.63,15.64,0.00,0.02,0.01,0.29,0.02,0.88,0.00,0.03,0.96,0.27,0.0008,0.0205,     0,0,0,2.55,97.45,0.00,N/A,1.37,4.68,210.07,0.29,7.32,0.01,0.16,0.00,0.47,0.00,0.74,0.00,0.00,0.64,0.70,0.0015,0.0062,     0,0,0,0.11,99.89,0.00,N/A,0.08,0.18,210.07,0.47,11.76,0.00,0.01,0.00,0.46,0.00,0.70,0.00,0.00,0.77,0.74,0.0007,0.0048,     0,0,0,0.07,99.93,0.00,N/A,0.05,0.11,210.07,0.46,11.41,0.00,0.01,0.00,0.50,0.00,0.75,0.00,0.00,0.85,0.72,0.0007,0.0056,     0,0,0,0.07,99.93,0.00,N/A,0.05,0.11,210.07,0.50,12.49,0.00,0.01,0.00,0.38,0.00,0.60,0.00,0.00,0.70,0.92,0.0003,0.0014,     0,0,0,0.04,99.96,0.00,N/A,0.02,0.05,210.07,0.38,9.60,0.00,0.00,0.00,0.35,0.00,0.62,0.00,0.00,0.93,0.92,0.0001,0.0014,     0,0,0,0.04,99.96,0.00,N/A,0.02,0.06,210.07,0.35,8.71,0.00,0.00,0.00,0.51,0.00,0.72,0.00,0.00,0.84,0.70,0.0008,0.0061,     0,0,0,0.11,99.89,0.00,N/A,0.08,0.16,210.07,0.51,12.76,0.00,0.01,0.00,0.56,0.00,0.81,0.00,0.00,0.75,0.54,0.0016,0.0071,     0,0,0,0.09,99.91,0.00,N/A,0.09,0.16,210.07,0.56,14.11,0.00,0.01,
2024-03-21,21:06:24.471,0.00,0.75,0.00,0.85,0.00,0.06,0.95,0.53,0.0003,0.0056,0.00,0.00,-2147483648,0.00,0.00,11.51,15.38,210.07,0.75,18.72,0.00,0.09,0.35,0.33,1.11,0.54,99.46,0.00,100.00,0.00,0.00,0.00,0.00,-nan,0.08,0.01,0.97,0.01,0.90,0.00,0.03,0.94,0.63,0.0002,0.0034,     0,0,0,0.00,0.00,-2147483648,0.00,0.00,N/A,9.71,10.03,210.07,0.97,24.20,0.01,0.14,0.00,0.34,0.00,0.78,0.00,0.03,0.95,0.35,0.0008,0.0171,     0,0,0,0.00,0.00,-2147483648,0.00,0.00,N/A,1.80,5.34,210.07,0.34,8.43,0.00,0.03,0.07,0.09,  0%,  0%,0.08,0.11,  0%,  0%,0.14,0.26,  0%,  0%,0.36,0.34,  0%,  0%,0.66,99.34,0.00,100.00,0.00,0.00,0.41,99.59,0.00,100.00,0.00,0.00,0.00,0.00,0.00 ,0.00 ,-nan ,-nan ,0.07,0.09,0.01,0.31,0.02,0.90,0.00,0.03,0.96,0.28,0.0008,0.0207,     0,0,0,2.27,97.73,0.00,N/A,1.32,4.28,210.07,0.31,7.72,0.01,0.16,0.01,1.44,0.00,0.98,0.00,0.00,0.69,0.65,0.0001,0.0006,     0,0,0,0.38,99.62,0.00,N/A,1.12,0.78,210.07,1.44,35.92,0.01,0.13,0.00,0.52,0.00,0.84,0.00,0.00,0.79,0.69,0.0009,0.0063,     0,0,0,0.09,99.91,0.00,N/A,0.08,0.16,210.07,0.52,12.97,0.00,0.01,0.03,1.67,0.02,0.90,0.00,0.00,0.91,0.94,0.0000,0.0004,     0,0,0,2.13,97.87,0.00,N/A,6.70,4.02,210.07,1.67,41.67,0.03,0.80,0.00,0.53,0.00,0.83,0.00,0.00,0.92,0.74,0.0003,0.0054,     0,0,0,0.06,99.94,0.00,N/A,0.06,0.11,210.07,0.53,13.37,0.00,0.01,0.00,0.49,0.00,0.76,0.00,0.00,0.82,0.82,0.0003,0.0036,     0,0,0,0.03,99.97,0.00,N/A,0.02,0.05,210.07,0.49,12.22,0.00,0.00,0.00,0.65,0.00,0.89,0.00,0.00,0.80,0.79,0.0004,0.0026,     0,0,0,0.19,99.81,0.00,N/A,0.23,0.35,210.07,0.65,16.16,0.00,0.03,0.00,0.63,0.00,0.97,0.00,0.00,0.78,0.56,0.0012,0.0069,     0,0,0,0.14,99.86,0.00,N/A,0.19,0.29,210.07,0.63,15.85,0.00,0.02,0.01,0.30,0.02,0.82,0.00,0.03,0.96,0.27,0.0008,0.0209,     0,0,0,2.61,97.39,0.00,N/A,1.36,4.48,210.07,0.30,7.57,0.01,0.16,0.00,0.49,0.00,0.72,0.00,0.00,0.76,0.70,0.0010,0.0063,     0,0,0,0.12,99.88,0.00,N/A,0.08,0.17,210.07,0.49,12.15,0.00,0.01,0.00,0.46,0.00,0.69,0.00,0.00,0.73,0.74,0.0008,0.0049,     0,0,0,0.07,99.93,0.00,N/A,0.05,0.11,210.07,0.46,11.55,0.00,0.01,0.00,0.53,0.00,0.78,0.00,0.00,0.80,0.72,0.0010,0.0053,     0,0,0,0.10,99.90,0.00,N/A,0.09,0.17,210.07,0.53,13.36,0.00,0.01,0.00,0.38,0.00,0.46,0.00,0.00,1.00,0.93,0.0000,0.0013,     0,0,0,0.06,99.94,0.00,N/A,0.02,0.05,210.07,0.38,9.44,0.00,0.00,0.00,0.36,0.00,0.46,0.00,0.00,0.90,0.92,0.0001,0.0013,     0,0,0,0.06,99.94,0.00,N/A,0.02,0.06,210.07,0.36,8.92,0.00,0.00,0.00,0.50,0.00,0.72,0.00,0.00,0.84,0.71,0.0008,0.0057,     0,0,0,0.10,99.90,0.00,N/A,0.08,0.16,210.07,0.50,12.61,0.00,0.01,0.00,0.70,0.00,0.42,0.00,0.00,0.81,0.58,0.0011,0.0068,     0,0,0,0.16,99.84,0.00,N/A,0.10,0.14,210.07,0.70,17.62,0.00,0.01,
2024-03-21,21:06:24.571,0.00,0.74,0.00,0.84,0.00,0.07,0.94,0.54,0.0003,0.0057,0.00,0.00,-2147483648,0.00,0.00,11.73,15.95,209.69,0.74,18.39,0.00,0.09,0.27,0.17,0.79,0.56,99.44,0.00,100.00,0.00,0.00,0.00,0.00,-nan,0.08,0.01,0.92,0.01,0.89,0.00,0.04,0.94,0.63,0.0002,0.0036,     0,0,0,0.00,0.00,-2147483648,0.00,0.00,N/A,9.95,10.88,209.69,0.92,22.88,0.01,0.15,0.00,0.35,0.00,0.75,0.00,0.03,0.95,0.35,0.0009,0.0172,     0,0,0,0.00,0.00,-2147483648,0.00,0.00,N/A,1.78,5.08,209.69,0.35,8.78,0.00,0.03,0.07,0.08,  0%,  0%,0.09,0.03,  0%,  0%,0.14,0.25,  0%,  0%,0.23,0.17,  0%,  0%,0.72,99.28,0.00,100.00,0.00,0.00,0.40,99.60,0.00,100.00,0.00,0.00,0.00,0.00,0.00 ,0.00 ,-nan ,-nan ,0.08,0.07,0.01,0.29,0.02,0.88,0.00,0.03,0.96,0.28,0.0009,0.0202,     0,0,0,2.55,97.45,0.00,N/A,1.36,4.70,209.69,0.29,7.26,0.01,0.16,0.00,0.50,0.00,0.93,0.00,0.00,0.65,0.67,0.0014,0.0056,     0,0,0,0.12,99.88,0.00,N/A,0.11,0.23,209.69,0.50,12.48,0.00,0.01,0.00,0.47,0.00,0.95,0.00,0.00,0.77,0.67,0.0010,0.0067,     0,0,0,0.09,99.91,0.00,N/A,0.09,0.18,209.69,0.47,11.81,0.00,0.01,0.04,1.69,0.02,0.90,0.00,0.00,0.98,0.91,0.0000,0.0005,     0,0,0,2.43,97.57,0.00,N/A,7.77,4.60,209.69,1.69,42.24,0.04,0.93,0.00,0.54,0.00,0.80,0.00,0.00,0.93,0.72,0.0003,0.0058,     0,0,0,0.06,99.94,0.00,N/A,0.06,0.10,209.69,0.54,13.53,0.00,0,0.06,209.87,0.47,,0.74,0.00,0.00,0.70,0.91,0.0004,0.0017,     0,0,0,0.03,99.97,0.00,N/A,0.02,0.05,209.69,0.44,11.12,0.00,0.00,0.00,0.66,0.00,0.86,0.00,0.00,0.80,0.77,0.0005,0.0029,     0,0,0,0.20,99.80,0.00,N/A,0.24,0.36,209.69,0.66,16.55,0.00,0.03,0.00,0.47,0.00,0.99,0.00,0.00,0.64,0.62,0.0015,0.0053,     0,0,0,0.32,99.68,0.00,N/A,0.31,0.66,209.69,0.47,11.63,0.00,0.04,0.01,0.32,0.02,0.76,0.00,0.03,0.96,0.27,0.0008,0.0210,     0,0,0,2.62,97.38,0.00,N/A,1.34,4.19,209.69,0.32,8.00,0.01,0.16,0.00,0.48,0.00,0.86,0.00,0.00,0.61,0.69,0.0021,0.0060,     0,0,0,0.09,99.91,0.00,N/A,0.08,0.17,209.69,0.48,11.96,0.00,0.01,0.00,0.46,0.00,0.63,0.00,0.00,0.56,0.74,0.0018,0.0048,     0,0,0,0.08,99.92,0.00,N/A,0.05,0.11,209.69,0.46,11.42,0.00,0.01,0.00,0.51,0.00,0.71,0.00,0.00,0.87,0.68,0.0007,0.0061,     0,0,0,0.11,99.89,0.00,N/A,0.08,0.16,209.69,0.51,12.82,0.00,0.01,0.00,0.47,0.00,0.57,0.00,0.00,0.84,0.80,0.0003,0.0044,     0,0,0,0.05,99.95,0.00,N/A,0.03,0.06,209.69,0.47,11.86,0.00,0.00,0.00,0.38,0.00,0.55,0.00,0.00,0.84,0.88,0.0002,0.0020,     0,0,0,0.05,99.95,0.00,N/A,0.02,0.05,209.69,0.38,9.43,0.00,0.00,0.00,0.51,0.00,0.85,0.00,0.00,0.83,0.68,0.0010,0.0067,     0,0,0,0.09,99.91,0.00,N/A,0.09,0.17,209.69,0.51,12.71,0.00,0.01,0.00,0.57,0.00,0.70,0.00,0.00,0.81,0.59,0.0011,0.0063,     0,0,0,0.12,99.88,0.00,N/A,0.10,0.17,209.69,0.57,14.16,0.00,0.01,
2024-03-21,21:06:24.671,0.00,0.76,0.00,0.81,0.00,0.06,0.95,0.54,0.0003,0.0057,0.00,0.00,-2147483648,0.00,0.00,11.46,15.06,210.28,0.76,19.03,0.00,0.09,0.33,0.26,0.93,0.55,99.45,0.00,100.00,0.00,0.00,0.00,0.00,-nan,0.08,0.01,0.96,0.01,0.88,0.00,0.03,0.95,0.64,0.0002,0.0035,     0,0,0,0.00,0.00,-2147483648,0.00,0.00,N/A,9.72,10.13,210.28,0.96,23.98,0.01,0.14,0.00,0.35,0.00,0.71,0.00,0.03,0.95,0.34,0.0008,0.0175,     0,0,0,0.00,0.00,-2147483648,0.00,0.00,N/A,1.74,4.93,210.28,0.35,8.84,0.00,0.03,0.07,0.14,  0%,  0%,0.10,0.03,  0%,  0%,0.17,0.32,  0%,  0%,0.24,0.19,  0%,  0%,0.69,99.31,0.00,100.00,0.00,0.00,0.41,99.59,0.00,100.00,0.00,0.00,0.00,0.00,0.00 ,0.00 ,-nan ,-nan ,0.08,0.07,0.01,0.30,0.02,0.88,0.00,0.03,0.96,0.27,0.0009,0.0208,     0,0,0,2.38,97.62,0.00,N/A,1.33,4.40,210.28,0.30,7.55,0.01,0.16,0.00,0.51,0.00,0.47,0.00,0.00,0.78,0.73,0.0007,0.0049,     0,0,0,0.09,99.91,0.00,N/A,0.05,0.09,210.28,0.51,12.65,0.00,0.01,0.00,1.04,0.00,0.98,0.00,0.00,0.89,0.74,0.0002,0.0022,     0,0,0,0.29,99.71,0.00,N/A,0.61,0.59,210.28,1.04,25.92,0.00,0.07,0.03,1.69,0.02,0.92,0.00,0.00,0.96,0.93,0.0000,0.0004,     0,0,0,2.23,97.77,0.00,N/A,7.27,4.30,210.28,1.69,42.25,0.03,0.86,0.00,0.53,0.00,0.85,0.00,0.00,0.90,0.64,0.0006,0.0074,     0,0,0,0.12,99.88,0.00,N/A,0.11,0.21,210.28,0.53,13.29,0.00,0.01,0.00,0.44,0.00,0.87,0.00,0.00,0.92,0.90,0.0001,0.0018,     0,0,0,0.02,99.98,0.00,N/A,0.02,0.04,210.28,0.44,10.94,0.00,0.00,0.00,0.69,0.00,0.68,0.00,0.00,0.68,0.88,0.0003,0.0011,     0,0,0,0.18,99.82,0.00,N/A,0.18,0.26,210.28,0.69,17.34,0.00,0.02,0.00,0.65,0.00,0.63,0.00,0.00,0.76,0.56,0.0014,0.0071,     0,0,0,0.18,99.82,0.00,N/A,0.16,0.25,210.28,0.65,16.15,0.00,0.02,0.01,0.33,0.02,0.74,0.00,0.03,0.96,0.28,0.0009,0.0207,     0,0,0,2.71,97.29,0.00,N/A,1.38,4.18,210.28,0.33,8.26,0.01,0.16,0.00,0.45,0.00,0.73,0.00,0.00,0.77,0.67,0.0010,0.0066,     0,0,0,0.11,99.89,0.00,N/A,0.08,0.18,210.28,0.45,11.30,0.00,0.01,0.00,0.44,0.00,0.64,0.00,0.00,0.78,0.72,0.0007,0.0054,     0,0,0,0.08,99.92,0.00,N/A,0.05,0.11,210.28,0.44,11.03,0.00,0.01,0.00,0.38,0.00,0.49,0.00,0.00,0.97,0.89,0.0001,0.0020,     0,0,0,0.05,99.95,0.00,N/A,0.02,0.05,210.28,0.38,9.39,0.00,0.00,0.00,0.39,0.00,0.54,0.00,0.00,0.81,0.92,0.0002,0.0014,     0,0,0,0.05,99.95,0.00,N/A,0.02,0.05,210.28,0.39,9.80,0.00,0.00,0.00,0.43,0.00,0.55,0.00,0.00,0.88,0.83,0.0002,0.0034,     0,0,0,0.05,99.95,0.00,N/A,0.02,0.05,210.28,0.43,10.75,0.00,0.00,0.00,0.49,0.00,0.72,0.00,0.00,0.83,0.69,0.0009,0.0061,     0,0,0,0.11,99.89,0.00,N/A,0.08,0.16,210.28,0.49,12.19,0.00,0.01,0.00,0.64,0.00,0.43,0.00,0.00,0.85,0.58,0.0009,0.0065,     0,0,0,0.16,99.84,0.00,N/A,0.09,0.14,210.28,0.64,16.00,0.00,0.01,
2024-03-21,21:06:24.771,0.00,0.83,0.01,0.86,0.00,0.07,0.93,0.54,0.0003,0.0046,0.00,0.00,-2147483648,0.00,0.00,14.05,16.96,209.99,0.83,20.72,0.00,0.10,1.28,1.49,2.41,0.58,99.42,0.00,100.00,0.00,0.00,0.00,0.00,-nan,0.08,0.01,1.07,0.01,0.89,0.00,0.03,0.94,0.64,0.0002,0.0029,     0,0,0,0.00,0.00,-2147483648,0.00,0.00,N/A,11.93,11.10,209.99,1.07,26.87,0.01,0.18,0.00,0.36,0.00,0.82,0.00,0.03,0.92,0.37,0.0011,0.0147,     0,0,0,0.00,0.00,-2147483648,0.00,0.00,N/A,2.12,5.85,209.99,0.36,9.06,0.00,0.03,0.06,0.08,  0%,  0%,0.68,0.45,  0%,  0%,0.14,0.27,  0%,  0%,0.88,1.11,  0%,  0%,0.74,99.26,0.00,100.00,0.00,0.00,0.43,99.57,0.00,100.00,0.00,0.00,0.00,0.00,0.00 ,0.00 ,-nan ,-nan ,0.07,0.08,0.01,0.32,0.02,0.87,0.00,0.03,0.96,0.28,0.0008,0.0210,     0,0,0,2.30,97.70,0.00,N/A,1.32,4.19,209.99,0.32,7.89,0.01,0.16,0.00,0.41,0.00,0.65,0.00,0.00,0.69,0.88,0.0005,0.0022,     0,0,0,0.03,99.97,0.00,N/A,0.02,0.05,209.99,0.41,10.30,0.00,0.00,0.00,0.50,0.00,0.95,0.00,0.00,0.74,0.68,0.0009,0.0062,     0,0,0,0.09,99.91,0.00,N/A,0.09,0.17,209.99,0.50,12.44,0.00,0.01,0.03,1.69,0.02,0.88,0.00,0.00,0.95,0.94,0.0000,0.0004,     0,0,0,2.20,97.80,0.00,N/A,6.84,4.05,209.99,1.69,42.15,0.03,0.81,0.00,0.44,0.00,0.86,0.00,0.00,0.79,0.56,0.0016,0.0091,     0,0,0,0.09,99.91,0.00,N/A,0.07,0.17,209.99,0.44,10.95,0.00,0.01,0.02,1.83,0.01,1.00,0.00,0.00,0.67,0.89,0.0001,0.0002,     0,0,0,0.83,99.17,0.00,N/A,3.19,1.74,209.99,1.83,45.85,0.02,0.38,0.00,0.51,0.00,0.85,0.00,0.00,0.36,0.84,0.0011,0.0018,     0,0,0,0.24,99.76,0.00,N/A,0.22,0.43,209.99,0.51,12.86,0.00,0.03,0.00,0.62,0.00,0.94,0.00,0.00,0.71,0.56,0.0016,0.0071,     0,0,0,0.15,99.85,0.00,N/A,0.19,0.30,209.99,0.62,15.52,0.00,0.02,0.01,0.31,0.02,0.86,0.00,0.03,0.96,0.29,0.0008,0.0204,     0,0,0,2.48,97.52,0.00,N/A,1.37,4.48,209.99,0.31,7.64,0.01,0.16,0.00,0.48,0.00,0.56,0.00,0.00,0.46,0.71,0.0026,0.0057,     0,0,0,0.15,99.85,0.00,N/A,0.08,0.17,209.99,0.48,11.96,0.00,0.01,0.00,0.58,0.00,0.52,0.00,0.00,0.42,0.70,0.0023,0.0057,     0,0,0,0.10,99.90,0.00,N/A,0.06,0.11,209.99,0.58,14.45,0.00,0.01,0.00,0.45,0.00,0.60,0.00,0.00,0.88,0.78,0.0002,0.0033,     0,0,0,0.06,99.94,0.00,N/A,0.03,0.07,209.99,0.45,11.23,0.00,0.00,0.00,0.40,0.00,0.49,0.00,0.00,0.67,0.89,0.0005,0.0019,     0,0,0,0.05,99.95,0.00,N/A,0.02,0.05,209.99,0.40,9.99,0.00,0.00,0.00,0.38,0.00,0.49,0.00,0.00,0.87,0.90,0.0002,0.0019,     0,0,0,0.05,99.95,0.00,N/A,0.02,0.05,209.99,0.38,9.41,0.00,0.00,0.00,0.59,0.00,0.88,0.00,0.00,0.56,0.64,0.0016,0.0038,     0,0,0,0.40,99.60,0.00,N/A,0.44,0.74,209.99,0.59,14.66,0.00,0.05,0.00,0.56,0.00,0.71,0.00,0.00,0.72,0.54,0.0017,0.0075,     0,0,0,0.12,99.88,0.00,N/A,0.10,0.17,209.99,0.56,14.12,0.00,0.01,
2024-03-21,21:06:24.871,0.00,0.74,0.00,0.79,0.00,0.07,0.95,0.51,0.0003,0.0063,0.00,0.00,-2147483648,0.00,0.00,10.52,14.22,209.89,0.74,18.51,0.00,0.08,0.42,0.37,1.15,0.53,99.47,0.00,100.00,0.00,0.00,0.00,0.00,-nan,0.08,0.01,0.94,0.01,0.81,0.00,0.04,0.95,0.59,0.0002,0.0041,     0,0,0,0.00,0.00,-2147483648,0.00,0.00,N/A,8.78,9.34,209.89,0.94,23.50,0.01,0.13,0.00,0.36,0.00,0.76,0.00,0.03,0.95,0.35,0.0009,0.0173,     0,0,0,0.00,0.00,-2147483648,0.00,0.00,N/A,1.74,4.88,209.89,0.36,8.94,0.00,0.03,0.07,0.09,  0%,  0%,0.18,0.08,  0%,  0%,0.14,0.26,  0%,  0%,0.37,0.39,  0%,  0%,0.69,99.31,0.00,100.00,0.00,0.00,0.38,99.62,0.00,100.00,0.00,0.00,0.00,0.00,0.00 ,0.00 ,-nan ,-nan ,0.07,0.08,0.01,0.32,0.02,0.81,0.00,0.03,0.97,0.29,0.0007,0.0208,     0,0,0,2.38,97.62,0.00,N/A,1.30,4.08,209.89,0.32,7.99,0.01,0.16,0.00,0.45,0.00,0.57,0.00,0.00,0.95,0.90,0.0001,0.0022,     0,0,0,0.04,99.96,0.00,N/A,0.02,0.05,209.89,0.45,11.35,0.00,0.00,0.00,0.50,0.00,0.84,0.00,0.00,0.78,0.69,0.0011,0.0071,     0,0,0,0.10,99.90,0.00,N/A,0.09,0.18,209.89,0.50,12.38,0.00,0.01,0.03,1.63,0.02,0.80,0.00,0.01,0.94,0.85,0.0001,0.0009,     0,0,0,2.50,97.50,0.00,N/A,6.87,4.22,209.89,1.63,40.72,0.03,0.82,0.00,0.54,0.00,0.85,0.00,0.00,0.87,0.70,0.0006,0.0063,     0,0,0,0.09,99.91,0.00,N/A,0.09,0.16,209.89,0.54,13.46,0.00,0.01,0.00,0.42,0.00,0.90,0.00,0.00,0.53,0.68,0.0019,0.0060,     0,0,0,0.05,99.95,0.00,N/A,0.04,0.10,209.89,0.42,10.41,0.00,0.00,0.00,0.73,0.00,0.65,0.00,0.00,0.68,0.87,0.0003,0.0013,     0,0,0,0.19,99.81,0.00,N/A,0.18,0.25,209.89,0.73,18.0.51,0.64,209.99,00.60,0.00,0.94,0.00,0.00,0.71,0.57,0.0015,0.0070,     0,0,0,0.15,99.85,0.00,N/A,0.18,0.31,209.89,0.60,14.99,0.00,0.02,0.01,0.33,0.02,0.84,0.00,0.03,0.96,0.29,0.0008,0.0206,     0,0,0,2.35,97.65,0.00,N/A,1.36,4.13,209.89,0.33,8.23,0.01,0.16,0.00,0.52,0.00,0.57,0.00,0.00,0.51,0.71,0.0023,0.0053,     0,0,0,0.13,99.87,0.00,N/A,0.08,0.15,209.89,0.52,12.93,0.00,0.01,0.00,0.52,0.00,0.58,0.00,0.00,0.53,0.71,0.0016,0.0056,     0,0,0,0.11,99.89,0.00,N/A,0.07,0.13,209.89,0.52,13.03,0.00,0.01,0.00,0.35,0.00,0.47,0.00,0.00,0.73,0.89,0.0004,0.0020,     0,0,0,0.06,99.94,0.00,N/A,0.02,0.06,209.89,0.35,8.84,0.00,0.00,0.00,0.41,0.00,0.46,0.00,0.00,0.92,0.81,0.0003,0.0036,     0,0,0,0.06,99.94,0.00,N/A,0.02,0.06,209.89,0.41,10.24,0.00,0.00,0.00,0.39,0.00,0.46,0.00,0.00,0.74,0.90,0.0004,0.0018,     0,0,0,0.06,99.94,0.00,N/A,0.02,0.06,209.89,0.39,9.67,0.00,0.00,0.00,0.52,0.00,0.57,0.00,0.00,0.78,0.68,0.0013,0.0064,     0,0,0,0.13,99.87,0.00,N/A,0.08,0.16,209.89,0.52,12.98,0.00,0.01,0.00,0.67,0.00,0.42,0.00,0.00,0.85,0.57,0.0009,0.0068,     0,0,0,0.15,99.85,0.00,N/A,0.09,0.13,209.89,0.67,16.84,0.00,0.01,
2024-03-21,21:06:24.971,0.00,0.70,0.00,0.82,0.00,0.06,0.94,0.53,0.0003,0.0061,0.00,0.00,-2147483648,0.00,0.00,10.26,14.67,210.19,0.70,17.48,0.00,0.08,0.55,0.83,1.63,0.53,99.47,0.00,100.00,0.00,0.00,0.00,0.00,-nan,0.08,0.01,0.89,0.01,0.87,0.00,0.03,0.95,0.63,0.0002,0.0038,     0,0,0,0.00,0.00,-2147483648,0.00,0.00,N/A,8.47,9.46,210.19,0.89,22.37,0.01,0.13,0.00,0.34,0.00,0.75,0.00,0.03,0.94,0.35,0.0009,0.0170,     0,0,0,0.00,0.00,-2147483648,0.00,0.00,N/A,1.79,5.21,210.19,0.34,8.61,0.00,0.03,0.10,0.12,  0%,  0%,0.18,0.15,  0%,  0%,0.24,0.23,  0%,  0%,0.64,0.52,  0%,  0%,0.65,99.35,0.00,100.00,0.00,0.00,0.42,99.58,0.00,100.00,0.00,0.00,0.00,0.00,0.00 ,0.00 ,-nan ,-nan ,0.08,0.08,0.01,0.29,0.02,0.88,0.00,0.03,0.96,0.28,0.0008,0.0202,     0,0,0,2.50,97.50,0.00,N/A,1.36,4.64,210.19,0.29,7.34,0.01,0.16,0.00,0.41,0.00,0.73,0.00,0.00,1.00,0.90,0.0000,0.0017,     0,0,0,0.03,99.97,0.00,N/A,0.02,0.05,210.19,0.41,10.19,0.00,0.00,0.00,0.50,0.00,0.83,0.00,0.00,0.78,0.67,0.0009,0.0070,     0,0,0,0.10,99.90,0.00,N/A,0.08,0.17,210.19,0.50,12.40,0.00,0.01,0.03,1.70,0.02,0.87,0.00,0.00,0.94,0.94,0.0000,0.0004,     0,0,0,2.12,97.88,0.00,N/A,6.54,3.85,210.19,1.70,42.42,0.03,0.78,0.00,0.56,0.00,0.89,0.00,0.00,0.83,0.71,0.0008,0.0061,     0,0,0,0.08,99.92,0.00,N/A,0.09,0.15,210.19,0.56,13.94,0.00,0.01,0.00,0.39,0.00,0.63,0.00,0.00,0.96,0.92,0.0001,0.0014,     0,0,0,0.04,99.96,0.00,N/A,0.02,0.05,210.19,0.39,9.69,0.00,0.00,0.00,0.76,0.00,0.72,0.00,0.00,0.69,0.89,0.0003,0.0011,     0,0,0,0.15,99.85,0.00,N/A,0.17,0.23,210.19,0.76,18.96,0.00,0.02,0.00,0.57,0.00,1.00,0.00,0.00,0.77,0.55,0.0013,0.0073,     0,0,0,0.15,99.85,0.00,N/A,0.18,0.32,210.19,0.57,14.37,0.00,0.02,0.01,0.32,0.02,0.76,0.00,0.03,0.95,0.29,0.0009,0.0201,     0,0,0,2.75,97.25,0.00,N/A,1.41,4.41,210.19,0.32,8.01,0.01,0.17,0.00,0.44,0.00,0.75,0.00,0.00,0.69,0.69,0.0014,0.0058,     0,0,0,0.12,99.88,0.00,N/A,0.08,0.18,210.19,0.44,11.08,0.00,0.01,0.00,0.51,0.00,0.65,0.00,0.00,0.58,0.72,0.0013,0.0051,     0,0,0,0.10,99.90,0.00,N/A,0.07,0.14,210.19,0.51,12.67,0.00,0.01,0.00,0.42,0.00,0.49,0.00,0.00,0.90,0.81,0.0003,0.0036,     0,0,0,0.05,99.95,0.00,N/A,0.02,0.06,210.19,0.42,10.43,0.00,0.00,0.00,0.38,0.00,0.49,0.00,0.00,0.74,0.91,0.0003,0.0017,     0,0,0,0.05,99.95,0.00,N/A,0.02,0.05,210.19,0.38,9.46,0.00,0.00,0.00,0.36,0.00,0.49,0.00,0.00,0.82,0.87,0.0003,0.0022,     0,0,0,0.06,99.94,0.00,N/A,0.02,0.06,210.19,0.36,8.91,0.00,0.00,0.00,0.50,0.00,0.77,0.00,0.00,0.84,0.70,0.0009,0.0059,     0,0,0,0.10,99.90,0.00,N/A,0.08,0.16,210.19,0.50,12.39,0.00,0.01,0.00,0.56,0.00,0.79,0.00,0.00,0.77,0.56,0.0014,0.0068,     0,0,0,0.10,99.90,0.00,N/A,0.09,0.16,210.19,0.56,14.03,0.00,0.01,
2024-03-21,21:06:25.071,0.00,0.68,0.00,0.85,0.00,0.06,0.94,0.52,0.0004,0.0063,0.00,0.00,-2147483648,0.00,0.00,10.06,14.82,209.88,0.68,16.97,0.00,0.07,0.58,0.56,1.44,0.52,99.48,0.00,100.00,0.00,0.00,0.00,0.00,-nan,0.08,0.00,0.87,0.01,0.93,0.00,0.03,0.94,0.61,0.0002,0.0040,     0,0,0,0.00,0.00,-2147483648,0.00,0.00,N/A,8.30,9.57,209.88,0.87,21.67,0.00,0.12,0.00,0.34,0.00,0.74,0.00,0.03,0.94,0.34,0.0009,0.0172,     0,0,0,0.00,0.00,-2147483648,0.00,0.00,N/A,1.76,5.25,209.88,0.34,8.40,0.00,0.03,0.21,0.20,  0%,  0%,0.11,0.06,  0%,  0%,0.37,0.34,  0%,  0%,0.35,0.38,  0%,  0%,0.61,99.39,0.00,100.00,0.00,0.00,0.42,99.58,0.00,100.00,0.00,0.00,0.00,0.00,0.00 ,0.00 ,-nan ,-nan ,0.07,0.08,0.01,0.29,0.02,0.93,0.00,0.03,0.96,0.28,0.0008,0.0203,     0,0,0,2.40,97.60,0.00,N/A,1.35,4.70,209.88,0.29,7.21,0.01,0.16,0.00,0.39,0.00,0.74,0.00,0.00,0.72,0.74,0.0012,0.0049,     0,0,0,0.06,99.94,0.00,N/A,0.04,0.09,209.88,0.39,9.78,0.00,0.00,0.00,0.46,0.00,0.87,0.00,0.00,0.73,0.69,0.0010,0.0060,     0,0,0,0.10,99.90,0.00,N/A,0.08,0.18,209.88,0.46,11.48,0.00,0.01,0.03,1.70,0.02,0.95,0.00,0.00,0.95,0.93,0.0000,0.0004,     0,0,0,1.84,98.16,0.00,N/A,6.27,3.68,209.88,1.70,42.58,0.03,0.75,0.00,0.52,0.00,0.86,0.00,0.00,0.88,0.69,0.0006,0.0061,     0,0,0,0.09,99.91,0.00,N/A,0.09,0.17,209.88,0.52,13.10,0.00,0.01,0.00,0.38,0.00,0.75,0.00,0.00,0.30,0.84,0.0016,0.0026,     0,0,0,0.06,99.94,0.00,N/A,0.03,0.09,209.88,0.38,9.40,0.00,0.00,0.00,0.68,0.00,0.90,0.00,0.00,0.60,0.80,0.0007,0.0019,     0,0,0,0.19,99.81,0.00,N/A,0.25,0.37,209.88,0.68,16.92,0.00,0.03,0.00,0.62,0.00,0.94,0.00,0.00,0.75,0.57,0.0014,0.0071,     0,0,0,0.15,99.85,0.00,N/A,0.19,0.30,209.88,0.62,15.56,0.00,0.02,0.01,0.31,0.02,0.76,0.00,0.03,0.96,0.28,0.0008,0.0204,     0,0,0,2.82,97.18,0.00,N/A,1.39,4.48,209.88,0.31,7.74,0.01,0.17,0.00,0.47,0.00,0.71,0.00,0.00,0.58,0.67,0.0023,0.0065,     0,0,0,0.12,99.88,0.00,N/A,0.08,0.18,209.88,0.47,11.68,0.00,0.01,0.00,0.51,0.00,0.59,0.00,0.00,0.64,0.72,0.0014,0.0054,     0,0,0,0.09,99.91,0.00,N/A,0.06,0.12,209.88,0.51,12.65,0.00,0.01,0.00,0.42,0.00,0.59,0.00,0.00,0.70,0.90,0.0005,0.0018,     0,0,0,0.04,99.96,0.00,N/A,0.02,0.05,209.88,0.42,10.53,0.00,0.00,0.00,0.41,0.00,0.46,0.00,0.00,0.68,0.82,0.0005,0.0035,     0,0,0,0.06,99.94,0.00,N/A,0.02,0.06,209.88,0.41,10.21,0.00,0.00,0.00,0.37,0.00,0.47,0.00,0.00,0.74,0.88,0.0004,0.0021,     0,0,0,0.06,99.94,0.00,N/A,0.02,0.06,209.88,0.37,9.27,0.00,0.00,0.00,0.48,0.00,0.78,0.00,0.00,0.84,0.69,0.0009,0.0060,     0,0,0,0.10,99.90,0.00,N/A,0.08,0.16,209.88,0.48,11.97,0.00,0.01,0.00,0.59,0.00,0.76,0.00,0.00,0.83,0.56,0.0010,0.0071,     0,0,0,0.10,99.90,0.00,N/A,0.10,0.16,209.88,0.59,14.86,0.00,0.01,
2024-03-21,21:06:25.171,0.00,0.65,0.00,0.90,0.00,0.06,0.94,0.54,0.0003,0.0061,0.00,0.00,-2147483648,0.00,0.00,10.35,15.97,210.22,0.65,16.21,0.00,0.08,0.58,0.52,1.39,0.52,99.48,0.00,100.00,0.00,0.00,0.00,0.00,-nan,0.08,0.01,0.82,0.01,0.94,0.00,0.03,0.93,0.64,0.0002,0.0038,     0,0,0,0.00,0.00,-2147483648,0.00,0.00,N/A,8.58,10.41,210.22,0.82,20.61,0.01,0.13,0.00,0.32,0.00,0.85,0.00,0.03,0.95,0.34,0.0008,0.0170,     0,0,0,0.00,0.00,-2147483648,0.00,0.00,N/A,1.77,5.56,210.22,0.32,7.97,0.00,0.03,0.23,0.22,  0%,  0%,0.10,0.03,  0%,  0%,0.40,0.62,  0%,  0%,0.22,0.15,  0%,  0%,0.66,99.34,0.00,100.00,0.00,0.00,0.39,99.61,0.00,100.00,0.00,0.00,0.00,0.00,0.00 ,0.00 ,-nan ,-nan ,0.08,0.08,0.01,0.29,0.02,0.95,0.00,0.03,0.96,0.28,0.0008,0.0200,     0,0,0,2.39,97.61,0.00,N/A,1.37,4.79,210.22,0.29,7.15,0.01,0.16,0.00,0.39,0.00,0.49,0.00,0.00,0.72,0.76,0.0012,0.0044,     0,0,0,0.08,99.92,0.00,N/A,0.03,0.08,210.22,0.39,9.76,0.00,0.00,0.00,0.52,0.00,0.91,0.00,0.00,0.76,0.67,0.0009,0.0064,     0,0,0,0.11,99.89,0.00,N/A,0.11,0.22,210.22,0.52,12.96,0.00,0.01,0.03,1.74,0.02,0.94,0.00,0.00,0.98,0.96,0.0000,0.0002,     0,0,0,1.87,98.13,0.00,N/A,6.46,3.70,210.22,1.74,43.61,0.03,0.77,0.00,0.54,0.00,0.85,0.00,0.00,0.93,0.68,0.0003,0.0065,     0,0,0,0.09,99.91,0.00,N/A,0.08,0.15,210.22,0.54,13.39,0.00,0.01,0.00,0.46,0.00,1.00,0.00,0.00,0.86,0.88,0.0002,0.0020,     0,0,0,0.02,99.98,0.00,N/A,0.02,0.04,210.22,0.46,11.55,0.00,0.00,0.00,0.28,0.01,0.93,0.00,0.00,0.49,0.79,0.0018,0.0038,     0,0,0,0.57,99.43,0.00,N/A,0.31,1.11,210.22,0.28,7.07,0.00,0.04,0.00,0.61,0.00,0.98,0.00,0.00,0.77,0.56,0.0012,0.0070,     0,0,0,0.15,99.85,0.00,N/A,0.19,0.31,210.22,0.61,15.31,0.00,0.02,0.01,0.29,0.02,0.89,0.00,0.03,0.96,0.28,0.0008,0.0201,     0,0,0,2.53,97.47,0.00,N/A,1.40,4.75,210.22,0.29,7.3,4.17,210.11,0.3,0.44,0.00,0.76,0.00,0.00,0.73,0.66,0.0014,0.0065,     0,0,0,0.11,99.89,0.00,N/A,0.08,0.18,210.22,0.44,10.99,0.00,0.01,0.00,0.47,0.00,0.64,0.00,0.00,0.68,0.74,0.0010,0.0046,     0,0,0,0.10,99.90,0.00,N/A,0.06,0.13,210.22,0.47,11.70,0.00,0.01,0.00,0.39,0.00,0.48,0.00,0.00,0.95,0.92,0.0001,0.0014,     0,0,0,0.05,99.95,0.00,N/A,0.02,0.05,210.22,0.39,9.74,0.00,0.00,0.00,0.37,0.00,0.47,0.00,0.00,0.84,0.89,0.0003,0.0019,     0,0,0,0.06,99.94,0.00,N/A,0.02,0.05,210.22,0.37,9.13,0.00,0.00,0.00,0.40,0.00,0.46,0.00,0.00,0.88,0.83,0.0002,0.0030,     0,0,0,0.06,99.94,0.00,N/A,0.02,0.06,210.22,0.40,9.94,0.00,0.00,0.00,0.48,0.00,0.74,0.00,0.00,0.81,0.68,0.0011,0.0062,     0,0,0,0.11,99.89,0.00,N/A,0.08,0.17,210.22,0.48,11.89,0.00,0.01,0.00,0.55,0.00,0.78,0.00,0.00,0.82,0.57,0.0011,0.0069,     0,0,0,0.10,99.90,0.00,N/A,0.09,0.17,210.22,0.55,13.70,0.00,0.01,
2024-03-21,21:06:25.277,0.00,0.69,0.01,0.92,0.00,0.07,0.93,0.59,0.0003,0.0049,0.00,0.00,-2147483648,0.00,0.00,13.54,19.56,209.71,0.69,17.30,0.00,0.10,1.93,0.36,4.42,0.63,99.37,0.00,100.00,0.00,0.00,0.00,0.00,-nan,0.10,0.01,0.76,0.01,0.97,0.00,0.03,0.92,0.64,0.0003,0.0038,     0,0,0,0.00,0.00,-2147483648,0.00,0.00,N/A,9.29,12.18,209.71,0.76,19.07,0.01,0.14,0.00,0.58,0.00,0.85,0.00,0.03,0.94,0.52,0.0005,0.0074,     0,0,0,0.00,0.00,-2147483648,0.00,0.00,N/A,4.25,7.38,209.71,0.58,14.39,0.00,0.06,0.91,0.89,  0%,  0%,0.10,0.04,  0%,  0%,2.40,1.60,  2%,  1%,0.24,0.18,  0%,  0%,0.75,99.25,0.00,100.00,0.00,0.00,0.51,99.49,0.00,100.00,0.00,0.00,0.00,0.00,0.00 ,0.00 ,-nan ,-nan ,0.09,0.10,0.01,0.30,0.02,1.00,0.00,0.03,0.96,0.28,0.0008,0.0206,     0,0,0,2.10,97.90,0.00,N/A,1.34,4.41,209.71,0.30,7.57,0.01,0.16,0.00,0.43,0.00,0.92,0.00,0.00,0.69,0.74,0.0013,0.0052,     0,0,0,0.05,99.95,0.00,N/A,0.04,0.09,209.71,0.43,10.82,0.00,0.00,0.00,0.77,0.00,0.94,0.00,0.00,0.62,0.80,0.0007,0.0028,     0,0,0,0.17,99.83,0.00,N/A,0.25,0.33,209.71,0.77,19.19,0.00,0.03,0.01,1.70,0.01,1.00,0.00,0.00,1.00,0.93,0.0000,0.0004,     0,0,0,0.80,99.20,0.00,N/A,2.84,1.67,209.71,1.70,42.58,0.01,0.34,0.02,1.60,0.01,0.88,0.00,0.00,0.92,0.93,0.0000,0.0004,     0,0,0,1.12,98.88,0.00,N/A,3.32,2.07,209.71,1.60,40.01,0.02,0.40,0.00,0.17,0.01,0.99,0.00,0.00,0.49,0.92,0.0006,0.0013,     0,0,0,1.03,98.97,0.00,N/A,0.36,2.13,209.71,0.17,4.23,0.00,0.04,0.00,1.13,0.00,0.92,0.00,0.00,0.82,0.93,0.0001,0.0005,     0,0,0,0.23,99.77,0.00,N/A,0.51,0.45,209.71,1.13,28.37,0.00,0.06,0.00,0.61,0.00,0.98,0.00,0.00,0.49,0.50,0.0018,0.0049,     0,0,0,0.50,99.50,0.00,N/A,0.63,1.03,209.71,0.61,15.30,0.00,0.08,0.01,0.33,0.02,0.80,0.00,0.03,0.96,0.28,0.0009,0.0203,     0,0,0,2.55,97.45,0.00,N/A,1.40,4.31,209.71,0.33,8.14,0.01,0.17,0.01,1.11,0.01,0.99,0.00,0.00,0.78,0.90,0.0001,0.0007,     0,0,0,1.04,98.96,0.00,N/A,2.39,2.15,209.71,1.11,27.70,0.01,0.28,0.00,0.41,0.00,0.69,0.00,0.00,0.74,0.78,0.0010,0.0040,     0,0,0,0.07,99.93,0.00,N/A,0.04,0.10,209.71,0.41,10.34,0.00,0.00,0.00,0.30,0.00,0.83,0.00,0.00,0.70,0.86,0.0001,0.0010,     0,0,0,0.15,99.85,0.00,N/A,0.08,0.25,209.71,0.30,7.49,0.00,0.01,0.00,0.42,0.00,0.67,0.00,0.00,0.60,0.89,0.0006,0.0022,     0,0,0,0.04,99.96,0.00,N/A,0.03,0.07,209.71,0.42,10.44,0.00,0.00,0.00,0.37,0.00,0.62,0.00,0.00,0.76,0.89,0.0003,0.0019,     0,0,0,0.04,99.96,0.00,N/A,0.02,0.05,209.71,0.37,9.21,0.00,0.00,0.00,0.52,0.00,0.86,0.00,0.00,0.77,0.68,0.0012,0.0066,     0,0,0,0.09,99.91,0.00,N/A,0.08,0.16,209.71,0.52,12.94,0.00,0.01,0.00,0.75,0.00,0.90,0.00,0.00,0.39,0.89,0.0011,0.0027,     0,0,0,0.15,99.85,0.00,N/A,0.21,0.28,209.71,0.75,18.66,0.00,0.02,
2024-03-21,21:06:25.372,0.01,0.86,0.01,0.94,0.01,0.08,0.87,0.68,0.0005,0.0036,0.00,0.00,-2147483648,0.00,0.00,21.71,25.20,212.02,0.86,21.53,0.01,0.16,1.22,0.34,5.50,0.80,99.20,0.00,100.00,0.00,0.00,0.00,0.00,-nan,0.07,0.01,0.96,0.01,0.92,0.01,0.04,0.85,0.67,0.0004,0.0031,     0,0,0,0.00,0.00,-2147483648,0.00,0.00,N/A,12.84,13.31,212.02,0.96,24.11,0.01,0.19,0.01,0.75,0.01,0.96,0.00,0.04,0.88,0.69,0.0005,0.0043,     0,0,0,0.00,0.00,-2147483648,0.00,0.00,N/A,8.87,11.89,212.02,0.75,18.65,0.01,0.13,0.40,0.64,  0%,  0%,0.12,0.06,  0%,  0%,2.28,2.10,  2%,  1%,0.55,0.57,  0%,  0%,0.86,99.14,0.00,100.00,0.00,0.00,0.74,99.26,0.00,100.00,0.00,0.00,0.00,0.00,0.00 ,0.00 ,-nan ,-nan ,0.08,0.07,0.01,0.34,0.02,0.87,0.00,0.03,0.96,0.28,0.0008,0.0210,     0,0,0,2.10,97.90,0.00,N/A,1.31,3.89,212.02,0.34,8.41,0.01,0.15,0.01,0.78,0.01,0.94,0.00,0.00,0.21,0.62,0.0020,0.0028,     0,0,0,0.72,99.28,0.00,N/A,1.14,1.45,212.02,0.78,19.62,0.01,0.13,0.00,0.33,0.00,1.00,0.00,0.00,0.69,0.65,0.0010,0.0046,     0,0,0,0.18,99.82,0.00,N/A,0.12,0.38,212.02,0.33,8.16,0.00,0.01,0.00,0.42,0.00,0.77,0.00,0.00,0.67,0.88,0.0007,0.0025,     0,0,0,0.04,99.96,0.00,N/A,0.02,0.06,212.02,0.42,10.40,0.00,0.00,0.02,1.40,0.02,0.88,0.00,0.00,0.86,0.89,0.0001,0.0008,     0,0,0,1.84,98.16,0.00,N/A,4.78,3.42,212.02,1.40,34.99,0.02,0.56,0.00,0.40,0.00,0.87,0.00,0.00,0.86,0.87,0.0003,0.0024,     0,0,0,0.03,99.97,0.00,N/A,0.02,0.05,212.02,0.40,10.07,0.00,0.00,0.02,1.41,0.02,0.98,0.00,0.00,0.72,0.88,0.0002,0.0007,     0,0,0,1.80,98.20,0.00,N/A,5.27,3.74,212.02,1.41,35.19,0.02,0.62,0.00,0.53,0.00,1.00,0.00,0.00,0.37,0.55,0.0035,0.0074,     0,0,0,0.16,99.84,0.00,N/A,0.18,0.34,212.02,0.53,13.35,0.00,0.02,0.01,0.30,0.02,0.94,0.00,0.03,0.95,0.28,0.0010,0.0203,     0,0,0,2.35,97.65,0.00,N/A,1.41,4.68,212.02,0.30,7.51,0.01,0.17,0.01,0.99,0.01,0.99,0.00,0.00,0.60,0.90,0.0003,0.0007,     0,0,0,1.06,98.94,0.00,N/A,2.20,2.23,212.02,0.99,24.66,0.01,0.26,0.00,0.37,0.00,0.79,0.00,0.00,0.37,0.72,0.0024,0.0052,     0,0,0,0.08,99.92,0.00,N/A,0.05,0.13,212.02,0.37,9.19,0.00,0.01,0.00,0.81,0.00,0.91,0.00,0.00,0.39,0.74,0.0016,0.0028,     0,0,0,0.16,99.84,0.00,N/A,0.26,0.32,212.02,0.81,20.36,0.00,0.03,0.00,0.44,0.00,0.65,0.00,0.00,0.80,0.82,0.0004,0.0039,     0,0,0,0.04,99.96,0.00,N/A,0.02,0.05,212.02,0.44,11.07,0.00,0.00,0.01,0.99,0.01,0.99,0.00,0.00,0.66,0.87,0.0004,0.0015,     0,0,0,1.05,98.95,0.00,N/A,2.17,2.20,212.02,0.99,24.73,0.01,0.26,0.01,1.23,0.01,0.99,0.00,0.00,0.70,0.90,0.0004,0.0013,     0,0,0,1.06,98.94,0.00,N/A,2.74,2.22,212.02,1.23,30.84,0.01,0.32,0.00,0.35,0.00,0.51,0.00,0.00,0.80,0.89,0.0002,0.0022,     0,0,0,0.06,99.94,0.00,N/A,0.02,0.06,212.02,0.35,8.80,0.00,0.00,
2024-03-21,21:06:25.473,0.00,0.66,0.00,0.83,0.00,0.06,0.93,0.50,0.0004,0.0071,0.00,0.00,-2147483648,0.00,0.00,8.75,13.19,210.10,0.66,16.59,0.00,0.07,0.46,0.28,1.77,0.47,99.53,0.00,100.00,0.00,0.00,0.00,0.00,-nan,0.09,0.00,0.84,0.01,0.92,0.00,0.03,0.93,0.59,0.0003,0.0045,     0,0,0,0.00,0.00,-2147483648,0.00,0.00,N/A,7.12,8.44,210.10,0.84,21.10,0.00,0.11,0.00,0.34,0.00,0.72,0.00,0.03,0.94,0.34,0.0010,0.0181,     0,0,0,0.00,0.00,-2147483648,0.00,0.00,N/A,1.63,4.75,210.10,0.34,8.57,0.00,0.02,0.15,0.17,  0%,  0%,0.10,0.04,  0%,  0%,0.35,0.97,  0%,  0%,0.27,0.18,  0%,  0%,0.55,99.45,0.00,100.00,0.00,0.00,0.39,99.61,0.00,100.00,0.00,0.00,0.00,0.00,0.00 ,0.00 ,-nan ,-nan ,0.09,0.08,0.01,0.32,0.02,0.87,0.00,0.03,0.96,0.28,0.0008,0.0209,     0,0,0,2.24,97.76,0.00,N/A,1.30,4.09,210.10,0.32,7.97,0.01,0.16,0.00,0.32,0.00,0.85,0.00,0.00,0.43,0.75,0.0022,0.0043,     0,0,0,0.06,99.94,0.00,N/A,0.03,0.10,210.10,0.32,8.04,0.00,0.00,0.00,0.48,0.00,0.96,0.00,0.00,0.72,0.69,0.0008,0.0046,     0,0,0,0.12,99.88,0.00,N/A,0.11,0.24,210.10,0.48,12.00,0.00,0.01,0.00,0.46,0.00,0.78,0.00,0.00,0.61,0.80,0.0011,0.0031,     0,0,0,0.04,99.96,0.00,N/A,0.03,0.06,210.10,0.46,11.48,0.00,0.00,0.02,1.68,0.01,0.99,0.00,0.00,0.93,0.95,0.0000,0.0003,     0,0,0,1.28,98.72,0.00,N/A,4.48,2.67,210.10,1.68,41.91,0.02,0.53,0.00,0.43,0.00,0.81,0.00,0.00,0.86,0.81,0.0003,0.0040,     0,0,0,0.03,99.97,0.00,N/A,0.02,0.06,210.10,0.43,10.67,0.00,0.00,0.00,1.22,0.00,0.92,0.00,0.00,0.80,0.87,0.0001,0.0009,     0,0,0,0.36,99.64,0.00,N/A,0.85,0.69,210.10,1.22,30.58,0.00,0.10,0.00,0.56,0.00,0.99,0.00,0.00,0.46,0.57,0.0029,0.0072,     0,0,0,0.25,99.75,0.00,N/A,0.29,0.53,210.10,0.56,13.89,0.00,0.04,0.01,0.33,0.02,0.77,0.00,0.03,0.96,0.28,0.0008,0.0210,     0,0,0,2.51,97.49,0.00,N/A,1.32,4.05,210.10,0.33,8.18,0.01,0.16,0.00,0.43,0.00,0.54,0.00,0.00,0.48,0.67,0.0022,0.0063,     0,0,0,0.15,99.85,0.00,N/A,0.07,0.17,210.10,0.43,10.76,0.00,0.01,0.00,0.43,0.00,0.67,0.00,0.00,0.35,0.73,0.0028,0.0050,     0,0,0,0.08,99.92,0.00,N/A,0.05,0.11,210.10,0.4,N/A,0.06,0.14,20,0.00,0.46,0.00,0.47,0.00,0.00,0.46,0.72,0.0023,0.0054,     0,0,0,0.07,99.93,0.00,N/A,0.03,0.07,210.10,0.46,11.60,0.00,0.00,0.00,0.45,0.00,0.48,0.00,0.00,0.98,0.78,0.0001,0.0050,     0,0,0,0.06,99.94,0.00,N/A,0.03,0.06,210.10,0.45,11.32,0.00,0.00,0.00,0.43,0.00,0.48,0.00,0.00,0.94,0.80,0.0001,0.0046,     0,0,0,0.06,99.94,0.00,N/A,0.03,0.06,210.10,0.43,10.79,0.00,0.00,0.00,0.44,0.00,0.53,0.00,0.00,0.64,0.68,0.0020,0.0060,     0,0,0,0.15,99.85,0.00,N/A,0.07,0.17,210.10,0.44,10.98,0.00,0.01,0.00,0.39,0.00,0.46,0.00,0.00,0.87,0.81,0.0003,0.0040,     0,0,0,0.06,99.94,0.00,N/A,0.02,0.06,210.10,0.39,9.73,0.00,0.00,
2024-03-21,21:06:25.573,0.00,0.75,0.00,0.89,0.00,0.06,0.94,0.56,0.0003,0.0052,0.00,0.00,-2147483648,0.00,0.00,12.33,16.37,210.14,0.75,18.82,0.00,0.09,0.59,0.83,1.62,0.55,99.45,0.00,100.00,0.00,0.00,0.00,0.00,-nan,0.08,0.01,0.96,0.01,0.93,0.00,0.03,0.93,0.66,0.0002,0.0032,     0,0,0,0.00,0.00,-2147483648,0.00,0.00,N/A,10.65,11.12,210.14,0.96,23.94,0.01,0.16,0.00,0.32,0.00,0.81,0.00,0.03,0.95,0.35,0.0009,0.0174,     0,0,0,0.00,0.00,-2147483648,0.00,0.00,N/A,1.68,5.25,210.14,0.32,7.98,0.00,0.02,0.25,0.15,  0%,  0%,0.11,0.09,  0%,  0%,0.28,0.46,  0%,  0%,0.48,0.40,  0%,  0%,0.71,99.29,0.00,100.00,0.00,0.00,0.39,99.61,0.00,100.00,0.00,0.00,0.00,0.00,0.00 ,0.00 ,-nan ,-nan ,0.08,0.08,0.01,0.30,0.02,0.91,0.00,0.03,0.96,0.28,0.0009,0.0202,     0,0,0,2.40,97.60,0.00,N/A,1.36,4.60,210.14,0.30,7.38,0.01,0.16,0.00,0.37,0.00,0.92,0.00,0.00,0.73,0.59,0.0015,0.0070,     0,0,0,0.10,99.90,0.00,N/A,0.07,0.20,210.14,0.37,9.32,0.00,0.01,0.00,0.87,0.00,0.98,0.00,0.00,0.79,0.50,0.0008,0.0042,     0,0,0,0.18,99.82,0.00,N/A,0.32,0.36,210.14,0.87,21.85,0.00,0.04,0.00,0.49,0.00,0.74,0.00,0.00,0.89,0.82,0.0003,0.0037,     0,0,0,0.03,99.97,0.00,N/A,0.02,0.05,210.14,0.49,12.24,0.00,0.00,0.01,1.69,0.01,0.98,0.00,0.00,0.97,0.95,0.0000,0.0003,     0,0,0,0.84,99.16,0.00,N/A,2.94,1.74,210.14,1.69,42.26,0.01,0.35,0.00,0.43,0.00,0.56,0.00,0.00,0.99,0.81,0.0000,0.0038,     0,0,0,0.05,99.95,0.00,N/A,0.03,0.06,210.14,0.43,10.84,0.00,0.00,0.03,1.65,0.02,0.93,0.00,0.00,0.95,0.94,0.0000,0.0004,     0,0,0,1.69,98.31,0.00,N/A,5.44,3.30,210.14,1.65,41.24,0.03,0.65,0.00,0.58,0.00,1.00,0.00,0.00,0.62,0.62,0.0015,0.0048,     0,0,0,0.39,99.61,0.00,N/A,0.48,0.82,210.14,0.58,14.59,0.00,0.06,0.01,0.30,0.02,0.83,0.00,0.03,0.96,0.28,0.0009,0.0204,     0,0,0,2.60,97.40,0.00,N/A,1.36,4.54,210.14,0.30,7.48,0.01,0.16,0.00,0.46,0.00,0.73,0.00,0.00,0.66,0.70,0.0014,0.0059,     0,0,0,0.12,99.88,0.00,N/A,0.08,0.18,210.14,0.46,11.59,0.00,0.01,0.00,0.46,0.00,0.75,0.00,0.00,0.77,0.72,0.0009,0.0057,     0,0,0,0.07,99.93,0.00,N/A,0.05,0.11,210.14,0.46,11.61,0.00,0.01,0.00,0.50,0.00,0.51,0.00,0.00,0.58,0.90,0.0006,0.0017,     0,0,0,0.06,99.94,0.00,N/A,0.04,0.07,210.14,0.50,12.62,0.00,0.00,0.00,0.37,0.00,0.60,0.00,0.00,0.83,0.91,0.0002,0.0015,     0,0,0,0.05,99.95,0.00,N/A,0.02,0.06,210.14,0.37,9.17,0.00,0.00,0.00,0.37,0.00,0.60,0.00,0.00,0.68,0.90,0.0004,0.0018,     0,0,0,0.05,99.95,0.00,N/A,0.02,0.06,210.14,0.37,9.30,0.00,0.00,0.00,0.45,0.00,0.76,0.00,0.00,0.80,0.67,0.0011,0.0064,     0,0,0,0.11,99.89,0.00,N/A,0.08,0.18,210.14,0.45,11.34,0.00,0.01,0.00,0.45,0.00,0.54,0.00,0.00,0.74,0.84,0.0003,0.0032,     0,0,0,0.05,99.95,0.00,N/A,0.02,0.05,210.14,0.45,11.32,0.00,0.00,
2024-03-21,21:06:25.672,0.00,0.71,0.00,0.80,0.00,0.06,0.94,0.52,0.0004,0.0063,0.00,0.00,-2147483648,0.00,0.00,9.95,14.04,209.89,0.71,17.72,0.00,0.07,0.70,0.52,1.80,0.53,99.47,0.00,100.00,0.00,0.00,0.00,0.00,-nan,0.07,0.00,0.92,0.01,0.83,0.00,0.03,0.94,0.62,0.0003,0.0040,     0,0,0,0.00,0.00,-2147483648,0.00,0.00,N/A,8.31,9.01,209.89,0.92,23.04,0.00,0.12,0.00,0.33,0.00,0.74,0.00,0.03,0.95,0.34,0.0009,0.0177,     0,0,0,0.00,0.00,-2147483648,0.00,0.00,N/A,1.64,5.02,209.89,0.33,8.16,0.00,0.02,0.28,0.24,  0%,  0%,0.14,0.04,  0%,  0%,0.50,0.87,  0%,  0%,0.26,0.16,  0%,  0%,0.65,99.35,0.00,100.00,0.00,0.00,0.40,99.60,0.00,100.00,0.00,0.00,0.00,0.00,0.00 ,0.00 ,-nan ,-nan ,0.07,0.07,0.01,0.32,0.02,0.74,0.00,0.03,0.96,0.28,0.0008,0.0211,     0,0,0,2.62,97.38,0.00,N/A,1.32,4.07,209.89,0.32,8.10,0.01,0.16,0.00,0.44,0.00,0.47,0.00,0.00,0.76,0.72,0.0012,0.0058,     0,0,0,0.09,99.91,0.00,N/A,0.04,0.09,209.89,0.44,10.94,0.00,0.00,0.00,0.44,0.00,0.85,0.00,0.00,0.75,0.68,0.0011,0.0065,     0,0,0,0.11,99.89,0.00,N/A,0.08,0.19,209.89,0.44,11.01,0.00,0.01,0.00,0.41,0.00,0.57,0.00,0.00,0.83,0.90,0.0002,0.0017,     0,0,0,0.04,99.96,0.00,N/A,0.02,0.05,209.89,0.41,10.36,0.00,0.00,0.03,1.71,0.02,0.99,0.00,0.00,0.94,0.94,0.0000,0.0004,     0,0,0,1.75,98.25,0.00,N/A,6.15,3.61,209.89,1.71,42.64,0.03,0.74,0.00,0.45,0.00,0.66,0.00,0.00,0.98,0.84,0.0000,0.0032,     0,0,0,0.04,99.96,0.00,N/A,0.02,0.05,209.89,0.45,11.27,0.00,0.00,0.00,0.69,0.00,0.64,0.00,0.00,0.60,0.88,0.0004,0.0011,     0,0,0,0.22,99.78,0.00,N/A,0.20,0.29,209.89,0.69,17.35,0.00,0.02,0.00,0.70,0.00,0.99,0.00,0.00,0.66,0.62,0.0014,0.0052,     0,0,0,0.32,99.68,0.00,N/A,0.47,0.67,209.89,0.70,17.45,0.00,0.06,0.01,0.31,0.02,0.78,0.00,0.03,0.96,0.29,0.0009,0.0204,     0,0,0,2.67,97.33,0.00,N/A,1.35,4.39,209.89,0.31,7.70,0.01,0.16,0.00,0.50,0.00,0.56,0.00,0.00,0.72,0.69,0.0013,0.0061,     0,0,0,0.14,99.86,0.00,N/A,0.08,0.17,209.89,0.50,12.40,0.00,0.01,0.00,0.47,0.00,0.67,0.00,0.00,0.73,0.73,0.0009,0.0055,     0,0,0,0.08,99.92,0.00,N/A,0.05,0.11,209.89,0.47,11.78,0.00,0.01,0.00,0.37,0.00,0.50,0.00,0.00,0.52,0.90,0.0007,0.0017,     0,0,0,0.05,99.95,0.00,N/A,0.02,0.05,209.89,0.37,9.22,0.00,0.00,0.00,0.39,0.00,0.53,0.00,0.00,0.87,0.90,0.0002,0.0018,     0,0,0,0.05,99.95,0.00,N/A,0.02,0.05,209.89,0.39,9.86,0.00,0.00,0.00,0.38,0.00,0.53,0.00,0.00,0.81,0.89,0.0003,0.0019,     0,0,0,0.05,99.95,0.00,N/A,0.02,0.05,209.89,0.38,9.60,0.00,0.00,0.00,0.49,0.00,0.57,0.00,0.00,0.80,0.69,0.0011,0.0059,     0,0,0,0.12,99.88,0.00,N/A,0.07,0.15,209.89,0.49,12.37,0.00,0.01,0.00,0.36,0.00,0.47,0.00,0.00,0.53,0.91,0.0005,0.0016,     0,0,0,0.06,99.94,0.00,N/A,0.02,0.06,209.89,0.36,8.96,0.00,0.00,
2024-03-21,21:06:25.773,0.00,0.80,0.00,0.85,0.00,0.07,0.95,0.55,0.0002,0.0050,0.00,0.00,-2147483648,0.00,0.00,13.16,16.38,209.85,0.80,20.09,0.00,0.10,0.77,0.71,2.93,0.57,99.43,0.00,100.00,0.00,0.00,0.00,0.00,-nan,0.09,0.01,1.02,0.01,0.88,0.00,0.04,0.95,0.64,0.0002,0.0032,     0,0,0,0.00,0.00,-2147483648,0.00,0.00,N/A,11.50,11.28,209.85,1.02,25.48,0.01,0.17,0.00,0.33,0.00,0.80,0.00,0.03,0.95,0.35,0.0008,0.0176,     0,0,0,0.00,0.00,-2147483648,0.00,0.00,N/A,1.66,5.09,209.85,0.33,8.14,0.00,0.02,0.14,0.20,  0%,  0%,0.27,0.16,  0%,  0%,0.37,0.45,  0%,  0%,1.13,0.97,  0%,  0%,0.77,99.23,0.00,100.00,0.00,0.00,0.38,99.62,0.00,100.00,0.00,0.00,0.00,0.00,0.00 ,0.00 ,-nan ,-nan ,0.09,0.09,0.01,0.30,0.02,0.89,0.00,0.03,0.96,0.28,0.0008,0.0205,     0,0,0,2.38,97.62,0.00,N/A,1.34,4.46,209.85,0.30,7.53,0.01,0.16,0.00,0.34,0.00,0.75,0.00,0.00,0.71,0.75,0.0013,0.0046,     0,0,0,0.06,99.94,0.00,N/A,0.03,0.09,209.85,0.34,8.50,0.00,0.00,0.00,0.50,0.00,0.96,0.00,0.00,0.76,0.66,0.0011,0.0066,     0,0,0,0.08,99.92,0.00,N/A,0.08,0.16,209.85,0.50,12.50,0.00,0.01,0.00,0.37,0.00,0.61,0.00,0.00,0.79,0.88,0.0003,0.0020,     0,0,0,0.04,99.96,0.00,N/A,0.02,0.05,209.85,0.37,9.37,0.00,0.00,0.04,1.67,0.03,0.86,0.00,0.01,0.98,0.89,0.0000,0.0006,     0,0,0,3.09,96.91,0.00,N/A,9.38,5.61,209.85,1.67,41.79,0.04,1.11,0.00,0.46,0.00,0.77,0.00,0.00,0.93,0.78,0.0002,0.0041,     0,0,0,0.03,99.97,0.00,N/A,0.03,0.05,209.85,0.46,11.51,0.00,0.00,0.00,0.70,0.00,0.75,0.00,0.00,0.61,0.93,0.0002,0.0007,     0,0,0,0.16,99.84,0.00,N/A,0.18,0.26,209.85,0.70,17.54,0.00,0.02,0.00,0.74,0.00,0.99,0.00,0.00,0.73,0.62,0.0010,0.0048,     0,0,0,0.29,99.71,0.00,N/A,0.44,0.59,209.85,0.74,18.47,0.00,0.05,0.01,0.31,0.02,0.83,0.00,0.03,0.96,0.29,0.0008,0.0205,     0,0,0,2.52,97.48,0.00,N/A,1.35,4.41,209.85,0.31,7.66,0.01,0.16,0.00,0.46,0.00,0.77,0.00,0.00,0.64,0.69,0.0017,0.0059,     0,0,0,0.11,99.89,0.00,N/A,0.08,0.17,209.85,0.46,11.46,0.00,0.01,0.00,0.44,0.00,0.61,0.00,0.00,0.84,0.70,0.0006,0.0055,     0,0,0,0.09,99.91,0.00,N/A,0.05,0.11,209.85,0.44,11.07,0.00,0.01,0.00,0.48,0.00,0.56,0.00,0.00,0.70,0.89,0.0004,0.0019,     0,0,0,0.05,99.95,0.00,N/A,0.03,0.06,209.85,0.48,11.95,0.00,0.00,0.00,0.43,0.00,0.45,0.00,0.00,0.61,0.86,0.0006,0.0031,     0,0,0,0.06,99.94,0.00,N/A,0.02,0.06,209.85,0.,N/A,0.08,0.160.00,0.00,0.37,0.00,0.46,0.00,0.00,0.84,0.93,0.0001,0.0012,     0,0,0,0.06,99.94,0.00,N/A,0.02,0.05,209.85,0.37,9.37,0.00,0.00,0.00,0.50,0.00,0.75,0.00,0.00,0.82,0.68,0.0010,0.0064,     0,0,0,0.10,99.90,0.00,N/A,0.08,0.17,209.85,0.50,12.53,0.00,0.01,0.00,0.34,0.00,0.54,0.00,0.00,0.91,0.88,0.0002,0.0023,     0,0,0,0.05,99.95,0.00,N/A,0.02,0.06,209.85,0.34,8.60,0.00,0.00,
2024-03-21,21:06:25.873,0.00,0.72,0.00,0.82,0.00,0.06,0.95,0.54,0.0003,0.0060,0.00,0.00,-2147483648,0.00,0.00,10.35,14.30,210.19,0.72,18.08,0.00,0.08,0.50,0.41,3.07,0.52,99.48,0.00,100.00,0.00,0.00,0.00,0.00,-nan,0.10,0.01,0.91,0.01,0.87,0.00,0.03,0.94,0.63,0.0002,0.0038,     0,0,0,0.00,0.00,-2147483648,0.00,0.00,N/A,8.72,9.63,210.19,0.91,22.64,0.01,0.13,0.00,0.35,0.00,0.72,0.00,0.03,0.95,0.35,0.0008,0.0179,     0,0,0,0.00,0.00,-2147483648,0.00,0.00,N/A,1.62,4.67,210.19,0.35,8.68,0.00,0.02,0.06,0.20,  0%,  0%,0.16,0.09,  0%,  0%,0.29,0.49,  0%,  0%,1.16,1.14,  0%,  0%,0.66,99.34,0.00,100.00,0.00,0.00,0.38,99.62,0.00,100.00,0.00,0.00,0.00,0.00,0.00 ,0.00 ,-nan ,-nan ,0.10,0.11,0.01,0.30,0.02,0.80,0.00,0.03,0.96,0.28,0.0009,0.0206,     0,0,0,2.64,97.36,0.00,N/A,1.34,4.42,210.19,0.30,7.56,0.01,0.16,0.00,0.36,0.00,0.80,0.00,0.00,0.81,0.61,0.0011,0.0075,     0,0,0,0.08,99.92,0.00,N/A,0.05,0.13,210.19,0.36,8.95,0.00,0.01,0.00,0.47,0.00,0.93,0.00,0.00,0.82,0.64,0.0008,0.0069,     0,0,0,0.09,99.91,0.00,N/A,0.08,0.17,210.19,0.47,11.78,0.00,0.01,0.00,0.39,0.00,0.58,0.00,0.00,0.89,0.90,0.0002,0.0017,     0,0,0,0.04,99.96,0.00,N/A,0.02,0.05,210.19,0.39,9.87,0.00,0.00,0.03,1.69,0.02,0.99,0.00,0.00,0.94,0.95,0.0000,0.0003,     0,0,0,1.85,98.15,0.00,N/A,6.55,3.87,210.19,1.69,42.26,0.03,0.78,0.00,0.46,0.00,0.87,0.00,0.00,0.97,0.81,0.0001,0.0037,     0,0,0,0.03,99.97,0.00,N/A,0.02,0.05,210.19,0.46,11.61,0.00,0.00,0.00,0.71,0.00,0.62,0.00,0.00,0.58,0.89,0.0004,0.0011,     0,0,0,0.22,99.78,0.00,N/A,0.20,0.29,210.19,0.71,17.64,0.00,0.02,0.00,0.72,0.00,0.98,0.00,0.00,0.75,0.62,0.0010,0.0051,     0,0,0,0.32,99.68,0.00,N/A,0.46,0.65,210.19,0.72,17.96,0.00,0.06,0.01,0.33,0.02,0.75,0.00,0.03,0.96,0.29,0.0008,0.0210,     0,0,0,2.55,97.45,0.00,N/A,1.32,4.00,210.19,0.33,8.22,0.01,0.16,0.00,0.48,0.00,0.74,0.00,0.00,0.57,0.70,0.0021,0.0056,     0,0,0,0.11,99.89,0.00,N/A,0.08,0.17,210.19,0.48,12.05,0.00,0.01,0.00,0.45,0.00,0.64,0.00,0.00,0.82,0.72,0.0006,0.0052,     0,0,0,0.08,99.92,0.00,N/A,0.05,0.11,210.19,0.45,11.25,0.00,0.01,0.00,0.46,0.00,0.47,0.00,0.00,0.83,0.83,0.0005,0.0034,     0,0,0,0.06,99.94,0.00,N/A,0.03,0.06,210.19,0.46,11.47,0.00,0.00,0.00,0.39,0.00,0.51,0.00,0.00,0.85,0.89,0.0002,0.0021,     0,0,0,0.05,99.95,0.00,N/A,0.02,0.05,210.19,0.39,9.72,0.00,0.00,0.00,0.38,0.00,0.51,0.00,0.00,0.72,0.88,0.0005,0.0021,     0,0,0,0.05,99.95,0.00,N/A,0.02,0.05,210.19,0.38,9.54,0.00,0.00,0.00,0.50,0.00,0.78,0.00,0.00,0.82,0.71,0.0010,0.0059,     0,0,0,0.10,99.90,0.00,N/A,0.08,0.17,210.19,0.50,12.40,0.00,0.01,0.00,0.41,0.00,0.46,0.00,0.00,0.49,0.81,0.0011,0.0038,     0,0,0,0.07,99.93,0.00,N/A,0.03,0.06,210.19,0.41,10.21,0.00,0.00,
2024-03-21,21:06:25.973,0.00,0.70,0.00,0.81,0.00,0.06,0.95,0.52,0.0003,0.0064,0.00,0.00,-2147483648,0.00,0.00,9.78,14.02,210.15,0.70,17.43,0.00,0.07,0.37,0.55,1.42,0.51,99.49,0.00,100.00,0.00,0.00,0.00,0.00,-nan,0.07,0.00,0.90,0.01,0.84,0.00,0.03,0.95,0.61,0.0002,0.0041,     0,0,0,0.00,0.00,-2147483648,0.00,0.00,N/A,8.10,8.99,210.15,0.90,22.52,0.00,0.12,0.00,0.33,0.00,0.76,0.00,0.03,0.95,0.35,0.0009,0.0175,     0,0,0,0.00,0.00,-2147483648,0.00,0.00,N/A,1.68,5.03,210.15,0.33,8.35,0.00,0.02,0.06,0.07,  0%,  0%,0.13,0.10,  0%,  0%,0.13,0.36,  0%,  0%,0.49,0.45,  0%,  0%,0.63,99.37,0.00,100.00,0.00,0.00,0.39,99.61,0.00,100.00,0.00,0.00,0.00,0.00,0.00 ,0.00 ,-nan ,-nan ,0.06,0.07,0.01,0.32,0.02,0.81,0.00,0.03,0.96,0.28,0.0008,0.0211,     0,0,0,2.42,97.58,0.00,N/A,1.31,4.13,210.15,0.32,7.92,0.01,0.16,0.00,0.43,0.00,0.53,0.00,0.00,0.69,0.75,0.0010,0.0041,     0,0,0,0.10,99.90,0.00,N/A,0.05,0.11,210.15,0.43,10.72,0.00,0.01,0.00,0.50,0.00,0.91,0.00,0.00,0.74,0.67,0.0011,0.0064,     0,0,0,0.08,99.92,0.00,N/A,0.08,0.16,210.15,0.50,12.48,0.00,0.01,0.00,0.37,0.00,0.61,0.00,0.00,0.86,0.89,0.0002,0.0021,     0,0,0,0.05,99.95,0.00,N/A,0.02,0.06,210.15,0.37,9.22,0.00,0.00,0.03,1.68,0.02,0.91,0.00,0.00,0.94,0.93,0.0000,0.0004,     0,0,0,1.86,98.14,0.00,N/A,5.96,3.55,210.15,1.68,41.92,0.03,0.71,0.00,0.43,0.00,0.72,0.00,0.00,1.00,0.90,0.0000,0.0018,     0,0,0,0.03,99.97,0.00,N/A,0.02,0.05,210.15,0.43,10.77,0.00,0.00,0.00,0.70,0.00,0.63,0.00,0.00,0.63,0.92,0.0002,0.0008,     0,0,0,0.23,99.77,0.00,N/A,0.21,0.30,210.15,0.70,17.57,0.00,0.03,0.00,0.71,0.00,0.98,0.00,0.00,0.79,0.59,0.0009,0.0054,     0,0,0,0.31,99.69,0.00,N/A,0.45,0.64,210.15,0.71,17.83,0.00,0.05,0.01,0.31,0.02,0.80,0.00,0.03,0.96,0.28,0.0009,0.0207,     0,0,0,2.56,97.44,0.00,N/A,1.34,4.32,210.15,0.31,7.77,0.01,0.16,0.00,0.51,0.00,0.64,0.00,0.00,0.59,0.66,0.0017,0.0057,     0,0,0,0.16,99.84,0.00,N/A,0.11,0.22,210.15,0.51,12.76,0.00,0.01,0.00,0.48,0.00,0.77,0.00,0.00,0.78,0.69,0.0008,0.0057,     0,0,0,0.07,99.93,0.00,N/A,0.05,0.11,210.15,0.48,12.01,0.00,0.01,0.00,0.43,0.00,0.54,0.00,0.00,0.68,0.90,0.0005,0.0018,     0,0,0,0.05,99.95,0.00,N/A,0.03,0.06,210.15,0.43,10.81,0.00,0.00,0.00,0.36,0.00,0.44,0.00,0.00,0.78,0.91,0.0002,0.0016,     0,0,0,0.06,99.94,0.00,N/A,0.02,0.05,210.15,0.36,9.09,0.00,0.00,0.00,0.41,0.00,0.44,0.00,0.00,0.95,0.81,0.0002,0.0038,     0,0,0,0.07,99.93,0.00,N/A,0.02,0.06,210.15,0.41,10.14,0.00,0.00,0.00,0.55,0.00,0.55,0.00,0.00,0.82,0.70,0.0009,0.0060,     0,0,0,0.13,99.87,0.00,N/A,0.08,0.15,210.15,0.55,13.65,0.00,0.01,0.00,0.37,0.00,0.46,0.00,0.00,0.59,0.91,0.0004,0.0017,     0,0,0,0.06,99.94,0.00,N/A,0.02,0.06,210.15,0.37,9.21,0.00,0.00,
2024-03-21,21:06:26.072,0.00,0.75,0.00,0.85,0.00,0.06,0.94,0.54,0.0003,0.0057,0.00,0.00,-2147483648,0.00,0.00,10.95,14.58,209.75,0.75,18.78,0.00,0.08,0.62,0.57,1.59,0.51,99.49,0.00,100.00,0.00,0.00,0.00,0.00,-nan,0.09,0.01,0.94,0.01,0.89,0.00,0.03,0.94,0.64,0.0002,0.0036,     0,0,0,0.00,0.00,-2147483648,0.00,0.00,N/A,9.29,9.87,209.75,0.94,23.54,0.01,0.14,0.00,0.35,0.00,0.79,0.00,0.03,0.95,0.34,0.0008,0.0177,     0,0,0,0.00,0.00,-2147483648,0.00,0.00,N/A,1.66,4.71,209.75,0.35,8.80,0.00,0.02,0.15,0.13,  0%,  0%,0.21,0.13,  0%,  0%,0.23,0.24,  0%,  0%,0.73,0.40,  0%,  0%,0.66,99.34,0.00,100.00,0.00,0.00,0.36,99.64,0.00,100.00,0.00,0.00,0.00,0.00,0.00 ,0.00 ,-nan ,-nan ,0.08,0.09,0.01,0.32,0.02,0.81,0.00,0.03,0.97,0.27,0.0007,0.0210,     0,0,0,2.45,97.55,0.00,N/A,1.32,4.14,209.75,0.32,7.94,0.01,0.16,0.00,0.38,0.00,0.58,0.00,0.00,0.93,0.87,0.0001,0.0023,     0,0,0,0.04,99.96,0.00,N/A,0.02,0.05,209.75,0.38,9.45,0.00,0.00,0.00,0.45,0.00,0.95,0.00,0.00,0.81,0.69,0.0008,0.0058,     0,0,0,0.09,99.91,0.00,N/A,0.08,0.18,209.75,0.45,11.23,0.00,0.01,0.00,0.40,0.00,0.59,0.00,0.00,0.88,0.91,0.0001,0.0015,     0,0,0,0.04,99.96,0.00,N/A,0.02,0.05,209.75,0.40,9.94,0.00,0.00,0.03,1.69,0.02,1.00,0.00,0.00,0.94,0.94,0.0000,0.0003,     0,0,0,2.00,98.00,0.00,N/A,7.03,4.17,209.75,1.69,42.19,0.03,0.84,0.00,0.39,0.00,0.80,0.00,0.00,0.44,0.83,0.0013,0.0028,     0,0,0,0.05,99.95,0.00,N/A,0.03,0.08,209.75,0.39,9.64,0.00,0.00,0.00,0.71,0.00,0.63,0.00,0.00,0.82,0.92,0.0001,0.0007,     0,0,0,0.17,99.83,0.00,N/A,0.16,0.22,209.75,0.71,17.80,0.00,0.02,0.00,0.66,0.00,0.98,0.00,0.00,0.54,0.66,0.0014,0.0037,     0,0,0,0.47,99.53,0.00,N/A,0.64,0.97,209.75,0.66,16.43,0.00,0.08,0.01,0.33,0.02,0.82,0.00,0.03,0.96,0.28,0.0008,0.0212,     0,0,0,2.30,97.70,0.00,N/A,1.30,3.96,209.75,0.33,8.20,0.01,0.15,0.00,0.54,0.00,0.62,0.00,0.00,0.60,0.70,0.0017,0.0057,     0,0,0,0.11,99.89,0.00,N/A,0.08,0.14,209.75,0.54,13.48,0.00,0.01,0.00,0.46,0.00,0.81,0.00,0.00,0.76,0.72,0.0008,0.0052,     0,0,0,0.06,99.94,0.00,N/A,0.05,0.11,209.75,0.46,11.51,0.00,0.01,0.00,0.45,0.00,0.49,0.00,0.00,0.94,0.85,0.0001,0.0029,     0,0,0,0.06,99.94,0.00,N/A,0.03,0.06,209.75,0.45,11.19,0.00,0.00,0.00,0.40,0.00,0.49,0.00,0.00,0.87,0.89,0.0002,0.0021,     0,0,0,0.05,99.95,0.00,N/A,0.02,0.05,209.75,0.40,9.89,0.00,0.00,0.00,0.36,0.00,0.50,0.00,0.00,0.83,0.88,0.0003,0.0022,     0,0,0,0.05,99.95,0.00,N/A,0.02,0.05,209.75,0.36,8.97,0.00,0.00,0.00,0.54,0.00,0.62,0.00,0.00,0.81,0.74,0.0008,0.0049,     0,0,0,0.10,99.90,0.00,N/A,0.07,0.13,209.75,0.54,13.9,0.00,N/A,0,0.00,0.46,0.00,0.76,0.00,0.00,0.82,0.58,0.0009,0.0062,     0,0,0,0.13,99.87,0.00,N/A,0.10,0.21,209.75,0.46,11.53,0.00,0.01,
2024-03-21,21:06:26.172,0.00,0.63,0.00,0.89,0.00,0.06,0.94,0.49,0.0004,0.0069,0.00,0.00,-2147483648,0.00,0.00,9.08,14.42,210.21,0.63,15.73,0.00,0.07,0.36,0.53,1.44,0.48,99.52,0.00,100.00,0.00,0.00,0.00,0.00,-nan,0.09,0.00,0.76,0.01,0.96,0.00,0.03,0.95,0.57,0.0002,0.0048,     0,0,0,0.00,0.00,-2147483648,0.00,0.00,N/A,6.58,8.61,210.21,0.76,19.09,0.00,0.10,0.00,0.43,0.00,0.80,0.00,0.03,0.94,0.35,0.0007,0.0122,     0,0,0,0.00,0.00,-2147483648,0.00,0.00,N/A,2.50,5.81,210.21,0.43,10.76,0.00,0.04,0.07,0.08,  0%,  0%,0.12,0.10,  0%,  0%,0.13,0.35,  0%,  0%,0.49,0.46,  0%,  0%,0.54,99.46,0.00,100.00,0.00,0.00,0.43,99.57,0.00,100.00,0.00,0.00,0.00,0.00,0.00 ,0.00 ,-nan ,-nan ,0.09,0.08,0.01,0.28,0.02,1.00,0.00,0.03,0.96,0.27,0.0008,0.0201,     0,0,0,2.35,97.65,0.00,N/A,1.40,4.94,210.21,0.28,7.07,0.01,0.17,0.00,0.37,0.00,0.88,0.00,0.00,0.90,0.67,0.0005,0.0072,     0,0,0,0.06,99.94,0.00,N/A,0.04,0.11,210.21,0.37,9.14,0.00,0.00,0.00,0.51,0.00,0.82,0.00,0.00,0.87,0.68,0.0005,0.0064,     0,0,0,0.06,99.94,0.00,N/A,0.05,0.10,210.21,0.51,12.63,0.00,0.01,0.00,0.39,0.00,0.79,0.00,0.00,0.86,0.89,0.0002,0.0021,     0,0,0,0.03,99.97,0.00,N/A,0.02,0.06,210.21,0.39,9.78,0.00,0.00,0.02,1.70,0.01,0.91,0.00,0.00,0.95,0.95,0.0000,0.0003,     0,0,0,1.42,98.58,0.00,N/A,4.66,2.73,210.21,1.70,42.62,0.02,0.55,0.00,0.50,0.00,0.85,0.00,0.00,0.83,0.72,0.0007,0.0051,     0,0,0,0.06,99.94,0.00,N/A,0.05,0.10,210.21,0.50,12.43,0.00,0.01,0.00,0.68,0.00,0.87,0.00,0.00,0.87,0.88,0.0001,0.0011,     0,0,0,0.14,99.86,0.00,N/A,0.17,0.25,210.21,0.68,17.06,0.00,0.02,0.00,0.57,0.00,0.95,0.00,0.00,0.76,0.54,0.0013,0.0072,     0,0,0,0.16,99.84,0.00,N/A,0.19,0.33,210.21,0.57,14.19,0.00,0.02,0.01,0.31,0.02,0.81,0.00,0.03,0.96,0.28,0.0009,0.0205,     0,0,0,2.65,97.35,0.00,N/A,1.37,4.48,210.21,0.31,7.63,0.01,0.16,0.00,1.17,0.00,0.95,0.00,0.00,0.47,0.59,0.0005,0.0012,     0,0,0,0.37,99.63,0.00,N/A,0.86,0.73,210.21,1.17,29.19,0.00,0.10,0.00,0.50,0.00,0.64,0.00,0.00,0.60,0.71,0.0014,0.0056,     0,0,0,0.08,99.92,0.00,N/A,0.06,0.11,210.21,0.50,12.38,0.00,0.01,0.00,0.42,0.00,0.43,0.00,0.00,0.72,0.92,0.0003,0.0014,     0,0,0,0.06,99.94,0.00,N/A,0.02,0.06,210.21,0.42,10.39,0.00,0.00,0.00,0.47,0.00,0.71,0.00,0.00,0.81,0.73,0.0008,0.0051,     0,0,0,0.07,99.93,0.00,N/A,0.05,0.11,210.21,0.47,11.74,0.00,0.01,0.00,0.46,0.00,0.73,0.00,0.00,0.83,0.70,0.0008,0.0058,     0,0,0,0.08,99.92,0.00,N/A,0.05,0.12,210.21,0.46,11.58,0.00,0.01,0.00,0.49,0.00,0.79,0.00,0.00,0.83,0.75,0.0008,0.0048,     0,0,0,0.09,99.91,0.00,N/A,0.07,0.15,210.21,0.49,12.26,0.00,0.01,0.00,0.36,0.00,0.56,0.00,0.00,0.73,0.91,0.0004,0.0016,     0,0,0,0.05,99.95,0.00,N/A,0.02,0.06,210.21,0.36,8.93,0.00,0.00,
2024-03-21,21:06:26.273,0.00,0.78,0.00,0.83,0.00,0.07,0.95,0.53,0.0003,0.0053,0.00,0.00,-2147483648,0.00,0.00,12.70,16.35,210.31,0.78,19.41,0.00,0.09,0.40,0.36,1.03,0.59,99.41,0.00,100.00,0.00,0.00,0.00,0.00,-nan,0.09,0.01,0.98,0.01,0.86,0.00,0.04,0.95,0.62,0.0002,0.0034,     0,0,0,0.00,0.00,-2147483648,0.00,0.00,N/A,11.03,11.25,210.31,0.98,24.53,0.01,0.16,0.00,0.33,0.00,0.76,0.00,0.03,0.95,0.34,0.0009,0.0176,     0,0,0,0.00,0.00,-2147483648,0.00,0.00,N/A,1.66,5.11,210.31,0.33,8.13,0.00,0.02,0.07,0.08,  0%,  0%,0.17,0.07,  0%,  0%,0.14,0.21,  0%,  0%,0.37,0.31,  0%,  0%,0.77,99.23,0.00,100.00,0.00,0.00,0.40,99.60,0.00,100.00,0.00,0.00,0.00,0.00,0.00 ,0.00 ,-nan ,-nan ,0.09,0.08,0.01,0.29,0.02,0.82,0.00,0.03,0.96,0.27,0.0009,0.0204,     0,0,0,2.71,97.29,0.00,N/A,1.37,4.68,210.31,0.29,7.33,0.01,0.16,0.00,0.41,0.00,0.64,0.00,0.00,0.94,0.86,0.0002,0.0026,     0,0,0,0.04,99.96,0.00,N/A,0.02,0.05,210.31,0.41,10.28,0.00,0.00,0.00,0.53,0.00,0.90,0.00,0.00,0.80,0.66,0.0008,0.0068,     0,0,0,0.08,99.92,0.00,N/A,0.08,0.16,210.31,0.53,13.22,0.00,0.01,0.00,0.42,0.00,0.65,0.00,0.00,0.84,0.86,0.0003,0.0024,     0,0,0,0.03,99.97,0.00,N/A,0.02,0.05,210.31,0.42,10.38,0.00,0.00,0.04,1.65,0.03,0.90,0.00,0.01,0.96,0.87,0.0000,0.0008,     0,0,0,2.88,97.12,0.00,N/A,9.05,5.47,210.31,1.65,41.35,0.04,1.08,0.00,0.43,0.00,0.76,0.00,0.00,0.90,0.86,0.0002,0.0025,     0,0,0,0.03,99.97,0.00,N/A,0.02,0.05,210.31,0.43,10.73,0.00,0.00,0.00,0.73,0.00,0.78,0.00,0.00,0.84,0.93,0.0001,0.0005,     0,0,0,0.14,99.86,0.00,N/A,0.16,0.23,210.31,0.73,18.23,0.00,0.02,0.00,0.53,0.00,0.97,0.00,0.00,0.75,0.55,0.0013,0.0068,     0,0,0,0.27,99.73,0.00,N/A,0.30,0.56,210.31,0.53,13.36,0.00,0.04,0.01,0.30,0.02,0.80,0.00,0.03,0.96,0.28,0.0008,0.0205,     0,0,0,2.64,97.36,0.00,N/A,1.35,4.45,210.31,0.30,7.60,0.01,0.16,0.00,0.46,0.00,0.62,0.00,0.00,0.64,0.70,0.0020,0.0060,     0,0,0,0.10,99.90,0.00,N/A,0.06,0.13,210.31,0.46,11.59,0.00,0.01,0.00,0.44,0.00,0.77,0.00,0.00,0.84,0.70,0.0006,0.0055,     0,0,0,0.07,99.93,0.00,N/A,0.05,0.11,210.31,0.44,11.03,0.00,0.01,0.00,0.53,0.00,0.55,0.00,0.00,0.63,0.90,0.0005,0.0017,     0,0,0,0.07,99.93,0.00,N/A,0.04,0.08,210.31,0.53,13.22,0.00,0.00,0.00,0.50,0.00,0.42,0.00,0.00,0.90,0.80,0.0003,0.0036,     0,0,0,0.09,99.91,0.00,N/A,0.04,0.08,210.31,0.50,12.62,0.00,0.00,0.00,0.49,0.00,0.42,0.00,0.00,0.86,0.78,0.0005,0.0040,     0,0,0,0.10,99.90,0.00,N/A,0.04,0.08,210.31,0.49,12.35,0.00,0.00,0.00,0.47,0.00,0.64,0.00,0.00,0.74,0.71,0.0014,0.0058,     0,0,0,0.09,99.91,0.00,N/A,0.06,0.12,210.31,0.47,11.80,0.00,0.01,0.00,0.36,0.00,0.49,0.00,0.00,0.72,0.91,0.0004,0.0017,     0,0,0,0.05,99.95,0.00,N/A,0.02,0.06,210.31,0.36,9.09,0.00,0.00,
2024-03-21,21:06:26.372,0.00,0.72,0.01,0.88,0.00,0.07,0.93,0.59,0.0003,0.0045,0.00,0.00,-2147483648,0.00,0.00,15.06,20.80,209.36,0.72,18.09,0.00,0.11,0.61,0.55,2.84,0.71,99.29,0.00,100.00,0.00,0.00,0.00,0.00,-nan,0.09,0.01,1.04,0.01,0.87,0.00,0.03,0.94,0.67,0.0002,0.0029,     0,0,0,0.00,0.00,-2147483648,0.00,0.00,N/A,11.73,11.31,209.36,1.04,25.92,0.01,0.18,0.00,0.35,0.01,0.89,0.00,0.03,0.91,0.45,0.0008,0.0099,     0,0,0,0.00,0.00,-2147483648,0.00,0.00,N/A,3.33,9.49,209.36,0.35,8.77,0.00,0.05,0.09,0.08,  0%,  0%,0.20,0.24,  0%,  0%,0.13,0.24,  0%,  0%,1.30,1.18,  1%,  1%,0.78,99.22,0.00,100.00,0.00,0.00,0.64,99.36,0.00,100.00,0.00,0.00,0.00,0.00,0.00 ,0.00 ,-nan ,-nan ,0.10,0.09,0.01,0.30,0.02,0.83,0.00,0.03,0.95,0.28,0.0010,0.0205,     0,0,0,2.64,97.36,0.00,N/A,1.37,4.59,209.36,0.30,7.44,0.01,0.16,0.00,0.41,0.00,0.64,0.00,0.00,0.65,0.84,0.0008,0.0026,     0,0,0,0.05,99.95,0.00,N/A,0.03,0.06,209.36,0.41,10.26,0.00,0.00,0.01,1.68,0.01,0.99,0.00,0.00,0.97,0.93,0.0000,0.0004,     0,0,0,0.87,99.13,0.00,N/A,3.01,1.79,209.36,1.68,41.99,0.01,0.36,0.00,0.31,0.00,0.72,0.00,0.00,0.37,0.69,0.0025,0.0058,     0,0,0,0.07,99.93,0.00,N/A,0.03,0.11,209.36,0.31,7.69,0.00,0.00,0.03,1.68,0.02,0.89,0.00,0.00,0.95,0.92,0.0000,0.0005,     0,0,0,2.21,97.79,0.00,N/A,6.89,4.11,209.36,1.68,41.91,0.03,0.82,0.00,0.35,0.00,0.96,0.00,0.00,0.86,0.85,0.0003,0.0025,     0,0,0,0.03,99.97,0.00,N/A,0.02,0.06,209.36,0.35,8.72,0.00,0.00,0.00,0.67,0.00,0.73,0.00,0.00,0.66,0.84,0.0004,0.0016,     0,0,0,0.18,99.82,0.00,N/A,0.19,0.28,209.36,0.67,16.83,0.00,0.02,0.00,0.63,0.00,0.95,0.00,0.00,0.76,0.56,0.0013,0.0073,     0,0,0,0.16,99.84,0.00,N/A,0.20,0.32,209.36,0.63,15.83,0.00,0.02,0.01,0.30,0.02,0.84,0.00,0.03,0.96,0.28,0.0009,0.0206,     0,0,0,2.55,97.45,0.00,N/A,1.35,4.49,209.36,0.30,7.54,0.01,0.16,0.00,0.42,0.00,0.88,0.00,0.00,0.78,0.61,0.0012,0.0070,     0,0,0,0.13,99.87,0.00,N/A,0.10,0.25,209.36,0.42,10.59,0.00,0.01,0.00,0.45,0.00,0.93,0.00,0.00,0.67,0.64,0.0004,0.0020,     0,0,0,0.32,99.68,0.00,N/A,0.29,0.63,209.36,0.45,11.36,0.00,0.03,0.00,0.48,0.00,0.96,0.00,0.00,0.06,0.52,0.0032,0.0034,     0,0,0,0.26,99.74,0.00,N/A,0.25,0.52,209.36,0.48,12.05,0.00,0.03,0.00,0.33,0.00,0.48,0.00,0.00,0.89,0.88,0.0001,0.0020,     0,0,0,0.06,99.94,0.00,N/A,0.02,0.06,209.36,0.33,8.31,0.00,0.00,0.00,0.35,0.01,0.97,0.00,0.00,0.61,0.79,0.0005,0.0020,     0,0,0,1.05,98.95,0.00,N/A,0.74,2.13,209.36,0.35,8.67,0.00,0.09,0.00,0.67,0.00,0.88,0.00,0.00,0.79,0.64,0.0005,0.0047,     0,0,0,0.16,99.84,0.00,N/A,0.20,0.30,209.36,0.67,16.76,0.00,0.02,0.00,0.34,0.01,0.97,0.00,0.00,0.30,0.95,0.0003,0.0008,     0,0,0,0.55,99.45,0.00,N/A,0.37,1.11,209.36,0.34,8.39,0.00,0.04,
2024-03-21,21:06:26.473,0.00,0.67,0.00,0.86,0.00,0.06,0.95,0.49,0.0003,0.0069,0.00,0.00,-2147483648,0.00,,0,0.0039,13.72,210.27,0.67,16.84,0.00,0.07,0.59,0.41,1.63,0.47,99.53,0.00,100.00,0.00,0.00,0.00,0.00,-nan,0.10,0.00,0.86,0.01,0.92,0.00,0.03,0.95,0.57,0.0002,0.0044,     0,0,0,0.00,0.00,-2147483648,0.00,0.00,N/A,7.54,8.73,210.27,0.86,21.61,0.00,0.11,0.00,0.34,0.00,0.78,0.00,0.03,0.95,0.35,0.0009,0.0176,     0,0,0,0.00,0.00,-2147483648,0.00,0.00,N/A,1.70,4.99,210.27,0.34,8.51,0.00,0.03,0.16,0.16,  0%,  0%,0.17,0.11,  0%,  0%,0.36,0.20,  0%,  0%,0.51,0.56,  0%,  0%,0.56,99.44,0.00,100.00,0.00,0.00,0.38,99.62,0.00,100.00,0.00,0.00,0.00,0.00,0.00 ,0.00 ,-nan ,-nan ,0.10,0.10,0.01,0.31,0.02,0.89,0.00,0.03,0.96,0.26,0.0008,0.0211,     0,0,0,2.29,97.71,0.00,N/A,1.34,4.30,210.27,0.31,7.78,0.01,0.16,0.00,0.36,0.00,0.81,0.00,0.00,0.88,0.62,0.0007,0.0080,     0,0,0,0.06,99.94,0.00,N/A,0.04,0.10,210.27,0.36,9.03,0.00,0.00,0.02,1.64,0.01,1.00,0.00,0.00,0.96,0.89,0.0000,0.0006,     0,0,0,1.43,98.57,0.00,N/A,4.92,3.00,210.27,1.64,41.03,0.02,0.59,0.00,0.44,0.00,0.65,0.00,0.00,0.87,0.90,0.0002,0.0018,     0,0,0,0.03,99.97,0.00,N/A,0.02,0.04,210.27,0.44,10.89,0.00,0.00,0.00,1.40,0.00,0.98,0.00,0.00,0.90,0.90,0.0001,0.0007,     0,0,0,0.29,99.71,0.00,N/A,0.84,0.60,210.27,1.40,34.98,0.00,0.10,0.00,0.42,0.00,0.66,0.00,0.00,0.87,0.89,0.0002,0.0019,     0,0,0,0.03,99.97,0.00,N/A,0.02,0.05,210.27,0.42,10.61,0.00,0.00,0.00,0.67,0.00,0.69,0.00,0.00,0.72,0.93,0.0001,0.0005,     0,0,0,0.17,99.83,0.00,N/A,0.17,0.25,210.27,0.67,16.82,0.00,0.02,0.00,0.51,0.00,0.97,0.00,0.00,0.68,0.56,0.0016,0.0064,     0,0,0,0.19,99.81,0.00,N/A,0.20,0.39,210.27,0.51,12.87,0.00,0.02,0.01,0.32,0.02,0.79,0.00,0.03,0.96,0.28,0.0009,0.0208,     0,0,0,2.52,97.48,0.00,N/A,1.34,4.20,210.27,0.32,7.95,0.01,0.16,0.00,0.46,0.00,0.89,0.00,0.00,0.70,0.64,0.0016,0.0069,     0,0,0,0.13,99.87,0.00,N/A,0.11,0.24,210.27,0.46,11.60,0.00,0.01,0.00,0.44,0.00,0.68,0.00,0.00,0.74,0.70,0.0010,0.0055,     0,0,0,0.08,99.92,0.00,N/A,0.05,0.11,210.27,0.44,11.10,0.00,0.01,0.00,0.48,0.00,0.53,0.00,0.00,0.70,0.90,0.0003,0.0018,     0,0,0,0.05,99.95,0.00,N/A,0.03,0.05,210.27,0.48,11.98,0.00,0.00,0.00,0.45,0.00,0.52,0.00,0.00,0.72,0.83,0.0005,0.0035,     0,0,0,0.05,99.95,0.00,N/A,0.02,0.05,210.27,0.45,11.17,0.00,0.00,0.00,0.37,0.00,0.51,0.00,0.00,0.64,0.88,0.0005,0.0020,     0,0,0,0.05,99.95,0.00,N/A,0.02,0.05,210.27,0.37,9.24,0.00,0.00,0.00,0.51,0.00,0.87,0.00,0.00,0.87,0.66,0.0008,0.0065,     0,0,0,0.12,99.88,0.00,N/A,0.11,0.22,210.27,0.51,12.86,0.00,0.01,0.00,0.34,0.00,0.51,0.00,0.00,0.84,0.90,0.0002,0.0018,     0,0,0,0.06,99.94,0.00,N/A,0.02,0.06,210.27,0.34,8.58,0.00,0.00,
2024-03-21,21:06:26.573,0.00,0.80,0.00,0.87,0.00,0.06,0.95,0.54,0.0003,0.0052,0.00,0.00,-2147483648,0.00,0.00,12.16,15.30,210.15,0.80,19.88,0.00,0.09,0.55,0.64,1.54,0.52,99.48,0.00,100.00,0.00,0.00,0.00,0.00,-nan,0.07,0.01,0.99,0.01,0.96,0.00,0.03,0.96,0.64,0.0001,0.0034,     0,0,0,0.00,0.00,-2147483648,0.00,0.00,N/A,9.70,9.76,210.15,0.99,24.85,0.01,0.14,0.00,0.44,0.00,0.76,0.00,0.03,0.94,0.35,0.0008,0.0123,     0,0,0,0.00,0.00,-2147483648,0.00,0.00,N/A,2.46,5.53,210.15,0.44,11.10,0.00,0.04,0.23,0.12,  0%,  0%,0.14,0.06,  0%,  0%,0.30,0.48,  0%,  0%,0.42,0.35,  0%,  0%,0.61,99.39,0.00,100.00,0.00,0.00,0.43,99.57,0.00,100.00,0.00,0.00,0.00,0.00,0.00 ,0.00 ,-nan ,-nan ,0.08,0.07,0.01,0.31,0.02,0.99,0.00,0.03,0.97,0.27,0.0007,0.0210,     0,0,0,2.06,97.94,0.00,N/A,1.31,4.27,210.15,0.31,7.69,0.01,0.16,0.00,0.44,0.00,0.86,0.00,0.00,0.89,0.88,0.0002,0.0023,     0,0,0,0.02,99.98,0.00,N/A,0.02,0.04,210.15,0.44,10.89,0.00,0.00,0.00,0.47,0.00,0.78,0.00,0.00,0.80,0.72,0.0007,0.0054,     0,0,0,0.06,99.94,0.00,N/A,0.05,0.10,210.15,0.47,11.86,0.00,0.01,0.00,0.46,0.00,0.85,0.00,0.00,0.93,0.89,0.0001,0.0019,     0,0,0,0.02,99.98,0.00,N/A,0.02,0.04,210.15,0.46,11.55,0.00,0.00,0.04,1.68,0.02,0.94,0.00,0.00,0.98,0.93,0.0000,0.0004,     0,0,0,2.41,97.59,0.00,N/A,7.95,4.73,210.15,1.68,42.02,0.04,0.95,0.00,0.32,0.00,0.91,0.00,0.00,0.93,0.86,0.0001,0.0024,     0,0,0,0.03,99.97,0.00,N/A,0.02,0.07,210.15,0.32,8.04,0.00,0.00,0.00,0.74,0.00,0.90,0.00,0.00,0.78,0.93,0.0001,0.0006,     0,0,0,0.11,99.89,0.00,N/A,0.15,0.20,210.15,0.74,18.61,0.00,0.02,0.00,0.60,0.00,0.97,0.00,0.00,0.71,0.57,0.0015,0.0069,     0,0,0,0.15,99.85,0.00,N/A,0.19,0.31,210.15,0.60,15.01,0.00,0.02,0.01,0.32,0.02,0.76,0.00,0.03,0.96,0.28,0.0008,0.0208,     0,0,0,2.61,97.39,0.00,N/A,1.33,4.16,210.15,0.32,7.98,0.01,0.16,0.00,1.09,0.00,0.94,0.00,0.00,0.49,0.59,0.0006,0.0015,     0,0,0,0.40,99.60,0.00,N/A,0.86,0.79,210.15,1.09,27.19,0.00,0.10,0.00,0.43,0.00,0.67,0.00,0.00,0.76,0.76,0.0009,0.0041,     0,0,0,0.07,99.93,0.00,N/A,0.04,0.10,210.15,0.43,10.73,0.00,0.01,0.00,0.46,0.00,0.45,0.00,0.00,0.95,0.87,0.0001,0.0028,     0,0,0,0.06,99.94,0.00,N/A,0.03,0.06,210.15,0.46,11.44,0.00,0.00,0.00,0.41,0.00,0.51,0.00,0.00,0.53,0.82,0.0011,0.0028,     0,0,0,0.06,99.94,0.00,N/A,0.03,0.07,210.15,0.41,10.30,0.00,0.00,0.00,0.42,0.00,0.50,0.00,0.00,0.67,0.77,0.0011,0.0040,     0,0,0,0.08,99.92,0.00,N/A,0.03,0.08,210.15,0.42,10.53,0.00,0.00,0.00,0.52,0.00,0.79,0.00,0.00,0.85,0.68,0.0008,0.0062,     0,0,0,0.13,99.87,0.00,N/A,0.11,0.21,210.15,0.52,13.02,0.00,0.01,0.00,0.37,0.00,0.58,0.00,0.00,0.74,0.87,0.0004,0.0022,     0,0,0,0.05,99.95,0.00,N/A,0.02,0.05,210.15,0.37,9.26,0.00,0.00,
2024-03-21,21:06:26.672,0.00,0.77,0.00,0.80,0.00,0.06,0.95,0.54,0.0003,0.0058,0.00,0.00,-2147483648,0.00,0.00,10.60,13.83,209.68,0.77,19.16,0.00,0.08,0.51,0.44,1.36,0.52,99.48,0.00,100.00,0.00,0.00,0.00,0.00,-nan,0.07,0.01,0.96,0.01,0.85,0.00,0.03,0.95,0.64,0.0002,0.0036,     0,0,0,0.00,0.00,-2147483648,0.00,0.00,N/A,8.94,9.27,209.68,0.96,24.10,0.01,0.13,0.00,0.36,0.00,0.70,0.00,0.03,0.96,0.35,0.0008,0.0178,     0,0,0,0.00,0.00,-2147483648,0.00,0.00,N/A,1.66,4.56,209.68,0.36,9.12,0.00,0.02,0.15,0.23,  0%,  0%,0.10,0.03,  0%,  0%,0.44,0.47,  0%,  0%,0.26,0.19,  0%,  0%,0.65,99.35,0.00,100.00,0.00,0.00,0.39,99.61,0.00,100.00,0.00,0.00,0.00,0.00,0.00 ,0.00 ,-nan ,-nan ,0.07,0.07,0.01,0.31,0.02,0.81,0.00,0.03,0.96,0.27,0.0008,0.0210,     0,0,0,2.51,97.49,0.00,N/A,1.33,4.25,209.68,0.31,7.79,0.01,0.16,0.00,0.43,0.00,0.68,0.00,0.00,0.95,0.81,0.0002,0.0041,     0,0,0,0.04,99.96,0.00,N/A,0.02,0.05,209.68,0.43,10.77,0.00,0.00,0.00,0.52,0.00,0.77,0.00,0.00,0.77,0.71,0.0008,0.0059,     0,0,0,0.06,99.94,0.00,N/A,0.05,0.10,209.68,0.52,12.96,0.00,0.01,0.00,0.42,0.00,0.64,0.00,0.00,0.95,0.88,0.0001,0.0023,     0,0,0,0.04,99.96,0.00,N/A,0.02,0.05,209.68,0.42,10.45,0.00,0.00,0.03,1.71,0.02,0.92,0.00,0.00,0.97,0.95,0.0000,0.0003,     0,0,0,2.15,97.85,0.00,N/A,7.09,4.14,209.68,1.71,42.85,0.03,0.85,0.00,0.26,0.00,0.76,0.00,0.00,0.97,0.88,0.0001,0.0021,     0,0,0,0.05,99.95,0.00,N/A,0.02,0.08,209.68,0.26,6.62,0.00,0.00,0.00,0.74,0.00,0.75,0.00,0.00,0.75,0.88,0.0002,0.0012,     0,0,0,0.19,99.81,0.00,N/A,0.21,0.29,209.68,0.74,18.41,0.00,0.03,0.00,0.61,0.00,0.95,0.00,0.00,0.73,0.57,0.0015,0.0069,     0,0,0,0.15,99.85,0.00,N/A,0.19,0.31,209.68,0.61,15.33,0.00,0.02,0.01,0.34,0.02,0.71,0.00,0.03,0.97,0.28,0.0007,0.0213,     0,0,0,2.54,97.46,0.00,N/A,1.30,3.77,209.68,0.34,8.60,0.01,0.15,0.00,0.47,0.00,0.82,0.00,0.00,0.78,0.65,0.0011,0.0066,     0,0,0,0.13,99.87,0.00,N/A,0.11,0.22,209.68,0.47,11.85,0.00,0.01,0.00,0.44,0.00,0.64,0.00,0.00,0.65,0.75,0.0014,0.0048,     0,0,0,0.09,99.91,0.00,N/A,0.05,0.12,209.68,0.44,10.96,0.00,0.01,0.00,0.34,0.00,0.46,0.00,0.00,0.94,0.90,0.0001,0.0019,     0,0,0,0.06,99.94,0.00,N/A,0.02,0.05,209.68,0.34,8.59,0.00,0.00,0.00,0.39,0.00,0.57,0.00,0.00,0.81,0.88,0.0003,0.0021,     0,0,0,0.05,99.95,0.00,N/A,0.02,0.05,209.68,0.39,9.67,0.00,0.00,0.00,0.35,0.00,0.57,0.00,0.00,0.82,0.88,0.0004,0.0022,     0,0,0,0.05,99.95,0.00,N/A,0.02,0.05,209.68,0.35,8.78,0.00,0.00,0.00,0.52,0.00,0.80,0.00,0.00,0.83,0.69,0.0009,0.0060,     0,0,0,0.12,99.88,0.00,N/A,0.11,0.21,209.68,0.52,12.88,0.00,0.01,0.00,0.54,0.00,0.61,0.00,0.00,0.90,0.75,0.0003,0.0054,     0,0,0,0.06,99.94,0.00,N/A,0.04,0.08,209.68,0.54,13.43,0.00,0.01,
2024-03-21,21:06:26.773,0.00,0.73,0.00,0.83,0.00,0.06,0.94,0.56,0.0003,0.0053,0.00,0.00,-2147483648,0.00,0.00,11.99,16.49,210.20,0.73,18.17,0.00,0.09,1.04,1.81,2.45,0.59,99.41,0.00,100.00,0.00,0.00,0.00,0.00,-nan,0.09,0.01,0.94,0.01,0.85,0.00,0.03,0.93,0.66,0.0002,0.0033,     0,0,0,0.00,0.00,-2147483648,0.00,0.00,N/A,10.20,10.90,210.20,0.94,23.40,-2,0.00,N/0.00,0.32,0.00,0.79,0.00,0.03,0.95,0.35,0.0009,0.0169,     0,0,0,0.00,0.00,-2147483648,0.00,0.00,N/A,1.78,5.59,210.20,0.32,7.97,0.00,0.03,0.28,0.34,  0%,  0%,0.28,0.13,  0%,  0%,0.45,0.56,  0%,  0%,0.78,0.66,  0%,  0%,0.76,99.24,0.00,100.00,0.00,0.00,0.42,99.58,0.00,100.00,0.00,0.00,0.00,0.00,0.00 ,0.00 ,-nan ,-nan ,0.08,0.09,0.01,0.30,0.02,0.81,0.00,0.03,0.96,0.27,0.0009,0.0204,     0,0,0,2.72,97.28,0.00,N/A,1.37,4.61,210.20,0.30,7.40,0.01,0.16,0.00,0.30,0.00,0.81,0.00,0.00,0.87,0.61,0.0008,0.0086,     0,0,0,0.08,99.92,0.00,N/A,0.04,0.13,210.20,0.30,7.52,0.00,0.00,0.00,0.48,0.00,0.88,0.00,0.00,0.63,0.70,0.0015,0.0063,     0,0,0,0.06,99.94,0.00,N/A,0.06,0.12,210.20,0.48,12.11,0.00,0.01,0.00,0.52,0.00,0.92,0.00,0.00,0.78,0.77,0.0007,0.0037,     0,0,0,0.18,99.82,0.00,N/A,0.18,0.36,210.20,0.52,12.95,0.00,0.02,0.04,1.70,0.02,0.89,0.00,0.00,0.96,0.96,0.0000,0.0003,     0,0,0,2.48,97.52,0.00,N/A,7.95,4.66,210.20,1.70,42.59,0.04,0.94,0.00,0.70,0.00,0.97,0.00,0.00,0.61,0.79,0.0010,0.0031,     0,0,0,0.12,99.88,0.00,N/A,0.18,0.25,210.20,0.70,17.53,0.00,0.02,0.00,0.64,0.00,0.70,0.00,0.00,0.61,0.84,0.0005,0.0017,     0,0,0,0.22,99.78,0.00,N/A,0.21,0.33,210.20,0.64,16.06,0.00,0.02,0.00,0.51,0.00,0.98,0.00,0.00,0.68,0.55,0.0017,0.0076,     0,0,0,0.21,99.79,0.00,N/A,0.22,0.44,210.20,0.51,12.78,0.00,0.03,0.01,0.29,0.02,0.84,0.00,0.03,0.96,0.28,0.0009,0.0202,     0,0,0,2.68,97.32,0.00,N/A,1.37,4.72,210.20,0.29,7.28,0.01,0.16,0.00,0.44,0.00,0.68,0.00,0.00,0.69,0.66,0.0016,0.0068,     0,0,0,0.12,99.88,0.00,N/A,0.08,0.17,210.20,0.44,11.03,0.00,0.01,0.00,0.45,0.00,0.66,0.00,0.00,0.83,0.69,0.0008,0.0063,     0,0,0,0.08,99.92,0.00,N/A,0.05,0.12,210.20,0.45,11.36,0.00,0.01,0.00,0.41,0.00,0.49,0.00,0.00,0.73,0.88,0.0005,0.0022,     0,0,0,0.06,99.94,0.00,N/A,0.02,0.06,210.20,0.41,10.33,0.00,0.00,0.00,0.49,0.00,0.46,0.00,0.00,0.86,0.74,0.0006,0.0054,     0,0,0,0.11,99.89,0.00,N/A,0.05,0.11,210.20,0.49,12.27,0.00,0.01,0.00,0.49,0.00,0.46,0.00,0.00,0.82,0.76,0.0008,0.0051,     0,0,0,0.11,99.89,0.00,N/A,0.05,0.11,210.20,0.49,12.30,0.00,0.01,0.00,0.45,0.00,0.68,0.00,0.00,0.80,0.72,0.0011,0.0056,     0,0,0,0.10,99.90,0.00,N/A,0.06,0.14,210.20,0.45,11.17,0.00,0.01,0.00,0.51,0.00,0.79,0.00,0.00,0.79,0.55,0.0012,0.0068,     0,0,0,0.10,99.90,0.00,N/A,0.09,0.17,210.20,0.51,12.83,0.00,0.01,
2024-03-21,21:06:26.872,0.00,0.68,0.00,0.82,0.00,0.07,0.94,0.48,0.0004,0.0066,0.00,0.00,-2147483648,0.00,0.00,9.97,14.60,209.83,0.68,17.07,0.00,0.07,0.32,0.26,1.07,0.53,99.47,0.00,100.00,0.00,0.00,0.00,0.00,-nan,0.08,0.00,0.86,0.01,0.88,0.00,0.04,0.94,0.56,0.0003,0.0043,     0,0,0,0.00,0.00,-2147483648,0.00,0.00,N/A,8.11,9.38,209.83,0.86,21.61,0.00,0.12,0.00,0.36,0.00,0.73,0.00,0.03,0.95,0.36,0.0009,0.0164,     0,0,0,0.00,0.00,-2147483648,0.00,0.00,N/A,1.87,5.23,209.83,0.36,8.93,0.00,0.03,0.07,0.08,  0%,  0%,0.10,0.07,  0%,  0%,0.17,0.25,  0%,  0%,0.34,0.30,  0%,  0%,0.63,99.37,0.00,100.00,0.00,0.00,0.43,99.57,0.00,100.00,0.00,0.00,0.00,0.00,0.00 ,0.00 ,-nan ,-nan ,0.08,0.08,0.01,0.49,0.03,0.92,0.00,0.03,0.96,0.26,0.0005,0.0112,     0,0,0,2.76,97.24,0.00,N/A,2.60,5.33,209.83,0.49,12.22,0.01,0.31,0.00,0.45,0.00,0.76,0.00,0.00,0.96,0.79,0.0001,0.0041,     0,0,0,0.03,99.97,0.00,N/A,0.02,0.05,209.83,0.45,11.24,0.00,0.00,0.00,0.53,0.00,0.76,0.00,0.00,0.70,0.70,0.0012,0.0065,     0,0,0,0.07,99.93,0.00,N/A,0.06,0.11,209.83,0.53,13.36,0.00,0.01,0.00,0.49,0.00,0.74,0.00,0.00,0.91,0.82,0.0002,0.0037,     0,0,0,0.03,99.97,0.00,N/A,0.02,0.05,209.83,0.49,12.20,0.00,0.00,0.02,1.64,0.01,0.83,0.00,0.00,0.95,0.90,0.0000,0.0007,     0,0,0,1.67,98.33,0.00,N/A,4.75,2.90,209.83,1.64,40.96,0.02,0.57,0.00,0.73,0.00,0.94,0.00,0.00,0.68,0.76,0.0009,0.0031,     0,0,0,0.18,99.82,0.00,N/A,0.26,0.36,209.83,0.73,18.36,0.00,0.03,0.00,0.72,0.00,0.85,0.00,0.00,0.66,0.89,0.0003,0.0010,     0,0,0,0.15,99.85,0.00,N/A,0.20,0.27,209.83,0.72,18.09,0.00,0.02,0.00,0.61,0.00,0.93,0.00,0.00,0.63,0.56,0.0019,0.0071,     0,0,0,0.16,99.84,0.00,N/A,0.19,0.31,209.83,0.61,15.14,0.00,0.02,0.01,0.31,0.02,0.79,0.00,0.03,0.96,0.28,0.0008,0.0207,     0,0,0,2.58,97.42,0.00,N/A,1.34,4.27,209.83,0.31,7.86,0.01,0.16,0.00,0.48,0.00,0.46,0.00,0.00,0.77,0.68,0.0011,0.0065,     0,0,0,0.12,99.88,0.00,N/A,0.05,0.11,209.83,0.48,11.94,0.00,0.01,0.00,0.64,0.00,0.51,0.00,0.00,0.51,0.75,0.0016,0.0038,     0,0,0,0.22,99.78,0.00,N/A,0.15,0.23,209.83,0.64,15.96,0.00,0.02,0.00,0.44,0.00,0.54,0.00,0.00,0.84,0.90,0.0002,0.0018,     0,0,0,0.05,99.95,0.00,N/A,0.03,0.06,209.83,0.44,10.88,0.00,0.00,0.00,0.52,0.00,0.80,0.00,0.00,0.84,0.69,0.0008,0.0055,     0,0,0,0.09,99.91,0.00,N/A,0.08,0.15,209.83,0.52,13.09,0.00,0.01,0.00,0.50,0.00,0.81,0.00,0.00,0.87,0.66,0.0007,0.0065,     0,0,0,0.09,99.91,0.00,N/A,0.08,0.16,209.83,0.50,12.46,0.00,0.01,0.00,0.45,0.00,0.47,0.00,0.00,0.75,0.71,0.0012,0.0055,     0,0,0,0.11,99.89,0.00,N/A,0.05,0.11,209.83,0.45,11.28,0.00,0.01,0.00,0.66,0.00,0.42,0.00,0.00,0.83,0.57,0.0009,0.0067,     0,0,0,0.16,99.84,0.00,N/A,0.09,0.14,209.83,0.66,16.50,0.00,0.01,
2024-03-21,21:06:26.973,0.00,0.74,0.00,0.90,0.00,0.06,0.94,0.55,0.0003,0.0055,0.00,0.00,-2147483648,0.00,0.00,11.34,15.28,210.06,0.74,18.56,0.00,0.08,0.28,0.23,0.78,0.50,99.50,0.00,100.00,0.00,0.00,0.00,0.00,-nan,0.08,0.01,0.94,0.01,0.98,0.00,0.03,0.94,0.64,0.0002,0.0035,     0,0,0,0.00,0.00,-2147483648,0.00,0.00,N/A,9.66,10.28,210.06,0.94,23.48,0.01,0.14,0.00,0.34,0.00,0.78,0.00,0.03,0.95,0.34,0.0009,0.0175,     0,0,0,0.00,0.00,-2147483648,0.00,0.00,N/A,1.69,5.00,210.06,0.34,8.44,0.00,0.03,0.06,0.09,  0%,  0%,0.09,0.03,  0%,  0%,0.16,0.26,  0%,  0%,0.21,0.15,  0%,  0%,0.62,99.38,0.00,100.00,0.00,0.00,0.38,99.62,0.00,100.00,0.00,0.00,0.00,0.00,0.00 ,0.00 ,-nan ,-nan ,0.09,0.08,0.01,0.31,0.02,1.00,0.00,0.03,0.95,0.28,0.0010,0.0192,     0,0,0,2.33,97.67,0.00,N/A,1.51,4.90,210.06,0.31,7.68,0.01,0.18,0.00,0.42,0.00,1.00,0.00,0.00,0.94,0.90,0.0001,0.0017,     0,0,0,0.02,99.98,0.00,N/A,0.02,0.05,210.06,0.42,10.58,0.00,0.00,0.00,0.48,0.00,0.90,0.00,0.00,0.80,0.73,0.0007,0.0053,     0,0,0,0.05,99.95,0.00,N/A,0.05,0.10,210.06,0.48,12.00,0.00,0.01,0.00,0.48,0.00,1.00,0.00,0.00,1.00,0.92,0.0000,0.0013,     0,0,0,0.02,99.98,0.00,N/A,0.02,0.04,210.06,0.48,11.89,0.00,0.00,0.04,1.71,0.02,0.97,0.00,0.00,0.99,0.95,0.0000,0.0003,     0,0,0,2.16,97.84,0.00,N/A,7.50,4.40,210.06,1.71,42.63,0.04,0.89,0.00,0.84,0.00,0.94,0.00,0.00,0.57,0.83,0.0008,0.0019,     0,0,0,0.13,99.87,0.00,N/A,0.21,0.25,210.06,0.84,21.00,0.00,0.02,0.00,0.70,0.00,1.00,0.00,0.00,0.58,0.86,0.0005,0.0014,     0,0,0,0.12,99.88,0.00,N/A,0.18,0.25,210.06,0.70,17.58,0.00,0.02,0.00,0.62,0.00,0.98,0.00,0.00,0.74,0.55,0.0014,0.0069,     0,0,0,0.14,99.86,0.00,N/A,0.18,0.29,210.06,0.62,15.39,0.00,0.02,0.01,0.31,0.02,0.83,0.00,0.03,0.96,0.28,0.0008,0.0207,     0,0,0,2.45,97.55,0.00,N/A,1.34,4.29,210.06,0.31,7.81,0.01,0.16,0.00,0.47,0.00,0.77,0.00,0.00,0.53,0.70,0.0020,0.0051,     0,0,0,0.11,99.89,0.00,N/A,0.08,0.18,210.06,0.47,11.76,0.00,0.01,0.00,0.49,0.00,0.63,0.00,0.00,0.63,0.72,0.0016,0.0055,     0,0,0,0.08,99.92,0.00,N/A,0.05,0.11,210.06,0.49,12.26,0.00,0.01,0.00,0.33,0.00,0.56,0.00,0.00,0.90,0.89,0.0002,0.0020,     0,0,0,0.05,99.95,0.00,N/A,0.02,0.06,210.06,0.33,8.36,0.00,0.00,0.00,0.38,0.00,0.46,0.00,0.00,0.77,0.92,0.0003,0.0014,     0,0,0,0.05,99.95,0.00,N/A,0.02,0.05,210.06,0.38,9.46,0.00,0.00,0.00,0.34,0.00,0.47,0.00,0.00,0.84,0.90,0.0002,0.0017,     0,0,0,0.06,99.94,0.00,N/A,0.02,0.06,210.06,0.34,8.50,0.00,0.00,0.00,0.49,0.00,0.64,0.00,0.00,0.84,0.73,0.0007,0.0056,     0,0,0,0.08,99.92,0.00,N/A,0.05,0.11,210.06,0.49,12.13,0.00,0.01,0.00,0.67,0.00,0.42,0.00,0.00,0.83,0.56,0.0009,0.0069,     0,0,0,0.17,99.83,0.00,N/A,0.10,0.15,210.06,0.67,16.63,0.00,0.01,
2024-03-21,21:06:27.072,0.00,0.65,0.00,0.82,0.00,0.06,0.93,0.52,0.0004,0.0067,0.00,0.00,-2147483648,0.00,0.00,9.74,14.96,209.96,0.65,16.28,0.00,0.07,0.85,0.67,1.29,0.54,99.46,0.00,100.00,0.00,0.00,0.00,0.00,-nan,0.10,0.00,0.80,0.01,0.86,0.00,0.03,0.91,0.61,0.0004,0.0043,     0,0,0,0.00,0.00,-2147483648,0.00,0.00,N/A,8.07,10.13,209.96,0.80,19.92,0.00,0.12,0.00,0.35,0.00,0.75,0.00,0.03,0.95,0.34,0.0008,0.0178,     0,0,0,0.00,0.00,-2147483648,0.00,0.00,N/A,1.67,4.83,209.96,0.35,8.66,0.00,0.02,0.36,0.36,  0%,  0%,0.10,0.03,  0%,  0%,0.65,0.28,  0%,  0%,0.20,0.16,  0%,  0%,0.70,99.30, ,  0%,  0%,0.00,0.00,0.38,99.62,0.00,100.00,0.00,0.00,0.00,0.00,0.00 ,0.00 ,-nan ,-nan ,0.09,0.10,0.01,0.31,0.02,0.82,0.00,0.03,0.96,0.28,0.0008,0.0205,     0,0,0,2.54,97.46,0.00,N/A,1.34,4.36,209.96,0.31,7.67,0.01,0.16,0.00,0.46,0.00,0.94,0.00,0.00,0.53,0.51,0.0025,0.0073,     0,0,0,0.19,99.81,0.00,N/A,0.17,0.38,209.96,0.46,11.44,0.00,0.02,0.00,0.48,0.00,0.93,0.00,0.00,0.67,0.72,0.0011,0.0055,     0,0,0,0.05,99.95,0.00,N/A,0.05,0.10,209.96,0.48,12.03,0.00,0.01,0.00,0.53,0.00,0.91,0.00,0.00,0.89,0.73,0.0005,0.0052,     0,0,0,0.14,99.86,0.00,N/A,0.14,0.26,209.96,0.53,13.30,0.00,0.02,0.03,1.65,0.02,0.89,0.00,0.00,0.88,0.95,0.0000,0.0003,     0,0,0,1.74,98.26,0.00,N/A,5.33,3.23,209.96,1.65,41.26,0.03,0.64,0.00,0.56,0.01,0.89,0.00,0.00,0.30,0.76,0.0012,0.0023,     0,0,0,0.58,99.42,0.00,N/A,0.61,1.08,209.96,0.56,14.03,0.00,0.07,0.00,0.65,0.00,0.81,0.00,0.00,0.83,0.78,0.0003,0.0025,     0,0,0,0.22,99.78,0.00,N/A,0.25,0.38,209.96,0.65,16.37,0.00,0.03,0.00,0.55,0.00,0.95,0.00,0.00,0.76,0.52,0.0013,0.0076,     0,0,0,0.17,99.83,0.00,N/A,0.19,0.34,209.96,0.55,13.78,0.00,0.02,0.01,0.33,0.02,0.80,0.00,0.03,0.96,0.27,0.0008,0.0215,     0,0,0,2.39,97.61,0.00,N/A,1.30,3.99,209.96,0.33,8.13,0.01,0.15,0.00,0.45,0.00,0.76,0.00,0.00,0.55,0.74,0.0019,0.0048,     0,0,0,0.07,99.93,0.00,N/A,0.05,0.11,209.96,0.45,11.34,0.00,0.01,0.00,0.46,0.00,0.64,0.00,0.00,0.75,0.74,0.0008,0.0051,     0,0,0,0.08,99.92,0.00,N/A,0.05,0.11,209.96,0.46,11.50,0.00,0.01,0.00,0.56,0.00,0.41,0.00,0.00,0.84,0.67,0.0009,0.0063,     0,0,0,0.17,99.83,0.00,N/A,0.08,0.14,209.96,0.56,13.88,0.00,0.01,0.00,0.40,0.00,0.43,0.00,0.00,0.90,0.80,0.0003,0.0038,     0,0,0,0.06,99.94,0.00,N/A,0.02,0.06,209.96,0.40,10.12,0.00,0.00,0.00,0.40,0.00,0.44,0.00,0.00,0.92,0.83,0.0002,0.0036,     0,0,0,0.07,99.93,0.00,N/A,0.02,0.06,209.96,0.40,10.09,0.00,0.00,0.00,0.47,0.00,0.75,0.00,0.00,0.82,0.74,0.0008,0.0050,     0,0,0,0.07,99.93,0.00,N/A,0.05,0.10,209.96,0.47,11.64,0.00,0.01,0.00,0.39,0.00,0.79,0.00,0.00,0.82,0.58,0.0009,0.0059,     0,0,0,0.15,99.85,0.00,N/A,0.10,0.26,209.96,0.39,9.76,0.00,0.01,
2024-03-21,21:06:27.173,0.00,0.80,0.00,0.80,0.00,0.06,0.95,0.54,0.0003,0.0054,0.00,0.00,-2147483648,0.00,0.00,11.45,14.28,210.03,0.80,20.05,0.00,0.09,0.43,0.58,1.31,0.53,99.47,0.00,100.00,0.00,0.00,0.00,0.00,-nan,0.08,0.01,1.03,0.01,0.86,0.00,0.03,0.95,0.64,0.0002,0.0033,     0,0,0,0.00,0.00,-2147483648,0.00,0.00,N/A,9.75,9.46,210.03,1.03,25.78,0.01,0.15,0.00,0.35,0.00,0.69,0.00,0.03,0.95,0.34,0.0008,0.0176,     0,0,0,0.00,0.00,-2147483648,0.00,0.00,N/A,1.69,4.82,210.03,0.35,8.79,0.00,0.03,0.07,0.08,  0%,  0%,0.16,0.11,  0%,  0%,0.14,0.41,  0%,  0%,0.43,0.32,  0%,  0%,0.65,99.35,0.00,100.00,0.00,0.00,0.41,99.59,0.00,100.00,0.00,0.00,0.00,0.00,0.00 ,0.00 ,-nan ,-nan ,0.07,0.08,0.01,0.33,0.02,0.83,0.00,0.03,0.97,0.29,0.0007,0.0211,     0,0,0,2.20,97.80,0.00,N/A,1.28,3.82,210.03,0.33,8.37,0.01,0.15,0.00,1.39,0.00,0.96,0.00,0.00,0.60,0.68,0.0001,0.0005,     0,0,0,0.37,99.63,0.00,N/A,1.03,0.74,210.03,1.39,34.73,0.00,0.12,0.00,0.50,0.00,0.92,0.00,0.00,0.82,0.73,0.0006,0.0051,     0,0,0,0.05,99.95,0.00,N/A,0.05,0.10,210.03,0.50,12.40,0.00,0.01,0.00,0.41,0.00,0.81,0.00,0.00,0.89,0.73,0.0003,0.0051,     0,0,0,0.07,99.93,0.00,N/A,0.05,0.12,210.03,0.41,10.23,0.00,0.01,0.03,1.73,0.02,0.90,0.00,0.00,0.98,0.96,0.0000,0.0003,     0,0,0,2.11,97.89,0.00,N/A,6.93,3.99,210.03,1.73,43.37,0.03,0.82,0.00,0.47,0.00,0.51,0.00,0.00,0.75,0.67,0.0014,0.0061,     0,0,0,0.07,99.93,0.00,N/A,0.04,0.08,210.03,0.47,11.75,0.00,0.00,0.00,0.65,0.00,0.74,0.00,0.00,0.74,0.81,0.0004,0.0022,     0,0,0,0.19,99.81,0.00,N/A,0.19,0.29,210.03,0.65,16.33,0.00,0.02,0.00,0.62,0.00,0.97,0.00,0.00,0.72,0.54,0.0016,0.0072,     0,0,0,0.15,99.85,0.00,N/A,0.19,0.31,210.03,0.62,15.40,0.00,0.02,0.01,0.33,0.02,0.70,0.00,0.03,0.96,0.28,0.0008,0.0208,     0,0,0,2.82,97.18,0.00,N/A,1.36,4.11,210.03,0.33,8.26,0.01,0.16,0.00,0.45,0.00,0.75,0.00,0.00,0.54,0.72,0.0019,0.0052,     0,0,0,0.07,99.93,0.00,N/A,0.05,0.11,210.03,0.45,11.22,0.00,0.01,0.00,0.49,0.00,0.71,0.00,0.00,0.72,0.75,0.0008,0.0052,     0,0,0,0.07,99.93,0.00,N/A,0.05,0.11,210.03,0.49,12.34,0.00,0.01,0.00,0.50,0.00,0.68,0.00,0.00,0.83,0.76,0.0007,0.0047,     0,0,0,0.08,99.92,0.00,N/A,0.06,0.11,210.03,0.50,12.39,0.00,0.01,0.00,0.35,0.00,0.51,0.00,0.00,0.59,0.91,0.0006,0.0017,     0,0,0,0.05,99.95,0.00,N/A,0.02,0.06,210.03,0.35,8.76,0.00,0.00,0.00,0.37,0.00,0.52,0.00,0.00,0.81,0.91,0.0002,0.0017,     0,0,0,0.05,99.95,0.00,N/A,0.02,0.06,210.03,0.37,9.19,0.00,0.00,0.00,0.46,0.00,0.73,0.00,0.00,0.82,0.74,0.0008,0.0049,     0,0,0,0.07,99.93,0.00,N/A,0.05,0.11,210.03,0.46,11.53,0.00,0.01,0.00,0.56,0.00,0.71,0.00,0.00,0.85,0.60,0.0008,0.0059,     0,0,0,0.10,99.90,0.00,N/A,0.09,0.15,210.03,0.56,13.97,0.00,0.01,
2024-03-21,21:06:27.273,0.00,0.68,0.00,0.83,0.00,0.06,0.95,0.49,0.0003,0.0067,0.00,0.00,-2147483648,0.00,0.00,9.57,14.03,210.07,0.68,17.06,0.00,0.07,0.39,0.34,0.92,0.50,99.50,0.00,100.00,0.00,0.00,0.00,0.00,-nan,0.07,0.00,0.85,0.01,0.86,0.00,0.03,0.95,0.58,0.0002,0.0043,     0,0,0,0.00,0.00,-2147483648,0.00,0.00,N/A,7.93,9.30,210.07,0.85,21.32,0.00,0.12,0.00,0.35,0.00,0.79,0.00,0.03,0.95,0.33,0.0008,0.0180,     0,0,0,0.00,0.00,-2147483648,0.00,0.00,N/A,1.65,4.74,210.07,0.35,8.70,0.00,0.02,0.09,0.10,  0%,  0%,0.16,0.04,  0%,  0%,0.16,0.25,  0%,  0%,0.24,0.28,  0%,  0%,0.64,99.36,0.00,100.00,0.00,0.00,0.36,99.64,0.00,100.00,0.00,0.00,0.00,0.00,0.00 ,0.00 ,-nan ,-nan ,0.07,0.07,0.01,0.31,0.02,0.82,0.00,0.03,0.96,0.29,0.0008,0.0207,     0,0,0,2.44,97.56,0.00,N/A,1.32,4.21,210.07,0.31,7.82,0.01,0.16,0.00,0.43,0.00,0.81,0.00,0.00,0.81,0.72,0.0008,0.0052,     0,0,0,0.07,99.93,0.00,N/A,0.05,0.11,210.07,0.43,10.83,0.00,0.01,0.00,0.51,0.00,0.86,0.00,0.00,0.69,0.74,0.0010,0.0051,     0,0,0,0.06,99.94,0.00,N/A,0.05,0.10,210.07,0.51,12.86,0.00,0.01,0.00,0.48,0.00,0.79,0.00,0.00,0.91,0.73,0.0003,0.0052,     0,0,0,0.06,99.94,0.00,N/A,0.05,0.10,210.07,0.48,11.95,0.00,0.01,0.00,0.92,0.00,0.90,0.00,0.00,0.94,0.47,0.0002,0.0039,     0,0,0,0.17,99.83,0.00,N/A,0.29,0.32,210.07,0.92,23.05,0.00,0.03,0.00,0.36,0.00,0.68,0.00,0.00,0.88,0.89,0.0002,0.0020,     0,0,0,0.04,99.96,0.00,N/A,0.02,0.05,210.07,0.36,8.98,0.00,0.00,0.00,0.68,0.00,0.74,0.00,0.00,0.80,0.84,0.0003,0.0016,     0,0,0,0.19,99.81,0.00,N/A,0.20,0.29,210.07,0.68,16.94,0.00,0.02,0.03,1.45,0.02,0.92,0.00,0.00,0.88,0.86,0.0001,0.0008,     0,0,0,2.13,97.87,0.00,N/A,5.95,4.11,210.07,1.45,36.22,0.03,0.71,0.01,0.33,0.02,0.81,0.00,0.03,0.96,0.27,0.0008,0.0214,     0,0,0,2.36,97.64,0.00,N/A,1.31,4.00,210.07,0.33,8.16,0.01,0.16,0.00,0.48,0.00,0.69,0.00,0.00,0.53,0.73,0.0019,0.0053,     0,0,0,0.08,99.92,0.00,N/A,0.05,0.11,210.07,0.48,11.98,0.00,0.01,0.00,0.44,0.00,0.75,0.00,0.00,0.78,0.74,0.0007,0.0050,     0,0,0,0.07,99.93,0.00,N/A,0.05,0.11,210.07,0.44,11.07,0.00,0.01,0.00,0.46,0.00,0.66,0.00,0.00,0.80,0.74,0.0009,0.0049,     0,0,0,0.08,99.92,0.00,N/A,0.05,0.10,210.07,0.46,11.51,0.00,0.01,0.00,0.30,0.00,0.55,0.00,0.00,0.78,0.90,0.0004,0.0018,     0,0,0,0.06,99.94,0.00,N/A,0.02,0.06,210.07,0.30,7.56,0.00,0.00,0.00,0.30,0.00,0.56,0.00,0.00,0.74,0.91,0.0004,0.0016,     0,0,0,0.06,99.94,0.00,N/A,0.02,0.07,210.07,0.30,7.42,0.00,0.00,0.00,0.49,0.00,0.65,0.00,0.00,0.82,0.72,0.0008,0.0055,     0,0,0,0.08,99.92,0.00,N/A,0.05,0.11,210.07,0.49,12.26,0.00,0.01,0.00,0.58,0.00,0.91,0.00,0.00,0.79,0.61,0.0010,0.0061,     0,0,0,0.09,99.91,0.00,N/A,0.10,0.17,210.07,0.58,14.57,0.00,0.01,
2024-03-21,21:06:27.372,0.00,0.77,0.00,0.93,0.00,0.06,0.94,0.57,0.0003,0.0049,0.00,0.00,-2147483648,0.00,0.00,12.87,16.71,210.04,0.77,19.26,0.00,0.10,0.67,0.99,1.70,0.53,99.47,0.00,100.00,0.00,0.00,0.00,0.00,-nan,0.08,0.01,0.98,0.01,0.99,0.00,0.03,0.94,0.68,0.0002,0.0030,     0,0,0,0.00,0.00,-2147483648,0.00,0.00,N/A,11.17,11.35,210.04,0.98,24.60,0.01,0.17,0.00,0.32,0.00,0.83,0.00,0.03,0.95,0.33,0.0008,0.0174,     0,0,0,0.00,0.00,-2147483648,0.00,0.00,N/A,1.70,5.36,210.04,0.32,7.95,0.00,0.03,0.18,0.12,  0%,  0%,0.18,0.18,  0%,  0%,0.24,0.25,  0%,  0%,0.65,0.55,  0%,  0%,0.68,99.32,0.00,100.00,0.00,0.00,0.38,99.62,0.00,100.00,0.00,0.00,0.00,0.00,0.00 ,0.00 ,-nan ,-nan ,0.08,0.08,0.01,0.28,0.02,1.00,0.00,0.03,0.96,0.29,0.0008,0.0198,     0,0,0,2.32,97.68,0.00,N/A,1.38,4.87,210.04,0.28,7.07,0.01,0.16,0.00,0.51,0.00,0.93,0.30,7.41,0.66,0.66,0.0014,0.0062,     0,0,0,0.10,99.90,0.00,N/A,0.10,0.20,210.04,0.51,12.74,0.00,0.01,0.00,0.39,0.00,0.59,0.00,0.00,0.96,0.90,0.0001,0.0017,     0,0,0,0.04,99.96,0.00,N/A,0.02,0.05,210.04,0.39,9.83,0.00,0.00,0.00,0.50,0.00,0.89,0.00,0.00,0.87,0.63,0.0007,0.0071,     0,0,0,0.09,99.91,0.00,N/A,0.09,0.17,210.04,0.50,12.41,0.00,0.01,0.00,0.51,0.00,0.70,0.00,0.00,0.97,0.78,0.0001,0.0050,     0,0,0,0.04,99.96,0.00,N/A,0.03,0.06,210.04,0.51,12.63,0.00,0.00,0.00,0.41,0.00,0.75,0.00,0.00,0.80,0.87,0.0003,0.0022,     0,0,0,0.03,99.97,0.00,N/A,0.02,0.05,210.04,0.41,10.17,0.00,0.00,0.00,0.58,0.00,0.97,0.00,0.00,0.48,0.68,0.0016,0.0039,     0,0,0,0.28,99.72,0.00,N/A,0.33,0.57,210.04,0.58,14.58,0.00,0.04,0.04,1.71,0.03,1.00,0.00,0.00,0.97,0.94,0.0000,0.0003,     0,0,0,2.56,97.44,0.00,N/A,9.20,5.38,210.04,1.71,42.77,0.04,1.10,0.01,0.29,0.02,0.87,0.00,0.03,0.96,0.27,0.0008,0.0207,     0,0,0,2.51,97.49,0.00,N/A,1.34,4.58,210.04,0.29,7.32,0.01,0.16,0.00,0.44,0.00,0.72,0.00,0.00,0.62,0.70,0.0017,0.0055,     0,0,0,0.07,99.93,0.00,N/A,0.05,0.11,210.04,0.44,10.93,0.00,0.01,0.00,0.48,0.00,0.70,0.00,0.00,0.81,0.71,0.0008,0.0055,     0,0,0,0.07,99.93,0.00,N/A,0.05,0.10,210.04,0.48,11.88,0.00,0.01,0.00,0.52,0.00,0.74,0.00,0.00,0.84,0.70,0.0008,0.0055,     0,0,0,0.11,99.89,0.00,N/A,0.09,0.17,210.04,0.52,13.05,0.00,0.01,0.00,0.38,0.00,0.47,0.00,0.00,0.83,0.91,0.0003,0.0017,     0,0,0,0.05,99.95,0.00,N/A,0.02,0.05,210.04,0.38,9.40,0.00,0.00,0.00,0.37,0.00,0.47,0.00,0.00,0.84,0.90,0.0002,0.0018,     0,0,0,0.06,99.94,0.00,N/A,0.02,0.05,210.04,0.37,9.27,0.00,0.00,0.00,0.42,0.00,0.69,0.00,0.00,0.72,0.80,0.0010,0.0037,     0,0,0,0.07,99.93,0.00,N/A,0.04,0.10,210.04,0.42,10.48,0.00,0.00,0.00,0.51,0.00,0.73,0.00,0.00,0.76,0.60,0.0012,0.0060,     0,0,0,0.13,99.87,0.00,N/A,0.10,0.19,210.04,0.51,12.68,0.00,0.01,
2024-03-21,21:06:27.477,0.00,0.71,0.01,0.94,0.01,0.08,0.90,0.58,0.0005,0.0052,0.00,0.00,-2147483648,0.00,0.00,14.65,20.56,209.97,0.71,17.82,0.00,0.11,0.85,0.79,2.24,0.65,99.35,0.00,100.00,0.00,0.00,0.00,0.00,-nan,0.09,0.01,0.81,0.01,0.96,0.00,0.04,0.91,0.59,0.0004,0.0045,     0,0,0,0.00,0.00,-2147483648,0.00,0.00,N/A,8.49,10.54,209.97,0.81,20.13,0.01,0.13,0.00,0.62,0.01,0.93,0.00,0.04,0.88,0.57,0.0007,0.0060,     0,0,0,0.00,0.00,-2147483648,0.00,0.00,N/A,6.16,10.01,209.97,0.62,15.39,0.00,0.09,0.40,0.29,  0%,  0%,0.10,0.06,  0%,  0%,1.17,0.35,  1%,  0%,0.35,0.37,  0%,  0%,0.65,99.35,0.00,100.00,0.00,0.00,0.64,99.36,0.00,100.00,0.00,0.00,0.00,0.00,0.00 ,0.00 ,-nan ,-nan ,0.09,0.08,0.01,0.30,0.02,0.93,0.00,0.03,0.96,0.26,0.0009,0.0209,     0,0,0,2.35,97.65,0.00,N/A,1.38,4.59,209.97,0.30,7.50,0.01,0.16,0.00,0.40,0.00,0.94,0.00,0.00,0.44,0.68,0.0018,0.0053,     0,0,0,0.13,99.87,0.00,N/A,0.10,0.26,209.97,0.40,9.92,0.00,0.01,0.00,0.42,0.00,0.73,0.00,0.00,0.84,0.88,0.0003,0.0022,     0,0,0,0.03,99.97,0.00,N/A,0.02,0.05,209.97,0.42,10.44,0.00,0.00,0.00,0.92,0.00,0.98,0.00,0.00,0.83,0.84,0.0003,0.0020,     0,0,0,0.34,99.66,0.00,N/A,0.64,0.69,209.97,0.92,22.98,0.00,0.08,0.01,1.03,0.01,0.98,0.00,0.00,0.58,0.81,0.0006,0.0015,     0,0,0,0.75,99.25,0.00,N/A,1.58,1.54,209.97,1.03,25.69,0.01,0.19,0.00,0.43,0.00,0.91,0.00,0.00,0.77,0.65,0.0012,0.0062,     0,0,0,0.04,99.96,0.00,N/A,0.03,0.08,209.97,0.43,10.78,0.00,0.00,0.00,0.54,0.00,0.96,0.00,0.00,0.36,0.66,0.0021,0.0045,     0,0,0,0.33,99.67,0.00,N/A,0.37,0.67,209.97,0.54,13.57,0.00,0.04,0.02,1.64,0.01,1.00,0.00,0.00,0.97,0.86,0.0000,0.0009,     0,0,0,1.27,98.73,0.00,N/A,4.37,2.66,209.97,1.64,41.00,0.02,0.52,0.01,0.29,0.02,0.91,0.00,0.03,0.96,0.27,0.0009,0.0209,     0,0,0,2.37,97.63,0.00,N/A,1.34,4.54,209.97,0.29,7.37,0.01,0.16,0.00,0.49,0.00,0.91,0.00,0.00,0.60,0.54,0.0014,0.0043,     0,0,0,0.45,99.55,0.00,N/A,0.42,0.86,209.97,0.49,12.18,0.00,0.05,0.01,1.31,0.01,0.99,0.00,0.00,0.69,0.90,0.0003,0.0011,     0,0,0,1.04,98.96,0.00,N/A,2.94,2.25,209.97,1.31,32.69,0.01,0.34,0.00,0.42,0.00,0.81,0.00,0.00,0.45,0.66,0.0030,0.0061,     0,0,0,0.11,99.89,0.00,N/A,0.08,0.18,209.97,0.42,10.53,0.00,0.01,0.00,0.46,0.00,0.93,0.00,0.00,0.65,0.65,0.0001,0.0015,     0,0,0,0.22,99.78,0.00,N/A,0.20,0.43,209.97,0.46,11.58,0.00,0.02,0.00,0.40,0.00,0.62,0.00,0.00,0.72,0.81,0.0007,0.0037,     0,0,0,0.05,99.95,0.00,N/A,0.03,0.07,209.97,0.40,10.10,0.00,0.00,0.00,0.63,0.00,0.90,0.00,0.00,0.59,0.61,0.0007,0.0033,     0,0,0,0.35,99.65,0.00,N/A,0.42,0.67,209.97,0.63,15.85,0.00,0.05,0.00,0.72,0.00,0.96,0.00,0.00,0.53,0.70,0.0012,0.0027,     0,0,0,0.51,99.49,0.00,N/A,0.74,1.02,209.97,0.72,18.12,0.00,0.09,
2024-03-21,21:06:27.573,0.01,0.85,0.01,0.96,0.01,0.08,0.88,0.65,0.0005,0.0041,0.00,0.00,-2147483648,0.00,0.00,19.51,22.93,209.87,0.85,21.27,0.01,0.15,1.63,0.34,7.51,0.71,99.29,0.00,100.00,0.00,0.00,0.00,0.00,-nan,0.09,0.01,0.97,0.01,1.00,0.01,0.04,0.86,0.67,0.0004,0.0031,     0,0,0,0.00,0.00,-2147483648,0.00,0.00,N/A,13.46,13.84,209.87,0.97,24.31,0.01,0.20,0.00,0.67,0.01,0.92,0.00,0.04,0.89,0.64,0.0007,0.0061,     0,0,0,0.00,0.00,-2147483648,0.00,0.00,N/A,6.05,9.09,209.87,0.67,16.64,0.00,0.09,0.49,0.60,  0%,  0%,0.45,0.09,  0%,  0%,3.08,3.03,  2%,  2%,0.76,0.64,  0%,  0%,0.83,99.17,0.00,100.00,0.00,0.00,0.59,99.41,0.00,100.00,0.00,0.00,0.00,0.00,0.00 ,0.00 ,-nan ,-nan ,0.10,0.09,0.01,0.47,0.03,1.00,0.00,0.03,0.93,0.43,0.0008,0.0118,     0,0,0,2.67,97.33,0.00,N/A,2.60,5.59,209.87,0.47,11.64,0.01,0.31,0.00,0.87,0.00,1.00,0.00,0.00,0.27,0.60,0.0011,0.0024,     0,0,0,0.26,99.74,0.00,N/A,0.47,0.54,209.87,0.87,21.80,0.00,0.06,0.01,1.51,0.01,0.99,0.00,0.00,0.85,0.96,0.0000,0.0002,     0,0,0,0.61,99.39,0.00,N/A,1.90,1.25,209.87,1.51,37.87,0.01,0.23,0.02,1.42,0.01,1.00,0.00,0.00,0.73,0.86,0.0002,0.0010,     0,0,0,1.42,98.58,0.00,N/A,4.22,2.97,209.87,1.42,35.47,0.02,0.50,0.01,1.64,0.01,0.99,0.00,0.00,0.97,0.93,0.0000,0.0004,     0,0,0,0.76,99.24,0.00,N/A,2.60,1.59,209.87,1.64,41.04,0.01,0.31,0.00,0.81,0.00,1.00,0.00,0.00,0.25,0.50,0.0014,0.0021,     0,0,0,0.20,99.80,0.00,N/A,0.33,0.41,209.87,0.81,20.19,0.00,0.04,0.00,0.70,0.00,1.00,0.00,0.00,0.62,0.70,0.0011,0.0036,     0,0,0,0.33,99.67,0.00,N/A,0.49,0.70,209.87,0.70,17.47,0.00,0.06,0.00,1.07,0.00,0.99,0.00,0.00,0.55,0.64,0.0010,0.0026,     0,0,0,0.38,99.62,0.00,N/A,0.84,0.78,209.87,1.07,26.78,0.00,0.10,0.01,0.45,0.03,0.94,0.00,0.03,0.94,0.41,0.0007,0.0124,     0,0,0,2.77,97.23,0.00,N/A,2.45,5.48,209.87,0.45,11.15,0.01,0.29,0.00,0.35,0.00,0.93,0.00,0.00,0.37,0.63,0.0032,0.0070,     0,0,0,0.17,99.83,0.00,N/A,0.12,0.34,209.87,0.35,8.65,0.00,0.01,0.00,1.01,0.00,0.55,0.00,0.00,0.73,0.84,0.0004,0.0019,     0,0,0,0.39,99.61,0.00,N/A,0.44,0.44,209.87,1.01,25.13,0.00,0.05,0.00,0.41,0.00,0.89,0.00,0.00,0.61,0.62,0.0021,0.0066,     0,0,0,0.14,99.86,0.00,N/A,0.11,0.26,209.87,0.41,10.31,0.00,0.01,0.00,0.34,0.00,0.68,0.00,0.00,0.92,0.89,0.0001,0.0018,     0,0,0,0.04,99.96,0.00,N/A,0.02,0.06,209.87,0.34,8.48,0.00,0.00,0.01,1.28,0.01,0.99,0.00,0.00,0.62,0.92,0.0004,0.0011,     0,0,0,1.05,98.95,0.00,N/A,2.78,2.18,209.87,1.28,31.96,0.01,0.33,0.00,0.41,0.00,0.92,0.00,0.00,0.64,0.60,0.0025,0.0082,     0,0,0,0.15,99.85,0.00,N/A,0.12,0.29,209.87,0.41,10.24,0.00,0.01,0.00,0.38,0.00,0.73,0.00,0.00,0.73,0.89,0.0004,0.0022,     0,0,0,0.03,99.97,0.00,N/A,0.02,0.05,209.87,0.38,9.51,0.00,0.00,
2024-03-21,21:06:27.672,0.00,0.76,0.00,0.87,0.00,0.06,0.94,0.54,0.0003,0.0055,0.00,0.00,-2147483648,0.00,0.00,11.50,15.04,210.13,0.76,19.12,0.00,0.09,0.73,0.37,3.27,0.51,99.49,0.00,100.00,0.00,0.00,0.00,0.00,-nan,0.09,0.01,0.97,0.01,1.00,0.00,0.03,0.94,0.63,0.0002,0.0034,     0,0,0,0.00,0.00,-2147483648,0.00,0.00,N/A,9.72,10.02,210.13,0.97,24.25,0.01,0.14,0.00,0.36,0.00,0.70,0.00,0.03,0.93,0.35,0.0011,0.0172,     0,0,0,0.00,0.00,-2147483648,0.00,0.00,N/A,1.78,5.02,210.13,0.36,8.88,0.00,0.03,0.29,0.31,  0%,  0%,0.09,0.04,  0%,  0%,0.49,0.88,  0%,  0%,0.27,1.63,  0%,  1%,0.60,99.40,0.00,100.00,0.00,0.00,0.42,99.58,0.00,100.00,0.00,0.00,0.00,0.00,0.00 ,0.00 ,-nan ,-nan ,0.09,0.09,0.01,0.30,0.02,1.00,0.00,0.03,0.96,0.27,0.0008,0.0208,     0,0,0,2.08,97.92,0.00,N/A,1.33,4.36,210.13,0.30,7.59,0.01,0.16,0.00,1.36,0.00,1.00,0.00,0.00,0.57,0.65,0.0002,0.0007,     0,0,0,0.30,99.70,0.00,N/A,0.85,0.62,210.13,1.36,33.93,0.00,0.10,0.00,0.46,0.00,0.87,0.00,0.00,0.72,0.90,0.0002,0.0010,     0,0,0,0.07,99.93,0.00,N/A,0.06,0.12,210.13,0.46,11.50,0.00,0.01,0.00,0.,0.18,209.90,0.00,0.00,0.78,0.73,0.0010,0.0055,     0,0,0,0.05,99.95,0.00,N/A,0.05,0.10,210.13,0.50,12.45,0.00,0.01,0.03,1.71,0.02,1.00,0.00,0.00,0.97,0.94,0.0000,0.0004,     0,0,0,1.98,98.02,0.00,N/A,7.06,4.13,210.13,1.71,42.72,0.03,0.84,0.00,0.45,0.00,0.92,0.00,0.00,0.78,0.71,0.0010,0.0058,     0,0,0,0.06,99.94,0.00,N/A,0.05,0.11,210.13,0.45,11.35,0.00,0.01,0.00,0.65,0.00,1.00,0.00,0.00,0.67,0.82,0.0005,0.0020,     0,0,0,0.16,99.84,0.00,N/A,0.21,0.33,210.13,0.65,16.19,0.00,0.03,0.00,0.49,0.00,0.99,0.00,0.00,0.49,0.59,0.0023,0.0067,     0,0,0,0.12,99.88,0.00,N/A,0.12,0.24,210.13,0.49,12.14,0.00,0.01,0.01,0.33,0.02,0.72,0.00,0.03,0.96,0.28,0.0008,0.0212,     0,0,0,2.60,97.40,0.00,N/A,1.32,3.94,210.13,0.33,8.35,0.01,0.16,0.00,0.42,0.00,0.57,0.00,0.00,0.32,0.70,0.0030,0.0059,     0,0,0,0.16,99.84,0.00,N/A,0.08,0.19,210.13,0.42,10.41,0.00,0.01,0.00,0.46,0.00,0.80,0.00,0.00,0.49,0.64,0.0024,0.0064,     0,0,0,0.17,99.83,0.00,N/A,0.13,0.28,210.13,0.46,11.53,0.00,0.02,0.00,0.43,0.00,0.72,0.00,0.00,0.64,0.70,0.0019,0.0060,     0,0,0,0.07,99.93,0.00,N/A,0.05,0.11,210.13,0.43,10.73,0.00,0.01,0.00,0.40,0.00,0.64,0.00,0.00,0.75,0.72,0.0013,0.0054,     0,0,0,0.09,99.91,0.00,N/A,0.05,0.12,210.13,0.40,9.99,0.00,0.01,0.00,0.44,0.00,0.70,0.00,0.00,0.62,0.68,0.0018,0.0059,     0,0,0,0.10,99.90,0.00,N/A,0.06,0.14,210.13,0.44,10.94,0.00,0.01,0.00,0.44,0.00,0.58,0.00,0.00,0.65,0.67,0.0021,0.0065,     0,0,0,0.15,99.85,0.00,N/A,0.08,0.18,210.13,0.44,11.02,0.00,0.01,0.00,0.36,0.00,0.49,0.00,0.00,0.93,0.89,0.0001,0.0021,     0,0,0,0.05,99.95,0.00,N/A,0.02,0.05,210.13,0.36,9.06,0.00,0.00,
2024-03-21,21:06:27.773,0.00,0.79,0.00,0.84,0.00,0.06,0.95,0.54,0.0003,0.0054,0.00,0.00,-2147483648,0.00,0.00,11.74,14.93,209.95,0.79,19.66,0.00,0.09,0.42,0.40,1.37,0.53,99.47,0.00,100.00,0.00,0.00,0.00,0.00,-nan,0.09,0.01,1.01,0.01,0.93,0.00,0.03,0.95,0.64,0.0002,0.0033,     0,0,0,0.00,0.00,-2147483648,0.00,0.00,N/A,9.97,9.83,209.95,1.01,25.35,0.01,0.15,0.00,0.35,0.00,0.71,0.00,0.03,0.95,0.36,0.0009,0.0171,     0,0,0,0.00,0.00,-2147483648,0.00,0.00,N/A,1.77,5.10,209.95,0.35,8.69,0.00,0.03,0.12,0.16,  0%,  0%,0.10,0.03,  0%,  0%,0.36,0.60,  0%,  0%,0.24,0.17,  0%,  0%,0.63,99.37,0.00,100.00,0.00,0.00,0.43,99.57,0.00,100.00,0.00,0.00,0.00,0.00,0.00 ,0.00 ,-nan ,-nan ,0.09,0.09,0.01,0.31,0.02,0.96,0.00,0.03,0.96,0.27,0.0008,0.0212,     0,0,0,2.06,97.94,0.00,N/A,1.31,4.15,209.95,0.31,7.86,0.01,0.16,0.00,1.24,0.00,0.96,0.00,0.00,0.47,0.61,0.0004,0.0010,     0,0,0,0.31,99.69,0.00,N/A,0.78,0.63,209.95,1.24,31.08,0.00,0.09,0.00,0.41,0.00,0.72,0.00,0.00,1.00,0.91,0.0000,0.0017,     0,0,0,0.03,99.97,0.00,N/A,0.02,0.04,209.95,0.41,10.26,0.00,0.00,0.00,0.49,0.00,0.81,0.00,0.00,0.85,0.74,0.0006,0.0051,     0,0,0,0.06,99.94,0.00,N/A,0.05,0.10,209.95,0.49,12.17,0.00,0.01,0.04,1.72,0.02,0.91,0.00,0.00,0.98,0.94,0.0000,0.0004,     0,0,0,2.25,97.75,0.00,N/A,7.45,4.32,209.95,1.72,43.11,0.04,0.88,0.00,0.50,0.00,0.94,0.00,0.00,0.82,0.73,0.0008,0.0056,     0,0,0,0.05,99.95,0.00,N/A,0.05,0.10,209.95,0.50,12.54,0.00,0.01,0.00,0.72,0.00,0.80,0.00,0.00,0.74,0.84,0.0004,0.0019,     0,0,0,0.18,99.82,0.00,N/A,0.21,0.29,209.95,0.72,18.07,0.00,0.03,0.00,0.53,0.00,0.94,0.00,0.00,0.58,0.61,0.0019,0.0061,     0,0,0,0.09,99.91,0.00,N/A,0.10,0.19,209.95,0.53,13.32,0.00,0.01,0.01,0.32,0.02,0.73,0.00,0.03,0.96,0.28,0.0008,0.0209,     0,0,0,2.74,97.26,0.00,N/A,1.34,4.20,209.95,0.32,7.95,0.01,0.16,0.00,0.51,0.00,0.58,0.00,0.00,0.65,0.70,0.0016,0.0064,     0,0,0,0.13,99.87,0.00,N/A,0.08,0.16,209.95,0.51,12.77,0.00,0.01,0.00,0.50,0.00,0.77,0.00,0.00,0.83,0.66,0.0009,0.0070,     0,0,0,0.11,99.89,0.00,N/A,0.09,0.18,209.95,0.50,12.54,0.00,0.01,0.00,0.43,0.00,0.69,0.00,0.00,0.70,0.80,0.0010,0.0037,     0,0,0,0.07,99.93,0.00,N/A,0.04,0.09,209.95,0.43,10.81,0.00,0.00,0.00,0.46,0.00,0.63,0.00,0.00,0.83,0.72,0.0008,0.0054,     0,0,0,0.08,99.92,0.00,N/A,0.05,0.11,209.95,0.46,11.44,0.00,0.01,0.00,0.54,0.00,0.62,0.00,0.00,0.83,0.72,0.0007,0.0051,     0,0,0,0.11,99.89,0.00,N/A,0.08,0.14,209.95,0.54,13.62,0.00,0.01,0.00,0.49,0.00,0.59,0.00,0.00,0.75,0.72,0.0013,0.0056,     0,0,0,0.13,99.87,0.00,N/A,0.08,0.16,209.95,0.49,12.30,0.00,0.01,0.00,0.35,0.00,0.57,0.00,0.00,0.79,0.89,0.0003,0.0019,     0,0,0,0.05,99.95,0.00,N/A,0.02,0.06,209.95,0.35,8.83,0.00,0.00,
2024-03-21,21:06:27.873,0.00,0.82,0.00,0.83,0.00,0.06,0.95,0.56,0.0002,0.0051,0.00,0.00,-2147483648,0.00,0.00,12.14,14.75,210.12,0.82,20.58,0.00,0.09,0.41,0.33,0.97,0.53,99.47,0.00,100.00,0.00,0.00,0.00,0.00,-nan,0.07,0.01,1.04,0.01,0.89,0.00,0.03,0.95,0.66,0.0001,0.0030,     0,0,0,0.00,0.00,-2147483648,0.00,0.00,N/A,10.43,10.06,210.12,1.04,25.93,0.01,0.16,0.00,0.36,0.00,0.74,0.00,0.03,0.95,0.35,0.0009,0.0176,     0,0,0,0.00,0.00,-2147483648,0.00,0.00,N/A,1.71,4.69,210.12,0.36,9.12,0.00,0.03,0.13,0.15,  0%,  0%,0.09,0.03,  0%,  0%,0.28,0.31,  0%,  0%,0.23,0.15,  0%,  0%,0.67,99.33,0.00,100.00,0.00,0.00,0.38,99.62,0.00,100.00,0.00,0.00,0.00,0.00,0.00 ,0.00 ,-nan ,-nan ,0.08,0.07,0.01,0.32,0.02,0.87,0.00,0.03,0.96,0.27,0.0008,0.0210,     0,0,0,2.28,97.72,0.00,N/A,1.32,4.18,210.12,0.32,7.89,0.01,0.16,0.00,1.44,0.00,0.97,0.00,0.00,0.65,0.66,0.0001,0.0005,     0,0,0,0.34,99.66,0.00,N/A,0.99,0.69,210.12,1.44,35.98,0.00,0.12,0.00,0.40,0.00,0.59,0.00,0.00,1.00,0.91,0.0000,0.0015,     0,0,0,0.04,99.96,0.00,N/A,0.02,0.05,210.12,0.40,10.05,0.00,0.00,0.00,0.51,0.00,0.81,0.00,0.00,0.90,0.74,0.0004,0.0053,     0,0,0,0.05,99.95,0.00,N/A,0.05,0.09,210.12,0.51,12.81,0.00,0.01,0.04,1.71,0.02,0.91,0.00,0.00,0.96,0.96,0.0000,0.0002,     0,0,0,2.35,97.65,0.00,N/A,7.71,4.51,210.12,1.71,42.74,0.04,0.92,0.00,0.51,0.00,0.91,0.00,0.00,0.79,0.72,0.0009,0.0055,     0,0,0,0.05,99.95,0.00,N/A,0.05,0.10,210.12,0.51,12.72,0.00,0.01,0.00,0.70,0.00,0.76,0.00,0.00,0.80,0.83,0.0003,0.0018,     0,0,0,0.17,99.83,0.00,N/A,0.19,0.27,210.12,0.70,17.52,0.00,0.02,0.00,0.61,0.00,0.91,0.00,0.00,0.75,0.59,0.0013,0.0067,     0,0,0,0.09,99.91,0.00,N/A,0.10,0.17,210.12,0.61,15.36,0.00,0.01,0.01,0.34,0.02,0.76,0.00,0.03,0.96,0.28,0.0008,0.0216,     0,0,0,2.40,97.60,0.00,N/A,1.30,3.82,210.12,0.34,8.50,0.01,0.15,0.00,0.45,0.00,0.76,0.00,0.00,0.52,0.73,0.0022,0.0053,     0,0,0,0.11,99.89,0.00,N/A,0.08,0.18,210.12,0.45,11.33,0.00,0.01,0.00,0.47,0.00,0.58,0.00,0.00,0.74,0.72,0.0011,0.0054,     0,0,0,0.11,99.89,0.00,N/A,0.06,0.14,210.12,0.47,11.74,0.00,0.01,0.00,0.47,0.00,0.61,0.00,0.00,0.87,0.77,0.0005,0.0045,     0,0,0,0.08,99.92,0.00,N/A,0.05,0.10,210.12,0.47,11.74,0.00,0.01,0.00,0.46,0.00,0.68,0.00,0.00,0.81,0.72,0.0009,0.0056,     0,0,0,0.07,99.93,0.00,N/A,0.05,0.10,210.12,0.46,11.57,0.00,0.01,0.00,0.50,0.00,0.69,0.00,0.00,0.78,0.73,0.0009,0.0046,     0,0,0,0.09,99.91,0.00,N/A,0.07,0.14,210.12,0.50,12.56,0.00,0.01,0.00,0.50,0.00,0.74,0.00,0.00,0.86,0.73,0.0007,0.0055,     0,0,0,0.10,99.90,0.00,N/A,0.08,0.16,210.12,0.50,12.43,0.00,0.01,0.00,0.41,0.00,0.44,0.00,0.00,0.95,0.85,0.0001,0.0029,     0,0,0,0.06,99.94,0.00,N/A,0.02,0.06,210.12,0.41,10.33,0.00,0.00,
2024-03-21,21:06:27.972,0.00,0.70,0.00,0.87,0.00,0.06,0.95,0.53,0.0003,0.0059,0.00,0.00,-2147483648,0.00,0.00,10.77,15.35,209.82,0.70,17.54,0.00,0.08,0.62,0.84,1.07,0.52,99.48,0.00,100.00,0.00,0.00,0.00,0.00,-nan,0.08,0.01,0.88,0.01,0.95,0.00,0.03,0.95,0.63,0.0002,0.0037,     0,0,0,0.00,0.00,-2147483648,0.00,0.00,N/A,8.98,10.16,209.82,0.88,22.10,0.01,0.13,0.00,0.35,0.00,0.75,0.00,0.03,0.95,0.36,0.0009,0.0168,     0,0,0,0.00,0.00,-2147483648,0.00,0.00,N/A,1.79,5.19,209.82,0.35,8.64,0.00,0.03,0.35,0.14,  0%,  0%,0.10,0.03,  0%,  0%,0.27,0.40,  0%,  0%,0.23,0.17,  0%,  0%,0.64,99.36,0.00,100.00,0.00,0.00,0.41,99.59,0.00,100.00,0.00,0.00,0.00,0.00,0.00 ,0.00 ,-nan ,-nan ,0.07,0.08,0.01,0.28,0.02,0.93,0.00,0.03,0.95,0.27,0.0009,0.0201,     0,0,0,2.57,97.43,0.00,N/A,1.41,5.04,209.82,0.28,6.98,0.01,0.17,0.00,0.45,0.00,0.90,0.00,0.00,0.70,0.72,0.0012,0.0053,     0,0,0,0.06,99.94,0.00,N/A,0.05,0.11,209.82,0.45,11.18,0.00,0.01,0.00,0.36,0.00,0.62,0.00,0.00,0.94,0.87,0.0001,0.0022,     0,0,0,0.04,99.96,0.00,N/A,0.02,0.06,209.82,0.36,8.95,0.00,0.00,0.02,1.59,0.01,0.99,0.00,0.00,0.90,0.90,0.0001,0.0006,     0,0,0,1.11,98.89,0.00,N/A,3.68,2.31,209.82,1.59,39.76,0.02,0.44,0.02,1.69,0.01,0.99,0.00,0.00,0.99,0.95,0.0000,0.0003,     0,0,0,0.99,99.01,0.00,N/A,3.46,2.05,209.82,1.69,42.28,0.02,0.41,1.68,210.,0.00,0.92,0.00,0.00,0.86,0.71,0.0006,0.0056,     0,0,0,0.06,99.94,0.00,N/A,0.05,0.12,209.82,0.43,10.74,0.00,0.01,0.00,0.69,0.00,0.89,0.00,0.00,0.82,0.81,0.0003,0.0021,     0,0,0,0.16,99.84,0.00,N/A,0.20,0.29,209.82,0.69,17.28,0.00,0.02,0.00,0.61,0.00,0.86,0.00,0.00,0.77,0.60,0.0012,0.0066,     0,0,0,0.10,99.90,0.00,N/A,0.10,0.17,209.82,0.61,15.13,0.00,0.01,0.01,0.31,0.02,0.78,0.00,0.03,0.96,0.28,0.0008,0.0209,     0,0,0,2.61,97.39,0.00,N/A,1.32,4.25,209.82,0.31,7.77,0.01,0.16,0.00,0.54,0.00,0.61,0.00,0.00,0.61,0.71,0.0014,0.0052,     0,0,0,0.17,99.83,0.00,N/A,0.12,0.22,209.82,0.54,13.41,0.00,0.01,0.00,0.49,0.00,0.78,0.00,0.00,0.87,0.69,0.0007,0.0059,     0,0,0,0.10,99.90,0.00,N/A,0.08,0.16,209.82,0.49,12.30,0.00,0.01,0.00,0.48,0.00,0.65,0.00,0.00,0.84,0.75,0.0007,0.0048,     0,0,0,0.07,99.93,0.00,N/A,0.05,0.10,209.82,0.48,12.08,0.00,0.01,0.00,0.49,0.00,0.62,0.00,0.00,0.83,0.72,0.0009,0.0057,     0,0,0,0.08,99.92,0.00,N/A,0.05,0.11,209.82,0.49,12.25,0.00,0.01,0.00,0.53,0.00,0.61,0.00,0.00,0.69,0.72,0.0013,0.0051,     0,0,0,0.10,99.90,0.00,N/A,0.07,0.13,209.82,0.53,13.29,0.00,0.01,0.00,0.51,0.00,0.74,0.00,0.00,0.84,0.72,0.0008,0.0057,     0,0,0,0.10,99.90,0.00,N/A,0.08,0.15,209.82,0.51,12.80,0.00,0.01,0.00,0.35,0.00,0.44,0.00,0.00,0.60,0.89,0.0005,0.0019,     0,0,0,0.06,99.94,0.00,N/A,0.02,0.06,209.82,0.35,8.68,0.00,0.00,
2024-03-21,21:06:28.072,0.00,0.75,0.00,0.91,0.00,0.06,0.94,0.52,0.0003,0.0054,0.00,0.00,-2147483648,0.00,0.00,11.75,15.71,209.97,0.75,18.69,0.00,0.09,0.72,0.61,2.21,0.51,99.49,0.00,100.00,0.00,0.00,0.00,0.00,-nan,0.08,0.01,0.91,0.01,0.98,0.00,0.03,0.95,0.62,0.0002,0.0038,     0,0,0,0.00,0.00,-2147483648,0.00,0.00,N/A,8.81,9.66,209.97,0.91,22.80,0.01,0.13,0.00,0.49,0.00,0.81,0.00,0.03,0.94,0.35,0.0006,0.0102,     0,0,0,0.00,0.00,-2147483648,0.00,0.00,N/A,2.93,6.05,209.97,0.49,12.13,0.00,0.04,0.17,0.36,  0%,  0%,0.14,0.04,  0%,  0%,0.81,0.74,  0%,  0%,0.38,0.28,  0%,  0%,0.58,99.42,0.00,100.00,0.00,0.00,0.44,99.56,0.00,100.00,0.00,0.00,0.00,0.00,0.00 ,0.00 ,-nan ,-nan ,0.09,0.07,0.01,0.29,0.02,1.00,0.00,0.03,0.96,0.27,0.0008,0.0205,     0,0,0,2.19,97.81,0.00,N/A,1.35,4.59,209.97,0.29,7.36,0.01,0.16,0.00,1.19,0.00,0.97,0.00,0.00,0.68,0.64,0.0003,0.0012,     0,0,0,0.20,99.80,0.00,N/A,0.48,0.41,209.97,1.19,29.68,0.00,0.06,0.00,0.40,0.00,0.56,0.00,0.00,0.98,0.85,0.0000,0.0030,     0,0,0,0.05,99.95,0.00,N/A,0.02,0.06,209.97,0.40,10.10,0.00,0.00,0.03,1.67,0.02,1.00,0.00,0.00,0.96,0.92,0.0000,0.0005,     0,0,0,1.87,98.13,0.00,N/A,6.55,3.91,209.97,1.67,41.86,0.03,0.78,0.00,0.39,0.00,0.73,0.00,0.00,0.96,0.80,0.0001,0.0044,     0,0,0,0.05,99.95,0.00,N/A,0.03,0.08,209.97,0.39,9.82,0.00,0.00,0.00,0.47,0.00,0.91,0.00,0.00,0.64,0.69,0.0016,0.0059,     0,0,0,0.08,99.92,0.00,N/A,0.07,0.15,209.97,0.47,11.73,0.00,0.01,0.00,0.67,0.00,0.92,0.00,0.00,0.72,0.84,0.0004,0.0017,     0,0,0,0.15,99.85,0.00,N/A,0.20,0.29,209.97,0.67,16.75,0.00,0.02,0.00,0.60,0.00,0.92,0.00,0.00,0.77,0.58,0.0012,0.0067,     0,0,0,0.09,99.91,0.00,N/A,0.10,0.17,209.97,0.60,14.88,0.00,0.01,0.01,0.30,0.02,0.81,0.00,0.03,0.96,0.28,0.0009,0.0207,     0,0,0,2.65,97.35,0.00,N/A,1.34,4.49,209.97,0.30,7.47,0.01,0.16,0.00,0.46,0.00,0.87,0.00,0.00,0.56,0.68,0.0023,0.0061,     0,0,0,0.09,99.91,0.00,N/A,0.08,0.17,209.97,0.46,11.54,0.00,0.01,0.01,1.49,0.00,0.93,0.00,0.00,0.50,0.68,0.0002,0.0004,     0,0,0,0.43,99.57,0.00,N/A,1.26,0.84,209.97,1.49,37.23,0.01,0.15,0.00,0.49,0.00,0.68,0.00,0.00,0.88,0.72,0.0006,0.0056,     0,0,0,0.07,99.93,0.00,N/A,0.05,0.11,209.97,0.49,12.31,0.00,0.01,0.00,0.48,0.00,0.67,0.00,0.00,0.84,0.73,0.0007,0.0051,     0,0,0,0.07,99.93,0.00,N/A,0.05,0.10,209.97,0.48,11.93,0.00,0.01,0.00,0.47,0.00,0.68,0.00,0.00,0.83,0.70,0.0008,0.0058,     0,0,0,0.09,99.91,0.00,N/A,0.06,0.13,209.97,0.47,11.87,0.00,0.01,0.00,0.51,0.00,0.86,0.00,0.00,0.84,0.72,0.0008,0.0055,     0,0,0,0.08,99.92,0.00,N/A,0.08,0.15,209.97,0.51,12.71,0.00,0.01,0.00,0.33,0.00,0.51,0.00,0.00,0.70,0.91,0.0004,0.0016,     0,0,0,0.05,99.95,0.00,N/A,0.02,0.06,209.97,0.33,8.15,0.00,0.00,
2024-03-21,21:06:28.172,0.00,0.73,0.00,0.83,0.00,0.06,0.95,0.54,0.0003,0.0056,0.00,0.00,-2147483648,0.00,0.00,11.29,15.38,210.07,0.73,18.36,0.00,0.08,0.54,0.53,1.80,0.55,99.45,0.00,100.00,0.00,0.00,0.00,0.00,-nan,0.08,0.01,0.92,0.01,0.88,0.00,0.03,0.95,0.63,0.0002,0.0036,     0,0,0,0.00,0.00,-2147483648,0.00,0.00,N/A,9.59,10.37,210.07,0.92,23.11,0.01,0.14,0.00,0.34,0.00,0.74,0.00,0.03,0.95,0.35,0.0009,0.0173,     0,0,0,0.00,0.00,-2147483648,0.00,0.00,N/A,1.71,5.01,210.07,0.34,8.51,0.00,0.03,0.07,0.13,  0%,  0%,0.24,0.10,  0%,  0%,0.21,0.60,  0%,  0%,0.59,0.39,  0%,  0%,0.70,99.30,0.00,100.00,0.00,0.00,0.40,99.60,0.00,100.00,0.00,0.00,0.00,0.00,0.00 ,0.00 ,-nan ,-nan ,0.08,0.08,0.01,0.29,0.02,0.85,0.00,0.03,0.95,0.28,0.0009,0.0202,     0,0,0,2.74,97.26,0.00,N/A,1.39,4.87,210.07,0.29,7.14,0.01,0.17,0.03,1.70,0.02,0.99,0.00,0.00,0.99,0.94,0.0000,0.0004,     0,0,0,1.62,98.38,0.00,N/A,5.76,3.38,210.07,1.70,42.58,0.03,0.69,0.00,0.30,0.00,0.84,0.00,0.00,0.93,0.90,0.0001,0.0017,     0,0,0,0.04,99.96,0.00,N/A,0.02,0.06,210.07,0.30,7.50,0.00,0.00,0.01,1.52,0.01,0.77,0.00,0.00,0.94,0.80,0.0001,0.0012,     0,0,0,0.81,99.19,0.00,N/A,1.99,1.31,210.07,1.52,38.11,0.01,0.24,0.00,0.29,0.00,0.93,0.00,0.00,0.86,0.84,0.0003,0.0033,     0,0,0,0.05,99.95,0.00,N/A,0.03,0.09,210.07,0.29,7.30,0.00,0.00,0.00,0.51,0.00,0.94,0.00,0.00,0.83,0.67,0.0006,0.0049,     0,0,0,0.08,99.92,0.00,N/A,0.08,0.17,210.07,0.51,12.72,0.00,0.01,0.00,0.64,0.00,0.82,0.00,0.00,0.70,0.82,0.0005,0.0020,     0,0,0,0.19,99.81,0.00,N/A,0.21,0.33,210.07,0.64,16.12,0.00,0.02,0.00,0.62,0.00,0.96,0.00,0.00,0.74,0.60,0.0013,0.0064,     0,0,0,0.08,99.92,0.00,N/A,0.10,0.17,210.07,0.62,15.42,0.00,0.01,0.01,0.32,0.02,0.76,0.00,0.03,0.96,0.28,0.0008,0.0209,     0,0,0,2.63,97.37,0.00,N/A,1.32,4.18,210.07,0.32,7.88,0.01,0.16,0.00,0.45,0.00,0.77,0.00,0.00,0.49,0.71,0.0024,0.0054,     0,0,0,0.11,99.89,0.00,N/A,0.08,0.17,210.07,0.45,11.28,0.00,0.01,0.00,0.50,0.00,0.44,0.00,0.00,0.80,0.69,0.0009,0.0060,     0,0,0,0.11,99.89,0.00,N/A,0.05,0.10,210.07,0.50,12.45,0.00,0.01,0.00,0.47,0.00,0.71,0.00,0.00,0.80,0.71,0.0009,0.0058,     0,0,0,0.07,99.93,0.00,N/A,0.05,0.11,210.07,0.47,11.73,0.00,0.01,0.00,0.47,0.00,0.71,0.00,0.00,0.83,0.73,0.0008,0.0051,     0,0,0,0.07,99.93,0.00,N/A,0.05,0.11,210.07,0.47,11.66,0.00,0.01,0.00,0.48,0.00,0.73,0.00,0.00,0.83,0.73,0.0007,0.0045,     0,0,0,0.08,99.92,0.00,N/A,0.06,0.13,210.07,0.48,12.00,0.00,0.01,0.00,0.49,0.00,0.75,0.00,0.00,0.82,0.72,0.0009,0.0056,     0,0,0,0.10,99.90,0.00,N/A,0.08,0.16,210.07,0.49,12.25,0.00,0.01,0.00,0.36,0.00,0.47,0.00,0.00,0.87,0.92,0.0002,0.0015,     0,0,0,0.05,99.95,0.00,N/A,0.02,0.05,210.07,0.36,8.97,0.00,0.00,
2024-03-21,21:06:28.272,0.00,0.79,0.00,0.82,0.00,0.06,0.95,0.55,0.0003,0.0053,0.00,0.00,-2147483648,0.00,0.00,12.31,15.66,209.93,0.79,19.66,0.00,0.09,0.49,0.36,1.56,0.57,99.43,0.00,100.00,0.00,0.00,0.00,0.00,-nan,0.09,0.01,1.00,0.01,0.84,0.00,0.04,0.95,0.64,0.0002,0.0033,     0,0,0,0.00,0.00,-2147483648,0.00,0.00,N/A,10.60,10.64,209.93,1.00,24.91,0.01,0.16,0.00,0.34,0.00,0.79,0.00,0.03,0.95,0.35,0.0009,0.0173,     0,0,0,0.00,0.00,-2147483648,0.00,0.00,N/A,1.71,5.02,209.93,0.34,8.53,0.00,0.03,0.06,0.07,  0%,  0%,0.22,0.13,  0%,  0%,0.12,0.32,  0%,  0%,0.68,0.44,  0%,  0%,0.75,99.25,0.00,100.00,0.00,0.00,0.38,99.62,0.00,100.00,0.00,0.00,0.00,0.00,0.00 ,0.00 ,-nan ,-nan ,0.09,0.09,0.01,0.30,0.02,0.83,0.00,0.03,0.96,0.27,0.0008,0.0206,     0,0,0,2.61,97.39,0.00,N/A,1.36,4.54,209.93,0.30,7.47,0.01,0.16,0.00,0.73,0.00,0.59,0.00,0.00,0.86,0.53,0.0005,0.0046,     0,0,0,0.20,99.80,0.00,N/A,0.18,0.25,209.93,0.73,18.33,0.00,0.02,0.00,0.46,0.00,0.85,0.00,0.00,0.87,0.89,0.0002,0.0019,     0,0,0,0.02,99.98,0.00,N/A,0.02,0.04,209.93,0.46,11.56,0.00,0.00,0.04,1.68,0.02,0.88,0.00,0.00,0.96,0.90,0.0000,0.0006,     0,0,0,2.79,97.21,0.00,N/A,8.65,5.14,209.93,1.68,42.07,0.04,1.03,0.00,0.47,0.00,0.76,0.00,0.00,0.99,0.83,0.0000,0.0035,     0,0,0,0.03,99.97,0.00,N/A,0.03,0.05,209.93,0.47,11.87,0.00,0.00,0.00,0.54,0.00,0.80,0.00,0.00,0.90,0.73,0.0004,0.0052,     0,0,0,0.06,99.94,0.00,N/A,0.05,0.10,209.93,0.54,13.48,0.00,0.01,0.00,0.61,0.00,0.84,0.00,0.00,0.75,0.84,0.0004,0.0019,     0,0,0,0.19,99.81,0.00,N/A,0.21,0.34,209.93,0.61,15.27,0,N/A,0.230.00,0.59,0.00,0.90,0.00,0.00,0.73,0.59,0.0013,0.0064,     0,0,0,0.09,99.91,0.00,N/A,0.10,0.17,209.93,0.59,14.77,0.00,0.01,0.01,0.31,0.02,0.83,0.00,0.03,0.96,0.28,0.0008,0.0212,     0,0,0,2.40,97.60,0.00,N/A,1.30,4.16,209.93,0.31,7.80,0.01,0.15,0.00,0.48,0.00,0.81,0.00,0.00,0.51,0.71,0.0023,0.0055,     0,0,0,0.10,99.90,0.00,N/A,0.08,0.17,209.93,0.48,11.90,0.00,0.01,0.00,0.49,0.00,0.78,0.00,0.00,0.72,0.70,0.0012,0.0057,     0,0,0,0.10,99.90,0.00,N/A,0.08,0.16,209.93,0.49,12.29,0.00,0.01,0.00,0.49,0.00,0.79,0.00,0.00,0.82,0.73,0.0008,0.0052,     0,0,0,0.06,99.94,0.00,N/A,0.05,0.10,209.93,0.49,12.16,0.00,0.01,0.00,0.49,0.00,0.43,0.00,0.00,0.78,0.73,0.0011,0.0051,     0,0,0,0.11,99.89,0.00,N/A,0.05,0.10,209.93,0.49,12.29,0.00,0.01,0.00,0.51,0.00,0.47,0.00,0.00,0.84,0.71,0.0007,0.0049,     0,0,0,0.12,99.88,0.00,N/A,0.06,0.12,209.93,0.51,12.68,0.00,0.01,0.00,0.51,0.00,0.79,0.00,0.00,0.87,0.71,0.0007,0.0057,     0,0,0,0.09,99.91,0.00,N/A,0.08,0.15,209.93,0.51,12.69,0.00,0.01,0.00,0.36,0.00,0.50,0.00,0.00,0.90,0.79,0.0002,0.0041,     0,0,0,0.06,99.94,0.00,N/A,0.02,0.06,209.93,0.36,9.11,0.00,0.00,
2024-03-21,21:06:28.372,0.00,0.73,0.00,0.84,0.00,0.06,0.95,0.52,0.0003,0.0061,0.00,0.00,-2147483648,0.00,0.00,10.22,13.96,210.19,0.73,18.30,0.00,0.08,0.43,0.46,1.67,0.50,99.50,0.00,100.00,0.00,0.00,0.00,0.00,-nan,0.08,0.01,0.93,0.01,0.91,0.00,0.03,0.95,0.61,0.0002,0.0038,     0,0,0,0.00,0.00,-2147483648,0.00,0.00,N/A,8.52,9.12,210.19,0.93,23.36,0.01,0.13,0.00,0.35,0.00,0.73,0.00,0.03,0.95,0.35,0.0008,0.0174,     0,0,0,0.00,0.00,-2147483648,0.00,0.00,N/A,1.70,4.85,210.19,0.35,8.79,0.00,0.03,0.08,0.09,  0%,  0%,0.15,0.11,  0%,  0%,0.16,0.25,  0%,  0%,0.62,0.64,  0%,  0%,0.60,99.40,0.00,100.00,0.00,0.00,0.39,99.61,0.00,100.00,0.00,0.00,0.00,0.00,0.00 ,0.00 ,-nan ,-nan ,0.08,0.09,0.01,0.31,0.02,0.91,0.00,0.03,0.96,0.27,0.0008,0.0210,     0,0,0,2.23,97.77,0.00,N/A,1.32,4.27,210.19,0.31,7.73,0.01,0.16,0.00,1.36,0.00,0.97,0.00,0.00,0.65,0.65,0.0002,0.0007,     0,0,0,0.24,99.76,0.00,N/A,0.68,0.50,210.19,1.36,34.04,0.00,0.08,0.00,0.48,0.00,0.84,0.00,0.00,0.97,0.87,0.0001,0.0022,     0,0,0,0.02,99.98,0.00,N/A,0.02,0.04,210.19,0.48,12.11,0.00,0.00,0.03,1.68,0.02,0.91,0.00,0.00,0.96,0.94,0.0000,0.0004,     0,0,0,1.88,98.12,0.00,N/A,6.07,3.61,210.19,1.68,42.03,0.03,0.72,0.00,0.52,0.00,0.64,0.00,0.00,0.96,0.80,0.0002,0.0045,     0,0,0,0.04,99.96,0.00,N/A,0.03,0.06,210.19,0.52,13.02,0.00,0.00,0.00,0.50,0.00,0.97,0.00,0.00,0.88,0.71,0.0005,0.0054,     0,0,0,0.05,99.95,0.00,N/A,0.05,0.10,210.19,0.50,12.58,0.00,0.01,0.00,0.67,0.00,0.86,0.00,0.00,0.75,0.79,0.0005,0.0026,     0,0,0,0.20,99.80,0.00,N/A,0.25,0.37,210.19,0.67,16.71,0.00,0.03,0.00,0.60,0.00,0.87,0.00,0.00,0.74,0.58,0.0013,0.0065,     0,0,0,0.09,99.91,0.00,N/A,0.10,0.17,210.19,0.60,14.89,0.00,0.01,0.01,0.33,0.02,0.74,0.00,0.03,0.96,0.28,0.0008,0.0211,     0,0,0,2.54,97.46,0.00,N/A,1.30,3.95,210.19,0.33,8.22,0.01,0.15,0.00,0.44,0.00,0.74,0.00,0.00,0.65,0.67,0.0016,0.0062,     0,0,0,0.12,99.88,0.00,N/A,0.08,0.18,210.19,0.44,10.96,0.00,0.01,0.00,0.49,0.00,0.79,0.00,0.00,0.81,0.68,0.0008,0.0061,     0,0,0,0.10,99.90,0.00,N/A,0.08,0.17,210.19,0.49,12.31,0.00,0.01,0.00,0.45,0.00,0.60,0.00,0.00,0.82,0.75,0.0008,0.0048,     0,0,0,0.08,99.92,0.00,N/A,0.05,0.11,210.19,0.45,11.14,0.00,0.01,0.00,0.43,0.00,0.67,0.00,0.00,0.87,0.73,0.0006,0.0051,     0,0,0,0.08,99.92,0.00,N/A,0.05,0.11,210.19,0.43,10.87,0.00,0.01,0.00,0.45,0.00,0.67,0.00,0.00,0.86,0.70,0.0008,0.0057,     0,0,0,0.08,99.92,0.00,N/A,0.05,0.11,210.19,0.45,11.16,0.00,0.01,0.00,0.48,0.00,0.71,0.00,0.00,0.84,0.72,0.0008,0.0056,     0,0,0,0.11,99.89,0.00,N/A,0.08,0.16,210.19,0.48,12.05,0.00,0.01,0.00,0.36,0.00,0.49,0.00,0.00,0.87,0.88,0.0002,0.0022,     0,0,0,0.05,99.95,0.00,N/A,0.02,0.05,210.19,0.36,9.03,0.00,0.00,
2024-03-21,21:06:28.473,0.00,0.56,0.00,0.83,0.00,0.06,0.95,0.42,0.0005,0.0094,0.00,0.00,-2147483648,0.00,0.00,6.63,11.93,210.09,0.56,13.90,0.00,0.05,0.38,0.32,1.39,0.43,99.57,0.00,100.00,0.00,0.00,0.00,0.00,-nan,0.07,0.00,0.69,0.00,0.92,0.00,0.03,0.96,0.48,0.0003,0.0065,     0,0,0,0.00,0.00,-2147483648,0.00,0.00,N/A,4.85,6.97,210.09,0.69,17.37,0.00,0.07,0.00,0.36,0.00,0.72,0.00,0.03,0.95,0.36,0.0009,0.0172,     0,0,0,0.00,0.00,-2147483648,0.00,0.00,N/A,1.79,4.95,210.09,0.36,9.01,0.00,0.03,0.08,0.07,  0%,  0%,0.12,0.10,  0%,  0%,0.13,0.27,  0%,  0%,0.44,0.55,  0%,  0%,0.45,99.55,0.00,100.00,0.00,0.00,0.41,99.59,0.00,100.00,0.00,0.00,0.00,0.00,0.00 ,0.00 ,-nan ,-nan ,0.08,0.07,0.01,0.31,0.02,1.00,0.00,0.03,0.97,0.27,0.0007,0.0210,     0,0,0,2.01,97.99,0.00,N/A,1.32,4.23,210.09,0.31,7.80,0.01,0.16,0.00,1.44,0.00,0.96,0.00,0.00,0.68,0.67,0.0001,0.0005,     0,0,0,0.30,99.70,0.00,N/A,0.88,0.61,210.09,1.44,36.10,0.00,0.11,0.00,0.49,0.00,0.83,0.00,0.00,0.98,0.82,0.0000,0.0035,     0,0,0,0.03,99.97,0.00,N/A,0.02,0.05,210.09,0.49,12.36,0.00,0.00,0.01,1.56,0.01,0.76,0.00,0.00,0.92,0.88,0.0001,0.0008,     0,0,0,0.88,99.12,0.00,N/A,2.20,1.41,210.09,1.56,39.04,0.01,0.26,0.00,0.47,0.00,0.65,0.00,0.00,0.92,0.82,0.0001,0.0041,     0,0,0,0.05,99.95,0.00,N/A,0.03,0.06,210.09,0.47,11.66,0.00,0.00,0.00,0.53,0.00,0.93,0.00,0.00,0.87,0.71,0.0006,0.0054,     0,0,0,0.05,99.95,0.00,N/A,0.05,0.09,210.09,0.53,13.27,0.00,0.01,0.00,0.69,0.00,0.80,0.00,0.00,0.79,0.83,0.0003,0.0018,     0,0,0,0.20,99.80,0.00,N/A,0.23,0.34,210.09,0.69,17.27,0.00,0.03,0.00,0.59,0.00,0.93,0.00,0.00,0.81,0.58,0.0009,0.0067,     0,0,0,0.09,99.91,0.00,N/A,0.11,0.18,210.09,0.59,14.68,0.00,0.01,0.01,0.33,0.02,0.74,0.00,0.03,0.96,0.28,0.0008,0.0214,     0,0,0,2.49,97.51,0.00,N/A,1.28,3.87,210.09,0.33,8.27,0.01,0.15,0.00,0.44,0.00,0.71,0.00,0.00,0.63,0.70,0.0017,0.0058,     0,0,0,0.12,99.88,0.00,N/A,0.08,0.18,210.09,0.44,11.07,0.00,0.01,0.00,0.49,0.00,0.79,0.00,0.00,0.81,0.66,0.0008,0.0063,     0,0,0,0.10,99.90,0.00,N/A,0.08,0.16,210.09,0.49,12.37,0.00,0.01,0.00,0.48,0.00,0.69,0.00,0.00,0.82,0.71,0.0009,0.0057,     0,0,0,0.07,99.93,0.00,N/A,0.05,0.11,210.09,0.48,11.93,0.00,0.01,0.00,0.49,0.00,0.67,0.00,0.00,0.87,0.71,0.0006,0.0056,     0,0,0,0.08,99.92,0.00,N/A,0.05,0.11,210.09,0.49,12.29,0.00,0.01,0.00,0.41,0.00,0.81,0.00,0.00,0.70,0.58,0.0019,0.0083,     0,0,0,0.14,99.86,0.00,N/A,0.10,0.25,210.09,0.41,10.37,0.00,0.01,0.00,0.51,0.00,0.64,0.00,0.00,0.84,0.71,0.0007,0.0054,     0,0,0,0.13,99.87,0.00,N/A,0.09,0.17,210.09,0.51,12.76,0.00,0.01,0.00,0.47,0.00,0.44,0.00,0.00,0.62,0.60,0.0020,0.0076,     0,0,0,0.12,99.88,0.00,N/A,0.05,0.12,210.09,0.47,11.63,0.00,0.01,
2024-03-21,21:06:28.573,0.01,0.89,0.01,0.92,0.00,0.07,0.92,0.64,0.0003,0.0036,0.00,0.00,-2147483648,0.00,0.00,18.59,20.95,209.67,0.89,22.18,0.01,0.14,1.37,2.18,3.64,0.68,99.32,0.00,100.00,0.00,0.00,0.00,0.00,-nan,0.08,0.01,1.07,0.01,1.00,0.00,0.04,0.92,0.74,0.0002,0.0022,     0,0,0,0.00,0.00,-2147483648,0.00,0.00,N/A,16.62,15.51,209.67,1.07,26.79,0.01,0.25,0.00,0.36,0.00,0.76,0.00,0.03,0.93,0.36,0.0010,0.0155,     0,0,0,0.00,0.00,-2147483648,0.00,0.00,N/A,1.97,5.44,209.67,0.36,9.04,0.00,0.03,0.08,0.08,  0%,  0%,0.57,0.64,  0%,  0%,0.13,0.24,  0%,  0%,1.80,1.47,  1%,  1%,0.93,99.07,0.00,100.00,0.00,0.00,0.43,99.57,0.00,100.00,0.00,0.00,0.00,0.00,0.00 ,0.00 ,-nan ,-nan ,0.07,0.08,0.01,0.28,0.02,1.00,0.00,0.03,0.95,0.27,0.0009,0.0202,     0,0,0,2.36,97.64,0.00,N/A,1.38,4.95,209.67,0.28,6.97,0.01,0.16,0.01,1.29,0.01,1.00,0.00,0.00,0.40,0.64,0.0003,0.0006,     0,0,0,0.56,99.44,0.00,N/A,1.52,1.17,209.67,1.29,32.37,0.01,0.18,0.00,0.30,0.00,0.90,0.00,0.00,0.81,0.90,0.0003,0.0019,     0,0,0,0.03,99.97,0.00,N/A,0.02,0.06,209.67,0.30,7.60,0.00,0.00,0.06,1.73,0.03,1.00,0.00,0.00,0.96,0.96,0.0000,0.0003,     0,0,0,3.35,96.65,0.00,N/A,12.25,7.08,209.67,1.73,43.27,0.06,1.45,0.00,0.38,0.00,0.99,0.00,0.00,0.48,0.85,0.0006,0.0027,     0,0,0,0.45,99.55,0.00,N/A,0.36,0.93,209.67,0.38,9.56,0.00,0.04,0.00,0.53,0.00,1.00,0.00,0.00,0.79,0.71,0.0009,0.0055,     0,0,0,0.05,99.95,0.00,N/A,0.05,0.10,209.67,0.53,13.25,0.00,0.01,0.00,0.89,0.01,1.00,0.00,0.00,0.52,0.85,0.0007,0.0020,     0,0,0,0.50,99.50,0.00,N/A,0.94,1.05,209.67,0.89,22.36,0.00,0.11,0.00,0.62,0.00,0.90,0.00,0.00,0.81,0.59,0.0009,0.0066,     0,0,0,0.09,99.91,0.00,N/A,0.11,0.17,209.67,0.62,15.45,0.00,0.01,0.01,0.31,0.02,0.75,0.00,0.03,0.96,0.27,0.0008,0.0209,     0,0,0,2.69,97.31,0.00,N/A,1.32,4.25,209.67,0.31,7.,0.00,N,0.16,0.00,0.48,0.00,0.72,0.00,0.00,0.62,0.73,0.0014,0.0046,     0,0,0,0.12,99.88,0.00,N/A,0.08,0.18,209.67,0.48,11.89,0.00,0.01,0.00,0.48,0.00,0.72,0.00,0.00,0.80,0.67,0.0009,0.0061,     0,0,0,0.11,99.89,0.00,N/A,0.08,0.17,209.67,0.48,11.99,0.00,0.01,0.00,0.46,0.00,0.73,0.00,0.00,0.84,0.74,0.0006,0.0049,     0,0,0,0.07,99.93,0.00,N/A,0.05,0.11,209.67,0.46,11.42,0.00,0.01,0.00,0.65,0.00,0.83,0.00,0.00,0.32,0.69,0.0020,0.0032,     0,0,0,0.13,99.87,0.00,N/A,0.15,0.22,209.67,0.65,16.23,0.00,0.02,0.00,0.49,0.00,0.73,0.00,0.00,0.84,0.71,0.0006,0.0048,     0,0,0,0.08,99.92,0.00,N/A,0.06,0.13,209.67,0.49,12.25,0.00,0.01,0.00,0.53,0.00,0.73,0.00,0.00,0.77,0.69,0.0012,0.0059,     0,0,0,0.12,99.88,0.00,N/A,0.10,0.18,209.67,0.53,13.16,0.00,0.01,0.00,0.62,0.00,0.88,0.00,0.00,0.15,0.69,0.0023,0.0029,     0,0,0,0.11,99.89,0.00,N/A,0.12,0.20,209.67,0.62,15.49,0.00,0.01,
2024-03-21,21:06:28.673,0.00,0.77,0.00,0.90,0.00,0.06,0.95,0.56,0.0003,0.0052,0.00,0.00,-2147483648,0.00,0.00,12.38,16.04,211.88,0.77,19.29,0.00,0.09,0.50,0.34,1.10,0.53,99.47,0.00,100.00,0.00,0.00,0.00,0.00,-nan,0.08,0.01,0.97,0.01,1.00,0.00,0.03,0.95,0.66,0.0002,0.0032,     0,0,0,0.00,0.00,-2147483648,0.00,0.00,N/A,10.58,10.87,211.88,0.97,24.31,0.01,0.16,0.00,0.35,0.00,0.74,0.00,0.03,0.94,0.36,0.0009,0.0168,     0,0,0,0.00,0.00,-2147483648,0.00,0.00,N/A,1.80,5.17,211.88,0.35,8.72,0.00,0.03,0.07,0.09,  0%,  0%,0.25,0.10,  0%,  0%,0.14,0.21,  0%,  0%,0.44,0.31,  0%,  0%,0.65,99.35,0.00,100.00,0.00,0.00,0.41,99.59,0.00,100.00,0.00,0.00,0.00,0.00,0.00 ,0.00 ,-nan ,-nan ,0.08,0.08,0.01,0.29,0.02,1.00,0.00,0.03,0.96,0.26,0.0008,0.0209,     0,0,0,2.24,97.76,0.00,N/A,1.37,4.75,211.88,0.29,7.19,0.01,0.16,0.03,1.62,0.02,1.00,0.00,0.00,0.97,0.92,0.0000,0.0005,     0,0,0,1.67,98.33,0.00,N/A,5.70,3.52,211.88,1.62,40.47,0.03,0.68,0.00,0.54,0.00,1.00,0.00,0.00,0.96,0.82,0.0001,0.0037,     0,0,0,0.02,99.98,0.00,N/A,0.02,0.04,211.88,0.54,13.51,0.00,0.00,0.01,1.64,0.01,1.00,0.00,0.00,0.90,0.95,0.0000,0.0003,     0,0,0,0.91,99.09,0.00,N/A,3.10,1.89,211.88,1.64,41.04,0.01,0.37,0.00,0.48,0.00,1.00,0.00,0.00,0.96,0.83,0.0001,0.0036,     0,0,0,0.03,99.97,0.00,N/A,0.03,0.05,211.88,0.48,11.97,0.00,0.00,0.00,0.53,0.00,0.91,0.00,0.00,0.87,0.71,0.0006,0.0056,     0,0,0,0.05,99.95,0.00,N/A,0.05,0.10,211.88,0.53,13.26,0.00,0.01,0.00,0.59,0.00,1.00,0.00,0.00,0.77,0.84,0.0003,0.0016,     0,0,0,0.16,99.84,0.00,N/A,0.20,0.34,211.88,0.59,14.85,0.00,0.02,0.00,0.56,0.00,1.00,0.00,0.00,0.61,0.58,0.0021,0.0067,     0,0,0,0.09,99.91,0.00,N/A,0.10,0.19,211.88,0.56,13.94,0.00,0.01,0.01,0.31,0.02,0.81,0.00,0.03,0.96,0.28,0.0008,0.0209,     0,0,0,2.46,97.54,0.00,N/A,1.32,4.23,211.88,0.31,7.78,0.01,0.16,0.00,0.51,0.00,0.58,0.00,0.00,0.56,0.70,0.0019,0.0058,     0,0,0,0.13,99.87,0.00,N/A,0.08,0.16,211.88,0.51,12.73,0.00,0.01,0.00,0.58,0.00,0.51,0.00,0.00,0.67,0.67,0.0017,0.0063,     0,0,0,0.19,99.81,0.00,N/A,0.12,0.20,211.88,0.58,14.55,0.00,0.01,0.00,0.50,0.00,0.43,0.00,0.00,0.70,0.72,0.0012,0.0055,     0,0,0,0.10,99.90,0.00,N/A,0.05,0.10,211.88,0.50,12.51,0.00,0.01,0.00,0.50,0.00,0.62,0.00,0.00,0.83,0.71,0.0008,0.0058,     0,0,0,0.08,99.92,0.00,N/A,0.05,0.11,211.88,0.50,12.40,0.00,0.01,0.00,0.49,0.00,0.62,0.00,0.00,0.86,0.69,0.0007,0.0053,     0,0,0,0.10,99.90,0.00,N/A,0.07,0.13,211.88,0.49,12.35,0.00,0.01,0.00,0.55,0.00,0.55,0.00,0.00,0.74,0.69,0.0013,0.0060,     0,0,0,0.14,99.86,0.00,N/A,0.09,0.16,211.88,0.55,13.87,0.00,0.01,0.00,0.41,0.00,0.44,0.00,0.00,0.81,0.76,0.0007,0.0040,     0,0,0,0.08,99.92,0.00,N/A,0.03,0.07,211.88,0.41,10.32,0.00,0.00,
2024-03-21,21:06:28.773,0.00,0.76,0.00,0.92,0.01,0.07,0.91,0.51,0.0005,0.0052,0.00,0.00,-2147483648,0.00,0.00,12.67,16.61,208.08,0.76,19.08,0.00,0.09,1.40,0.74,3.69,0.54,99.46,0.00,100.00,0.00,0.00,0.00,0.00,-nan,0.09,0.01,0.95,0.01,1.00,0.00,0.04,0.88,0.59,0.0004,0.0033,     0,0,0,0.00,0.00,-2147483648,0.00,0.00,N/A,10.90,11.42,208.08,0.95,23.86,0.01,0.16,0.00,0.34,0.00,0.79,0.00,0.03,0.94,0.36,0.0010,0.0170,     0,0,0,0.00,0.00,-2147483648,0.00,0.00,N/A,1.77,5.18,208.08,0.34,8.55,0.00,0.03,0.11,0.07,  0%,  0%,0.44,0.78,  0%,  0%,0.13,0.25,  0%,  0%,1.90,1.42,  1%,  1%,0.68,99.32,0.00,100.00,0.00,0.00,0.39,99.61,0.00,100.00,0.00,0.00,0.00,0.00,0.00 ,0.00 ,-nan ,-nan ,0.09,0.09,0.01,0.29,0.02,1.00,0.00,0.03,0.96,0.27,0.0008,0.0205,     0,0,0,2.24,97.76,0.00,N/A,1.36,4.67,208.08,0.29,7.30,0.01,0.16,0.01,1.25,0.01,1.00,0.00,0.00,0.38,0.86,0.0005,0.0008,     0,0,0,1.19,98.81,0.00,N/A,3.11,2.50,208.08,1.25,31.15,0.01,0.37,0.02,1.72,0.01,1.00,0.00,0.00,0.24,0.81,0.0004,0.0005,     0,0,0,0.93,99.07,0.00,N/A,3.33,1.93,208.08,1.72,43.11,0.02,0.40,0.00,0.48,0.00,1.00,0.00,0.00,0.82,0.71,0.0009,0.0061,     0,0,0,0.05,99.95,0.00,N/A,0.05,0.10,208.08,0.48,11.90,0.00,0.01,0.00,0.47,0.00,1.00,0.00,0.00,0.86,0.84,0.0003,0.0034,     0,0,0,0.03,99.97,0.00,N/A,0.03,0.06,208.08,0.47,11.66,0.00,0.00,0.00,0.48,0.00,0.94,0.00,0.00,0.85,0.70,0.0007,0.0056,     0,0,0,0.05,99.95,0.00,N/A,0.05,0.10,208.08,0.48,12.09,0.00,0.01,0.01,1.52,0.01,1.00,0.00,0.00,0.94,0.89,0.0000,0.0007,     0,0,0,0.90,99.10,0.00,N/A,2.88,1.90,208.08,1.52,37.88,0.01,0.34,0.00,0.60,0.00,1.00,0.00,0.00,0.64,0.57,0.0018,0.0068,     0,0,0,0.08,99.92,0.00,N/A,0.10,0.16,208.08,0.60,14.99,0.00,0.01,0.01,0.32,0.02,0.80,0.00,0.03,0.96,0.28,0.0009,0.0210,     0,0,0,2.52,97.48,0.00,N/A,1.31,4.17,208.08,0.32,7.88,0.01,0.16,0.00,0.43,0.00,0.81,0.00,0.00,0.43,0.70,0.0029,0.0057,     0,0,0,0.11,99.89,0.00,N/A,0.08,0.19,208.08,0.43,10.72,0.00,0.01,0.00,0.45,0.00,0.87,0.00,0.00,0.71,0.63,0.0016,0.0069,     0,0,0,0.14,99.86,0.00,N/A,0.11,0.25,208.08,0.45,11.19,0.00,0.01,0.00,0.45,0.00,0.75,0.00,0.00,0.64,0.75,0.0012,0.0047,     0,0,0,0.07,99.93,0.00,N/A,0.05,0.11,208.08,0.45,11.14,0.00,0.01,0.00,0.44,0.00,0.68,0.00,0.00,0.79,0.69,0.0011,0.0060,     0,0,0,0.08,99.92,0.00,N/A,0.05,0.11,208.08,0.44,10.99,0.00,0.01,0.00,0.48,0.00,0.70,0.00,0.00,0.70,0.74,0.0012,0.0045,     0,0,0,0.09,99.91,0.00,N/A,0.06,0.13,208.08,0.48,11.88,0.00,0.01,0.00,0.51,0.00,0.78,0.00,0.00,0.83,0.69,0.0009,0.0063,     0,0,0,0.10,99.90,0.00,N/A,0.08,0.16,208.08,0.51,12.68,0.00,0.01,0.00,0.37,0.00,0.48,0.00,0.00,0.78,0.84,0.0004,0.0035,     0,0,0,0.07,99.93,0.00,N/A,0.02,0.07,208.08,0.37,9.37,0.00,0.00,
2024-03-21,21:06:28.873,0.00,0.68,0.00,0.88,0.00,0.06,0.94,0.51,0.0004,0.0065,0.00,0.00,-2147483648,0.00,0.00,9.70,14.23,212.15,0.68,17.05,0.00,0.07,0.68,0.35,2.37,0.48,99.52,0.00,100.00,0.00,0.00,0.00,0.00,-nan,0.09,0.00,0.85,0.01,0.99,0.00,0.03,0.96,0.60,0.0002,0.0042,     0,0,0,0.00,0.00,-2147483648,0.00,0.00,N/A,7.66,9.04,212.15,0.85,21.19,0.00,0.11,0.00,0.39,0.00,0.75,0.00,0.03,0.93,0.36,0.0010,0.0152,     0,0,0,0.00,0.00,-2147483648,0.00,0.00,N/A,2.04,5.19,212.15,0.39,9.83,0.00,0.03,0.10,0.43,  0%,  0%,0.10,0.04,  0%,  0%,0.98,0.78,  0%,  0%,0.33,0.27,  0%,  0%,0.54,99.46,0.00,100.00,0.00,0.00,0.41,99.59,0.00,100.00,0.00,0.00,0.00,0.00,0.00 ,0.00 ,-nan ,-nan ,0.09,0.09,0.01,0.29,0.02,1.00,0.00,0.03,0.96,0.26,0.0008,0.0207,     0,0,0,2.21,97.79,0.00,N/A,1.36,4.68,212.15,0.29,7.26,0.01,0.16,0.00,1.22,0.00,0.98,0.00,0.00,0.55,0.66,0.0003,0.0009,     0,0,0,0.23,99.77,0.00,N/A,0.57,0.47,212.15,1.22,30.43,0.00,0.07,0.00,0.45,0.00,0.83,0.00,0.00,0.91,0.80,0.0003,0.0045,     0,0,0,0.03,99.97,0.00,N/A,0.02,0.05,212.15,0.45,11.13,0.00,0.00,0.00,0.51,0.00,0.93,0.00,0.00,0.84,0.70,0.0006,0.0061,     0,0,0,0.05,99.95,0.00,N/A,0.05,0.10,212.15,0.51,12.84,0.00,0.01,0.00,0.42,0.00,0.74,0.00,0.00,0.88,0.89,0.0002,0.0022,     0,0,0,0.03,99.97,0.00,N/A,0.02,0.05,212.15,0.42,10.43,0.00,0.00,0.00,0.50,0.00,1.00,0.00,0.00,0.82,0.69,0.0008,0.0059,     0,0,0,0.05,99.95,0.00,N/A,0.05,0.10,212.15,0.50,12.56,0.00,0.01,0.03,1.59,0.02,0.99,0.00,0.00,0.96,0.93,0.0000,0.0005,     0,0,0,1.69,98.31,0.00,N/A,5.56,3.50,212.15,1.59,39.73,0.03,0.66,0.00,0.33,0.00,0.84,0.00,0.00,0.92,0.86,0.0001,0.0020,     0,0,0,0.05,99.95,0.00,N/A,0.03,0.08,212.15,0.33,8.14,0.00,0.00,0.01,0.33,0.02,0.75,0.00,0.03,0.97,0.28,0.0007,0.0213,     0,0,0,2.43,97.57,0.00,N/A,1.29,3.85,212.15,0.33,8.35,0.01,0.15,0.00,0.68,0.00,0.94,0.00,0.00,0.34,0.60,0.0018,0.0034,     0,0,0,0.28,99.72,0.00,N/A,0.37,0.55,212.15,0.68,16.99,0.00,0.04,0.00,0.49,0.00,0.71,0.00,0.00,0.79,0.65,0.0010,0.0067,     0,0,0,0.12,99.88,0.00,N/A,0.09,0.17,2120.0,99.9,12.18,0.00,0.01,0.00,0.50,0.00,0.42,0.00,0.00,0.73,0.74,0.0010,0.0050,     0,0,0,0.11,99.89,0.00,N/A,0.05,0.10,212.15,0.50,12.38,0.00,0.01,0.00,0.47,0.00,0.68,0.00,0.00,0.86,0.70,0.0008,0.0062,     0,0,0,0.08,99.92,0.00,N/A,0.05,0.12,212.15,0.47,11.73,0.00,0.01,0.00,0.46,0.00,0.69,0.00,0.00,0.79,0.69,0.0010,0.0058,     0,0,0,0.10,99.90,0.00,N/A,0.07,0.14,212.15,0.46,11.59,0.00,0.01,0.00,0.52,0.00,0.85,0.00,0.00,0.85,0.65,0.0008,0.0064,     0,0,0,0.12,99.88,0.00,N/A,0.11,0.21,212.15,0.52,13.09,0.00,0.01,0.00,0.35,0.00,0.50,0.00,0.00,0.67,0.90,0.0005,0.0019,     0,0,0,0.05,99.95,0.00,N/A,0.02,0.05,212.15,0.35,8.78,0.00,0.00,
2024-03-21,21:06:28.973,0.00,0.80,0.00,0.90,0.00,0.07,0.95,0.55,0.0003,0.0053,0.00,0.00,-2147483648,0.00,0.00,12.48,15.55,208.16,0.80,20.06,0.00,0.09,0.70,0.60,2.13,0.52,99.48,0.00,100.00,0.00,0.00,0.00,0.00,-nan,0.08,0.01,1.02,0.01,0.99,0.00,0.04,0.95,0.64,0.0002,0.0033,     0,0,0,0.00,0.00,-2147483648,0.00,0.00,N/A,10.70,10.53,208.16,1.02,25.40,0.01,0.16,0.00,0.36,0.00,0.76,0.00,0.03,0.95,0.36,0.0009,0.0170,     0,0,0,0.00,0.00,-2147483648,0.00,0.00,N/A,1.79,5.03,208.16,0.36,8.88,0.00,0.03,0.28,0.21,  0%,  0%,0.14,0.07,  0%,  0%,0.40,0.46,  0%,  0%,1.09,0.19,  0%,  0%,0.63,99.37,0.00,100.00,0.00,0.00,0.40,99.60,0.00,100.00,0.00,0.00,0.00,0.00,0.00 ,0.00 ,-nan ,-nan ,0.08,0.08,0.01,0.32,0.02,1.00,0.00,0.03,0.97,0.27,0.0007,0.0210,     0,0,0,2.05,97.95,0.00,N/A,1.35,4.28,208.16,0.32,7.92,0.01,0.16,0.01,1.38,0.00,1.00,0.00,0.00,0.47,0.62,0.0003,0.0007,     0,0,0,0.39,99.61,0.00,N/A,1.13,0.82,208.16,1.38,34.47,0.01,0.14,0.00,0.42,0.00,0.81,0.00,0.00,1.00,0.91,0.0000,0.0015,     0,0,0,0.03,99.97,0.00,N/A,0.02,0.04,208.16,0.42,10.60,0.00,0.00,0.00,0.53,0.00,1.00,0.00,0.00,0.78,0.75,0.0007,0.0048,     0,0,0,0.04,99.96,0.00,N/A,0.05,0.09,208.16,0.53,13.36,0.00,0.01,0.00,0.33,0.00,0.81,0.00,0.00,0.93,0.85,0.0001,0.0031,     0,0,0,0.05,99.95,0.00,N/A,0.03,0.08,208.16,0.33,8.22,0.00,0.00,0.00,0.49,0.00,0.90,0.00,0.00,0.81,0.66,0.0010,0.0067,     0,0,0,0.08,99.92,0.00,N/A,0.08,0.16,208.16,0.49,12.34,0.00,0.01,0.04,1.66,0.02,1.00,0.00,0.00,0.97,0.93,0.0000,0.0005,     0,0,0,2.25,97.75,0.00,N/A,7.85,4.72,208.16,1.66,41.55,0.04,0.93,0.00,0.57,0.00,0.98,0.00,0.00,0.68,0.56,0.0017,0.0070,     0,0,0,0.16,99.84,0.00,N/A,0.19,0.34,208.16,0.57,14.17,0.00,0.02,0.01,0.32,0.02,0.79,0.00,0.03,0.96,0.28,0.0007,0.0211,     0,0,0,2.46,97.54,0.00,N/A,1.30,4.03,208.16,0.32,8.07,0.01,0.16,0.00,0.44,0.00,0.60,0.00,0.00,0.55,0.71,0.0021,0.0059,     0,0,0,0.13,99.87,0.00,N/A,0.07,0.16,208.16,0.44,10.89,0.00,0.01,0.00,0.49,0.00,0.79,0.00,0.00,0.75,0.68,0.0011,0.0057,     0,0,0,0.09,99.91,0.00,N/A,0.07,0.14,208.16,0.49,12.32,0.00,0.01,0.00,0.45,0.00,0.67,0.00,0.00,0.83,0.74,0.0007,0.0048,     0,0,0,0.08,99.92,0.00,N/A,0.05,0.11,208.16,0.45,11.24,0.00,0.01,0.00,0.51,0.00,0.67,0.00,0.00,0.88,0.68,0.0007,0.0065,     0,0,0,0.13,99.87,0.00,N/A,0.10,0.19,208.16,0.51,12.76,0.00,0.01,0.00,0.55,0.00,0.66,0.00,0.00,0.76,0.68,0.0014,0.0065,     0,0,0,0.15,99.85,0.00,N/A,0.11,0.21,208.16,0.55,13.66,0.00,0.01,0.00,0.47,0.00,0.58,0.00,0.00,0.80,0.71,0.0010,0.0059,     0,0,0,0.11,99.89,0.00,N/A,0.06,0.14,208.16,0.47,11.85,0.00,0.01,0.00,0.42,0.00,0.60,0.00,0.00,0.61,0.83,0.0005,0.0036,     0,0,0,0.04,99.96,0.00,N/A,0.02,0.06,208.16,0.42,10.52,0.00,0.00,
2024-03-21,21:06:29.073,0.00,0.71,0.00,0.91,0.00,0.06,0.95,0.50,0.0003,0.0064,0.00,0.00,-2147483648,0.00,0.00,9.91,14.03,210.09,0.71,17.65,0.00,0.07,0.45,0.24,1.46,0.46,99.54,0.00,100.00,0.00,0.00,0.00,0.00,-nan,0.08,0.00,0.88,0.01,1.00,0.00,0.03,0.95,0.58,0.0002,0.0041,     0,0,0,0.00,0.00,-2147483648,0.00,0.00,N/A,8.12,9.22,210.09,0.88,22.03,0.00,0.12,0.00,0.37,0.00,0.77,0.00,0.03,0.95,0.36,0.0008,0.0170,     0,0,0,0.00,0.00,-2147483648,0.00,0.00,N/A,1.79,4.82,210.09,0.37,9.27,0.00,0.03,0.12,0.20,  0%,  0%,0.09,0.03,  0%,  0%,0.37,0.67,  0%,  0%,0.24,0.17,  0%,  0%,0.55,99.45,0.00,100.00,0.00,0.00,0.37,99.63,0.00,100.00,0.00,0.00,0.00,0.00,0.00 ,0.00 ,-nan ,-nan ,0.08,0.08,0.01,0.30,0.02,1.00,0.00,0.03,0.96,0.25,0.0008,0.0210,     0,0,0,2.14,97.86,0.00,N/A,1.36,4.50,210.09,0.30,7.58,0.01,0.16,0.01,1.50,0.00,1.00,0.00,0.00,0.62,0.70,0.0001,0.0004,     0,0,0,0.46,99.54,0.00,N/A,1.44,0.96,210.09,1.50,37.43,0.01,0.17,0.00,0.52,0.00,1.00,0.00,0.00,1.00,0.91,0.0000,0.0015,     0,0,0,0.02,99.98,0.00,N/A,0.02,0.04,210.09,0.52,13.02,0.00,0.00,0.00,0.54,0.00,1.00,0.00,0.00,0.89,0.71,0.0005,0.0055,     0,0,0,0.04,99.96,0.00,N/A,0.05,0.09,210.09,0.54,13.51,0.00,0.01,0.00,0.39,0.00,0.88,0.00,0.00,0.94,0.83,0.0002,0.0034,     0,0,0,0.04,99.96,0.00,N/A,0.03,0.07,210.09,0.39,9.83,0.00,0.00,0.00,0.53,0.00,0.95,0.00,0.00,0.68,0.64,0.0015,0.0064,     0,0,0,0.11,99.89,0.00,N/A,0.12,0.23,210.09,0.53,13.15,0.00,0.01,0.02,1.54,0.01,1.00,0.00,0.00,0.93,0.92,0.0000,0.0005,     0,0,0,1.17,98.83,0.00,N/A,3.75,2.44,210.09,1.54,38.50,0.02,0.45,0.01,1.51,0.00,0.99,0.00,0.00,0.84,0.88,0.0001,0.0008,     0,0,0,0.43,99.57,0.00,N/A,1.36,0.90,210.09,1.51,37.69,0.01,0.16,0.01,0.34,0.02,0.79,0.00,0.03,0.97,0.27,0.0007,0.0217,     0,0,0,2.27,97.73,0.00,N/A,1.26,3.75,210.09,0.34,8.43,0.01,0.15,0.00,0.47,0.00,0.81,0.00,0.00,0.50,0.69,0.0025,0.0057,     0,0,0,0.14,99.86,0.00,N/A,0.11,0.23,210.09,0.47,11.87,0.00,0.01,0.00,0.49,0.00,0.66,0.00,0.00,0.83,0.74,0.0006,0.0051,     0,0,0,0.08,99.92,0.00,N/A,0.06,0.11,210.09,0.49,12.36,0.00,0.01,0.00,0.44,0.00,0.67,0.00,0.00,0.85,0.70,0.0007,0.0055,     0,0,0,0.08,99.92,0.00,N/A,0.05,0.11,210.09,0.44,11.12,0.00,0.01,0.00,0.47,0.00,0.75,0.00,0.00,0.81,0.68,0.0009,0.0060,     0,0,0,0.12,99.88,0.00,N/A,0.09,0.19,210.09,0.47,11.78,0.00,0.01,0.00,0.53,0.00,0.68,0.00,0.00,0.81,0.66,0.0011,0.0066,     0,0,0,0.13,99.87,0.00,N/A,0.09,0.18,210.09,0.53,13.23,0.00,0.01,0.00,0.53,0.00,0.79,0.00,0.00,0.85,0.68,0.0007,0.0058,     0,0,0,0.12,99.88,0.00,N/A,0.11,0.20,210.09,0.53,13.36,0.00,0.01,0.00,0.38,0.00,0.53,0.00,0.00,0.72,0.90,0.0004,0.0018,     0,0,0,0.05,99.95,0.00,N/A,0.02,0.05,210.09,0.38,9.45,0.00,0.00,
2024-03-21,21:06:29.172,0.00,0.70,0.00,0.89,0.00,0.06,0.94,0.53,0.0003,0.0060,0.00,0.00,-2147483648,0.00,0.00,10.67,15.33,209.70,0.70,17.40,0.00,0.08,0.52,0.88,1.26,0.51,99.49,0.00,100.00,0.00,0.00,0.00,0.00,-nan,0.07,0.01,0.87,0.01,0.96,0.00,0.03,0.93,0.62,0.0003,0.0039,     0,0,0,0.00,0.00,-2147483648,0.00,0.00,N/A,8.98,10.26,209.70,0.87,21.86,0.01,0.13,0.00,0.33,0.00,0.78,0.00,0.03,0.95,0.35,0.0008,0.0173,     0,0,0,0.00,0.00,-2147483648,0.00,0.00,N/A,1.69,5.06,209.70,0.33,8.36,0.00,0.03,0.06,0.34,  0%,  0%,0.09,0.03,  0%,  0%,0.43,0.38,  0%,  0%,0.26,0.20,  0%,  0%,0.63,99.37,0.00,100.00,0.00,0.00,0.39,99.61,0.00,100.00,0.00,0.00,0.00,0.00,0.00 ,0.00 ,-nan ,-nan ,0.07,0.07,0.01,0.30,0.02,1.00,0.00,0.03,0.95,0.26,0.0010,0.0195,     0,0,0,2.45,97.55,0.00,N/A,1.52,5.14,209.70,0.30,7.39,0.01,0.18,0.00,0.88,0.00,1.00,0.00,0.00,0.56,0.69,0.0006,0.0024,     0,0,0,0.11,99.89,0.00,N/A,0.21,0.23,209.70,0.88,22.06,0.00,0.02,0.00,0.48,0.00,1.00,0.00,0.00,1.00,0.92,0.0000,0.0015,     0,0,0,0.02,99.98,0.00,N/A,0.02,0.04,209.70,0.48,11.91,0.00,0.00,0.00,0.51,0.00,1.00,0.00,0.00,0.89,0.69,0.0005,0.0058,     0,0,0,0.05,99.95,0.00,N/A,0.05,0.10,209.70,0.51,12.71,0.00,0.01,0.00,0.32,0.00,0.81,0.00,0.00,0.86,0.82,0.0003,0.0037,     0,0,0,0.05,99.95,0.00,N/A,0.03,0.08,209.70,0.32,7.98,0.00,0.00,0.00,0.53,0.00,1.00,0.00,0.00,0.77,0.69,0.0011,0.0061,     0,0,0,0.07,99.93,0.00,N/A,0.08,0.15,209.70,0.53,13.18,0.00,0.01,0.00,0.70,0.00,1.00,0.00,0.00,0.72,0.85,0.0004,0.0017,     0,0,0,0.16,99.84,0.00,N/A,0.24,0.34,209.70,0.70,17.43,0.00,0.03,0.03,1.63,0.02,0.92,0.00,0.00,0.90,0.92,0.0000,0.0005,     0,0,0,2.17,97.83,0.00,N/A,6.84,4.19,209.70,1.63,40.85,0.03,0.82,0.01,0.31,0.02,0.79,0.00,0.03,0.96,0.28,0.0008,0.0208,     0,0,0,2.58,97.42,0.00,N/A,1.32,4.28,209.70,0.31,7.71,0.01,0.16,0.00,0.47,0.00,0.75,0.00,0.00,0.56,0.75,0.0019,0.0047,     0,0,0,0.07,99.93,0.00,N/A,0.05,0.10,209.70,0.47,11.79,0.00,0.01,0.00,0.47,0.00,0.68,0.00,0.00,0.81,0.74,0.0007,0.0053,     0,0,0,0.08,99.92,0.00,N/A,0.05,0.11,209.70,0.47,11.85,0.00,0.01,0.00,0.48,0.00,0.61,0.00,0.00,0.87,0.71,0.0006,0.0058,     0,0,0,0.08,99.92,0.00,N/A,0.05,0.11,209.70,0.48,12.06,0.00,0.01,0.00,0.49,0.00,0.80,0.00,0.00,0.81,0.72,0.0010,0.0053,     0,0,0,0.09,99.91,0.00,N/A,0.07,0.8,0,0.07,,0.49,12.33,0,99.92,0.00,N/A,0.05,0.11,210.00,0.45,11.32,0.00,0.01,0.00,0.57,0.00,0.78,0.00,0.00,0.83,0.56,0.0011,0.0071,     0,0,0,0.14,99.86,0.00,N/A,0.13,0.23,210.00,0.57,14.22,0.00,0.02,
2024-03-21,21:06:29.173,0.00,0.71,0.00,0.86,0.00,0.06,0.95,0.53,0.0003,0.0061,0.00,0.00,-2147483648,0.00,0.00,10.61,14.88,210.03,0.71,17.84,0.00,0.08,0.48,0.67,1.32,0.52,99.48,0.00,100.00,0.00,0.00,0.00,0.00,-nan,0.08,0.01,0.89,0.01,0.95,0.00,0.03,0.95,0.62,0.0002,0.0039,     0,0,0,0.00,0.00,-2147483648,0.00,0.00,N/A,8.84,9.89,210.03,0.89,22.35,0.01,0.13,0.00,0.36,0.00,0.72,0.00,0.03,0.95,0.35,0.0009,0.0171,     0,0,0,0.00,0.00,-2147483648,0.00,0.00,N/A,1.77,4.99,210.03,0.36,8.89,0.00,0.03,0.08,0.10,  0%,  0%,0.21,0.09,  0%,  0%,0.18,0.30,  0%,  0%,0.52,0.32,  0%,  0%,0.62,99.38,0.00,100.00,0.00,0.00,0.41,99.59,0.00,100.00,0.00,0.00,0.00,0.00,0.00 ,0.00 ,-nan ,-nan ,0.10,0.07,0.01,0.30,0.02,0.93,0.00,0.03,0.96,0.26,0.0008,0.0209,     0,0,0,2.33,97.67,0.00,N/A,1.36,4.56,210.03,0.30,7.42,0.01,0.16,0.00,0.94,0.00,0.99,0.00,0.00,0.70,0.62,0.0005,0.0025,     0,0,0,0.28,99.72,0.00,N/A,0.54,0.58,210.03,0.94,23.47,0.00,0.06,0.00,0.50,0.00,0.92,0.00,0.00,0.69,0.72,0.0011,0.0055,     0,0,0,0.05,99.95,0.00,N/A,0.05,0.10,210.03,0.50,12.47,0.00,0.01,0.00,0.48,0.00,0.95,0.00,0.00,0.84,0.65,0.0008,0.0066,     0,0,0,0.08,99.92,0.00,N/A,0.08,0.17,210.03,0.48,11.97,0.00,0.01,0.00,0.53,0.00,0.95,0.00,0.00,0.81,0.72,0.0007,0.0053,     0,0,0,0.08,99.92,0.00,N/A,0.08,0.15,210.03,0.53,13.33,0.00,0.01,0.00,0.52,0.00,0.95,0.00,0.00,0.84,0.66,0.0008,0.0063,     0,0,0,0.08,99.92,0.00,N/A,0.08,0.15,210.03,0.52,13.05,0.00,0.01,0.00,0.61,0.00,1.00,0.00,0.00,0.72,0.82,0.0005,0.0022,     0,0,0,0.20,99.80,0.00,N/A,0.26,0.43,210.03,0.61,15.14,0.00,0.03,0.03,1.70,0.02,0.95,0.00,0.00,0.98,0.95,0.0000,0.0003,     0,0,0,1.87,98.13,0.00,N/A,6.40,3.76,210.03,1.70,42.58,0.03,0.76,0.01,0.32,0.02,0.77,0.00,0.03,0.96,0.28,0.0008,0.0212,     0,0,0,2.47,97.53,0.00,N/A,1.29,3.99,210.03,0.32,8.10,0.01,0.15,0.00,0.46,0.00,0.63,0.00,0.00,0.52,0.75,0.0018,0.0049,     0,0,0,0.09,99.91,0.00,N/A,0.05,0.11,210.03,0.46,11.51,0.00,0.01,0.00,0.45,0.00,0.54,0.00,0.00,0.93,0.83,0.0001,0.0037,     0,0,0,0.04,99.96,0.00,N/A,0.02,0.05,210.03,0.45,11.14,0.00,0.00,0.00,0.48,0.00,0.46,0.00,0.00,0.78,0.65,0.0013,0.0070,     0,0,0,0.12,99.88,0.00,N/A,0.05,0.11,210.03,0.48,11.95,0.00,0.01,0.00,0.49,0.00,0.45,0.00,0.00,0.80,0.68,0.0011,0.0063,     0,0,0,0.12,99.88,0.00,N/A,0.05,0.11,210.03,0.49,12.34,0.00,0.01,0.00,0.50,0.00,0.43,0.00,0.00,0.85,0.68,0.0009,0.0066,     0,0,0,0.15,99.85,0.00,N/A,0.07,0.14,210.03,0.50,12.54,0.00,0.01,0.00,0.49,0.00,0.47,0.00,0.00,0.77,0.70,0.0011,0.0056,     0,0,0,0.11,99.89,0.00,N/A,0.05,0.11,210.03,0.49,12.13,0.00,0.01,0.00,0.48,0.00,0.91,0.00,0.00,0.81,0.55,0.0011,0.0064,     0,0,0,0.19,99.81,0.00,N/A,0.17,0.36,210.03,0.48,12.07,0.00,0.02,
2024-03-21,21:06:29.274,0.00,0.74,0.00,0.88,0.00,0.07,0.95,0.52,0.0003,0.0058,0.00,0.00,-2147483648,0.00,0.00,11.23,15.11,209.89,0.74,18.59,0.00,0.08,0.58,0.46,2.12,0.51,99.49,0.00,100.00,0.00,0.00,0.00,0.00,-nan,0.08,0.01,0.92,0.01,0.96,0.00,0.03,0.95,0.61,0.0002,0.0037,     0,0,0,0.00,0.00,-2147483648,0.00,0.00,N/A,9.34,10.18,209.89,0.92,22.94,0.01,0.14,0.00,0.38,0.00,0.74,0.00,0.03,0.95,0.36,0.0008,0.0165,     0,0,0,0.00,0.00,-2147483648,0.00,0.00,N/A,1.89,4.93,209.89,0.38,9.59,0.00,0.03,0.08,0.10,  0%,  0%,0.21,0.19,  0%,  0%,0.20,0.33,  0%,  0%,0.82,0.77,  1%,  1%,0.63,99.37,0.00,100.00,0.00,0.00,0.40,99.60,0.00,100.00,0.00,0.00,0.00,0.00,0.00 ,0.00 ,-nan ,-nan ,0.08,0.09,0.01,0.30,0.02,1.00,0.00,0.03,0.96,0.26,0.0008,0.0210,     0,0,0,2.13,97.87,0.00,N/A,1.35,4.47,209.89,0.30,7.57,0.01,0.16,0.01,1.34,0.00,1.00,0.00,0.00,0.63,0.69,0.0001,0.0006,     0,0,0,0.40,99.60,0.00,N/A,1.13,0.84,209.89,1.34,33.49,0.01,0.13,0.00,0.53,0.00,1.00,0.00,0.00,0.80,0.72,0.0007,0.0054,     0,0,0,0.05,99.95,0.00,N/A,0.06,0.11,209.89,0.53,13.13,0.00,0.01,0.00,0.52,0.00,1.00,0.00,0.00,0.89,0.64,0.0006,0.0068,     0,0,0,0.07,99.93,0.00,N/A,0.08,0.15,209.89,0.52,13.01,0.00,0.01,0.00,0.52,0.00,1.00,0.00,0.00,0.91,0.70,0.0003,0.0055,     0,0,0,0.07,99.93,0.00,N/A,0.08,0.15,209.89,0.52,13.06,0.00,0.01,0.00,0.53,0.00,1.00,0.00,0.00,0.87,0.65,0.0007,0.0067,     0,0,0,0.07,99.93,0.00,N/A,0.08,0.15,209.89,0.53,13.33,0.00,0.01,0.00,0.67,0.00,0.91,0.00,0.00,0.69,0.83,0.0005,0.0022,     0,0,0,0.21,99.79,0.00,N/A,0.27,0.40,209.89,0.67,16.81,0.00,0.03,0.03,1.61,0.02,0.91,0.00,0.00,0.96,0.93,0.0000,0.0005,     0,0,0,2.04,97.96,0.00,N/A,6.30,3.92,209.89,1.61,40.23,0.03,0.75,0.01,0.34,0.02,0.75,0.00,0.03,0.97,0.28,0.0007,0.0212,     0,0,0,2.40,97.60,0.00,N/A,1.30,3.79,209.89,0.34,8.55,0.01,0.15,0.00,0.46,0.00,0.57,0.00,0.00,0.68,0.74,0.0012,0.0053,     0,0,0,0.09,99.91,0.00,N/A,0.05,0.11,209.89,0.46,11.50,0.00,0.01,0.00,0.37,0.00,0.47,0.00,0.00,0.89,0.88,0.0002,0.0020,     0,0,0,0.05,99.95,0.00,N/A,0.02,0.05,209.89,0.37,9.33,0.00,0.00,0.00,0.51,0.00,0.73,0.00,0.00,0.86,0.68,0.0007,0.0060,     0,0,0,0.10,99.90,0.00,N/A,0.08,0.16,209.89,0.51,12.72,0.00,0.01,0.00,0.49,0.00,0.73,0.00,0.00,0.84,0.67,0.0009,0.0065,     0,0,0,0.11,99.89,0.00,N/A,0.08,0.16,209.89,0.49,12.37,0.00,0.01,0.00,0.51,0.00,0.70,0.00,0.00,0.87,0.67,0.0008,0.0065,     0,0,0,0.12,99.88,0.00,N/A,0.09,0.17,209.89,0.51,12.80,0.00,0.01,0.00,0.54,0.00,0.71,0.00,0.00,0.80,0.66,0.0009,0.0059,     0,0,0,0.14,99.86,0.00,N/A,0.11,0.21,209.89,0.54,13.54,0.00,0.01,0.00,0.60,0.00,0.85,0.00,0.00,0.79,0.51,0.0013,0.0070,     0,0,0,0.15,99.85,0.00,N/A,0.16,0.26,209.89,0.60,14.96,0.00,0.02,
2024-03-21,21:06:29.373,0.00,0.42,0.00,0.86,0.00,0.06,0.95,0.36,0.0006,0.0128,0.00,0.00,-2147483648,0.00,0.00,4.71,11.27,210.06,0.42,10.46,0.00,0.04,0.29,0.37,1.05,0.39,99.61,0.00,100.00,0.00,0.00,0.00,0.00,-nan,0.09,0.00,0.47,0.00,0.99,0.00,0.03,0.95,0.38,0.0005,0.0101,     0,0,0,0.00,0.00,-2147483648,0.00,0.00,N/A,3.04,6.50,210.06,0.47,11.70,0.00,0.05,0.00,0.35,0.00,0.74,0.00,0.03,0.95,0.34,0.0008,0.0178,     0,0,0,0.00,0.00,-2147483648,0.00,0.00,N/A,1.67,4.77,210.06,0.35,8.77,0.00,0.02,0.07,0.08,  0%,  0%,0.10,0.04,  0%,  0%,0.14,0.24,  0%,  0%,0.36,0.31,  0%,  0%,0.39,99.61,0.00,100.00,0.00,0.00,0.39,99.61,0.00,100.00,0.00,0.00,0.00,0.00,0.00 ,0.00 ,-nan ,-nan ,0.08,0.11,0.01,0.29,0.02,1.00,0.00,0.03,0.96,0.26,0.0009,0.0207,     0,0,0,2.31,97.69,0.00,N/A,1.39,4.86,210.06,0.29,7.17,0.01,0.17,0.00,1.29,0.00,1.00,0.00,0.00,0.65,0.73,0.0002,0.0007,     0,0,0,0.27,99.73,0.00,N/A,0.74,0.57,210.06,1.29,32.19,0.00,0.09,0.00,0.49,0.00,0.89,0.00,0.00,0.72,0.73,0.0010,0.0054,     0,0,0,0.05,99.95,0.00,N/A,0.05,0.10,210.06,0.49,12.27,0.00,0.01,0.00,0.41,0.00,1.00,0.00,0.00,0.87,0.72,0.0004,0.0049,     0,0,0,0.06,99.94,0.00,N/A,0.05,0.13,210.06,0.41,10.15,0.00,0.01,0.00,1.45,0.00,1.00,0.00,0.00,0.96,0.94,0.0000,0.0004,     0,0,0,0.17,99.83,0.00,N/A,0.52,0.36,210.06,1.45,36.32,0.00,0.06,0.00,0.51,0.00,1.00,0.00,0.00,0.89,0.72,0.0005,0.0053,     0,0,0,0.05,99.95,0.00,N/A,0.05,0.10,210.06,0.51,12.67,0.00,0.01,0.00,0.68,0.00,0.84,0.00,0.00,0.76,0.84,0.0003,0.0017,     0,0,0,0.18,99.82,0.00,N/A,0.22,0.32,210.06,0.68,17.12,0.00,0.03,0.00,0.33,0.00,1.00,0.00,0.00,0.93,0.85,0.0002,0.0030,     0,0,0,0.03,99.97,0.00,N/A,0.02,0.06,210.06,0.33,8.31,0.00,0.00,0.01,0.33,0.02,0.76,0.00,0.03,0.96,0.27,0.0008,0.0214,     0,0,0,2.49,97.51,0.00,N/A,1.29,3.98,210.06,0.33,8.14,0.01,0.15,0.00,0.44,0.00,0.65,0.00,0.00,0.67,0.76,0.0010,0.0046,     0,0,0,0.08,99.92,0.00,N/A,0.05,0.11,210.06,0.44,11.00,0.00,0.01,0.00,0.38,0.00,0.49,0.00,0.00,0.72,0.88,0.0005,0.0022,     0,0,0,0.05,99.95,0.00,N/A,0.02,0.05,210.06,0.38,9.53,0.00,0.00,0.00,0.44,0.00,0.68,0.00,0.00,0.86,0.74,0.0006,0.0049,     0,0,0,0.08,99.92,0.00,N/A,0.05,0.11,210.06,0.44,11.06,0.00,0.01,0.00,0.45,0.00,0.67,0.00,0.00,0.83,0.73,0.0008,0.0053,     0,0,0,0.08,99.92,0.00,N/A,0.05,0.11,210.06,0.45,11.19,0.00,0.01,0.00,0.45,0.00,0.64,0.00,0.00,0.83,0.70,0.0009,0.0056,     0,0,0,0.09,99.91,0.00,N/A,0.05,0.11,210.06,0.45,11.36,0.00,0.01,0.00,0.45,0.00,0.65,0.00,0.00,0.83,0.74,0.0007,0.0047,     0,0,0,0.08,99.92,0.00,N/A,0.05,0.10,210.06,0.45,11.29,0.00,0.01,0.00,0.59,0.00,0.65,0.00,0.00,0.78,0.56,0.0013,0.0068,     0,0,0,0.14,99.86,0.00,N/A,0.12,0.20,210.06,0.59,14.71,0.00,0.01,
2024-03-21,21:06:29.474,0.00,0.62,0.0.47,     0,0.12,209.93,0.45,11.32,0.00,0.01,0.00,0.40,0.00,0.46,0.00,0.00,0.59,0.83,0.0006,0.0033,     0,0,0,0.06,99.94,0.00,N/A,0.02,0.06,209.93,0.40,9.98,0.00,0.00,
2024-03-21,21:06:29.572,0.00,0.76,0.00,0.88,0.00,0.06,0.95,0.51,0.0003,0.0056,0.00,0.00,-2147483648,0.00,0.00,11.49,15.10,210.30,0.76,19.03,0.00,0.09,0.38,0.33,1.21,0.51,99.49,0.00,100.00,0.00,0.00,0.00,0.00,-nan,0.08,0.01,0.99,0.01,0.92,0.00,0.03,0.94,0.59,0.0002,0.0035,     0,0,0,0.00,0.00,-2147483648,0.00,0.00,N/A,9.72,9.85,210.30,0.99,24.65,0.01,0.14,0.00,0.34,0.00,0.80,0.00,0.03,0.95,0.35,0.0008,0.0171,     0,0,0,0.00,0.00,-2147483648,0.00,0.00,N/A,1.78,5.24,210.30,0.34,8.48,0.00,0.03,0.07,0.08,  0%,  0%,0.13,0.10,  0%,  0%,0.13,0.27,  0%,  0%,0.43,0.38,  0%,  0%,0.64,99.36,0.00,100.00,0.00,0.00,0.39,99.61,0.00,100.00,0.00,0.00,0.00,0.00,0.00 ,0.00 ,-nan ,-nan ,0.08,0.08,0.01,0.52,0.02,0.93,0.00,0.03,0.95,0.26,0.0005,0.0111,     0,0,0,2.65,97.35,0.00,N/A,2.69,5.16,210.30,0.52,13.01,0.01,0.32,0.00,1.56,0.00,0.97,0.00,0.00,0.50,0.83,0.0001,0.0002,     0,0,0,0.25,99.75,0.00,N/A,0.81,0.52,210.30,1.56,39.06,0.00,0.10,0.00,1.44,0.00,1.00,0.00,0.00,0.91,0.94,0.0000,0.0005,     0,0,0,0.14,99.86,0.00,N/A,0.43,0.30,210.30,1.44,35.93,0.00,0.05,0.00,0.46,0.00,0.72,0.00,0.00,0.94,0.90,0.0001,0.0016,     0,0,0,0.03,99.97,0.00,N/A,0.02,0.04,210.30,0.46,11.52,0.00,0.00,0.03,1.68,0.02,0.91,0.00,0.00,0.97,0.94,0.0000,0.0004,     0,0,0,1.68,98.32,0.00,N/A,5.38,3.21,210.30,1.68,41.97,0.03,0.64,0.00,0.54,0.00,0.95,0.00,0.00,0.88,0.64,0.0006,0.0064,     0,0,0,0.10,99.90,0.00,N/A,0.11,0.20,210.30,0.54,13.44,0.00,0.01,0.00,0.72,0.00,0.83,0.00,0.00,0.53,0.89,0.0004,0.0010,     0,0,0,0.14,99.86,0.00,N/A,0.17,0.24,210.30,0.72,18.12,0.00,0.02,0.00,0.58,0.00,0.95,0.00,0.00,0.74,0.61,0.0013,0.0066,     0,0,0,0.09,99.91,0.00,N/A,0.11,0.18,210.30,0.58,14.51,0.00,0.01,0.01,0.31,0.02,0.82,0.00,0.03,0.96,0.28,0.0008,0.0208,     0,0,0,2.50,97.50,0.00,N/A,1.34,4.32,210.30,0.31,7.75,0.01,0.16,0.00,0.45,0.00,0.71,0.00,0.00,0.54,0.75,0.0018,0.0046,     0,0,0,0.08,99.92,0.00,N/A,0.05,0.11,210.30,0.45,11.33,0.00,0.01,0.00,0.45,0.00,0.66,0.00,0.00,0.79,0.71,0.0007,0.0053,     0,0,0,0.08,99.92,0.00,N/A,0.05,0.11,210.30,0.45,11.30,0.00,0.01,0.00,0.38,0.00,0.47,0.00,0.00,0.72,0.92,0.0004,0.0014,     0,0,0,0.05,99.95,0.00,N/A,0.02,0.05,210.30,0.38,9.46,0.00,0.00,0.00,0.50,0.00,0.80,0.00,0.00,0.86,0.64,0.0008,0.0066,     0,0,0,0.13,99.87,0.00,N/A,0.11,0.22,210.30,0.50,12.57,0.00,0.01,0.00,0.48,0.00,0.81,0.00,0.00,0.86,0.61,0.0010,0.0072,     0,0,0,0.13,99.87,0.00,N/A,0.11,0.23,210.30,0.48,12.10,0.00,0.01,0.00,0.53,0.00,0.73,0.00,0.00,0.73,0.69,0.0012,0.0056,     0,0,0,0.09,99.91,0.00,N/A,0.08,0.15,210.30,0.53,13.17,0.00,0.01,0.00,0.37,0.00,0.49,0.00,0.00,0.81,0.90,0.0003,0.0018,     0,0,0,0.05,99.95,0.00,N/A,0.02,0.05,210.30,0.37,9.28,0.00,0.00,
2024-03-21,21:06:29.680,0.00,0.67,0.01,0.95,0.01,0.07,0.90,0.50,0.0006,0.0060,0.00,0.00,-2147483648,0.00,0.00,12.20,18.29,209.67,0.67,16.67,0.00,0.09,0.64,0.11,1.77,0.57,99.43,0.00,100.00,0.00,0.00,0.00,0.00,-nan,0.09,0.00,0.79,0.01,0.99,0.00,0.04,0.89,0.54,0.0005,0.0046,     0,0,0,0.00,0.00,-2147483648,0.00,0.00,N/A,8.03,10.18,209.67,0.79,19.71,0.00,0.12,0.00,0.51,0.00,0.90,0.00,0.04,0.91,0.45,0.0008,0.0088,     0,0,0,0.00,0.00,-2147483648,0.00,0.00,N/A,4.17,8.11,209.67,0.51,12.86,0.00,0.06,0.10,0.08,  0%,  0%,0.27,0.19,  0%,  0%,0.14,0.46,  0%,  0%,0.67,0.50,  0%,  0%,0.61,99.39,0.00,100.00,0.00,0.00,0.53,99.47,0.00,100.00,0.00,0.00,0.00,0.00,0.00 ,0.00 ,-nan ,-nan ,0.09,0.09,0.01,0.33,0.02,1.00,0.00,0.03,0.93,0.25,0.0014,0.0193,     0,0,0,2.37,97.63,0.00,N/A,1.61,4.96,209.67,0.33,8.13,0.01,0.19,0.00,1.04,0.00,0.98,0.00,0.00,0.66,0.80,0.0002,0.0007,     0,0,0,0.15,99.85,0.00,N/A,0.31,0.30,209.67,1.04,25.90,0.00,0.04,0.01,1.67,0.01,1.00,0.00,0.00,0.97,0.95,0.0000,0.0003,     0,0,0,0.63,99.37,0.00,N/A,2.19,1.31,209.67,1.67,41.81,0.01,0.26,0.00,0.42,0.00,0.92,0.00,0.00,0.77,0.66,0.0008,0.0070,     0,0,0,0.04,99.96,0.00,N/A,0.03,0.07,209.67,0.42,10.62,0.00,0.00,0.01,1.23,0.00,0.99,0.00,0.00,0.61,0.87,0.0003,0.0009,     0,0,0,0.48,99.52,0.00,N/A,1.23,1.00,209.67,1.23,30.74,0.01,0.15,0.00,0.51,0.00,0.92,0.00,0.00,0.87,0.70,0.0006,0.0057,     0,0,0,0.05,99.95,0.00,N/A,0.05,0.10,209.67,0.51,12.75,0.00,0.01,0.01,1.11,0.01,0.99,0.00,0.00,0.49,0.79,0.0005,0.0010,     0,0,0,1.08,98.92,0.00,N/A,2.49,2.25,209.67,1.11,27.77,0.01,0.30,0.00,0.54,0.00,1.00,0.00,0.00,0.75,0.59,0.0014,0.0068,     0,0,0,0.09,99.91,0.00,N/A,0.11,0.20,209.67,0.54,13.58,0.00,0.01,0.01,0.35,0.02,0.91,0.00,0.03,0.94,0.26,0.0010,0.0175,     0,0,0,2.55,97.45,0.00,N/A,1.70,4.89,209.67,0.35,8.67,0.01,0.20,0.00,0.34,0.00,0.78,0.00,0.00,0.27,0.69,0.0032,0.0053,     0,0,0,0.09,99.91,0.00,N/A,0.05,0.15,209.67,0.34,8.60,0.00,0.01,0.00,0.42,0.00,0.66,0.00,0.00,0.55,0.71,0.0018,0.0056,     0,0,0,0.09,99.91,0.00,N/A,0.05,0.13,209.67,0.42,10.62,0.00,0.01,0.00,0.85,0.01,0.99,0.00,0.00,0.87,0.74,0.0003,0.0034,     0,0,0,0.54,99.46,0.00,N/A,0.95,1.11,209.67,0.85,21.31,0.00,0.11,0.00,0.70,0.00,0.82,0.00,0.00,0.42,0.69,0.0013,0.0031,     0,0,0,0.28,99.72,0.00,N/A,0.37,0.52,209.67,0.70,17.51,0.00,0.04,0.00,0.88,0.01,0.92,0.00,0.00,0.80,0.76,0.0003,0.0019,     0,0,0,0.58,99.42,0.00,N/A,0.98,1.12,209.67,0.88,21.92,0.00,0.12,0.00,0.38,0.00,0.73,0.00,0.00,0.52,0.75,0.0016,0.0038,     0,0,0,0.09,99.91,0.00,N/A,0.05,0.14,209.67,0.38,9.40,0.00,0.01,0.00,0.44,0.00,0.60,0.00,0.00,0.82,0.79,0.0004,0.0040,     0,0,0,0.04,99.96,0.00,N/A,0.02,0.05,209.67,0.44,10.95,0.00,0.00,
2024-03-21,21:06:29.772,0.01,0.85,0.01,0.98,0.01,0.08,0.89,0.64,0.0004,0.0037,0.00,0.00,-2147483648,0.00,0.00,21.02,24.75,210.07,0.85,21.23,0.01,0.16,1.77,0.57,6.31,0.76,99.24,0.00,100.00,0.00,0.00,0.00,0.00,-nan,0.08,0.01,0.88,0.01,0.97,0.00,0.04,0.91,0.57,0.0003,0.0038,     0,0,0,0.00,0.00,-2147483648,0.00,0.00,N/A,9.70,11.00,210.07,0.88,22.04,0.01,0.14,0.01,0.82,0.01,0.99,0.00,0.04,0.88,0.68,0.0004,0.0037,     0,0,0,0.00,0.00,-2147483648,0.00,0.00,N/A,11.32,13.75,210.07,0.82,20.59,0.01,0.17,0.32,0.42,  0%,  0%,0.53,0.49,  0%,  0%,1.92,1.68,  1%,  1%,1.23,1.48,  1%,  1%,0.67,99.33,0.00,100.00,0.00,0.00,0.84,99.16,0.00,100.00,0.00,0.00,0.00,0.00,0.00 ,0.00 ,-nan ,-nan ,0.08,0.08,0.01,0.30,0.02,1.00,0.00,0.03,0.93,0.27,0.0013,0.0196,     0,0,0,2.38,97.62,0.00,N/A,1.50,4.99,210.07,0.30,7.49,0.01,0.18,0.01,1.52,0.01,0.99,0.00,0.00,0.33,0.71,0.0002,0.0003,     0,0,0,0.77,99.23,0.00,N/A,2.45,1.61,210.07,1.52,38.01,0.01,0.29,0.01,1.38,0.01,1.00,0.00,0.00,0.96,0.81,0.0001,0.0013,     0,0,0,0.67,99.33,0.00,N/A,1.94,1.40,210.07,1.38,34.48,0.01,0.23,0.02,1.58,0.01,0.90,0.00,0.00,0.90,0.91,0.0000,0.0006,     0,0,0,1.13,98.87,0.00,N/A,3.36,2.12,210.07,1.58,39.59,0.02,0.40,0.00,0.42,0.00,0.94,0.00,0.00,0.66,0.79,0.0008,0.0029,     0,0,0,0.10,99.90,0.00,N/A,0.08,0.19,210.07,0.42,10.41,0.00,0.01,0.00,0.49,0.00,1.00,0.00,0.00,0.76,0.64,0.0013,0.0069,     0,0,0,0.08,99.92,0.00,N/A,0.08,0.17,210.07,0.49,12.17,0.00,0.01,0.00,0.61,0.00,0.86,0.00,0.00,0.69,0.82,0.0005,0.0020,     0,0,0,0.16,99.84,0.00,N/A,0.18,0.30,210.07,0.61,15.35,0.00,0.02,0.00,0.50,0.00,0.95,0.00,0.00,0.39,0.61,0.0027,0.0062,     0,0,0,0.10,99.90,0.00,N/A,0.10,0.20,210.07,0.50,12.60,0.00,0.01,0.01,0.28,0.02,0.99,0.00,0.03,0.95,0.27,0.0010,0.0206,     0,0,0,2.30,97.70,0.00,N/A,1.37,4.81,210.07,0.28,7.11,0.01,0.16,0.01,1.22,0.01,0.99,0.00,0.00,0.63,0.88,0.0006,0.0015,     0,0,0,1.05,98.95,0.00,N/A,2.67,2.19,210.07,1.22,30.56,0.01,0.32,0.02,1.08,0.02,0.99,0.00,0.00,0.75,0.78,0.0002,0.0009,     0,0,0,1.73,98.27,0.00,N/A,3.90,3.61,210.07,1.08,26.98,0.02,0.46,0.00,0.40,0.00,0.94,0.00,0.00,0.62,0.66,0.0020,0.0071,     0,0,0,0.07,99.93,0.00,N/A,0.06,0.14,210.07,0.40,10.10,0.00,0.01,0.00,0.91,0.00,0.98,0.00,0.00,0.82,0.82,0.0003,0.0024,     0,0,0,0.37,99.63,0.00,N/A,0.64,0.70,210.07,0.91,22.73,0.00,0.08,0.01,1.23,0.01,0.99,0.00,0.00,0.74,0.89,0.0003,0.0013,     0,0,0,1.02,98.98,0.00,N/A,2.61,2.12,210.07,1.23,30.82,0.01,0.31,0.00,0.42,0.00,0.81,0.00,0.00,0.68,0.71,0.0014,0.0054,     0,0,0,0.08,99.92,0.00,N/A,0.05,0.13,210.07,0.42,10.52,0.00,0.01,0.00,0.45,0.00,0.67,0.00,0.00,0.78,0.82,0.0004,0.0038,     0,0,0,0.04,99.96,0.00,N/A,0.02,0.05,210.07,0.45,11.29,0.00,0.00,
2024-03-21,21:06:29.872,0.00,0.53,0.00,0.90,0.01,0.07,0.91,0.36,2024-0,0.01,0,0.00,0.00,-2147483648,0.00,0.00,7.81,14.64,209.90,0.53,13.34,0.00,0.06,1.11,0.61,1.79,0.48,99.52,0.00,100.00,0.00,0.00,0.00,0.00,-nan,0.08,0.00,0.64,0.00,0.99,0.00,0.03,0.91,0.36,0.0006,0.0065,     0,0,0,0.00,0.00,-2147483648,0.00,0.00,N/A,5.41,8.39,209.90,0.64,16.12,0.00,0.08,0.00,0.38,0.00,0.81,0.00,0.03,0.92,0.37,0.0011,0.0135,     0,0,0,0.00,0.00,-2147483648,0.00,0.00,N/A,2.41,6.26,209.90,0.38,9.62,0.00,0.04,0.43,0.21,  0%,  0%,0.22,0.25,  0%,  0%,0.36,0.50,  0%,  0%,0.54,0.38,  0%,  0%,0.51,99.49,0.00,100.00,0.00,0.00,0.46,99.54,0.00,100.00,0.00,0.00,0.00,0.00,0.00 ,0.00 ,-nan ,-nan ,0.09,0.08,0.01,0.31,0.02,1.00,0.00,0.03,0.93,0.27,0.0014,0.0188,     0,0,0,2.49,97.51,0.00,N/A,1.61,5.22,209.90,0.31,7.71,0.01,0.19,0.01,1.56,0.01,1.00,0.00,0.00,0.40,0.75,0.0001,0.0003,     0,0,0,0.77,99.23,0.00,N/A,2.52,1.62,209.90,1.56,38.91,0.01,0.30,0.00,1.16,0.00,0.95,0.00,0.00,0.94,0.29,0.0002,0.0034,     0,0,0,0.29,99.71,0.00,N/A,0.66,0.57,209.90,1.16,29.04,0.00,0.08,0.00,1.14,0.00,0.95,0.00,0.00,0.94,0.94,0.0000,0.0006,     0,0,0,0.07,99.93,0.00,N/A,0.16,0.14,209.90,1.14,28.46,0.00,0.02,0.00,0.41,0.00,0.96,0.00,0.00,0.77,0.75,0.0005,0.0035,     0,0,0,0.11,99.89,0.00,N/A,0.09,0.21,209.90,0.41,10.32,0.00,0.01,0.00,0.49,0.00,0.96,0.00,0.00,0.79,0.63,0.0011,0.0071,     0,0,0,0.09,99.91,0.00,N/A,0.08,0.17,209.90,0.49,12.13,0.00,0.01,0.00,0.72,0.00,0.88,0.00,0.00,0.67,0.94,0.0001,0.0005,     0,0,0,0.14,99.86,0.00,N/A,0.19,0.27,209.90,0.72,18.07,0.00,0.02,0.00,0.52,0.00,0.95,0.00,0.00,0.52,0.61,0.0022,0.0064,     0,0,0,0.09,99.91,0.00,N/A,0.10,0.19,209.90,0.52,13.06,0.00,0.01,0.01,0.31,0.02,0.81,0.00,0.03,0.96,0.28,0.0009,0.0209,     0,0,0,2.53,97.47,0.00,N/A,1.34,4.29,209.90,0.31,7.81,0.01,0.16,0.00,0.43,0.00,0.69,0.00,0.00,0.50,0.73,0.0022,0.0051,     0,0,0,0.08,99.92,0.00,N/A,0.05,0.11,209.90,0.43,10.66,0.00,0.01,0.00,0.43,0.00,0.51,0.00,0.00,0.87,0.81,0.0003,0.0038,     0,0,0,0.05,99.95,0.00,N/A,0.02,0.06,209.90,0.43,10.84,0.00,0.00,0.00,0.38,0.00,0.43,0.00,0.00,0.54,0.84,0.0008,0.0033,     0,0,0,0.07,99.93,0.00,N/A,0.02,0.06,209.90,0.38,9.56,0.00,0.00,0.00,0.72,0.00,0.92,0.00,0.00,0.68,0.63,0.0008,0.0035,     0,0,0,0.37,99.63,0.00,N/A,0.51,0.71,209.90,0.72,17.91,0.00,0.06,0.00,0.46,0.00,0.90,0.00,0.00,0.53,0.56,0.0022,0.0051,     0,0,0,0.44,99.56,0.00,N/A,0.39,0.84,209.90,0.46,11.53,0.00,0.05,0.00,0.40,0.00,0.69,0.00,0.00,0.76,0.71,0.0013,0.0059,     0,0,0,0.08,99.92,0.00,N/A,0.05,0.12,209.90,0.40,10.10,0.00,0.01,0.00,0.39,0.00,0.44,0.00,0.00,0.67,0.82,0.0007,0.0037,     0,0,0,0.07,99.93,0.00,N/A,0.02,0.06,209.90,0.39,9.66,0.00,0.00,
2024-03-21,21:06:29.973,0.00,0.68,0.00,0.91,0.00,0.06,0.93,0.50,0.0004,0.0059,0.00,0.00,-2147483648,0.00,0.00,10.94,15.99,210.11,0.68,17.11,0.00,0.08,0.72,0.80,1.92,0.53,99.47,0.00,100.00,0.00,0.00,0.00,0.00,-nan,0.09,0.01,0.85,0.01,1.00,0.00,0.04,0.92,0.58,0.0003,0.0038,     0,0,0,0.00,0.00,-2147483648,0.00,0.00,N/A,9.29,10.93,210.11,0.85,21.26,0.01,0.14,0.00,0.33,0.00,0.75,0.00,0.03,0.95,0.34,0.0009,0.0178,     0,0,0,0.00,0.00,-2147483648,0.00,0.00,N/A,1.65,5.06,210.11,0.33,8.14,0.00,0.02,0.21,0.38,  0%,  0%,0.10,0.03,  0%,  0%,0.73,0.83,  0%,  0%,0.22,0.14,  0%,  0%,0.65,99.35,0.00,100.00,0.00,0.00,0.40,99.60,0.00,100.00,0.00,0.00,0.00,0.00,0.00 ,0.00 ,-nan ,-nan ,0.09,0.09,0.01,0.31,0.03,1.00,0.00,0.03,0.93,0.27,0.0012,0.0187,     0,0,0,2.50,97.50,0.00,N/A,1.63,5.26,210.11,0.31,7.73,0.01,0.19,0.01,1.17,0.01,1.00,0.00,0.00,0.44,0.75,0.0002,0.0005,     0,0,0,0.81,99.19,0.00,N/A,2.00,1.71,210.11,1.17,29.31,0.01,0.24,0.00,0.44,0.00,1.00,0.00,0.00,1.00,0.90,0.0000,0.0020,     0,0,0,0.02,99.98,0.00,N/A,0.02,0.04,210.11,0.44,11.00,0.00,0.00,0.02,1.67,0.01,1.00,0.00,0.00,0.97,0.93,0.0000,0.0004,     0,0,0,1.47,98.53,0.00,N/A,5.19,3.10,210.11,1.67,41.80,0.02,0.61,0.00,0.52,0.00,1.00,0.00,0.00,0.79,0.74,0.0009,0.0056,     0,0,0,0.05,99.95,0.00,N/A,0.06,0.11,210.11,0.52,12.99,0.00,0.01,0.00,0.48,0.00,0.90,0.00,0.00,0.86,0.66,0.0007,0.0063,     0,0,0,0.09,99.91,0.00,N/A,0.08,0.17,210.11,0.48,12.06,0.00,0.01,0.00,0.62,0.00,1.00,0.00,0.00,0.62,0.91,0.0002,0.0009,     0,0,0,0.16,99.84,0.00,N/A,0.21,0.34,210.11,0.62,15.60,0.00,0.03,0.00,0.54,0.00,0.98,0.00,0.00,0.73,0.62,0.0014,0.0065,     0,0,0,0.09,99.91,0.00,N/A,0.11,0.20,210.11,0.54,13.39,0.00,0.01,0.01,0.31,0.02,0.79,0.00,0.03,0.96,0.28,0.0009,0.0208,     0,0,0,2.59,97.41,0.00,N/A,1.34,4.33,210.11,0.31,7.72,0.01,0.16,0.00,0.45,0.00,0.45,0.00,0.00,0.67,0.80,0.0011,0.0039,     0,0,0,0.10,99.90,0.00,N/A,0.04,0.10,210.11,0.45,11.33,0.00,0.01,0.00,0.36,0.00,0.56,0.00,0.00,0.70,0.87,0.0005,0.0024,     0,0,0,0.05,99.95,0.00,N/A,0.02,0.06,210.11,0.36,9.02,0.00,0.00,0.00,0.34,0.00,0.53,0.00,0.00,0.75,0.93,0.0003,0.0013,     0,0,0,0.05,99.95,0.00,N/A,0.02,0.06,210.11,0.34,8.51,0.00,0.00,0.00,0.45,0.00,0.71,0.00,0.00,0.77,0.67,0.0014,0.0063,     0,0,0,0.12,99.88,0.00,N/A,0.08,0.18,210.11,0.45,11.22,0.00,0.01,0.00,0.46,0.00,0.75,0.00,0.00,0.82,0.68,0.0010,0.0059,     0,0,0,0.12,99.88,0.00,N/A,0.08,0.18,210.11,0.46,11.45,0.00,0.01,0.00,0.44,0.00,0.46,0.00,0.00,0.79,0.81,0.0007,0.0037,     0,0,0,0.10,99.90,0.00,N/A,0.04,0.10,210.11,0.44,11.03,0.00,0.01,0.00,0.34,0.00,0.45,0.00,0.00,0.80,0.89,0.0004,0.0020,     0,0,0,0.06,99.94,0.00,N/A,0.02,0.06,210.11,0.34,8.39,0.00,0.00,
2024-03-21,21:06:30.074,0.01,0.95,0.01,0.90,0.00,0.07,0.94,0.61,0.0002,0.0035,0.00,0.00,-2147483648,0.00,0.00,18.62,19.69,210.50,0.95,23.63,0.01,0.14,0.52,0.37,1.39,0.65,99.35,0.00,100.00,0.00,0.00,0.00,0.00,-nan,0.09,0.01,1.14,0.01,0.97,0.00,0.04,0.93,0.71,0.0001,0.0021,     0,0,0,0.00,0.00,-2147483648,0.00,0.00,N/A,16.95,14.82,210.50,1.14,28.58,0.01,0.25,0.00,0.34,0.00,0.75,0.00,0.03,0.95,0.34,0.0008,0.0179,     0,0,0,0.00,0.00,-2147483648,0.00,0.00,N/A,1.67,4.87,210.50,0.34,8.56,0.00,0.02,0.17,0.22,  0%,  0%,0.10,0.03,  0%,  0%,0.38,0.59,  0%,  0%,0.24,0.18,  0%,  0%,0.91,99.09,0.00,100.00,0.00,0.00,0.39,99.61,0.00,100.00,0.00,0.00,0.00,0.00,0.00 ,0.00 ,-nan ,-nan ,0.09,0.09,0.01,0.48,0.03,0.96,0.00,0.03,0.94,0.26,0.0007,0.0109,     0,0,0,2.86,97.14,0.00,N/A,2.76,5.77,210.50,0.48,11.97,0.01,0.33,0.01,1.54,0.00,0.99,0.00,0.00,0.49,0.74,0.0001,0.0003,     0,0,0,0.46,99.54,0.00,N/A,1.48,0.96,210.50,1.54,38.47,0.01,0.18,0.00,0.81,0.00,1.00,0.00,0.00,0.81,0.89,0.0003,0.0017,     0,0,0,0.13,99.87,0.00,N/A,0.21,0.26,210.50,0.81,20.33,0.00,0.03,0.06,1.72,0.03,0.97,0.00,0.00,0.98,0.95,0.0000,0.0003,     0,0,0,3.41,96.59,0.00,N/A,12.03,7.01,210.50,1.72,42.90,0.06,1.42,0.00,0.46,0.00,1.00,0.00,0.00,0.90,0.75,0.0003,0.0049,     0,0,0,0.05,99.95,0.00,N/A,0.05,0.11,210.50,0.46,11.51,0.00,0.01,0.00,0.49,0.00,1.00,0.00,0.00,0.75,0.65,0.0012,0.0063,     0,0,0,0.10,99.90,0.00,N/A,0.10,0.22,210.50,0.49,12.16,0.00,0.01,0.00,0.64,0.00,0.97,0.00,0.00,0.82,0.89,0.0002,0.0011,     0,0,0,0.16,99.84,0.00,N/A,0.21,0.33,210.50,0.64,15.96,0.00,0.02,0.00,0.62,0.00,0.95,0.00,0.00,0.75,0.61,0.0013,0.0065,     0,0,0,0.08,99.92,0.00,N/A,0.10,0.17,210.50,0.62,15.47,0.00,0.01,0.01,0.32,0.02,0.80,0.00,0.03,0.96,0.27,0.0008,0.0213,     0,0,0,2.44,97.56,0.00,N/A,1.31,4.12,210.50,0.32,7.97,0.01,0.16,0.00,0.45,0.00,0.70,0.00,0.00,0.56,0.74,0.0016,0.0052,     0,0,0,0.08,99.92,0.00,N/A,0.05,0.12,210.50,0.45,11.30,0.00,0.01,0.00,0.42,0.00,0.53,0.00,0.00,0.78,0.89,0.0004,0.0020,     0,0,0,0.05,99.95,0.00,N/A,0.02,0.05,210.50,0.42,10.48,0.00,0.00,0.00,0.53,0.00,0.47,0.00,0.00,0.89,0.70,0.0006,0.0059,     0,0,0,0.09,99.91,0.00,N/A,0.05,0.09,210.50,0.53,13.20,0.00,0.01,0.00,0.51,0.00,0.53,0.00,0.00,0.82,0.70,0.0009,0.0058,     0,0,0,0.14,99.86,0.00,N/A,0.08,0.16,210.50,0.51,12.69,0.00,0.01,0.00,0.48,0.00,0.53,0.00,0.00,0.78,0.64,0.0014,0.0070,     0,0,0,0.15,99.85,0.00,N/A,0.08,0.16,210.50,0.48,12.11,0.00,0.01,0.00,0.46,0.00,0.69,0.00,0.00,0.86,0.73,0.0006,0.0054,     0,0,0,0.08,99.92,0.00,N/A,0.05,0.12,210.50,0.46,11.61,0.00,0.01,0.00,0.35,0.00,0.46,0.00,0.00,0.83,0.89,0.0003,0.0019,     0,0,0,0.06,99.94,0.00,N/A,0.02,0.06,210.50,0.35,8.86,0.00,0.00,
2024-03-21,21:06:30.174,0.00,0.59,0.00,0.87,0.00,0.06,0.94,0.41,0.0005,0.0086,0.00,0.00,-2147483648,0.00,0.00,7.31,12.35,211.31,0.59,14.80,0.00,0.05,1.13,1.80,1.18,0.42,99.58,0.00,100.00,0.00,0.00,0.00,0.00,-nan,0.08,0.00,0.74,0.00,1.00,0.00,0.03,0.92,0.46,0.0004,0.0059,     0,0,0,0.00,0.00,-214748360.01,0.99,   N/A,5.71,7.73,211.31,0.74,18.46,0.00,0.08,0.00,0.35,0.00,0.72,0.00,0.03,0.96,0.34,0.0008,0.0182,     0,0,0,0.00,0.00,-2147483648,0.00,0.00,N/A,1.60,4.61,211.31,0.35,8.65,0.00,0.02,0.87,0.12,  0%,  0%,0.10,0.04,  0%,  0%,0.25,0.48,  0%,  0%,0.26,0.19,  0%,  0%,0.46,99.54,0.00,100.00,0.00,0.00,0.38,99.62,0.00,100.00,0.00,0.00,0.00,0.00,0.00 ,0.00 ,-nan ,-nan ,0.08,0.09,0.01,0.35,0.02,1.00,0.00,0.03,0.93,0.27,0.0013,0.0188,     0,0,0,2.24,97.76,0.00,N/A,1.64,4.74,211.31,0.35,8.68,0.01,0.19,0.01,1.61,0.01,1.00,0.00,0.00,0.49,0.80,0.0001,0.0002,     0,0,0,0.57,99.43,0.00,N/A,1.93,1.20,211.31,1.61,40.21,0.01,0.23,0.00,0.49,0.00,0.84,0.00,0.00,0.94,0.88,0.0001,0.0021,     0,0,0,0.02,99.98,0.00,N/A,0.02,0.04,211.31,0.49,12.36,0.00,0.00,0.01,1.52,0.01,1.00,0.00,0.00,0.88,0.91,0.0001,0.0006,     0,0,0,0.54,99.46,0.00,N/A,1.72,1.13,211.31,1.52,38.05,0.01,0.20,0.00,0.54,0.00,1.00,0.00,0.00,0.93,0.74,0.0003,0.0054,     0,0,0,0.05,99.95,0.00,N/A,0.05,0.10,211.31,0.54,13.39,0.00,0.01,0.00,0.52,0.00,0.92,0.00,0.00,0.85,0.70,0.0007,0.0059,     0,0,0,0.05,99.95,0.00,N/A,0.05,0.10,211.31,0.52,13.00,0.00,0.01,0.00,0.72,0.00,1.00,0.00,0.00,0.68,0.94,0.0001,0.0005,     0,0,0,0.12,99.88,0.00,N/A,0.19,0.26,211.31,0.72,17.88,0.00,0.02,0.00,0.62,0.00,0.96,0.00,0.00,0.76,0.63,0.0011,0.0064,     0,0,0,0.09,99.91,0.00,N/A,0.11,0.17,211.31,0.62,15.54,0.00,0.01,0.01,0.33,0.02,0.73,0.00,0.03,0.96,0.28,0.0008,0.0210,     0,0,0,2.59,97.41,0.00,N/A,1.33,4.01,211.31,0.33,8.27,0.01,0.16,0.00,0.46,0.00,0.71,0.00,0.00,0.47,0.77,0.0020,0.0042,     0,0,0,0.07,99.93,0.00,N/A,0.05,0.11,211.31,0.46,11.44,0.00,0.01,0.00,0.43,0.00,0.59,0.00,0.00,0.67,0.92,0.0004,0.0017,     0,0,0,0.05,99.95,0.00,N/A,0.02,0.06,211.31,0.43,10.69,0.00,0.00,0.00,0.38,0.00,0.49,0.00,0.00,0.91,0.90,0.0002,0.0018,     0,0,0,0.05,99.95,0.00,N/A,0.02,0.05,211.31,0.38,9.58,0.00,0.00,0.00,0.47,0.00,0.63,0.00,0.00,0.80,0.75,0.0008,0.0047,     0,0,0,0.08,99.92,0.00,N/A,0.05,0.11,211.31,0.47,11.76,0.00,0.01,0.00,0.47,0.00,0.62,0.00,0.00,0.80,0.71,0.0009,0.0058,     0,0,0,0.09,99.91,0.00,N/A,0.06,0.12,211.31,0.47,11.78,0.00,0.01,0.00,0.46,0.00,0.71,0.00,0.00,0.83,0.75,0.0008,0.0050,     0,0,0,0.07,99.93,0.00,N/A,0.05,0.11,211.31,0.46,11.55,0.00,0.01,0.00,0.36,0.00,0.55,0.00,0.00,0.88,0.92,0.0002,0.0014,     0,0,0,0.05,99.95,0.00,N/A,0.02,0.05,211.31,0.36,9.02,0.00,0.00,
2024-03-21,21:06:30.273,0.00,0.84,0.00,0.90,0.00,0.07,0.95,0.56,0.0003,0.0049,0.00,0.00,-2147483648,0.00,0.00,13.76,16.44,208.40,0.84,20.93,0.00,0.10,0.59,0.47,1.14,0.55,99.45,0.00,100.00,0.00,0.00,0.00,0.00,-nan,0.08,0.01,1.04,0.01,1.00,0.00,0.04,0.94,0.65,0.0002,0.0030,     0,0,0,0.00,0.00,-2147483648,0.00,0.00,N/A,12.05,11.57,208.40,1.04,26.05,0.01,0.18,0.00,0.35,0.00,0.74,0.00,0.03,0.95,0.34,0.0008,0.0177,     0,0,0,0.00,0.00,-2147483648,0.00,0.00,N/A,1.71,4.87,208.40,0.35,8.76,0.00,0.03,0.30,0.16,  0%,  0%,0.09,0.03,  0%,  0%,0.30,0.44,  0%,  0%,0.25,0.16,  0%,  0%,0.69,99.31,0.00,100.00,0.00,0.00,0.40,99.60,0.00,100.00,0.00,0.00,0.00,0.00,0.00 ,0.00 ,-nan ,-nan ,0.08,0.08,0.01,0.33,0.02,1.00,0.00,0.03,0.94,0.27,0.0011,0.0194,     0,0,0,2.22,97.78,0.00,N/A,1.53,4.63,208.40,0.33,8.27,0.01,0.18,0.00,1.28,0.00,1.00,0.00,0.00,0.60,0.73,0.0002,0.0008,     0,0,0,0.21,99.79,0.00,N/A,0.57,0.44,208.40,1.28,32.11,0.00,0.07,0.00,0.50,0.00,1.00,0.00,0.00,0.95,0.92,0.0001,0.0014,     0,0,0,0.02,99.98,0.00,N/A,0.02,0.04,208.40,0.50,12.40,0.00,0.00,0.05,1.67,0.03,1.00,0.00,0.00,0.98,0.92,0.0000,0.0005,     0,0,0,2.74,97.26,0.00,N/A,9.50,5.68,208.40,1.67,41.78,0.05,1.14,0.00,0.51,0.00,1.00,0.00,0.00,0.92,0.72,0.0003,0.0057,     0,0,0,0.05,99.95,0.00,N/A,0.06,0.11,208.40,0.51,12.69,0.00,0.01,0.00,0.51,0.00,1.00,0.00,0.00,0.86,0.68,0.0005,0.0055,     0,0,0,0.06,99.94,0.00,N/A,0.07,0.13,208.40,0.51,12.69,0.00,0.01,0.00,0.57,0.00,1.00,0.00,0.00,0.77,0.84,0.0003,0.0015,     0,0,0,0.18,99.82,0.00,N/A,0.21,0.37,208.40,0.57,14.22,0.00,0.03,0.00,0.64,0.00,1.00,0.00,0.00,0.76,0.60,0.0012,0.0066,     0,0,0,0.08,99.92,0.00,N/A,0.10,0.16,208.40,0.64,15.91,0.00,0.01,0.01,0.33,0.02,0.75,0.00,0.03,0.96,0.27,0.0008,0.0216,     0,0,0,2.51,97.49,0.00,N/A,1.30,3.93,208.40,0.33,8.27,0.01,0.16,0.00,0.43,0.00,0.61,0.00,0.00,0.58,0.75,0.0016,0.0046,     0,0,0,0.09,99.91,0.00,N/A,0.05,0.11,208.40,0.43,10.83,0.00,0.01,0.00,0.45,0.00,0.67,0.00,0.00,0.66,0.74,0.0009,0.0046,     0,0,0,0.08,99.92,0.00,N/A,0.05,0.11,208.40,0.45,11.28,0.00,0.01,0.00,0.45,0.00,0.61,0.00,0.00,0.88,0.73,0.0005,0.0051,     0,0,0,0.09,99.91,0.00,N/A,0.05,0.12,208.40,0.45,11.29,0.00,0.01,0.00,0.48,0.00,0.68,0.00,0.00,0.83,0.76,0.0007,0.0046,     0,0,0,0.07,99.93,0.00,N/A,0.05,0.10,208.40,0.48,11.92,0.00,0.01,0.00,0.43,0.00,0.68,0.00,0.00,0.81,0.73,0.0009,0.0052,     0,0,0,0.08,99.92,0.00,N/A,0.05,0.11,208.40,0.43,10.85,0.00,0.01,0.00,0.46,0.00,0.59,0.00,0.00,0.85,0.75,0.0006,0.0048,     0,0,0,0.09,99.91,0.00,N/A,0.05,0.11,208.40,0.46,11.51,0.00,0.01,0.00,0.39,0.00,0.84,0.00,0.00,0.85,0.57,0.0008,0.0062,     0,0,0,0.15,99.85,0.00,N/A,0.10,0.27,208.40,0.39,9.72,0.00,0.01,
2024-03-21,21:06:30.372,0.00,0.65,0.00,0.90,0.00,0.06,0.94,0.49,0.0004,0.0063,0.00,0.00,-2147483648,0.00,0.00,10.09,15.46,209.78,0.65,16.31,0.00,0.08,0.59,0.91,1.85,0.51,99.49,0.00,100.00,0.00,0.00,0.00,0.00,-nan,0.08,0.00,0.82,0.01,1.00,0.00,0.03,0.93,0.58,0.0003,0.0040,     0,0,0,0.00,0.00,-2147483648,0.00,0.00,N/A,8.39,10.26,209.78,0.82,20.44,0.00,0.12,0.00,0.33,0.00,0.76,0.00,0.03,0.95,0.33,0.0009,0.0178,     0,0,0,0.00,0.00,-2147483648,0.00,0.00,N/A,1.70,5.20,209.78,0.33,8.18,0.00,0.03,0.18,0.29,  0%,  0%,0.09,0.03,  0%,  0%,0.71,0.79,  0%,  0%,0.20,0.15,  0%,  0%,0.61,99.39,0.00,100.00,0.00,0.00,0.41,99.59,0.00,100.00,0.00,0.00,0.00,0.00,0.00 ,0.00 ,-nan ,-nan ,0.08,0.08,0.01,0.28,0.03,1.00,0.00,0.03,0.94,0.27,0.0011,0.0192,     0,0,0,2.54,97.46,0.00,N/A,1.51,5.32,209.78,0.28,7.09,0.01,0.18,0.01,1.54,0.01,1.00,0.00,0.00,0.45,0.69,0.0001,0.0004,     0,0,0,0.55,99.45,0.00,N/A,1.78,1.16,209.78,1.54,38.38,0.01,0.21,0.00,0.87,0.00,1.00,0.00,0.00,0.84,0.90,0.0002,0.0015,     0,0,0,0.12,99.88,0.00,N/A,0.22,0.25,209.78,0.87,21.66,0.00,0.03,0.02,1.62,0.01,1.00,0.00,0.00,0.90,0.93,0.0000,0.0004,     0,0,0,1.30,98.70,0.00,N/A,4.41,2.72,209.78,1.62,40.53,0.02,0.53,0.00,0.51,0.00,1.00,0.00,0.00,0.95,0.72,0.0002,0.0058,     0,0,0,0.05,99.95,0.00,N/A,0.06,0.11,209.78,0.51,12.74,0.00,0.01,0.00,0.57,0.00,1.00,0.00,0.00,0.90,0.74,0.0004,0.0050,     0,0,0,0.04,99.96,0.00,N/A,0.05,0.09,209.78,0.57,14.18,0.00,0.01,0.00,0.58,0.00,1.00,0.00,0.00,0.77,0.77,0.0005,0.0027,     0,0,0,0.21,99.79,0.00,N/A,0.25,0.44,209.78,0.58,14.53,0.00,0.03,0.00,0.61,0.00,1.00,0.00,0.00,0.79,0.59,0.0010,0.0065,     0,0,0,0.08,99.92,0.00,N/A,0.10,0.16,209.78,0.61,15.21,0.00,0.01,0.01,0.30,0.02,0.80,0.00,0.03,0.96,0.27,0.0009,0.0210,     0,0,0,2.64,97.36,0.00,N/A,1.35,4.43,209.78,0.30,7.61,0.01,0.16,0.00,0.43,0.00,0.64,0.00,0.00,0.55,0.72,0.0020,0.0053,     0,0,0,0.08,99.92,0.00,N/A,0.05,0.11,209.78,0.43,10.82,0.00,0.01,0.00,0.42,0.00,0.43,0.00,0.00,0.92,0.80,0.0002,0.0040,     0,0,0,0.07,99.93,0.00,N/A,0.03,0.06,209.78,0.42,10.41,0.00,0.00,0.00,0.47,0.00,0.70,0.00,0.00,0.83,0.63,0.0010,0.0066,     0,0,0,0.12,99.88,0.00,N/A,0.09,0.18,209.78,0.47,11.73,0.00,0.01,0.00,0.45,0.00,0.60,0.00,0.00,0.84,0.70,0.0008,0.0057,     0,0,0,0.09,99.91,0.00,N/A,0.05,0.11,209.78,0.45,11.20,0.00,0.01,0.00,0.48,0.00,0.57,0.00,0.00,0.78,0.69,0.0011,0.0061,     0,0,0,0.11,99.89,0.00,N/A,0.06,0.13,209.78,0.48,11.94,0.00,0.01,0.00,0.52,0.00,0.59,0.00,0.00,0.85,0.74,0.0006,0.0049,     0,0,0,0.10,99.90,0.00,N/A,0.06,0.12,209.78,0.52,12.96,0.00,0.01,0.00,0.36,0.00,0.54,0.00,0.00,0.72,0.87,0.0005,0.0024,     0,0,0,0.05,99.95,0.00,N/A,0.02,0.05,209.78,0.36,8.97,0.00,0.00,
2024-03-21,21:06:30.473,0.00,0.88,0.01,0.92,0.00,0.07,0.94,0.59,0.0002,0.0041,0.00,0.00,-2147483648,0.00,0.00,16.16,18.35,209.96,0.88,22.01,0.00,0.12,0.43,0.35,1.28,0.59,99.41,0.00,100.00,0.00,0.00,0.00,0.00,-nan,0.08,0.01,1.09,0.01,1.00,0.00,0.04,0.93,0.69,0.0002,0.0025,     0,0,0,0.00,0.00,-2147483648,0.00,0.00,N/A,14.47,13.26,209.96,1.09,27.30,0.01,0.22,0.00,0.33,0.00,0.76,0.00,0.03,0.95,0.33,0.0009,0.0179,     0,0,0,0.00,0.00,-2147483648,0.00,0.00,N/A,1.68,5.09,209.96,0.33,8.26,0.00,0.03,0.11,0.13,  0%,  0%,0.13,0.07,  0%,  0%,04.79,209.82,    0%,0.31,0.26,  0%,  0%,0.79,99.21,0.00,100.00,0.00,0.00,0.40,99.60,0.00,100.00,0.00,0.00,0.00,0.00,0.00 ,0.00 ,-nan ,-nan ,0.08,0.08,0.01,0.30,0.02,1.00,0.00,0.03,0.95,0.27,0.0011,0.0199,     0,0,0,2.30,97.70,0.00,N/A,1.47,4.83,209.96,0.30,7.59,0.01,0.17,0.00,1.15,0.00,1.00,0.00,0.00,0.49,0.58,0.0005,0.0015,     0,0,0,0.41,99.59,0.00,N/A,0.98,0.85,209.96,1.15,28.69,0.00,0.12,0.03,1.71,0.02,1.00,0.00,0.00,0.95,0.94,0.0000,0.0004,     0,0,0,1.63,98.37,0.00,N/A,5.89,3.44,209.96,1.71,42.77,0.03,0.70,0.03,1.69,0.02,1.00,0.00,0.00,0.95,0.95,0.0000,0.0003,     0,0,0,1.61,98.39,0.00,N/A,5.70,3.37,209.96,1.69,42.20,0.03,0.68,0.00,0.52,0.00,1.00,0.00,0.00,0.90,0.72,0.0003,0.0056,     0,0,0,0.05,99.95,0.00,N/A,0.05,0.10,209.96,0.52,12.92,0.00,0.01,0.00,0.47,0.00,1.00,0.00,0.00,0.91,0.72,0.0004,0.0055,     0,0,0,0.05,99.95,0.00,N/A,0.05,0.11,209.96,0.47,11.68,0.00,0.01,0.00,0.63,0.00,1.00,0.00,0.00,0.82,0.78,0.0003,0.0026,     0,0,0,0.18,99.82,0.00,N/A,0.24,0.38,209.96,0.63,15.74,0.00,0.03,0.00,0.61,0.00,1.00,0.00,0.00,0.75,0.60,0.0012,0.0064,     0,0,0,0.08,99.92,0.00,N/A,0.10,0.17,209.96,0.61,15.25,0.00,0.01,0.01,0.31,0.02,0.81,0.00,0.03,0.96,0.27,0.0009,0.0211,     0,0,0,2.56,97.44,0.00,N/A,1.35,4.36,209.96,0.31,7.72,0.01,0.16,0.00,0.45,0.00,0.71,0.00,0.00,0.56,0.73,0.0018,0.0049,     0,0,0,0.07,99.93,0.00,N/A,0.05,0.11,209.96,0.45,11.28,0.00,0.01,0.00,0.39,0.00,0.48,0.00,0.00,0.87,0.89,0.0002,0.0022,     0,0,0,0.06,99.94,0.00,N/A,0.02,0.06,209.96,0.39,9.76,0.00,0.00,0.00,0.47,0.00,0.83,0.00,0.00,0.88,0.65,0.0007,0.0065,     0,0,0,0.10,99.90,0.00,N/A,0.08,0.17,209.96,0.47,11.79,0.00,0.01,0.00,0.49,0.00,0.45,0.00,0.00,0.76,0.71,0.0012,0.0056,     0,0,0,0.10,99.90,0.00,N/A,0.05,0.10,209.96,0.49,12.36,0.00,0.01,0.00,0.48,0.00,0.44,0.00,0.00,0.81,0.70,0.0010,0.0059,     0,0,0,0.12,99.88,0.00,N/A,0.06,0.11,209.96,0.48,12.11,0.00,0.01,0.00,0.50,0.00,0.63,0.00,0.00,0.80,0.76,0.0007,0.0043,     0,0,0,0.09,99.91,0.00,N/A,0.06,0.12,209.96,0.50,12.48,0.00,0.01,0.00,0.35,0.00,0.46,0.00,0.00,0.99,0.81,0.0000,0.0038,     0,0,0,0.07,99.93,0.00,N/A,0.02,0.07,209.96,0.35,8.84,0.00,0.00,
2024-03-21,21:06:30.573,0.00,0.64,0.00,0.93,0.00,0.06,0.94,0.47,0.0004,0.0069,0.00,0.00,-2147483648,0.00,0.00,9.27,14.59,210.52,0.64,15.89,0.00,0.07,0.68,0.42,1.55,0.47,99.53,0.00,100.00,0.00,0.00,0.00,0.00,-nan,0.09,0.00,0.80,0.01,1.00,0.00,0.03,0.93,0.56,0.0003,0.0045,     0,0,0,0.00,0.00,-2147483648,0.00,0.00,N/A,7.61,9.52,210.52,0.80,19.98,0.00,0.11,0.00,0.33,0.00,0.81,0.00,0.03,0.95,0.33,0.0009,0.0181,     0,0,0,0.00,0.00,-2147483648,0.00,0.00,N/A,1.66,5.07,210.52,0.33,8.20,0.00,0.02,0.07,0.14,  0%,  0%,0.36,0.11,  0%,  0%,0.21,0.31,  0%,  0%,0.57,0.46,  0%,  0%,0.57,99.43,0.00,100.00,0.00,0.00,0.37,99.63,0.00,100.00,0.00,0.00,0.00,0.00,0.00 ,0.00 ,-nan ,-nan ,0.09,0.09,0.01,0.29,0.02,1.00,0.00,0.03,0.94,0.27,0.0011,0.0193,     0,0,0,2.44,97.56,0.00,N/A,1.50,5.13,210.52,0.29,7.32,0.01,0.18,0.01,1.38,0.00,1.00,0.00,0.00,0.58,0.70,0.0002,0.0007,     0,0,0,0.38,99.62,0.00,N/A,1.10,0.80,210.52,1.38,34.52,0.01,0.13,0.02,1.68,0.01,1.00,0.00,0.00,0.99,0.91,0.0000,0.0005,     0,0,0,1.28,98.72,0.00,N/A,4.50,2.67,210.52,1.68,42.05,0.02,0.54,0.00,0.47,0.00,1.00,0.00,0.00,0.77,0.66,0.0014,0.0068,     0,0,0,0.06,99.94,0.00,N/A,0.06,0.13,210.52,0.47,11.76,0.00,0.01,0.00,0.46,0.00,1.00,0.00,0.00,0.92,0.73,0.0003,0.0054,     0,0,0,0.07,99.93,0.00,N/A,0.07,0.14,210.52,0.46,11.51,0.00,0.01,0.00,0.55,0.00,1.00,0.00,0.00,0.94,0.70,0.0003,0.0055,     0,0,0,0.04,99.96,0.00,N/A,0.05,0.09,210.52,0.55,13.71,0.00,0.01,0.00,0.60,0.00,1.00,0.00,0.00,0.73,0.79,0.0005,0.0023,     0,0,0,0.17,99.83,0.00,N/A,0.22,0.36,210.52,0.60,14.99,0.00,0.03,0.00,0.60,0.00,1.00,0.00,0.00,0.70,0.59,0.0017,0.0070,     0,0,0,0.09,99.91,0.00,N/A,0.12,0.19,210.52,0.60,15.00,0.00,0.01,0.01,0.31,0.02,0.85,0.00,0.03,0.96,0.27,0.0009,0.0210,     0,0,0,2.47,97.53,0.00,N/A,1.36,4.40,210.52,0.31,7.71,0.01,0.16,0.00,0.44,0.00,0.71,0.00,0.00,0.52,0.73,0.0020,0.0049,     0,0,0,0.08,99.92,0.00,N/A,0.05,0.11,210.52,0.44,11.09,0.00,0.01,0.00,0.37,0.00,0.47,0.00,0.00,0.79,0.90,0.0003,0.0019,     0,0,0,0.06,99.94,0.00,N/A,0.02,0.05,210.52,0.37,9.34,0.00,0.00,0.00,0.44,0.00,0.64,0.00,0.00,0.84,0.71,0.0008,0.0056,     0,0,0,0.08,99.92,0.00,N/A,0.05,0.11,210.52,0.44,11.06,0.00,0.01,0.00,0.51,0.00,0.74,0.00,0.00,0.86,0.72,0.0006,0.0054,     0,0,0,0.07,99.93,0.00,N/A,0.05,0.10,210.52,0.51,12.69,0.00,0.01,0.00,0.47,0.00,0.74,0.00,0.00,0.81,0.69,0.0010,0.0057,     0,0,0,0.07,99.93,0.00,N/A,0.05,0.11,210.52,0.47,11.68,0.00,0.01,0.00,0.52,0.00,0.64,0.00,0.00,0.81,0.76,0.0007,0.0044,     0,0,0,0.09,99.91,0.00,N/A,0.06,0.12,210.52,0.52,12.94,0.00,0.01,0.00,0.34,0.00,0.47,0.00,0.00,0.84,0.89,0.0003,0.0020,     0,0,0,0.06,99.94,0.00,N/A,0.02,0.06,210.52,0.34,8.59,0.00,0.00,
2024-03-21,21:06:30.672,0.00,0.75,0.00,0.91,0.00,0.07,0.94,0.49,0.0003,0.0055,0.00,0.00,-2147483648,0.00,0.00,12.26,16.27,209.46,0.75,18.84,0.00,0.09,0.54,0.35,2.92,0.53,99.47,0.00,100.00,0.00,0.00,0.00,0.00,-nan,0.09,0.01,0.89,0.01,1.00,0.00,0.04,0.93,0.58,0.0002,0.0039,     0,0,0,0.00,0.00,-2147483648,0.00,0.00,N/A,9.38,10.48,209.46,0.89,22.37,0.01,0.14,0.00,0.50,0.00,0.79,0.00,0.03,0.95,0.34,0.0005,0.0107,     0,0,0,0.00,0.00,-2147483648,0.00,0.00,N/A,2.88,5.79,209.46,0.50,12.45,0.00,0.04,0.06,0.08,  0%,  0%,0.17,0.23,  0%,  0%,0.12,0.92,  0%,  0%,0.94,0.94,  0%,  0%,0.63,99.37,0.00,100.00,0.00,0.00,0.44,99.56,0.00,100.00,0.00,0.00,0.00,0.00,0.00 ,0.00 ,-nan ,-nan ,0.09,0.10,0.01,0.30,0.02,1.00,0.00,0.03,0.95,0.25,0.0010,0.0200,     0,0,0,2.36,97.64,0.00,N/A,1.48,4.95,209.46,0.30,7.48,0.01,0.18,0.01,1.37,0.00,1.00,0.00,0.00,0.61,0.68,0.0002,0.0006,     0,0,0,0.47,99.53,0.00,N/A,1.36,0.99,209.46,1.37,34.31,0.01,0.16,0.03,1.67,0.02,1.00,0.00,0.00,0.94,0.90,0.0000,0.0006,     0,0,0,1.72,98.28,0.00,N/A,6.01,3.61,209.46,1.67,41.68,0.03,0.72,0.00,0.52,0.00,1.00,0.00,0.00,0.82,0.73,0.0008,0.0057,     0,0,0,0.05,99.95,0.00,N/A,0.05,0.10,209.46,0.52,12.93,0.00,0.01,0.00,0.54,0.00,1.00,0.00,0.00,0.90,0.67,0.0005,0.0067,     0,0,0,0.07,99.93,0.00,N/A,0.08,0.15,209.46,0.54,13.49,0.00,0.01,0.00,0.55,0.00,1.00,0.00,0.00,0.94,0.71,0.0003,0.0056,     0,0,0,0.04,99.96,0.00,N/A,0.05,0.09,209.46,0.55,13.65,0.00,0.01,0.00,0.56,0.00,1.00,0.00,0.00,0.71,0.84,0.0004,0.0017,     0,0,0,0.20,99.80,0.00,N/A,0.24,0.43,209.46,0.56,13.97,0.00,0.03,0.00,0.63,0.00,1.00,0.00,0.00,0.76,0.61,0.0012,0.0063,     0,0,0,0.08,99.92,0.00,N/A,0.11,0.17,209.46,0.63,15.87,0.00,0.01,0.01,0.33,0.02,0.80,0.00,0.03,0.96,0.27,0.0008,0.0215,     0,0,0,2.40,97.60,0.00,N/A,1.33,4.03,209.46,0.33,8.26,0.01,0.16,0.00,0.52,0.00,0.46,0.00,0.00,0.59,0.74,0.0017,0.0051,     0,0,0,0.10,99.90,0.00,N/A,0.05,0.10,209.46,0.52,12.95,0.00,0.01,0.00,0.41,0.00,0.49,0.00,0.00,0.67,0.91,0.0004,0.0016,     0,0,0,0.05,99.95,0.00,N/A,0.02,0.05,209.46,0.41,10.25,0.00,0.00,0.00,0.46,0.00,0.59,0.00,0.00,0.88,0.71,0.0006,0.0056,     0,0,0,0.09,99.91,0.00,N/A,0.05,0.11,209.46,0.46,11.41,0.00,0.01,0.00,0.45,0.00,0.63,0.00,0.00,0.86,0.69,0.0007,0.0059,     0,0,0,0.08,99.92,0.00,N/A,0.05,0.11,209.46,0.45,11.19,0.00,0.01,0.00,0.43,0.00,0.63,0.00,0.00,0.86,0.69,0.0008,0.0059,     0,0,0,0.09,99.91,0.00,N/A,0.05,0.11,209.46,0.43,10.64,0.00,0.01,0.00,0.56,0.00,0.49,0.00,0.00,0.66,0.71,0.0014,0.0053,     0,0,0,0.12,99.88,0.00,N/A,0.07,0.12,209.46,0.56,13.88,0.00,0.01,0.01,1.10,0.01,0.96,0.00,0.00,0.70,0.62,0.0002,0.0006,     0,0,0,0.57,99.43,0.00,N/A,1.26,1.14,209.46,1.10,27.52,0.01,0.15,
2024-03-21,21:06:30.773,0.01,0.85,0.01,0.95,0.01,0.07,0.91,0.62,0.0004,0.0041,0.00,0.00,-2147483648,0.00,0.00,17.10,20.02,210.25,0.85,21.35,0.01,0.13,2.29,1.15,8.53,0.63,99.37,0.00,100.00,0.00,0.00,0.00,0.00,-nan,0.08,0.01,1.02,0.01,1.00,0.00,0.04,0.93,0.65,0.0002,0.0029,     0,0,0,0.00,0.00,-2147483648,0.00,0.00,N/A,12.47,12.18,210.25,1.02,25.60,0.01,0.19,0.00,0.59,0.00,0.89,0.00,0.03,0.88,0.58,0.0008,0.0073,     0,0,0,0.00,0.00,-2147483648,0.00,0.00,N/A,4.63,7.85,210.25,0.59,14.75,0.00,0.07,0.07,0.09,  0%,  0%,1.14,0.99,  0%,  0%,0.15,0.28,  0%,  0%,4.02,4.08,  3%,  3%,0.72,99.28,0.00,100.00,0.00,0.00,0.53,99.47,0.00,100.00,0.00,0.00,0.00,0.00,0.00 ,0.00 ,-nan ,-nan ,0.08,0.08,0.01,0.32,0.02,1.00,0.00,0.03,0.95,0.27,0.0010,0.0203,     0,0,0,2.09,97.91,0.00,N/A,1.,1.00,0.00,0.0,0.32,8.11,0.01,0.17,0.01,1.46,0.01,1.00,0.00,0.00,0.51,0.71,0.0001,0.0004,     0,0,0,0.57,99.43,0.00,N/A,1.75,1.20,210.25,1.46,36.44,0.01,0.21,0.03,1.72,0.02,1.00,0.00,0.00,0.97,0.96,0.0000,0.0002,     0,0,0,1.71,98.29,0.00,N/A,6.17,3.58,210.25,1.72,43.11,0.03,0.74,0.01,1.43,0.01,1.00,0.00,0.00,0.90,0.83,0.0001,0.0011,     0,0,0,0.83,99.17,0.00,N/A,2.49,1.74,210.25,1.43,35.64,0.01,0.30,0.00,0.41,0.00,1.00,0.00,0.00,0.62,0.59,0.0012,0.0047,     0,0,0,0.26,99.74,0.00,N/A,0.23,0.56,210.25,0.41,10.35,0.00,0.03,0.00,0.49,0.00,0.97,0.00,0.00,0.92,0.69,0.0004,0.0063,     0,0,0,0.05,99.95,0.00,N/A,0.05,0.11,210.25,0.49,12.32,0.00,0.01,0.00,0.58,0.00,1.00,0.00,0.00,0.65,0.82,0.0006,0.0020,     0,0,0,0.20,99.80,0.00,N/A,0.24,0.41,210.25,0.58,14.48,0.00,0.03,0.00,0.61,0.00,1.00,0.00,0.00,0.78,0.62,0.0011,0.0064,     0,0,0,0.08,99.92,0.00,N/A,0.11,0.17,210.25,0.61,15.36,0.00,0.01,0.01,0.32,0.02,0.90,0.00,0.03,0.96,0.27,0.0008,0.0193,     0,0,0,2.47,97.53,0.00,N/A,1.49,4.67,210.25,0.32,7.95,0.01,0.18,0.00,0.38,0.00,0.72,0.00,0.00,0.70,0.70,0.0013,0.0057,     0,0,0,0.08,99.92,0.00,N/A,0.05,0.12,210.25,0.38,9.47,0.00,0.01,0.00,0.45,0.00,0.63,0.00,0.00,0.82,0.81,0.0004,0.0036,     0,0,0,0.04,99.96,0.00,N/A,0.03,0.06,210.25,0.45,11.33,0.00,0.00,0.00,0.53,0.00,0.47,0.00,0.00,0.83,0.69,0.0008,0.0064,     0,0,0,0.10,99.90,0.00,N/A,0.05,0.10,210.25,0.53,13.25,0.00,0.01,0.00,0.61,0.00,0.81,0.00,0.00,0.32,0.59,0.0022,0.0040,     0,0,0,0.25,99.75,0.00,N/A,0.25,0.41,210.25,0.61,15.25,0.00,0.03,0.00,0.41,0.00,0.65,0.00,0.00,0.74,0.74,0.0010,0.0045,     0,0,0,0.08,99.92,0.00,N/A,0.04,0.11,210.25,0.41,10.14,0.00,0.01,0.01,1.22,0.01,0.97,0.00,0.00,0.33,0.92,0.0007,0.0010,     0,0,0,1.05,98.95,0.00,N/A,2.61,2.14,210.25,1.22,30.43,0.01,0.31,0.00,0.50,0.00,0.81,0.00,0.00,0.54,0.61,0.0019,0.0048,     0,0,0,0.14,99.86,0.00,N/A,0.12,0.24,210.25,0.50,12.53,0.00,0.01,
2024-03-21,21:06:30.873,0.00,0.89,0.00,0.91,0.00,0.06,0.94,0.59,0.0002,0.0044,0.00,0.00,-2147483648,0.00,0.00,14.55,16.41,209.75,0.89,22.17,0.00,0.11,0.51,0.26,1.38,0.54,99.46,0.00,100.00,0.00,0.00,0.00,0.00,-nan,0.08,0.01,1.10,0.01,1.00,0.00,0.03,0.94,0.69,0.0002,0.0026,     0,0,0,0.00,0.00,-2147483648,0.00,0.00,N/A,12.94,11.75,209.75,1.10,27.52,0.01,0.19,0.00,0.35,0.00,0.75,0.00,0.03,0.95,0.33,0.0009,0.0183,     0,0,0,0.00,0.00,-2147483648,0.00,0.00,N/A,1.61,4.65,209.75,0.35,8.67,0.00,0.02,0.09,0.06,  0%,  0%,0.22,0.14,  0%,  0%,0.11,0.34,  0%,  0%,0.49,0.45,  0%,  0%,0.70,99.30,0.00,100.00,0.00,0.00,0.37,99.63,0.00,100.00,0.00,0.00,0.00,0.00,0.00 ,0.00 ,-nan ,-nan ,0.08,0.08,0.01,0.33,0.02,1.00,0.00,0.03,0.95,0.27,0.0010,0.0202,     0,0,0,2.09,97.91,0.00,N/A,1.42,4.38,209.75,0.33,8.14,0.01,0.17,0.00,1.22,0.00,1.00,0.00,0.00,0.60,0.71,0.0002,0.0011,     0,0,0,0.20,99.80,0.00,N/A,0.51,0.41,209.75,1.22,30.57,0.00,0.06,0.00,0.52,0.00,1.00,0.00,0.00,0.92,0.89,0.0002,0.0022,     0,0,0,0.02,99.98,0.00,N/A,0.03,0.05,209.75,0.52,12.97,0.00,0.00,0.05,1.72,0.03,1.00,0.00,0.00,0.97,0.95,0.0000,0.0003,     0,0,0,2.90,97.10,0.00,N/A,10.53,6.11,209.75,1.72,43.07,0.05,1.25,0.00,0.40,0.00,1.00,0.00,0.00,0.71,0.69,0.0013,0.0060,     0,0,0,0.08,99.92,0.00,N/A,0.06,0.16,209.75,0.40,10.05,0.00,0.01,0.00,0.50,0.00,1.00,0.00,0.00,0.79,0.70,0.0010,0.0058,     0,0,0,0.05,99.95,0.00,N/A,0.05,0.11,209.75,0.50,12.51,0.00,0.01,0.00,0.65,0.00,1.00,0.00,0.00,0.72,0.85,0.0003,0.0016,     0,0,0,0.17,99.83,0.00,N/A,0.23,0.36,209.75,0.65,16.19,0.00,0.03,0.00,0.56,0.00,1.00,0.00,0.00,0.61,0.57,0.0020,0.0069,     0,0,0,0.08,99.92,0.00,N/A,0.10,0.17,209.75,0.56,14.04,0.00,0.01,0.01,0.33,0.02,0.78,0.00,0.03,0.96,0.27,0.0008,0.0215,     0,0,0,2.39,97.61,0.00,N/A,1.31,3.93,209.75,0.33,8.31,0.01,0.16,0.00,0.41,0.00,0.57,0.00,0.00,0.69,0.75,0.0012,0.0044,     0,0,0,0.09,99.91,0.00,N/A,0.04,0.10,209.75,0.41,10.33,0.00,0.01,0.00,0.37,0.00,0.51,0.00,0.00,0.67,0.88,0.0006,0.0021,     0,0,0,0.05,99.95,0.00,N/A,0.02,0.06,209.75,0.37,9.20,0.00,0.00,0.00,0.39,0.00,0.65,0.00,0.00,0.75,0.70,0.0012,0.0055,     0,0,0,0.09,99.91,0.00,N/A,0.05,0.13,209.75,0.39,9.72,0.00,0.01,0.00,0.46,0.00,0.69,0.00,0.00,0.81,0.69,0.0009,0.0060,     0,0,0,0.08,99.92,0.00,N/A,0.05,0.11,209.75,0.46,11.60,0.00,0.01,0.00,0.45,0.00,0.68,0.00,0.00,0.84,0.70,0.0009,0.0061,     0,0,0,0.09,99.91,0.00,N/A,0.05,0.12,209.75,0.45,11.14,0.00,0.01,0.00,0.46,0.00,0.60,0.00,0.00,0.66,0.78,0.0011,0.0037,     0,0,0,0.10,99.90,0.00,N/A,0.06,0.13,209.75,0.46,11.46,0.00,0.01,0.00,0.40,0.00,0.48,0.00,0.00,0.38,0.82,0.0016,0.0029,     0,0,0,0.07,99.93,0.00,N/A,0.03,0.07,209.75,0.40,10.03,0.00,0.00,
2024-03-21,21:06:30.973,0.00,0.64,0.00,0.91,0.00,0.07,0.93,0.49,0.0005,0.0064,0.00,0.00,-2147483648,0.00,0.00,10.54,16.49,210.42,0.64,15.99,0.00,0.08,0.71,0.53,1.90,0.54,99.46,0.00,100.00,0.00,0.00,0.00,0.00,-nan,0.08,0.01,0.78,0.01,1.00,0.00,0.04,0.91,0.58,0.0004,0.0042,     0,0,0,0.00,0.00,-2147483648,0.00,0.00,N/A,8.86,11.29,210.42,0.78,19.62,0.01,0.13,0.00,0.32,0.00,0.77,0.00,0.03,0.94,0.33,0.0010,0.0180,     0,0,0,0.00,0.00,-2147483648,0.00,0.00,N/A,1.69,5.20,210.42,0.32,8.11,0.00,0.03,0.11,0.10,  0%,  0%,0.30,0.21,  0%,  0%,0.16,0.25,  0%,  0%,0.94,0.55,  0%,  0%,0.67,99.33,0.00,100.00,0.00,0.00,0.40,99.60,0.00,100.00,0.00,0.00,0.00,0.00,0.00 ,0.00 ,-nan ,-nan ,0.08,0.08,0.01,0.29,0.03,1.00,0.00,0.03,0.94,0.27,0.0011,0.0193,     0,0,0,2.53,97.47,0.00,N/A,1.52,5.33,210.42,0.29,7.15,0.01,0.18,0.01,0.90,0.01,1.00,0.00,0.00,0.51,0.80,0.0004,0.0011,     0,0,0,0.94,99.06,0.00,N/A,1.78,1.98,210.42,0.90,22.58,0.01,0.21,0.01,1.60,0.00,1.00,0.00,0.00,0.98,0.95,0.0000,0.0003,     0,0,0,0.41,99.59,0.00,N/A,1.39,0.87,210.42,1.60,39.95,0.01,0.17,0.02,1.57,0.01,1.00,0.00,0.00,0.92,0.84,0.0001,0.0010,     0,0,0,1.14,98.86,0.00,N/A,3.72,2.38,210.42,1.57,39.15,0.02,0.44,0.00,0.52,0.00,1.00,0.00,0.00,0.76,0.67,0.0012,0.0068,     0,0,0,0.08,99.92,0.00,N/A,0.08,0.16,210.42,0.52,12.97,0.00,0.01,0.00,0.55,0.00,1.00,0.00,0.00,0.89,0.71,0.0005,0.0055,     0,0,0,0.05,99.95,0.00,N/A,0.05,0.10,210.42,0.55,13.67,0.00,0.01,0.00,0.66,0.00,1.00,0.00,0.00,0.78,0.80,0.0003,0.0026,     0,0,0,0.14,99.86,0.00,N/A,0.20,0.30,210.42,0.66,16.49,0.00,0.02,0.00,0.56,0.00,1.00,0.00,0.00,0.67,0.59,0.0017,0.0065,     0,0,0,0.08,99.92,0.00,N/A,0.10,0.17,210.42,0.56,14.08,0.00,0.01,0.01,0.31,0.02,0.80,0.00,0.03,0.95,0.27,0.0010,0.0208,     0,0,0,2.68,97.32,0.00,N/A,1.39,4.51,210.42,0.31,7.69,0.01,0.16,0.00,0.46,0.00,0.62,0.00,0.00,0.63,0.74,0.0013,0.0053,     0,0,0,0.09,99.91,0.00,N/A,0.06,0.12,210.42,0.46,11.45,0.00,0.01,0.00,0.42,0.00,0.54,0.00,0.00,0.82,0.90,0.0003,0.0022,     0,0,0,0.05,99.95,0.00,N/A,0.02,0.06,210.42,0.42,10.42,0.00,0.00,0.00,0.49,0.00,0.67,0.00,0.00,0.85,0.70,0.0007,0.0059,     0,0,0,0.08,99.92,0.00,N/A,0.05,0.11,210.42,0.49,12.14,0.00,0.01,0.00,0.43,0.00,0.60,0.00,0.00,0.81,0.73,0.0009,0.0051,     0,0,0,0.09,99.91,0.00,N/A,0.05,0.11,210.42,0.43,10.87,0.00,0.01,0.00,0.42,0.00,0.60,0.00,0.00,0.81,0.68,0.0010,0.0060,     0,0,0,0.09,99.91,0.00,N/A,0.05,0.12,210.42,0.42,10.55,0.00,0.01,0.00,0.44,0.00,0.63,0.00,0.00,0.80,0.73,0.0010,0.0053,     0,0,0,0.09,99.91,0.00,N/A,0.05,0.11,210.42,0.44,10.90,0.00,0.01,0.00,0.32,0.00,0.44,0.00,0.00,0.81,0.88,0.0004,0.0022,     0,0,0,0.06,99.94,0.00,N/A,0.02,0.06,210.42,0.32,8.05,0.00,0.00,
2024-03-21,21:06:31.072,0.00,0.71,0.01,0.95,0.00,0.07,0.93,0.52,0.0004,0.0054,0.00,0.00,-2147483648,0.00,0.00,12.16,17.12,209.59,0.71,17.75,0.00,0.09,0.39,0.22,1.65,0.54,99.46,0.00,100.00,0.00,0.00,0.00,0.00,-nan,0.08,0.01,0.88,0.01,1.00,0.00,0.04,0.91,0.62,0.0003,0.0034,     0,0,0,0.00,0.00,-2147483648,0.00,0.00,N/A,10.48,11.91,209.59,0.88,22.01,0.01,0.16,0.00,0.32,0.00,0.86,0.00,0.03,0.95,0.33,0.0009,0.0180,     0,0,0,0.00,0.00,-2147483648,0.00,0.00,N/A,1.67,5.21,209.59,0.32,8.02,0.00,0.02,0.06,0.08,  0%,  0%,0.14,0.11,  0%,  0%,0.14,0.25,  0%,  0%,0.49,0.77,  0%,  0%,0.71,99.29,0.00,100.00,0.00,0.00,0.36,99.64,0.00,100.00,0.00,0.00,0.00,0.00,0.00 ,0.00 ,-nan ,-nan ,0.08,0.08,0.01,0.30,0.02,1.00,0.00,0.03,0.95,0.27,0.0010,0.0196,     0,0,0,2.38,97.62,0.00,N/A,1.49,4.99,209.59,0.30,7.46,0.01,0.18,0.00,1.32,0.00,1.00,0.00,0.00,0.64,0.78,0.0001,0.0006,     0,0,0,0.18,99.82,0.00,N/A,0.49,0.37,209.59,1.32,33.11,0.00,0.06,0.03,1.74,0.02,1.00,0.00,0.00,0.98,0.95,0.0000,0.0003,     0,0,0,2.00,98.00,,1.00,0.000,0,4.20,209.59,1.74,43.45,0.03,0.87,0.00,0.45,0.00,1.00,0.00,0.00,0.25,0.47,0.0009,0.0028,     0,0,0,0.41,99.59,0.00,N/A,0.39,0.86,209.59,0.45,11.36,0.00,0.05,0.00,0.44,0.00,1.00,0.00,0.00,0.86,0.67,0.0007,0.0068,     0,0,0,0.09,99.91,0.00,N/A,0.08,0.19,209.59,0.44,10.89,0.00,0.01,0.00,0.49,0.00,1.00,0.00,0.00,0.69,0.72,0.0011,0.0048,     0,0,0,0.06,99.94,0.00,N/A,0.06,0.13,209.59,0.49,12.27,0.00,0.01,0.00,0.57,0.00,1.00,0.00,0.00,0.29,0.55,0.0013,0.0030,     0,0,0,0.47,99.53,0.00,N/A,0.57,1.00,209.59,0.57,14.27,0.00,0.07,0.00,0.59,0.00,1.00,0.00,0.00,0.66,0.60,0.0017,0.0064,     0,0,0,0.08,99.92,0.00,N/A,0.10,0.17,209.59,0.59,14.85,0.00,0.01,0.01,0.30,0.02,0.90,0.00,0.03,0.96,0.27,0.0009,0.0208,     0,0,0,2.41,97.59,0.00,N/A,1.38,4.55,209.59,0.30,7.60,0.01,0.17,0.00,0.46,0.00,0.62,0.00,0.00,0.58,0.76,0.0016,0.0045,     0,0,0,0.09,99.91,0.00,N/A,0.05,0.11,209.59,0.46,11.53,0.00,0.01,0.00,0.40,0.00,0.43,0.00,0.00,0.83,0.89,0.0003,0.0022,     0,0,0,0.07,99.93,0.00,N/A,0.02,0.06,209.59,0.40,9.99,0.00,0.00,0.00,0.45,0.00,0.67,0.00,0.00,0.84,0.70,0.0008,0.0055,     0,0,0,0.08,99.92,0.00,N/A,0.05,0.11,209.59,0.45,11.17,0.00,0.01,0.00,0.47,0.00,0.74,0.00,0.00,0.88,0.74,0.0006,0.0051,     0,0,0,0.07,99.93,0.00,N/A,0.05,0.11,209.59,0.47,11.64,0.00,0.01,0.00,0.44,0.00,0.75,0.00,0.00,0.82,0.71,0.0009,0.0056,     0,0,0,0.07,99.93,0.00,N/A,0.05,0.11,209.59,0.44,11.10,0.00,0.01,0.00,0.42,0.00,0.69,0.00,0.00,0.80,0.83,0.0006,0.0031,     0,0,0,0.07,99.93,0.00,N/A,0.04,0.10,209.59,0.42,10.46,0.00,0.01,0.00,0.35,0.00,0.51,0.00,0.00,0.74,0.90,0.0004,0.0017,     0,0,0,0.05,99.95,0.00,N/A,0.02,0.06,209.59,0.35,8.87,0.00,0.00,
2024-03-21,21:06:31.172,0.00,0.78,0.01,0.91,0.01,0.07,0.87,0.52,0.0006,0.0051,0.00,0.00,-2147483648,0.00,0.00,14.04,18.06,209.88,0.78,19.43,0.00,0.10,0.54,0.40,1.18,0.59,99.41,0.00,100.00,0.00,0.00,0.00,0.00,-nan,0.08,0.01,0.97,0.01,1.00,0.00,0.04,0.93,0.62,0.0002,0.0033,     0,0,0,0.00,0.00,-2147483648,0.00,0.00,N/A,10.92,11.26,209.88,0.97,24.26,0.01,0.16,0.00,0.46,0.00,0.79,0.01,0.04,0.80,0.33,0.0022,0.0114,     0,0,0,0.00,0.00,-2147483648,0.00,0.00,N/A,3.12,6.81,209.88,0.46,11.44,0.00,0.05,0.20,0.12,  0%,  0%,0.14,0.08,  0%,  0%,0.26,0.25,  0%,  0%,0.37,0.30,  0%,  0%,0.67,99.33,0.00,100.00,0.00,0.00,0.51,99.49,0.00,100.00,0.00,0.00,0.00,0.00,0.00 ,0.00 ,-nan ,-nan ,0.09,0.08,0.01,0.30,0.02,1.00,0.00,0.03,0.95,0.27,0.0010,0.0197,     0,0,0,2.34,97.66,0.00,N/A,1.49,4.91,209.88,0.30,7.59,0.01,0.18,0.01,1.40,0.00,1.00,0.00,0.00,0.65,0.67,0.0001,0.0005,     0,0,0,0.45,99.55,0.00,N/A,1.31,0.93,209.88,1.40,35.03,0.01,0.16,0.00,0.48,0.00,1.00,0.00,0.00,1.00,0.88,0.0000,0.0021,     0,0,0,0.02,99.98,0.00,N/A,0.02,0.04,209.88,0.48,12.10,0.00,0.00,0.04,1.65,0.02,1.00,0.00,0.00,0.93,0.91,0.0000,0.0005,     0,0,0,2.21,97.79,0.00,N/A,7.67,4.64,209.88,1.65,41.36,0.04,0.91,0.00,0.54,0.00,1.00,0.00,0.00,0.86,0.67,0.0007,0.0068,     0,0,0,0.07,99.93,0.00,N/A,0.08,0.15,209.88,0.54,13.44,0.00,0.01,0.00,0.50,0.00,1.00,0.00,0.00,0.87,0.70,0.0006,0.0060,     0,0,0,0.05,99.95,0.00,N/A,0.05,0.10,209.88,0.50,12.53,0.00,0.01,0.00,0.62,0.00,1.00,0.00,0.00,0.84,0.82,0.0002,0.0019,     0,0,0,0.15,99.85,0.00,N/A,0.19,0.31,209.88,0.62,15.60,0.00,0.02,0.00,0.60,0.00,1.00,0.00,0.00,0.68,0.59,0.0016,0.0064,     0,0,0,0.08,99.92,0.00,N/A,0.10,0.17,209.88,0.60,14.90,0.00,0.01,0.01,0.33,0.02,0.74,0.00,0.03,0.96,0.27,0.0009,0.0210,     0,0,0,2.65,97.35,0.00,N/A,1.35,4.09,209.88,0.33,8.26,0.01,0.16,0.00,0.44,0.00,0.85,0.00,0.00,0.57,0.73,0.0018,0.0057,     0,0,0,0.07,99.93,0.00,N/A,0.05,0.12,209.88,0.44,10.98,0.00,0.01,0.00,0.38,0.00,0.55,0.00,0.00,0.79,0.87,0.0004,0.0024,     0,0,0,0.05,99.95,0.00,N/A,0.02,0.05,209.88,0.38,9.40,0.00,0.00,0.00,0.49,0.00,0.45,0.00,0.00,0.77,0.70,0.0012,0.0058,     0,0,0,0.11,99.89,0.00,N/A,0.05,0.10,209.88,0.49,12.26,0.00,0.01,0.00,0.43,0.00,0.75,0.00,0.00,0.78,0.77,0.0008,0.0045,     0,0,0,0.07,99.93,0.00,N/A,0.05,0.11,209.88,0.43,10.81,0.00,0.01,0.01,0.70,0.01,0.98,0.01,0.01,0.07,0.38,0.0036,0.0039,     0,0,0,1.05,98.95,0.00,N/A,1.52,2.17,209.88,0.70,17.54,0.01,0.18,0.00,0.48,0.00,0.84,0.00,0.00,0.83,0.75,0.0007,0.0049,     0,0,0,0.06,99.94,0.00,N/A,0.05,0.10,209.88,0.48,11.97,0.00,0.01,0.00,0.39,0.00,0.49,0.00,0.00,0.65,0.82,0.0006,0.0037,     0,0,0,0.06,99.94,0.00,N/A,0.02,0.06,209.88,0.39,9.65,0.00,0.00,
2024-03-21,21:06:31.273,0.00,0.84,0.01,0.93,0.00,0.06,0.94,0.56,0.0003,0.0045,0.00,0.00,-2147483648,0.00,0.00,14.35,17.11,210.35,0.84,20.98,0.00,0.11,0.50,0.26,1.39,0.55,99.45,0.00,100.00,0.00,0.00,0.00,0.00,-nan,0.10,0.01,1.00,0.01,1.00,0.00,0.03,0.94,0.66,0.0002,0.0030,     0,0,0,0.00,0.00,-2147483648,0.00,0.00,N/A,11.40,11.45,210.35,1.00,24.90,0.01,0.17,0.00,0.52,0.00,0.82,0.00,0.03,0.95,0.34,0.0005,0.0103,     0,0,0,0.00,0.00,-2147483648,0.00,0.00,N/A,2.95,5.66,210.35,0.52,13.05,0.00,0.04,0.17,0.19,  0%,  0%,0.10,0.04,  0%,  0%,0.37,0.43,  0%,  0%,0.32,0.27,  0%,  0%,0.68,99.32,0.00,100.00,0.00,0.00,0.41,99.59,0.00,100.00,0.00,0.00,0.00,0.00,0.00 ,0.00 ,-nan ,-nan ,0.09,0.11,0.01,0.30,0.02,1.00,0.00,0.03,0.95,0.27,0.0010,0.0197,     0,0,0,2.30,97.70,0.00,N/A,1.46,4.84,210.35,0.30,7.56,0.01,0.17,0.01,1.48,0.00,1.00,0.00,0.00,0.58,0.70,0.0001,0.0005,     0,0,0,0.42,99.58,0.00,N/A,1.31,0.89,210.35,1.48,36.99,0.01,0.16,0.01,1.53,0.01,1.00,0.00,0.00,0.89,0.95,0.0000,0.0004,     0,0,0,0.54,99.46,0.00,N/A,1.75,1.14,210.35,1.53,38.22,0.01,0.21,0.03,1.68,0.02,1.00,0.00,0.00,0.97,0.95,0.0000,0.0003,     0,0,0,1.81,98.19,0.00,N/A,6.44,3.82,210.35,1.68,42.08,0.03,0.76,0.00,0.49,0.00,1.00,0.00,0.00,0.90,0.66,0.0006,0.0070,     0,0,0,0.08,99.92,0.00,N/A,0.08,0.17,210.35,0.49,12.36,0.00,0.01,0.00,0.53,0.00,1.00,0.00,0.00,0.92,0.71,0.0004,0.0056,     0,0,0,0.05,99.95,0.00,N/A,0.05,0.10,210.35,0.53,13.13,0.00,0.01,0.00,0.67,0.00,1.00,0.00,0.00,0.72,0.83,0.0004,0.0018,     0,0,0,0.15,99.85,0.00,N/A,0.21,0.31,210.35,0.67,16.63,0.00,0.02,0.00,0.56,0.00,1.00,0.00,0.00,0.73,0.58,0.0014,0.0069,     0,0,0,0.09,99.91,0.00,N/A,0.10,0.18,210.35,0.56,14.12,0.00,0.01,0.01,0.32,0.02,0.83,0.00,0.03,0.96,0.27,0.0008,0.0211,     0,0,0,2.38,97.62,0.00,N/A,1.34,4.13,210.35,0.32,8.09,0.01,0.16,0.00,0.46,0.00,0.61,0.00,0.00,0.50,0.76,0.0018,0.0043,     0,0,0,0.10,99.90,0.00,N/A,0.06,0.13,210.35,0.46,11.62,0.00,0.01,0.00,0.42,0.00,0.55,0.00,0.00,0.85,0.92,0.0001,0.0016,     0,0,0,0.04,99.96,0.00,N/A,0.02,0.05,210.35,0.42,10.49,0.00,0.00,0.00,0.48,0.00,0.65,0.00,0.00,0.82,0.73,0.0008,0.0055,     0,0,0,0.08,99.92,0.00,N/A,0.05,0.11,210.35,0.48,11.94,0.00,0.01,0.00,0.47,0.00,0.69,0.00,0.00,0.86,0.73,0.0006,0.0051,     0,0,0,0.07,99.93,0.00,N/A,0.05,0.10,210.35,0.47,11.64,0.00,0.01,0.00,0.43,0.00,0.69,0.00,0.00,0.81,0.69,0.0010,0.0060,     0,0,0,0.08,99.92,0.00,N/A,0.05,0.11,210.35,0.43,10.75,0.00,0.01,0.00,0.43,0.00,0.63,0.00,0.00,0.83,0.72,0.0008,0.0054,     0,0,0,0.09,99.91,0.00,N/A,0.05,0.12,210.35,0.43,10.86,0.00,0.01,0.01,1.48,0.00,0.96,0.00,0.00,0.74,0.65,0.0001,0.0006,     0,0,0,0.45,99.55,0.00,N/A,1.33,0.90,210.35,1.48,36.88,0.01,0.16,
2024-03-21,21:06:31.373,0.00,0.74,0.00,0.88,0.00,0.06,0.95,0.49,0.0003,0.0060,0.00,0.00,-2147483648,0.00,0.00,10.59,14.25,211.60,0.74,18.58,0.00,0.08,0.48,0.92,1.20,0.48,99.52,0.00,100.00,0.00,0.00,0.00,0.00,-nan,0.08,0.01,0.95,0.01,1.00,0.00,0.03,0.94,0.58,0.0002,0.0037,     0,0,0,0.00,0.00,-2147483648,0.00,0.00,N/A,8.93,9.43,211.60,0.95,23.68,0.01,0.13,0.00,0.34,0.00,0.72,0.00,0.03,0.95,0.33,0.0008,0.0181,     0,0,0,0.00,0.00,-2147483648,0.00,0.00,N/A,1.65,4.81,211.60,0.34,8.59,0.00,0.02,0.17,0.18,  0%,  0%,0.10,0.03,  0%,  0%,0.34,0.50,  0%,  0%,0.21,0.15,  0%,  0%,0.56,99.44,0.00,100.00,0.00,0.00,0.39,99.61,0.00,100.00,0.00,0.00,0.00,0.00,0.00 ,0.00 ,-nan ,-nan ,0.08,0.08,0.01,0.33,0.02,1.00,0.00,0.03,0.95,0.27,0.0009,0.0203,     0,0,0,2.05,97.95,0.00,N/A,1.43,4.34,211.60,0.33,8.22,0.01,0.17,0.01,1.56,0.01,1.00,0.00,0.00,0.60,0.74,0.0001,0.0003,     0,0,0,0.67,99.33,0.00,N/A,2.18,1.40,211.60,1.56,38.97,0.01,0.26,0.00,0.43,0.00,1.00,0.00,0.00,0.96,0.90,0.0000,0.0017,     0,0,0,0.02,99.98,0.00,N/A,0.02,0.05,211.60,0.43,10.75,0.00,0.00,0.02,1.67,0.01,1.00,0.00,0.00,0.94,0.94,0.0000,0.0003,     0,0,0,1.39,98.61,0.00,N/A,4.86,2.91,211.60,1.67,41.82,0.02,0.58,0.00,0.54,0.00,1.00,0.00,0.00,0.89,0.68,0.0005,0.0066,     0,0,0,0.00,0.00,00.00,N/A,0.09,0.16,211.60,0.54,13.51,0.00,0.01,0.00,0.51,0.00,1.00,0.00,0.00,0.87,0.70,0.0006,0.0056,     0,0,0,0.05,99.95,0.00,N/A,0.05,0.10,211.60,0.51,12.86,0.00,0.01,0.00,0.65,0.00,0.94,0.00,0.00,0.79,0.84,0.0003,0.0017,     0,0,0,0.15,99.85,0.00,N/A,0.20,0.30,211.60,0.65,16.20,0.00,0.02,0.00,0.63,0.00,1.00,0.00,0.00,0.81,0.59,0.0010,0.0071,     0,0,0,0.08,99.92,0.00,N/A,0.11,0.17,211.60,0.63,15.78,0.00,0.01,0.01,0.33,0.02,0.75,0.00,0.03,0.96,0.27,0.0008,0.0211,     0,0,0,2.62,97.38,0.00,N/A,1.35,4.13,211.60,0.33,8.19,0.01,0.16,0.00,0.47,0.00,0.60,0.00,0.00,0.48,0.76,0.0018,0.0042,     0,0,0,0.10,99.90,0.00,N/A,0.06,0.13,211.60,0.47,11.66,0.00,0.01,0.00,0.40,0.00,0.54,0.00,0.00,0.76,0.89,0.0004,0.0021,     0,0,0,0.05,99.95,0.00,N/A,0.02,0.05,211.60,0.40,10.10,0.00,0.00,0.00,0.40,0.00,0.66,0.00,0.00,0.85,0.70,0.0007,0.0057,     0,0,0,0.09,99.91,0.00,N/A,0.05,0.13,211.60,0.40,9.92,0.00,0.01,0.00,0.46,0.00,0.67,0.00,0.00,0.84,0.73,0.0008,0.0052,     0,0,0,0.07,99.93,0.00,N/A,0.05,0.11,211.60,0.46,11.54,0.00,0.01,0.00,0.46,0.00,0.66,0.00,0.00,0.85,0.71,0.0008,0.0055,     0,0,0,0.08,99.92,0.00,N/A,0.05,0.11,211.60,0.46,11.54,0.00,0.01,0.00,0.47,0.00,0.61,0.00,0.00,0.85,0.70,0.0007,0.0058,     0,0,0,0.09,99.91,0.00,N/A,0.05,0.11,211.60,0.47,11.76,0.00,0.01,0.00,0.36,0.00,0.55,0.00,0.00,0.97,0.91,0.0001,0.0016,     0,0,0,0.05,99.95,0.00,N/A,0.02,0.05,211.60,0.36,9.01,0.00,0.00,
2024-03-21,21:06:31.473,0.00,0.82,0.00,0.90,0.00,0.06,0.95,0.56,0.0002,0.0050,0.00,0.00,-2147483648,0.00,0.00,12.83,15.60,210.26,0.82,20.56,0.00,0.10,0.40,0.20,1.21,0.51,99.49,0.00,100.00,0.00,0.00,0.00,0.00,-nan,0.08,0.01,1.03,0.01,1.00,0.00,0.03,0.95,0.67,0.0002,0.0030,     0,0,0,0.00,0.00,-2147483648,0.00,0.00,N/A,11.13,10.85,210.26,1.03,25.64,0.01,0.16,0.00,0.36,0.00,0.73,0.00,0.03,0.95,0.33,0.0008,0.0179,     0,0,0,0.00,0.00,-2147483648,0.00,0.00,N/A,1.70,4.75,210.26,0.36,8.96,0.00,0.03,0.12,0.16,  0%,  0%,0.09,0.03,  0%,  0%,0.33,0.47,  0%,  0%,0.25,0.17,  0%,  0%,0.64,99.36,0.00,100.00,0.00,0.00,0.38,99.62,0.00,100.00,0.00,0.00,0.00,0.00,0.00 ,0.00 ,-nan ,-nan ,0.08,0.07,0.01,0.32,0.02,1.00,0.00,0.03,0.95,0.27,0.0010,0.0202,     0,0,0,2.16,97.84,0.00,N/A,1.44,4.55,210.26,0.32,7.89,0.01,0.17,0.00,1.12,0.00,1.00,0.00,0.00,0.76,0.71,0.0002,0.0014,     0,0,0,0.15,99.85,0.00,N/A,0.35,0.31,210.26,1.12,27.88,0.00,0.04,0.01,1.72,0.01,1.00,0.00,0.00,0.99,0.94,0.0000,0.0004,     0,0,0,0.73,99.27,0.00,N/A,2.64,1.54,210.26,1.72,43.05,0.01,0.31,0.03,1.71,0.02,1.00,0.00,0.00,0.98,0.96,0.0000,0.0002,     0,0,0,1.72,98.28,0.00,N/A,6.22,3.63,210.26,1.71,42.84,0.03,0.74,0.00,0.54,0.00,0.94,0.00,0.00,0.90,0.67,0.0005,0.0068,     0,0,0,0.08,99.92,0.00,N/A,0.08,0.15,210.26,0.54,13.43,0.00,0.01,0.00,0.54,0.00,1.00,0.00,0.00,0.90,0.70,0.0005,0.0060,     0,0,0,0.04,99.96,0.00,N/A,0.05,0.09,210.26,0.54,13.51,0.00,0.01,0.00,0.59,0.00,1.00,0.00,0.00,0.77,0.86,0.0003,0.0015,     0,0,0,0.19,99.81,0.00,N/A,0.23,0.40,210.26,0.59,14.74,0.00,0.03,0.00,0.61,0.00,1.00,0.00,0.00,0.74,0.63,0.0013,0.0061,     0,0,0,0.09,99.91,0.00,N/A,0.11,0.18,210.26,0.61,15.37,0.00,0.01,0.01,0.34,0.02,0.76,0.00,0.03,0.96,0.27,0.0008,0.0215,     0,0,0,2.43,97.57,0.00,N/A,1.31,3.90,210.26,0.34,8.43,0.01,0.16,0.00,0.44,0.00,0.63,0.00,0.00,0.77,0.69,0.0009,0.0061,     0,0,0,0.09,99.91,0.00,N/A,0.05,0.12,210.26,0.44,11.09,0.00,0.01,0.00,0.44,0.00,0.69,0.00,0.00,0.57,0.76,0.0016,0.0043,     0,0,0,0.08,99.92,0.00,N/A,0.05,0.12,210.26,0.44,10.95,0.00,0.01,0.00,0.52,0.00,0.45,0.00,0.00,0.79,0.70,0.0009,0.0057,     0,0,0,0.10,99.90,0.00,N/A,0.05,0.09,210.26,0.52,13.11,0.00,0.01,0.00,0.45,0.00,0.63,0.00,0.00,0.86,0.74,0.0007,0.0053,     0,0,0,0.08,99.92,0.00,N/A,0.05,0.11,210.26,0.45,11.35,0.00,0.01,0.00,0.44,0.00,0.63,0.00,0.00,0.86,0.69,0.0008,0.0062,     0,0,0,0.08,99.92,0.00,N/A,0.05,0.11,210.26,0.44,10.91,0.00,0.01,0.00,0.45,0.00,0.62,0.00,0.00,0.86,0.73,0.0007,0.0051,     0,0,0,0.08,99.92,0.00,N/A,0.05,0.11,210.26,0.45,11.31,0.00,0.01,0.00,0.45,0.00,0.75,0.00,0.00,0.87,0.58,0.0007,0.0061,     0,0,0,0.12,99.88,0.00,N/A,0.09,0.19,210.26,0.45,11.34,0.00,0.01,
2024-03-21,21:06:31.574,0.00,0.63,0.00,0.91,0.00,0.07,0.94,0.47,0.0004,0.0069,0.00,0.00,-2147483648,0.00,0.00,9.49,14.97,210.23,0.63,15.86,0.00,0.07,0.50,0.37,2.04,0.49,99.51,0.00,100.00,0.00,0.00,0.00,0.00,-nan,0.08,0.00,0.79,0.01,1.00,0.00,0.03,0.93,0.55,0.0003,0.0044,     0,0,0,0.00,0.00,-2147483648,0.00,0.00,N/A,7.71,9.74,210.23,0.79,19.79,0.00,0.11,0.00,0.34,0.00,0.77,0.00,0.03,0.95,0.34,0.0009,0.0173,     0,0,0,0.00,0.00,-2147483648,0.00,0.00,N/A,1.79,5.23,210.23,0.34,8.54,0.00,0.03,0.07,0.17,  0%,  0%,0.10,0.17,  0%,  0%,0.21,0.52,  0%,  0%,0.68,0.63,  0%,  0%,0.58,99.42,0.00,100.00,0.00,0.00,0.40,99.60,0.00,100.00,0.00,0.00,0.00,0.00,0.00 ,0.00 ,-nan ,-nan ,0.08,0.08,0.01,0.29,0.02,1.00,0.00,0.03,0.94,0.27,0.0011,0.0193,     0,0,0,2.46,97.54,0.00,N/A,1.50,5.18,210.23,0.29,7.26,0.01,0.18,0.01,1.40,0.00,1.00,0.00,0.00,0.59,0.68,0.0002,0.0006,     0,0,0,0.47,99.53,0.00,N/A,1.39,0.99,210.23,1.40,35.02,0.01,0.16,0.02,1.66,0.01,1.00,0.00,0.00,0.99,0.91,0.0000,0.0005,     0,0,0,1.22,98.78,0.00,N/A,4.27,2.57,210.23,1.66,41.50,0.02,0.51,0.00,0.51,0.00,1.00,0.00,0.00,0.85,0.70,0.0008,0.0060,     0,0,0,0.05,99.95,0.00,N/A,0.05,0.10,210.23,0.51,12.82,0.00,0.01,0.00,0.54,0.00,1.00,0.00,0.00,0.89,0.68,0.0005,0.0065,     0,0,0,0.07,99.93,0.00,N/A,0.08,0.16,210.23,0.54,13.45,0.00,0.01,0.00,0.53,0.00,1.00,0.00,0.00,0.86,0.69,0.0007,0.0058,     0,0,0,0.04,99.96,0.00,N/A,0.05,0.09,210.23,0.53,13.16,0.00,0.01,0.00,0.60,0.00,1.00,0.00,0.00,0.75,0.85,0.0003,0.0015,     0,0,0,0.20,99.80,0.00,N/A,0.25,0.42,210.23,0.60,15.11,0.00,0.03,0.00,0.48,0.00,1.00,0.00,0.00,0.70,0.58,0.0014,0.0062,     0,0,0,0.11,99.89,0.00,N/A,0.11,0.23,210.23,0.48,12.09,0.00,0.01,0.01,0.31,0.02,0.78,0.00,0.03,0.96,0.27,0.0009,0.0208,     0,0,0,2.64,97.36,0.00,N/A,1.36,4.35,210.23,0.31,7.83,0.01,0.16,0.00,0.43,0.00,0.72,0.00,0.00,0.72,0.71,0.0011,0.0057,     0,0,0,0.08,99.92,0.00,N/A,0.05,0.12,210.23,0.43,10.77,0.00,0.01,0.00,0.50,0.00,0.66,0.00,0.00,0.74,0.76,0.0007,0.0045,     0,0,0,0.09,99.91,0.00,N/A,0.06,0.12,210.23,0.50,12.62,0.00,0.01,0.00,0.47,0.00,0.65,0.00,0.00,0.87,0.70,0.0006,0.0056,     0,0,0,0.08,99.92,0.00,N/A,0.05,0.11,210.23,0.47,11.73,0.00,0.01,0.00,0.49,0.00,0.70,0.00,0.00,0.87,0.73,0.0006,0.0050,     0,0,0,0.07,99.93,0.00,N/A,0.05,0.10,210.23,0.49,12.20,0.00,0.01,0.00,0.46,0.00,0.71,0.00,0.00,0.82,0.69,0.0010,0.0059,     0,0,0,0.07,99.93,0.00,N/A,0.05,0.11,210.23,0.46,11.46,0.00,0.01,0.00,0.44,0.00,0.78,0.00,0.00,0.86,0.72,0.0006,0.0053,     0,0,0,0.07,99.93,0.00,N/A,0.05,0.12,210.23,0.44,10.97,0.00,0.01,0.00,0.55,0.00,0.80,0.00,0.00,0.74,0.57,0.0017,0.0073,     0,0,0,0.12,99.88,0.00,N/A,0.11,0.19,210.23,0.55,13.74,0.00,0.01,
2024-03-21,21:06:31.674,0.00,0.81,0.00,0.90,0.00,0.07,0.94,0.55,0.0003,0.0049,0.00,0.00,-2147483648,0.00,0.00,13.36,16.57,209.91,0.81,20.16,0.00,0.10,0.26,0.17,0.72,0.55,99.45,0.00,100.00,0.00,0.00,0.00,0.00,-nan,0.08,0.01,1.01,0.01,1.00,0.00,0.04,0.93,0.65,0.0002,0.0030,     0,0,0,0.00,0.00,-2147483648,0.00,0.00,N/A,11.60,11.50,209.91,1.01,25.22,0.01,0.17,0.00,0.35,0.00,0.73,0.00,0.03,0.95,0.33,0.0009,0.0176,     0,0,0,0.00,0.00,-2147483648,0.00,0.00,N/A,1.76,5.07,209.91,0.35,8.66,0.00,0.03,0.06,0.08,  0%,  0%,0.09,0.03,  0%,  0%,0.13,0.23,  0%,  0%,0.21,0.15,  0%,  0%,0.69,99.31,0.00,100.00,0.00,0.00,0.42,99.58,0.00,100.00,0.00,0.00,0.00,0.00,0.00 ,0.00 ,-nan ,-nan ,0.08,0.08,0.01,0.31,0.02,1.00,0.00,0.03,0.95,0.27,0.0010,0.0197,     0,0,0,2.29,97.71,0.00,N/A,1.47,4.80,209.91,0.31,7.63,0.01,0.17,0.01,1.51,0.00,1.00,0.00,0.00,0.60,0.72,0.0001,0.0004,     0,0,0,0.44,99.56,0.00,N/A,1.39,0.92,209.91,1.51,37.80,0.01,0.17,0.03,1.73,0.02,1.00,0.00,0.00,0.98,0.96,0.0000,0.0002,     0,0,0,1.76,98.24,0.00,N/A,6.38,3.69,209.91,1.73,43.26,0.03,0.76,0.01,1.49,0.01,1.00,0.00,0.00,0.85,0.85,0.0001,0.0010,     0,0,0,0.58,99.42,0.00,N/A,1.82,1.22,209.91,1.49,37.30,0.01,0.22,0.00,0.54,0.00,1.00,0.00,0.00,0.89,0.67,0.0005,0.0066,     0,0,0,0.08,99.92,0.00,N/A,0.08,0.16,209.91,0.54,13.40,0.00,0.01,0.00,0.52,0.00,1.00,0.00,0.00,0.89,0.70,0.0005,0.0055,     0,0,0,0.04,99.96,0.00,N/A,0.05,0.09,209.91,0.52,13.02,0.00,0.01,0.00,0.70,0.00,1.00,0.00,0.00,0.69,0.83,0.0005,0.0011.00,0.00,,0,0.16,99.84,0.00,N/A,0.23,0.33,209.91,0.70,17.42,0.00,0.03,0.00,0.63,0.00,1.00,0.00,0.00,0.73,0.54,0.0015,0.0070,     0,0,0,0.14,99.86,0.00,N/A,0.18,0.29,209.91,0.63,15.69,0.00,0.02,0.01,0.32,0.02,0.73,0.00,0.03,0.96,0.27,0.0009,0.0210,     0,0,0,2.75,97.25,0.00,N/A,1.36,4.23,209.91,0.32,8.05,0.01,0.16,0.00,0.47,0.00,0.65,0.00,0.00,0.51,0.72,0.0020,0.0054,     0,0,0,0.08,99.92,0.00,N/A,0.05,0.12,209.91,0.47,11.64,0.00,0.01,0.00,0.48,0.00,0.70,0.00,0.00,0.63,0.68,0.0017,0.0062,     0,0,0,0.08,99.92,0.00,N/A,0.06,0.13,209.91,0.48,11.96,0.00,0.01,0.00,0.45,0.00,0.66,0.00,0.00,0.84,0.70,0.0008,0.0059,     0,0,0,0.08,99.92,0.00,N/A,0.05,0.11,209.91,0.45,11.15,0.00,0.01,0.00,0.43,0.00,0.65,0.00,0.00,0.82,0.72,0.0008,0.0053,     0,0,0,0.08,99.92,0.00,N/A,0.05,0.11,209.91,0.43,10.87,0.00,0.01,0.00,0.41,0.00,0.67,0.00,0.00,0.82,0.71,0.0009,0.0056,     0,0,0,0.08,99.92,0.00,N/A,0.05,0.12,209.91,0.41,10.26,0.00,0.01,0.00,0.46,0.00,0.65,0.00,0.00,0.82,0.73,0.0008,0.0051,     0,0,0,0.08,99.92,0.00,N/A,0.05,0.11,209.91,0.46,11.44,0.00,0.01,0.00,0.56,0.00,0.78,0.00,0.00,0.86,0.59,0.0008,0.0063,     0,0,0,0.09,99.91,0.00,N/A,0.09,0.15,209.91,0.56,13.96,0.00,0.01,
2024-03-21,21:06:31.775,0.00,0.84,0.01,0.91,0.00,0.07,0.94,0.58,0.0002,0.0045,0.00,0.00,-2147483648,0.00,0.00,14.89,17.76,211.83,0.84,20.96,0.00,0.11,0.29,0.20,0.76,0.57,99.43,0.00,100.00,0.00,0.00,0.00,0.00,-nan,0.10,0.01,1.05,0.01,1.00,0.00,0.04,0.94,0.68,0.0002,0.0027,     0,0,0,0.00,0.00,-2147483648,0.00,0.00,N/A,13.08,12.46,211.83,1.05,26.24,0.01,0.19,0.00,0.34,0.00,0.76,0.00,0.03,0.95,0.34,0.0009,0.0171,     0,0,0,0.00,0.00,-2147483648,0.00,0.00,N/A,1.81,5.29,211.83,0.34,8.54,0.00,0.03,0.07,0.08,  0%,  0%,0.10,0.03,  0%,  0%,0.14,0.23,  0%,  0%,0.23,0.15,  0%,  0%,0.74,99.26,0.00,100.00,0.00,0.00,0.41,99.59,0.00,100.00,0.00,0.00,0.00,0.00,0.00 ,0.00 ,-nan ,-nan ,0.10,0.10,0.01,0.30,0.02,1.00,0.00,0.03,0.95,0.27,0.0010,0.0194,     0,0,0,2.37,97.63,0.00,N/A,1.49,5.02,211.83,0.30,7.40,0.01,0.18,0.00,1.25,0.00,1.00,0.00,0.00,0.77,0.72,0.0001,0.0009,     0,0,0,0.18,99.82,0.00,N/A,0.46,0.37,211.83,1.25,31.23,0.00,0.05,0.00,0.50,0.00,1.00,0.00,0.00,0.93,0.89,0.0001,0.0020,     0,0,0,0.02,99.98,0.00,N/A,0.02,0.04,211.83,0.50,12.42,0.00,0.00,0.05,1.72,0.03,1.00,0.00,0.00,0.98,0.93,0.0000,0.0004,     0,0,0,2.92,97.08,0.00,N/A,10.63,6.19,211.83,1.72,42.95,0.05,1.25,0.00,0.54,0.00,1.00,0.00,0.00,0.94,0.69,0.0003,0.0065,     0,0,0,0.07,99.93,0.00,N/A,0.08,0.15,211.83,0.54,13.54,0.00,0.01,0.00,0.53,0.00,1.00,0.00,0.00,0.86,0.69,0.0007,0.0059,     0,0,0,0.04,99.96,0.00,N/A,0.05,0.09,211.83,0.53,13.31,0.00,0.01,0.00,0.56,0.00,1.00,0.00,0.00,0.75,0.84,0.0003,0.0015,     0,0,0,0.20,99.80,0.00,N/A,0.24,0.43,211.83,0.56,13.89,0.00,0.03,0.00,0.64,0.00,1.00,0.00,0.00,0.77,0.59,0.0012,0.0066,     0,0,0,0.08,99.92,0.00,N/A,0.10,0.16,211.83,0.64,15.99,0.00,0.01,0.01,0.31,0.02,0.78,0.00,0.03,0.96,0.27,0.0009,0.0208,     0,0,0,2.64,97.36,0.00,N/A,1.37,4.37,211.83,0.31,7.83,0.01,0.16,0.00,0.44,0.00,0.68,0.00,0.00,0.56,0.75,0.0018,0.0048,     0,0,0,0.08,99.92,0.00,N/A,0.05,0.11,211.83,0.44,11.01,0.00,0.01,0.00,0.44,0.00,0.67,0.00,0.00,0.75,0.74,0.0010,0.0052,     0,0,0,0.11,99.89,0.00,N/A,0.07,0.16,211.83,0.44,11.12,0.00,0.01,0.00,0.50,0.00,0.65,0.00,0.00,0.89,0.70,0.0005,0.0059,     0,0,0,0.08,99.92,0.00,N/A,0.05,0.11,211.83,0.50,12.48,0.00,0.01,0.00,0.45,0.00,0.67,0.00,0.00,0.84,0.72,0.0007,0.0054,     0,0,0,0.08,99.92,0.00,N/A,0.05,0.11,211.83,0.45,11.35,0.00,0.01,0.00,0.48,0.00,0.67,0.00,0.00,0.86,0.68,0.0007,0.0061,     0,0,0,0.08,99.92,0.00,N/A,0.05,0.11,211.83,0.48,11.93,0.00,0.01,0.00,0.49,0.00,0.60,0.00,0.00,0.65,0.69,0.0017,0.0053,     0,0,0,0.10,99.90,0.00,N/A,0.06,0.13,211.83,0.49,12.31,0.00,0.01,0.00,0.51,0.00,0.69,0.00,0.00,0.83,0.57,0.0009,0.0063,     0,0,0,0.13,99.87,0.00,N/A,0.10,0.19,211.83,0.51,12.81,0.00,0.01,
2024-03-21,21:06:31.880,0.00,0.79,0.01,0.97,0.01,0.07,0.89,0.59,0.0005,0.0045,0.00,0.00,-2147483648,0.00,0.00,16.04,20.28,208.07,0.79,19.77,0.00,0.12,1.33,0.15,6.38,0.63,99.37,0.00,100.00,0.00,0.00,0.00,0.00,-nan,0.08,0.01,0.98,0.01,1.00,0.00,0.03,0.92,0.64,0.0002,0.0031,     0,0,0,0.00,0.00,-2147483648,0.00,0.00,N/A,11.27,11.48,208.07,0.98,24.54,0.01,0.17,0.00,0.54,0.01,0.93,0.00,0.04,0.87,0.53,0.0010,0.0077,     0,0,0,0.00,0.00,-2147483648,0.00,0.00,N/A,4.77,8.80,208.07,0.54,13.56,0.00,0.07,0.07,0.07,  0%,  0%,0.56,0.63,  0%,  0%,0.13,0.25,  0%,  0%,2.67,3.33,  2%,  2%,0.69,99.31,0.00,100.00,0.00,0.00,0.56,99.44,0.00,100.00,0.00,0.00,0.00,0.00,0.00 ,0.00 ,-nan ,-nan ,0.08,0.08,0.01,0.32,0.02,1.00,0.00,0.03,0.94,0.26,0.0012,0.0201,     0,0,0,2.21,97.79,0.00,N/A,1.46,4.59,208.07,0.32,7.94,0.01,0.18,0.01,1.38,0.00,0.99,0.00,0.00,0.52,0.71,0.0002,0.0005,     0,0,0,0.46,99.54,0.00,N/A,1.32,0.95,208.07,1.38,34.61,0.01,0.16,0.00,0.37,0.00,1.00,0.00,0.00,0.77,0.87,0.0005,0.0024,     0,0,0,0.02,99.98,0.00,N/A,0.02,0.05,208.07,0.37,9.36,0.00,0.00,0.01,1.48,0.01,0.99,0.00,0.00,0.78,0.91,0.0001,0.0006,     0,0,0,0.68,99.32,0.00,N/A,2.09,1.41,208.07,1.48,37.00,0.01,0.25,0.03,1.66,0.02,1.00,0.00,0.00,0.90,0.95,0.0000,0.0003,     0,0,0,1.73,98.27,0.00,N/A,5.96,3.60,208.07,1.66,41.43,0.03,0.72,0.00,0.50,0.00,1.00,0.00,0.00,0.81,0.68,0.0009,0.0060,     0,0,0,0.05,99.95,0.00,N/A,0.05,0.10,208.07,0.50,12.41,0.00,0.01,0.00,0.45,0.00,0.95,0.00,0.00,0.76,0.74,0.0005,0.0027,     0,0,0,0.32,99.68,0.00,N/A,0.28,0.62,208.07,0.45,11.28,0.00,0.03,0.00,0.61,0.00,1.00,0.00,0.00,0.81,0.58,0.0010,0.0065,     0,0,0,0.08,99.92,0.00,N/A,0.10,0.16,208.07,0.61,15.16,0.00,0.01,0.01,0.31,0.02,0.93,0.00,0.03,0.95,0.26,0.0010,0.0213,     0,0,0,2.27,97.73,0.00,N/A,1.35,4.38,208.07,0.31,7.68,0.01,0.16,0.00,0.55,0.00,0.93,0.00,0.00,0.09,0.66,0.0021,0.0033,     0,0,0,0.20,99.80,0.00,N/A,0.21,0.38,208.07,0.55,13.67,0.00,0.03,0.00,0.44,0.00,0.93,0.00,0.00,0.71,0.61,0.0014,0.0067,     0,0,0,0.13,99.87,0.00,N/A,0.11,0.26,208.07,0.44,10.94,0.00,0.01,0.00,0.64,0.01,0.98,0.00,0.00,0.45,0.70,0.0015,0.0032,     0,0,0,0.55,99.45,0.00,N/A,0.72,1.13,208.07,0.64,15.96,0.00,0.09,0.01,0.99,0.01,0.96,0.00,0.00,0.66,0.87,0.0004,0.0015,     0,0,0,1.00,99.00,0.00,N/A,2.13,2.14,208.07,0.99,24.81,0.01,0.24,0.00,0.58,0.00,0.63,0.00,0.00,0.75,0.74,0.0007,0.0034,     0,0,0,0.12,99.88,0.00,N/A,0.09,0.15,208.07,0.58,14.61,0.00,0.01,0.00,0.37,0.00,0.80,0.00,0.00,0.55,0.74,0.0018,0.0046,     0,0,0,0.07,99.93,0.00,N/A,0.04,0.11,208.07,0.37,9.37,0.00,0.01,0.00,0.52,0.00,0.92,0.00,0.00,0.33,0.59,0.0042,0.0071,     0,0,0,0.12,99.88,0.00,N/A,0.12,0.23,208.07,0.52,13.12,0.00,0.01,
2024-03-21,21:06:31.973,0.01,0.84,0.01,0.94,0.01,0.07,0.90,0.62,0.0004,0.0043,0.00,0.00,-2147483648,0.00,0.00,17.45,20.75,210.03,0.84,21.02,0.01,0.13,1.84,1.66,5.66,0.66,99.34,0.00,100.00,0.00,0.00,0.00,0.00,-nan,0.08,0.01,0.97,0.01,1.00,0.00,0.04,0.91,0.61,0.0003,0.0034,     0,0,0,0.00,0.00,-2147483648,0.00,0.00,N/A,10.91,11.30,210.03,0.97,24.13,0.01,0.16,0.00,0.69,0.01,0.88,0.00,0.04,0.88,0.64,0.0007,0.0057,     0,0,0,0.00,0.00,-2147483648,0.00,0.00,N/A,6.53,9.44,210.03,0.69,17.29,0.00,0.10,0.13,0.17,  0%,  0%,0.88,0.67,  0%,  0%,1.13,1.19,  1%,  1%,1.82,1.52,  1%,  1%,0.67,99.33,0.00,100.00,0.00,0.00,0.64,99.36,0.00,100.00,0.00,0.00,0.00,0.00,0.00 ,0.00 ,-nan ,-nan ,0.08,0.08,0.01,0.33,0.02,1.00,0.00,0.03,0.94,0.27,0.0011,0.0205,     0,0,0,2.06,97.94,0.00,N/A,1.41,4.32,210.03,0.33,8.18,0.01,0.17,0.01,1.41,0.00,1.00,0.00,0.00,0.50,0.67,0.0002,0.0005,     0,0,0,0.44,99.56,0.00,N/A,1.31,0.93,210.03,1.41,35.36,0.01,0.16,0.00,0.47,0.00,1.00,0.00,0.00,0.88,0.90,0.0002,0.0019,     0,0,0,0.02,99.98,0.00,N/A,0.02,0.04,210.03,0.47,11.77,0.00,0.00,0.02,1.50,0.01,1.00,0.00,0.00,0.80,0.85,0.0002,0.0009,     0,0,0,1.22,98.78,0.00,N/A,3.85,2.57,210.03,1.50,37.51,0.02,0.46,0.02,1.63,0.01,1.00,0.00,0.00,0.93,0.91,0.0000,0.0006,     0,0,0,1.12,98.88,0.00,N/A,3.81,2.34,210.03,1.63,40.66,0.02,0.45,0.00,0.38,0.00,1.00,0.00,0.00,0.66,0.75,0.0007,0.0026,     0,0,0,0.16,99.84,0.00,N/A,0.13,0.34,210.03,0.38,9.44,0.00,0.02,0.00,0.47,0.00,1.00,0.00,0.00,0.62,0.83,0.0005,0.0016,     0,0,0,0.25,99.75,0.00,N/A,0.25,0.53,210.03,0.47,11.73,0.00,0.03,0.00,0.55,0.00,1.00,0.00,0.00,0.42,0.64,0.0027,0.0063,     0,0,0,0.11,99.89,0.00,N/A,0.13,0.24,210.03,0.55,13.82,0.00,0.02,0.01,0.31,0.02,0.82,0.00,0.03,0.96,,0.30,0.02,,0.0212,     0,0,0,2.39,97.61,0.00,N/A,1.30,4.14,210.03,0.31,7.87,0.01,0.15,0.00,0.49,0.00,0.48,0.00,0.00,0.32,0.70,0.0034,0.0061,     0,0,0,0.11,99.89,0.00,N/A,0.06,0.11,210.03,0.49,12.22,0.00,0.01,0.00,0.38,0.00,0.96,0.00,0.00,0.66,0.59,0.0022,0.0081,     0,0,0,0.11,99.89,0.00,N/A,0.08,0.21,210.03,0.38,9.45,0.00,0.01,0.00,0.39,0.00,0.83,0.00,0.00,0.71,0.67,0.0016,0.0068,     0,0,0,0.08,99.92,0.00,N/A,0.05,0.13,210.03,0.39,9.65,0.00,0.01,0.00,0.41,0.00,0.73,0.00,0.00,0.76,0.66,0.0015,0.0073,     0,0,0,0.09,99.91,0.00,N/A,0.05,0.13,210.03,0.41,10.31,0.00,0.01,0.01,0.99,0.01,0.98,0.00,0.00,0.59,0.87,0.0006,0.0014,     0,0,0,1.02,98.98,0.00,N/A,2.09,2.11,210.03,0.99,24.81,0.01,0.25,0.01,1.16,0.01,0.95,0.00,0.00,0.70,0.88,0.0004,0.0016,     0,0,0,1.21,98.79,0.00,N/A,2.81,2.41,210.03,1.16,29.06,0.01,0.33,0.00,0.47,0.00,0.95,0.00,0.00,0.40,0.59,0.0034,0.0067,     0,0,0,0.10,99.90,0.00,N/A,0.09,0.20,210.03,0.47,11.70,0.00,0.01,
2024-03-21,21:06:32.074,0.01,0.96,0.01,0.92,0.00,0.07,0.93,0.60,0.0002,0.0036,0.00,0.00,-2147483648,0.00,0.00,18.04,18.82,209.98,0.96,23.96,0.01,0.13,1.06,0.50,2.19,0.61,99.39,0.00,100.00,0.00,0.00,0.00,0.00,-nan,0.08,0.01,1.16,0.01,1.00,0.00,0.04,0.93,0.70,0.0001,0.0022,     0,0,0,0.00,0.00,-2147483648,0.00,0.00,N/A,16.30,14.02,209.98,1.16,29.06,0.01,0.24,0.00,0.36,0.00,0.74,0.00,0.03,0.94,0.35,0.0011,0.0176,     0,0,0,0.00,0.00,-2147483648,0.00,0.00,N/A,1.75,4.80,209.98,0.36,9.08,0.00,0.03,0.11,0.46,  0%,  0%,0.25,0.24,  0%,  0%,0.68,0.24,  0%,  0%,0.74,0.54,  0%,  0%,0.83,99.17,0.00,100.00,0.00,0.00,0.39,99.61,0.00,100.00,0.00,0.00,0.00,0.00,0.00 ,0.00 ,-nan ,-nan ,0.08,0.08,0.01,0.31,0.02,1.00,0.00,0.03,0.95,0.27,0.0010,0.0202,     0,0,0,2.15,97.85,0.00,N/A,1.42,4.52,209.98,0.31,7.87,0.01,0.17,0.01,1.48,0.01,1.00,0.00,0.00,0.41,0.68,0.0001,0.0004,     0,0,0,0.70,99.30,0.00,N/A,2.18,1.47,209.98,1.48,37.09,0.01,0.26,0.00,1.63,0.00,1.00,0.00,0.00,0.54,0.84,0.0001,0.0002,     0,0,0,0.22,99.78,0.00,N/A,0.74,0.45,209.98,1.63,40.76,0.00,0.09,0.00,0.48,0.00,1.00,0.00,0.00,0.77,0.72,0.0010,0.0056,     0,0,0,0.05,99.95,0.00,N/A,0.05,0.10,209.98,0.48,12.02,0.00,0.01,0.05,1.70,0.03,1.00,0.00,0.00,0.96,0.95,0.0000,0.0003,     0,0,0,3.21,96.79,0.00,N/A,11.51,6.77,209.98,1.70,42.49,0.05,1.36,0.00,0.51,0.00,1.00,0.00,0.00,0.72,0.68,0.0013,0.0065,     0,0,0,0.10,99.90,0.00,N/A,0.11,0.21,209.98,0.51,12.76,0.00,0.01,0.00,0.64,0.00,1.00,0.00,0.00,0.73,0.86,0.0004,0.0016,     0,0,0,0.14,99.86,0.00,N/A,0.19,0.30,209.98,0.64,15.99,0.00,0.02,0.00,0.49,0.00,1.00,0.00,0.00,0.49,0.61,0.0025,0.0062,     0,0,0,0.09,99.91,0.00,N/A,0.10,0.20,209.98,0.49,12.20,0.00,0.01,0.01,0.34,0.02,0.77,0.00,0.03,0.96,0.27,0.0008,0.0217,     0,0,0,2.36,97.64,0.00,N/A,1.29,3.81,209.98,0.34,8.48,0.01,0.15,0.00,0.38,0.00,0.46,0.00,0.00,0.43,0.90,0.0008,0.0017,     0,0,0,0.06,99.94,0.00,N/A,0.02,0.06,209.98,0.38,9.50,0.00,0.00,0.00,0.45,0.00,0.78,0.00,0.00,0.67,0.65,0.0017,0.0068,     0,0,0,0.12,99.88,0.00,N/A,0.09,0.19,209.98,0.45,11.29,0.00,0.01,0.00,0.43,0.00,0.73,0.00,0.00,0.66,0.70,0.0015,0.0062,     0,0,0,0.11,99.89,0.00,N/A,0.07,0.17,209.98,0.43,10.76,0.00,0.01,0.00,0.49,0.00,0.56,0.00,0.00,0.71,0.71,0.0015,0.0057,     0,0,0,0.12,99.88,0.00,N/A,0.07,0.15,209.98,0.49,12.16,0.00,0.01,0.00,0.46,0.00,0.56,0.00,0.00,0.64,0.68,0.0019,0.0060,     0,0,0,0.14,99.86,0.00,N/A,0.07,0.16,209.98,0.46,11.39,0.00,0.01,0.00,0.35,0.00,0.46,0.00,0.00,0.63,0.88,0.0005,0.0023,     0,0,0,0.06,99.94,0.00,N/A,0.02,0.06,209.98,0.35,8.80,0.00,0.00,0.00,0.51,0.00,0.87,0.00,0.00,0.55,0.62,0.0028,0.0070,     0,0,0,0.12,99.88,0.00,N/A,0.11,0.22,209.98,0.51,12.72,0.00,0.01,
2024-03-21,21:06:32.173,0.00,0.65,0.00,0.91,0.00,0.07,0.94,0.50,0.0004,0.0067,0.00,0.00,-2147483648,0.00,0.00,9.81,15.05,210.13,0.65,16.30,0.00,0.07,0.53,0.62,1.30,0.49,99.51,0.00,100.00,0.00,0.00,0.00,0.00,-nan,0.08,0.00,0.82,0.01,1.00,0.00,0.03,0.93,0.59,0.0003,0.0043,     0,0,0,0.00,0.00,-2147483648,0.00,0.00,N/A,8.00,9.75,210.13,0.82,20.52,0.00,0.12,0.00,0.34,0.00,0.79,0.00,0.03,0.94,0.35,0.0009,0.0171,     0,0,0,0.00,0.00,-2147483648,0.00,0.00,N/A,1.81,5.31,210.13,0.34,8.54,0.00,0.03,0.11,0.11,  0%,  0%,0.22,0.09,  0%,  0%,0.25,0.25,  0%,  0%,0.38,0.41,  0%,  0%,0.58,99.42,0.00,100.00,0.00,0.00,0.40,99.60,0.00,100.00,0.00,0.00,0.00,0.00,0.00 ,0.00 ,-nan ,-nan ,0.08,0.08,0.01,0.29,0.02,1.00,0.00,0.03,0.96,0.27,0.0009,0.0202,     0,0,0,2.29,97.71,0.00,N/A,1.39,4.82,210.13,0.29,7.20,0.01,0.17,0.00,1.04,0.00,1.00,0.00,0.00,0.66,0.62,0.0004,0.0016,     0,0,0,0.23,99.77,0.00,N/A,0.50,0.48,210.13,1.04,26.12,0.00,0.06,0.00,0.36,0.00,1.00,0.00,0.00,0.79,0.83,0.0005,0.0028,     0,0,0,0.03,99.97,0.00,N/A,0.02,0.07,210.13,0.36,8.91,0.00,0.00,0.01,1.64,0.01,1.00,0.00,0.00,0.89,0.93,0.0000,0.0004,     0,0,0,0.91,99.09,0.00,N/A,3.12,1.91,210.13,1.64,40.90,0.01,0.37,0.01,1.59,0.01,1.00,0.00,0.00,0.89,0.92,0.0001,0.0005,     0,0,0,0.73,99.27,0.00,N/A,2.41,1.52,210.13,1.59,39.68,0.01,0.29,0.00,0.52,0.00,1.00,0.00,0.00,0.78,0.72,0.0010,0.0056,     0,0,0,0.05,99.95,0.00,N/A,0.05,0.10,210.13,0.52,12.89,0.00,0.01,0.00,0.58,0.00,1.00,0.00,0.00,0.75,0.77,0.0006,0.0029,     0,0,0,0.19,99.81,0.00,N/A,0.23,0.39,210.13,0.58,14.38,0.00,0.03,0.00,0.60,0.00,1.00,0.00,0.00,0.64,0.55,0.0020,0.0074,     0,0,0,0.22,99.78,0.00,N/A,0.28,0.46,210.13,0.60,15.05,0.00,0.03,0.01,0.31,0.02,0.80,0.00,0.03,0.96,0.27,0.0009,0.0210,     0,0,0,2.58,97.42,0.00,N/A,1.35,4.35,210.13,0.31,7.75,0.01,0.16,0.00,0.48,0.00,0.62,0.00,0.00,0.52,0.76,0.0019,0.0050,     0,0,0,0.09,99.91,0.00,N/A,0.06,0.12,210.13,0.48,11.89,0.00,0.01,0.00,0.47,0.00,0.79,0.00,0.00,0.76,0.67,0.0012,0.0063,     0,0,0,0.10,99.90,0.00,N/A,0.08,0.17,210.13,0.47,11.67,0.00,0.01,0.00,0.47,0.00,0.79,0.00,0.00,0.81,0.70,0.0010,0.0061,     0,0,0,0.10,99.90,0.00,N/A,0.08,0.17,210.13,0.47,11.76,0.00,0.01,0.00,0.47,0.00,0.66,0.00,0.00,0.85,0.74,0.0007,0.0052,     0,0,0,0.08,99.92,0.00,N/A,0.05,0.11,210.13,0.47,11.69,0.00,0.01,0.00,0.45,0.00,0.67,0.00,0.00,0.86,0.69,0.0007,0.0057,     0,0,0,0.08,99.92,0.00,N/A,0.05,0.11,210.13,0.45,11.20,0.00,0.01,0.00,0.48,0.00,0.60,0.00,0.00,0.86,0.74,0.0006,0.0053,     0,0,0,0.09,99.91,0.00,N/A,0.05,0.11,210.13,0.48,11.92,0.00,0.01,0.00,0.57,0.00,0.83,0.00,0.00,0.79,0.60,0.0013,0.0064,     0,0,0,0.10,99.90,0.00,N/A,0.09,0.17,210.13,0.57,14.19,0.00,0.01,
2024-03-21,21:06:32.273,0.00,0.66,0.00,0.90,0.00,0.06,0.94,0.50,0.0004,0.0065,0.00,0.00,-2147483648,0.00,0.00,9.79,14.79,209.73,0.66,16.55,0.00,0.07,0.92,0.81,1.67,0.49,99.51,0.00,100.00,0.00,0.00,0.00,0.00,-nan,0.08,0.00,0.85,0.01,1.00,0.00,0.03,0.94,0.58,0.0002,0.0041,     0,0,0,0.00,0.00,-2147483648,0.00,0.00,N/A,7.99,9.44,209.73,0.85,21.16,0.00,0.12,0.00,0.34,0.00,0.77,0.00,0.03,0.94,0.35,0.0009,0.0172,     0,0,0,0.00,0.00,-2147483648,0.00,0.00,N/A,1.80,5.35,209.73,0.34,8.41,0.00,0.03,0.42,0.32,  0%,  0%,0.10,0.08,  0%,  0%,0.57,0.44,  0%,  0%,0.34,0.32,  0%,  0%,0.56,99.44,0.00,100.00,0.00,0.00,0.41,99.59,0.00,100.00,0.00,0.00,0.00,0.00,0.00 ,0.00 ,-nan ,-nan ,0.08,0.08,0.01,0.30,0.02,1.00,0.00,0.03,0.96,0.27,0.0008,0.0205,     0,0,0,2.17,97.83,0.00,N/A,1.35,4.54,209.73,0.30,7.42,0.01,0.16,0.01,1.37,0.00,1.00,0.00,0.00,0.63,0.62,0.0002,0.0007,     0,0,0,0.46,99.54,0.00,N/A,1.31,0.96,209.73,1.37,34.31,0.01,0.16,0.00,0.53,0.00,0.93,0.00,0.00,0.91,0.73,0.0003,0.0050,     0,0,0,0.05,99.95,0.00,N/A,0.05,0.09,209.73,0.53,13.30,0.00,0.01,0.02,1.67,0.01,1.00,0.00,0.00,0.96,0.94,0.0000,0.0004,     0,0,0,1.37,98.63,0.00,N/A,4.78,2.86,209.73,1.67,41.75,0.02,0.57,0.00,0.48,0.00,1.00,0.00,0.00,0.82,0.73,0.0008,0.0055,     0,0,0,0.05,99.95,0.00,N/A,0.05,0.11,209.73,0.48,11.96,0.00,0.01,0.00,0.50,0.00,1.00,0.00,0.00,0.82,0.69,0.0007,0.0057,     0,0,0,0.07,99.93,0.00,N/A,0.07,0.14,209.73,0.50,12.59,0.00,0.01,0.00,0.59,0.00,1.00,0.00,0.00,0.76,0.78,0.0005,0.0028,     0,0,0,0.20,99.80,0.00,N/A,0.25,0.42,209.73,0.59,14.86,0.00,0.03,0.00,0.41,0.00,1.00,0.00,0.00,0.65,0.60,0.0016,0.0059,     0,0,0,0.15,99.85,0.00,N/A,0.13,0.32,209.73,0.41,10.15,0.00,0.02,0.01,0.31,0.02,0.81,0.00,0.03,0.96,0.27,0.0009,0.0210,     0,0,0,2.61,97.39,0.00,N/A,1.35,4.43,209.73,0.31,7.63,0.01,0.16,0.00,0.48,0.00,0.82,0.00,0.00,0.58,0.71,0.0018,0.0052,     0,0,0,0.10,99.90,0.00,N/A,0.08,0.17,209.73,0.48,11.97,0.00,0.01,0.00,0.48,0.00,0.71,0.00,0.00,0,0.01,0.00.470.,0.0058,     0,0,0,0.11,99.89,0.00,N/A,0.08,0.17,209.73,0.48,12.07,0.00,0.01,0.00,0.53,0.00,0.69,0.00,0.00,0.84,0.70,0.0008,0.0060,     0,0,0,0.12,99.88,0.00,N/A,0.09,0.17,209.73,0.53,13.17,0.00,0.01,0.00,0.49,0.00,0.45,0.00,0.00,0.82,0.73,0.0008,0.0052,     0,0,0,0.11,99.89,0.00,N/A,0.05,0.10,209.73,0.49,12.20,0.00,0.01,0.00,0.42,0.00,0.47,0.00,0.00,0.77,0.74,0.0010,0.0047,     0,0,0,0.10,99.90,0.00,N/A,0.04,0.10,209.73,0.42,10.47,0.00,0.00,0.00,0.52,0.00,0.79,0.00,0.00,0.87,0.69,0.0007,0.0058,     0,0,0,0.09,99.91,0.00,N/A,0.08,0.15,209.73,0.52,12.96,0.00,0.01,0.00,0.44,0.00,0.54,0.00,0.00,0.94,0.83,0.0001,0.0035,     0,0,0,0.05,99.95,0.00,N/A,0.02,0.06,209.73,0.44,10.93,0.00,0.00,
2024-03-21,21:06:32.374,0.00,0.68,0.00,0.90,0.00,0.07,0.94,0.52,0.0003,0.0064,0.00,0.00,-2147483648,0.00,0.00,10.20,15.08,210.21,0.68,16.91,0.00,0.08,0.58,0.63,1.71,0.50,99.50,0.00,100.00,0.00,0.00,0.00,0.00,-nan,0.10,0.01,0.84,0.01,1.00,0.00,0.04,0.94,0.61,0.0002,0.0042,     0,0,0,0.00,0.00,-2147483648,0.00,0.00,N/A,8.48,10.10,210.21,0.84,21.00,0.01,0.13,0.00,0.34,0.00,0.74,0.00,0.03,0.95,0.34,0.0008,0.0176,     0,0,0,0.00,0.00,-2147483648,0.00,0.00,N/A,1.71,4.98,210.21,0.34,8.60,0.00,0.03,0.20,0.27,  0%,  0%,0.08,0.03,  0%,  0%,0.46,0.88,  0%,  0%,0.21,0.16,  0%,  0%,0.60,99.40,0.00,100.00,0.00,0.00,0.40,99.60,0.00,100.00,0.00,0.00,0.00,0.00,0.00 ,0.00 ,-nan ,-nan ,0.10,0.10,0.01,0.29,0.02,1.00,0.00,0.03,0.96,0.27,0.0009,0.0203,     0,0,0,2.30,97.70,0.00,N/A,1.38,4.83,210.21,0.29,7.14,0.01,0.16,0.01,1.43,0.01,1.00,0.00,0.00,0.90,0.87,0.0001,0.0009,     0,0,0,0.84,99.16,0.00,N/A,2.52,1.76,210.21,1.43,35.76,0.01,0.30,0.01,1.66,0.01,1.00,0.00,0.00,0.99,0.92,0.0000,0.0005,     0,0,0,0.89,99.11,0.00,N/A,3.10,1.87,210.21,1.66,41.50,0.01,0.37,0.00,1.40,0.00,1.00,0.00,0.00,0.90,0.90,0.0001,0.0008,     0,0,0,0.29,99.71,0.00,N/A,0.86,0.62,210.21,1.40,35.05,0.00,0.10,0.00,0.47,0.00,1.00,0.00,0.00,0.74,0.72,0.0009,0.0056,     0,0,0,0.06,99.94,0.00,N/A,0.06,0.12,210.21,0.47,11.75,0.00,0.01,0.00,0.49,0.00,1.00,0.00,0.00,0.93,0.70,0.0003,0.0059,     0,0,0,0.05,99.95,0.00,N/A,0.05,0.10,210.21,0.49,12.25,0.00,0.01,0.00,0.64,0.00,1.00,0.00,0.00,0.72,0.79,0.0006,0.0028,     0,0,0,0.19,99.81,0.00,N/A,0.25,0.39,210.21,0.64,16.00,0.00,0.03,0.00,0.63,0.00,1.00,0.00,0.00,0.68,0.55,0.0017,0.0069,     0,0,0,0.20,99.80,0.00,N/A,0.26,0.41,210.21,0.63,15.85,0.00,0.03,0.01,0.32,0.02,0.77,0.00,0.03,0.96,0.27,0.0008,0.0211,     0,0,0,2.57,97.43,0.00,N/A,1.33,4.16,210.21,0.32,8.03,0.01,0.16,0.00,0.45,0.00,0.65,0.00,0.00,0.53,0.75,0.0018,0.0049,     0,0,0,0.09,99.91,0.00,N/A,0.05,0.12,210.21,0.45,11.33,0.00,0.01,0.00,0.48,0.00,0.72,0.00,0.00,0.84,0.66,0.0008,0.0065,     0,0,0,0.11,99.89,0.00,N/A,0.08,0.16,210.21,0.48,12.07,0.00,0.01,0.00,0.51,0.00,0.53,0.00,0.00,0.82,0.69,0.0010,0.0064,     0,0,0,0.13,99.87,0.00,N/A,0.08,0.15,210.21,0.51,12.67,0.00,0.01,0.00,0.48,0.00,0.68,0.00,0.00,0.83,0.73,0.0008,0.0056,     0,0,0,0.08,99.92,0.00,N/A,0.05,0.11,210.21,0.48,12.00,0.00,0.01,0.00,0.42,0.00,0.69,0.00,0.00,0.79,0.74,0.0008,0.0050,     0,0,0,0.08,99.92,0.00,N/A,0.05,0.11,210.21,0.42,10.53,0.00,0.01,0.00,0.45,0.00,0.63,0.00,0.00,0.83,0.73,0.0007,0.0051,     0,0,0,0.08,99.92,0.00,N/A,0.05,0.11,210.21,0.45,11.35,0.00,0.01,0.00,0.35,0.00,0.46,0.00,0.00,0.46,0.88,0.0007,0.0020,     0,0,0,0.06,99.94,0.00,N/A,0.02,0.06,210.21,0.35,8.68,0.00,0.00,
2024-03-21,21:06:32.473,0.01,0.95,0.01,0.90,0.00,0.07,0.95,0.61,0.0002,0.0037,0.00,0.00,-2147483648,0.00,0.00,18.13,19.06,210.05,0.95,23.78,0.01,0.13,0.55,0.42,1.23,0.63,99.37,0.00,100.00,0.00,0.00,0.00,0.00,-nan,0.08,0.01,1.14,0.01,0.98,0.00,0.04,0.94,0.72,0.0001,0.0023,     0,0,0,0.00,0.00,-2147483648,0.00,0.00,N/A,15.60,13.65,210.05,1.14,28.56,0.01,0.23,0.00,0.47,0.00,0.74,0.00,0.03,0.95,0.34,0.0007,0.0123,     0,0,0,0.00,0.00,-2147483648,0.00,0.00,N/A,2.53,5.40,210.05,0.47,11.70,0.00,0.04,0.20,0.21,  0%,  0%,0.10,0.03,  0%,  0%,0.36,0.45,  0%,  0%,0.24,0.18,  0%,  0%,0.83,99.17,0.00,100.00,0.00,0.00,0.43,99.57,0.00,100.00,0.00,0.00,0.00,0.00,0.00 ,0.00 ,-nan ,-nan ,0.08,0.08,0.01,0.31,0.02,0.97,0.00,0.03,0.96,0.27,0.0008,0.0210,     0,0,0,2.13,97.87,0.00,N/A,1.34,4.34,210.05,0.31,7.71,0.01,0.16,0.00,1.09,0.00,0.99,0.00,0.00,0.66,0.60,0.0003,0.0014,     0,0,0,0.33,99.67,0.00,N/A,0.74,0.68,210.05,1.09,27.30,0.00,0.09,0.02,1.69,0.01,1.00,0.00,0.00,0.97,0.94,0.0000,0.0003,     0,0,0,1.32,98.68,0.00,N/A,4.64,2.75,210.05,1.69,42.19,0.02,0.55,0.04,1.68,0.02,0.98,0.00,0.00,0.95,0.94,0.0000,0.0004,     0,0,0,2.40,97.60,0.00,N/A,8.33,4.95,210.05,1.68,42.09,0.04,0.99,0.00,0.50,0.00,1.00,0.00,0.00,0.93,0.72,0.0003,0.0059,     0,0,0,0.05,99.95,0.00,N/A,0.06,0.11,210.05,0.50,12.54,0.00,0.01,0.00,0.52,0.00,0.92,0.00,0.00,0.91,0.73,0.0004,0.0055,     0,0,0,0.05,99.95,0.00,N/A,0.05,0.10,210.05,0.52,13.01,0.00,0.01,0.00,0.60,0.00,0.94,0.00,0.00,0.75,0.81,0.0005,0.0025,     0,0,0,0.21,99.79,0.00,N/A,0.25,0.42,210.05,0.60,15.08,0.00,0.03,0.00,0.61,0.00,1.00,0.00,0.00,0.72,0.54,0.0016,0.0072,     0,0,0,0.15,99.85,0.00,N/A,0.19,0.31,210.05,0.61,15.34,0.00,0.02,0.01,0.33,0.02,0.74,0.00,0.03,0.96,0.27,0.0008,0.0214,     0,0,0,2.56,97.44,0.00,N/A,1.32,3.97,210.05,0.33,8.29,0.01,0.16,0.00,1.32,0.00,0.87,0.00,0.00,0.39,0.62,0.0003,0.0006,     0,0,0,0.34,99.66,0.00,N/A,0.83,0.63,210.05,1.32,33.02,0.00,0.10,0.00,0.48,0.00,0.72,0.00,0.00,0.77,0.65,0.0012,0.0068,     0,0,0,0.12,99.88,0.00,N/A,0.08,0.17,210.05,0.48,11.91,0.00,0.01,0.00,0.50,0.00,0.63,0.00,0.00,0.81,0.63,0.0010,0.0070,     0,0,0,0.14,99.86,0.00,N/A,0.09,0.19,210.05,0.50,12.49,0.00,0.01,0.00,0.48,0.00,0.68,0.00,0.00,0.85,0.71,0.0007,0.0057,     0,0,0,0.08,99.92,0.00,N/A,0.05,0.11,210.05,0.48,11.91,0.00,0.01,0.00,0.45,0.00,0.68,0.00,0.00,0.83,0.68,0.0009,0.0064,     0,0,0,0.08,99.92,0.00,N/A,0.05,0.12,210.05,0.45,11.24,0.00,0.01,0.00,0.50,0.00,0.82,0.00,0.00,0.85,0.68,0.0008,0.0058,     0,0,0,0.09,99.91,0.00,N/A,0.08,0.16,210.05,0.50,12.42,0.00,0.01,0.00,0.36,0.00,0.60,0.00,0.00,0.67,0.89,0.0006,0.0019,     0,0,0,0.04,99.96,0.00,N/A,0.02,0.05,210.05,0.36,9.01,0.00,0.00,
2024-03-21,21:06:32.573,0.00,0.83,0.00,0.90,0.00,0.07,0.94,0.53,0.0003,0.0049,0.00,0.00,-2147483648,0.00,0.00,13.95,16.77,209.86,0.83,20.79,0.00,0.10,0.83,1.15,1.57,0.56,99.44,0.00,100.00,0.00,0.00,0.00,0.00,-nan,0.08,0.01,1.03,0.01,1.00,0.00,0.04,0.94,0.61,0.0002,0.0031,     0,0,0,0.00,0.00,-2147483648,0.00,0.00,N/A,12.25,11.89,209.86,1.03,25.76,0.01,0.18,0.00,0.35,0.00,0.72,0.00,0.03,0.95,0.34,0.0008,0.0178,     0,0,0,0.00,0.00,-2147483648,0.00,0.00,N/A,1.70,4.89,209.86,0.35,8.70,0.00,0.03,0.33,0.39,  0%,  0%,0.09,0.03,  0%,  0%,0.73,0.44,  0%,  0%,0.22,0.17,  0%,  0%,0.71,99.29,0.00,100.00,0.00,0.00,0.40,99.60,0.00,100.00,0.00,0.00,0.00,0.00,0.00 ,0.00 ,-nan ,-nan ,0.08,0.07,0.01,0.32,0.02,1.00,0.00,0.03,0.97,0.27,0.0007,0.0213,     0,0,0,1.96,98.04,0.00,N/A,1.31,4.12,209.86,0.32,7.97,0.01,0.16,0.01,1.43,0.01,1.00,0.00,0.00,0.56,0.61,0.0002,0.0006,     0,0,0,0.73,99.27,0.00,N/A,2.20,1.54,209.86,1.43,35.78,0.01,0.26,0.01,1.41,0.01,1.00,0.00,0.00,0.91,0.73,0.0001,0.0016,     0,0,0,0.53,99.47,0.00,N/A,1.58,1.12,209.86,1.41,35.15,0.01,0.19,0.02,1.61,0.01,1.00,0.00,0.00,0.93,0.88,0.0000,0.0007,     0,0,0,1.13,98.87,0.00,N/A,3.81,2.37,209.86,1.61,40.14,0.02,0.45,0.00,0.49,0.00,1.00,0.00,0.00,0.75,0.74,0.0009,0.0051,     0,0,0,0.05,99.95,0.00,N/A,0.05,0.10,209.86,0.49,12.25,0.00,0.01,0.00,0.54,0.00,1.00,0.00,0.00,0.87,0.68,0.0006,0.0062,     0,0,0,0.07,99.93,0.00,N/A,0.08,0.15,209.86,0.54,13.51,0.00,0.01,0.00,0.56,0.00,1.00,0.00,0.00,0.76,0.81,0.0004,0.0023,     0,0,0,0.23,99.77,0.00,N/A,0.26,0.47,209.86,0.56,14.00,0.00,0.03,0.01,1.47,0.01,1.00,0.00,0.00,0.81,0.87,0.0001,0.0009,     0,0,0,0.96,99.04,0.00,N/A,2.96,2.02,209.86,1.47,36.67,0.01,0.35,0.01,0.33,0.02,0.74,0.00,0.03,0.96,0.27,0.0008,0.0213,     0,0,0,2.61,97.39,0.00,N/A,1.33,4.06,209.86,0.33,8.19,0.01,0.16,0.00,0.38,0.00,0.43,0.00,0.00,0.63,0.86,0.0006,0.0027,     0,0,0,0.07,99.93,0.00,N/A,0.02,0.06,209.86,0.38,9.40,0.00,0.00,0.00,0.48,0.00,0.78,0.00,0.00,0.85,0.65,0.0009,0.0065,     0,0,0,0.10,99.90,0.00,N/A,0.08,0.16,209.86,0.48,11.98,0.00,0.01,0.00,0.50,0.00,0.72,0.00,0.00,0.86,0.68,0.0007,0.0058,     0,0,0,0.10,99.90,0.00,N/A,0.08,0.16,209.86,0.50,12.40,0.00,0.01,0.00,0.45,0.00,0.,11.47,0.00,,0.0,,0.71,0.0010,0.005,N/A,0.02,0.06,210.30,0.39,9.71,0.00,0.00,0.00,0.55,0.00,0.75,0.00,0.00,0.72,0.54,0.0017,0.0072,     0,0,0,0.11,99.89,0.00,N/A,0.09,0.17,210.30,0.55,13.65,0.00,0.01,
2024-03-21,21:06:32.575,0.00,0.64,0.00,0.90,0.00,0.06,0.94,0.43,0.0004,0.0070,0.00,0.00,-2147483648,0.00,0.00,9.08,14.28,210.18,0.64,15.89,0.00,0.07,0.44,0.54,1.27,0.47,99.53,0.00,100.00,0.00,0.00,0.00,0.00,-nan,0.08,0.00,0.79,0.01,1.00,0.00,0.03,0.92,0.50,0.0003,0.0046,     0,0,0,0.00,0.00,-2147483648,0.00,0.00,N/A,7.37,9.30,210.18,0.79,19.81,0.00,0.11,0.00,0.34,0.00,0.76,0.00,0.03,0.95,0.34,0.0008,0.0174,     0,0,0,0.00,0.00,-2147483648,0.00,0.00,N/A,1.71,4.98,210.18,0.34,8.57,0.00,0.03,0.08,0.10,  0%,  0%,0.17,0.09,  0%,  0%,0.15,0.27,  0%,  0%,0.44,0.41,  0%,  0%,0.55,99.45,0.00,100.00,0.00,0.00,0.39,99.61,0.00,100.00,0.00,0.00,0.00,0.00,0.00 ,0.00 ,-nan ,-nan ,0.08,0.08,0.01,0.30,0.02,1.00,0.00,0.03,0.93,0.26,0.0012,0.0193,     0,0,0,2.46,97.54,0.00,N/A,1.56,5.17,210.18,0.30,7.56,0.01,0.19,0.01,1.62,0.01,1.00,0.00,0.00,0.54,0.74,0.0001,0.0003,     0,0,0,0.73,99.27,0.00,N/A,2.50,1.54,210.18,1.62,40.57,0.01,0.30,0.01,1.72,0.01,1.00,0.00,0.00,0.99,0.94,0.0000,0.0004,     0,0,0,0.66,99.34,0.00,N/A,2.36,1.37,210.18,1.72,42.95,0.01,0.28,0.00,0.38,0.00,1.00,0.00,0.00,0.89,0.90,0.0002,0.0017,     0,0,0,0.02,99.98,0.00,N/A,0.02,0.05,210.18,0.38,9.59,0.00,0.00,0.00,0.43,0.00,1.00,0.00,0.00,0.97,0.81,0.0001,0.0037,     0,0,0,0.03,99.97,0.00,N/A,0.02,0.06,210.18,0.43,10.66,0.00,0.00,0.00,0.45,0.00,1.00,0.00,0.00,0.98,0.81,0.0000,0.0038,     0,0,0,0.02,99.98,0.00,N/A,0.02,0.05,210.18,0.45,11.14,0.00,0.00,0.00,0.58,0.00,1.00,0.00,0.00,0.78,0.79,0.0005,0.0025,     0,0,0,0.22,99.78,0.00,N/A,0.26,0.46,210.18,0.58,14.50,0.00,0.03,0.00,1.03,0.00,1.00,0.00,0.00,0.77,0.77,0.0004,0.0023,     0,0,0,0.28,99.72,0.00,N/A,0.62,0.60,210.18,1.03,25.79,0.00,0.07,0.01,0.32,0.02,0.78,0.00,0.03,0.96,0.27,0.0008,0.0210,     0,0,0,2.51,97.49,0.00,N/A,1.31,4.10,210.18,0.32,7.98,0.01,0.16,0.00,0.43,0.00,0.68,0.00,0.00,0.76,0.70,0.0009,0.0055,     0,0,0,0.08,99.92,0.00,N/A,0.05,0.11,210.18,0.43,10.79,0.00,0.01,0.00,0.44,0.00,0.63,0.00,0.00,0.67,0.71,0.0015,0.0055,     0,0,0,0.08,99.92,0.00,N/A,0.05,0.11,210.18,0.44,11.10,0.00,0.01,0.00,0.38,0.00,0.66,0.00,0.00,0.89,0.79,0.0003,0.0040,     0,0,0,0.04,99.96,0.00,N/A,0.02,0.06,210.18,0.38,9.43,0.00,0.00,0.00,0.41,0.00,0.74,0.00,0.00,0.50,0.82,0.0011,0.0028,     0,0,0,0.06,99.94,0.00,N/A,0.04,0.09,210.18,0.41,10.34,0.00,0.00,0.00,0.46,0.00,0.70,0.00,0.00,0.83,0.81,0.0004,0.0039,     0,0,0,0.09,99.91,0.00,N/A,0.06,0.13,210.18,0.46,11.44,0.00,0.01,0.00,0.36,0.00,0.65,0.00,0.00,0.76,0.89,0.0004,0.0019,     0,0,0,0.04,99.96,0.00,N/A,0.02,0.06,210.18,0.36,9.01,0.00,0.00,0.00,0.50,0.00,0.80,0.00,0.00,0.84,0.52,0.0009,0.0069,     0,0,0,0.19,99.81,0.00,N/A,0.16,0.32,210.18,0.50,12.46,0.00,0.02,
2024-03-21,21:06:32.674,0.00,0.83,0.00,0.93,0.00,0.06,0.95,0.54,0.0003,0.0049,0.00,0.00,-2147483648,0.00,0.00,12.66,15.28,209.65,0.83,20.71,0.00,0.09,1.92,1.87,1.31,0.49,99.51,0.00,100.00,0.00,0.00,0.00,0.00,-nan,0.09,0.01,1.06,0.01,1.00,0.00,0.03,0.95,0.63,0.0002,0.0030,     0,0,0,0.00,0.00,-2147483648,0.00,0.00,N/A,10.98,10.36,209.65,1.06,26.50,0.01,0.16,0.00,0.34,0.00,0.80,0.00,0.03,0.95,0.34,0.0008,0.0175,     0,0,0,0.00,0.00,-2147483648,0.00,0.00,N/A,1.68,4.92,209.65,0.34,8.52,0.00,0.03,0.83,0.84,  0%,  0%,0.15,0.09,  0%,  0%,0.18,0.29,  0%,  0%,0.45,0.39,  0%,  0%,0.62,99.38,0.00,100.00,0.00,0.00,0.37,99.63,0.00,100.00,0.00,0.00,0.00,0.00,0.00 ,0.00 ,-nan ,-nan ,0.08,0.09,0.01,0.33,0.02,1.00,0.00,0.03,0.95,0.26,0.0009,0.0207,     0,0,0,2.04,97.96,0.00,N/A,1.42,4.27,209.65,0.33,8.32,0.01,0.17,0.01,1.68,0.01,1.00,0.00,0.00,0.53,0.83,0.0001,0.0002,     0,0,0,0.54,99.46,0.00,N/A,1.91,1.14,209.65,1.68,42.01,0.01,0.23,0.00,0.50,0.00,1.00,0.00,0.00,0.89,0.91,0.0002,0.0016,     0,0,0,0.02,99.98,0.00,N/A,0.02,0.04,209.65,0.50,12.41,0.00,0.00,0.03,1.71,0.02,1.00,0.00,0.00,0.98,0.95,0.0000,0.0003,     0,0,0,2.03,97.97,0.00,N/A,7.25,4.25,209.65,1.71,42.71,0.03,0.87,0.00,0.43,0.00,1.00,0.00,0.00,0.93,0.82,0.0002,0.0035,     0,0,0,0.03,99.97,0.00,N/A,0.03,0.06,209.65,0.43,10.79,0.00,0.00,0.00,0.42,0.00,1.00,0.00,0.00,0.88,0.82,0.0002,0.0033,     0,0,0,0.03,99.97,0.00,N/A,0.02,0.06,209.65,0.42,10.47,0.00,0.00,0.00,0.64,0.00,1.00,0.00,0.00,0.80,0.78,0.0005,0.0029,     0,0,0,0.16,99.84,0.00,N/A,0.22,0.34,209.65,0.64,15.90,0.00,0.03,0.00,0.53,0.00,1.00,0.00,0.00,0.64,0.60,0.0017,0.0065,     0,0,0,0.10,99.90,0.00,N/A,0.11,0.20,209.65,0.53,13.37,0.00,0.01,0.01,0.32,0.02,0.83,0.00,0.03,0.96,0.28,0.0008,0.0212,     0,0,0,2.33,97.67,0.00,N/A,1.29,4.05,209.65,0.32,7.97,0.01,0.15,0.00,0.48,0.00,0.60,0.00,0.00,0.52,0.75,0.0019,0.0047,     0,0,0,0.10,99.90,0.00,N/A,0.06,0.12,209.65,0.48,11.88,0.00,0.01,0.00,0.46,0.00,0.75,0.00,0.00,0.74,0.73,0.0009,0.0050,     0,0,0,0.07,99.93,0.00,N/A,0.05,0.11,209.65,0.46,11.43,0.00,0.01,0.00,0.37,0.00,0.58,0.00,0.00,0.77,0.89,0.0004,0.0020,     0,0,0,0.05,99.95,0.00,N/A,0.02,0.06,209.65,0.37,9.29,0.00,0.00,0.00,0.40,0.00,0.55,0.00,0.00,0.63,0.89,0.0006,0.0023,     0,0,0,0.05,99.95,0.00,N/A,0.02,0.05,209.65,0.40,10.12,0.00,0.00,0.00,0.43,0.00,0.60,0.00,0.00,0.82,0.75,0.0007,0.0055,     0,0,0,0.09,99.91,0.00,N/A,0.05,0.12,209.65,0.43,10.74,0.00,0.01,0.00,0.37,0.00,0.58,0.00,0.00,0.62,0.88,0.0007,0.0022,     0,0,0,0.05,99.95,0.00,N/A,0.02,0.06,209.65,0.37,9.23,0.00,0.00,0.00,0.46,0.00,0.84,0.00,0.00,0.82,0.52,0.0011,0.0069,     0,0,0,0.20,99.80,0.00,N/A,0.16,0.36,209.65,0.46,11.54,0.00,0.02,
2024-03-21,21:06:32.775,0.00,0.86,0.00,0.91,0.00,0.06,0.95,0.56,0.0002,0.0046,0.00,0.00,-2147483648,0.00,0.00,13.91,16.21,209.98,0.86,21.45,0.00,0.10,0.36,0.38,1.76,0.53,99.47,0.00,100.00,0.00,0.00,0.00,0.00,-nan,0.09,0.01,1.06,0.01,1.00,0.00,0.03,0.94,0.66,0.0002,0.0028,     0,0,0,0.00,0.00,-2147483648,0.00,0.00,N/A,12.26,11.52,209.98,1.06,26.60,0.01,0.18,0.00,0.35,0.00,0.74,0.00,0.03,0.96,0.34,0.0008,0.0178,     0,0,0,0.00,0.00,-2147483648,0.00,0.00,N/A,1.65,4.69,209.98,0.35,8.78,0.00,0.02,0.07,0.09,  0%,  0%,0.12,0.07,  0%,  0%,0.16,0.29,  0%,  0%,0.69,0.61,  0%,  0%,0.69,99.31,0.00,100.00,0.00,0.00,0.37,99.63,0.00,100.00,0.00,0.00,0.00,0.00,0.00 ,0.00 ,-nan ,-nan ,0.10,0.07,0.01,0.31,0.02,1.00,0.00,0.03,0.95,0.26,0.0009,0.0203,     0,0,0,2.18,97.82,0.00,N/A,1.44,4.57,209.98,0.31,7.87,0.01,0.17,0.01,1.56,0.01,1.00,0.00,0.00,0.57,0.74,0.0001,0.0003,     0,0,0,0.52,99.48,0.00,N/A,1.69,1.08,209.98,1.56,39.09,0.01,0.20,0.00,0.53,0.00,0.88,0.00,0.00,0.76,0.94,0.0003,0.0015,     0,0,0,0.03,99.97,0.00,N/A,0.03,0.06,209.98,0.53,13.22,0.00,0.00,0.02,1.73,0.01,1.00,0.00,0.00,0.99,0.94,0.0000,0.0004,     0,0,0,1.33,98.67,0.00,N/A,4.81,2.79,209.98,1.73,43.13,0.02,0.57,0.00,0.44,0.00,1.00,0.00,0.00,0.95,0.79,0.0002,0.0044,     0,0,0,0.03,99.97,0.00,N/A,0.03,0.06,209.98,0.44,10.96,0.00,0.00,0.02,1.64,0.01,1.00,0.00,0.00,0.88,0.95,0.0000,0.0003,     0,0,0,1.14,98.86,0.00,N/A,3.93,2.40,209.98,1.64,40.92,0.02,0.47,0.00,0.60,0.00,1.00,0.00,0.00,0.78,0.79,0.0005,0.0026,     0,0,0,0.18,99.82,0.00,N/A,0.23,0.39,209.98,0.60,15.05,0.00,0.03,0.00,0.58,0.00,0.98,0.00,0.00,0.71,0.63,0.0014,0.0062,     0,0,0,0.09,99.91,0.00,N/A,0.10,0.18,209.98,0.58,14.43,0.00,0.01,0.01,0.32,0.02,0.78,0.00,0.03,0.96,0.28,0.0008,0.0211,     0,0,0,2.44,97.56,0.00,N/A,1.29,3.99,209.98,0.32,8.11,0.01,0.15,0.00,0.41,0.00,0.62,0.00,0.00,0.70,0.71,0.0013,0.0057,     0,0,0,0.09,99.91,0.00,N/A,0.05,0.12,209.98,0.41,10.37,0.00,0.01,0.00,0.46,0.00,0.67,0.00,0.00,0.82,0.74,0.0005,0.0048,     0,0,0,0.08,99.92,0.00,N/A,0.05,0.11,209.98,0.46,11.57,0.00,0.01,0.00,0.41,0.00,0.60,0.00,0.00,0.68,0.89,0.0006,0.0020,     0,0,0,0.04,99.96,0.00,N/A,0.02,0.05,209.98,0.41,10.14,0.00,0.00,0.00,0.38,0.00,0.61,0.00,0.00,0.69,0.88,0.0006,0.0024,     0,0,0,0.04,99.96,0.00,N/A,0.02,0.05,209.98,0.38,9.61,0.00,0.00,0.00,0.43,0.00,0.61,0.00,0.00,0.61,0.89,0.0005,0.0022,     0,0,0,0.04,99.96,0.00,N/A,0.02,0.06,209.98,0.43,10.71,0.00,0.00,0.00,0.42,0.00,0.62,0.00,0.00,0.73,0.79,0.0006,0.0041,     0,0,0,0.05,99.95,0.00,N/A,0.03,0.06,209.98,0.42,10.54,0.00,0.00,0.00,0.64,0.00,0.55,0.00,0.00,0.84,0.53,0.0010,0.0069,     0,0,0,0.22,99.78,0.00,N/A,0.16,0.26,209.98,0.64,16.00,0.00,0.02,
2024-03-21,21:06:32.874,0.00,0.68,0.00,0.50,12.58,0,00,0.00,0.76,0.91,0.0003,0.0011,     0,0,0,1.07,98.93,0.00,N/A,3.02,2.22,209.96,1.36,33.99,0.01,0.36,0.00,0.44,0.00,0.52,0.00,0.00,0.56,0.75,0.0017,0.0044,     0,0,0,0.10,99.90,0.00,N/A,0.05,0.11,209.96,0.44,10.95,0.00,0.01,
2024-03-21,21:06:32.973,0.00,0.59,0.00,0.90,0.01,0.07,0.92,0.45,0.0005,0.0072,0.00,0.00,-2147483648,0.00,0.00,9.73,16.43,209.92,0.59,14.80,0.00,0.07,0.80,0.85,2.95,0.55,99.45,0.00,100.00,0.00,0.00,0.00,0.00,-nan,0.10,0.00,0.71,0.01,1.00,0.00,0.04,0.91,0.51,0.0004,0.0049,     0,0,0,0.00,0.00,-2147483648,0.00,0.00,N/A,7.79,11.00,209.92,0.71,17.71,0.00,0.12,0.00,0.36,0.00,0.74,0.00,0.03,0.94,0.35,0.0009,0.0163,     0,0,0,0.00,0.00,-2147483648,0.00,0.00,N/A,1.94,5.43,209.92,0.36,8.92,0.00,0.03,0.06,0.26,  0%,  0%,0.36,0.13,  0%,  0%,0.54,1.21,  0%,  1%,0.76,0.44,  0%,  0%,0.66,99.34,0.00,100.00,0.00,0.00,0.43,99.57,0.00,100.00,0.00,0.00,0.00,0.00,0.00 ,0.00 ,-nan ,-nan ,0.10,0.10,0.01,0.30,0.02,1.00,0.00,0.03,0.95,0.27,0.0010,0.0199,     0,0,0,2.34,97.66,0.00,N/A,1.47,4.90,209.92,0.30,7.49,0.01,0.17,0.01,1.49,0.01,1.00,0.00,0.00,0.59,0.61,0.0001,0.0005,     0,0,0,0.74,99.26,0.00,N/A,2.29,1.54,209.92,1.49,37.16,0.01,0.27,0.00,0.50,0.00,1.00,0.00,0.00,0.72,0.72,0.0009,0.0055,     0,0,0,0.05,99.95,0.00,N/A,0.05,0.10,209.92,0.50,12.41,0.00,0.01,0.00,0.31,0.01,1.00,0.00,0.00,0.45,0.91,0.0006,0.0013,     0,0,0,0.70,99.30,0.00,N/A,0.46,1.47,209.92,0.31,7.77,0.00,0.05,0.00,0.51,0.00,0.92,0.00,0.00,0.92,0.72,0.0004,0.0058,     0,0,0,0.06,99.94,0.00,N/A,0.06,0.11,209.92,0.51,12.87,0.00,0.01,0.01,1.44,0.01,1.00,0.00,0.00,0.88,0.78,0.0002,0.0014,     0,0,0,0.98,99.02,0.00,N/A,2.95,2.05,209.92,1.44,36.01,0.01,0.35,0.00,0.65,0.00,0.94,0.00,0.00,0.71,0.79,0.0006,0.0028,     0,0,0,0.19,99.81,0.00,N/A,0.24,0.37,209.92,0.65,16.19,0.00,0.03,0.00,0.61,0.00,1.00,0.00,0.00,0.61,0.57,0.0020,0.0071,     0,0,0,0.22,99.78,0.00,N/A,0.29,0.47,209.92,0.61,15.32,0.00,0.03,0.01,0.32,0.02,0.75,0.00,0.03,0.96,0.27,0.0008,0.0211,     0,0,0,2.69,97.31,0.00,N/A,1.34,4.22,209.92,0.32,7.96,0.01,0.16,0.00,0.41,0.00,0.73,0.00,0.00,0.62,0.77,0.0012,0.0037,     0,0,0,0.09,99.91,0.00,N/A,0.06,0.14,209.92,0.41,10.28,0.00,0.01,0.00,0.52,0.00,0.84,0.00,0.00,0.70,0.67,0.0007,0.0035,     0,0,0,0.16,99.84,0.00,N/A,0.14,0.28,209.92,0.52,13.11,0.00,0.02,0.00,0.47,0.00,0.75,0.00,0.00,0.72,0.67,0.0015,0.0062,     0,0,0,0.11,99.89,0.00,N/A,0.08,0.17,209.92,0.47,11.84,0.00,0.01,0.00,0.49,0.00,0.73,0.00,0.00,0.71,0.68,0.0016,0.0062,     0,0,0,0.11,99.89,0.00,N/A,0.08,0.17,209.92,0.49,12.17,0.00,0.01,0.00,0.49,0.00,0.72,0.00,0.00,0.79,0.66,0.0011,0.0068,     0,0,0,0.11,99.89,0.00,N/A,0.08,0.17,209.92,0.49,12.31,0.00,0.01,0.00,0.45,0.00,0.67,0.00,0.00,0.80,0.73,0.0009,0.0052,     0,0,0,0.08,99.92,0.00,N/A,0.05,0.11,209.92,0.45,11.23,0.00,0.01,0.00,0.55,0.00,0.64,0.00,0.00,0.81,0.58,0.0011,0.0065,     0,0,0,0.12,99.88,0.00,N/A,0.09,0.16,209.92,0.55,13.79,0.00,0.01,
2024-03-21,21:06:33.073,0.00,0.86,0.01,0.91,0.01,0.07,0.93,0.57,0.0003,0.0044,0.00,0.00,-2147483648,0.00,0.00,15.80,18.32,210.04,0.86,21.56,0.00,0.12,0.43,0.32,2.06,0.60,99.40,0.00,100.00,0.00,0.00,0.00,0.00,-nan,0.08,0.01,1.05,0.01,1.00,0.00,0.04,0.91,0.66,0.0002,0.0027,     0,0,0,0.00,0.00,-2147483648,0.00,0.00,N/A,13.91,13.26,210.04,1.05,26.22,0.01,0.21,0.00,0.37,0.00,0.75,0.00,0.03,0.95,0.35,0.0009,0.0169,     0,0,0,0.00,0.00,-2147483648,0.00,0.00,N/A,1.88,5.05,210.04,0.37,9.32,0.00,0.03,0.07,0.07,  0%,  0%,0.13,0.16,  0%,  0%,0.12,0.33,  0%,  0%,0.72,0.89,  0%,  0%,0.79,99.21,0.00,100.00,0.00,0.00,0.40,99.60,0.00,100.00,0.00,0.00,0.00,0.00,0.00 ,0.00 ,-nan ,-nan ,0.08,0.08,0.01,0.30,0.02,1.00,0.00,0.03,0.96,0.27,0.0008,0.0208,     0,0,0,2.12,97.88,0.00,N/A,1.35,4.45,210.04,0.30,7.60,0.01,0.16,0.01,1.37,0.00,1.00,0.00,0.00,0.57,0.67,0.0002,0.0006,     0,0,0,0.39,99.61,0.00,N/A,1.11,0.81,210.04,1.37,34.35,0.01,0.13,0.00,1.34,0.00,1.00,0.00,0.00,0.56,0.64,0.0002,0.0008,     0,0,0,0.27,99.73,0.00,N/A,0.75,0.56,210.04,1.34,33.47,0.00,0.09,0.00,0.49,0.00,0.97,0.00,0.00,0.80,0.70,0.0008,0.0057,     0,0,0,0.05,99.95,0.00,N/A,0.05,0.10,210.04,0.49,12.30,0.00,0.01,0.05,1.64,0.03,1.00,0.00,0.00,0.89,0.92,0.0000,0.0005,     0,0,0,2.82,97.18,0.00,N/A,9.75,5.93,210.04,1.64,41.11,0.05,1.16,0.00,0.44,0.00,0.97,0.00,0.00,0.56,0.65,0.0024,0.0068,     0,0,0,0.12,99.88,0.00,N/A,0.11,0.24,210.04,0.44,11.00,0.00,0.01,0.00,0.73,0.00,0.99,0.00,0.00,0.34,0.69,0.0012,0.0021,     0,0,0,0.34,99.66,0.00,N/A,0.51,0.70,210.04,0.73,18.24,0.00,0.06,0.00,0.59,0.00,0.94,0.00,0.00,0.64,0.56,0.0020,0.0072,     0,0,0,0.24,99.76,0.00,N/A,0.28,0.47,210.04,0.59,14.73,0.00,0.03,0.01,0.34,0.02,0.74,0.00,0.03,0.96,0.27,0.0008,0.0213,     0,0,0,2.53,97.47,0.00,N/A,1.33,3.92,210.04,0.34,8.51,0.01,0.16,0.00,0.46,0.00,0.79,0.00,0.00,0.67,0.66,0.0016,0.0064,     0,0,0,0.10,99.90,0.00,N/A,0.08,0.17,210.04,0.46,11.58,0.00,0.01,0.00,0.47,0.00,0.73,0.00,0.00,0.77,0.65,0.0010,0.0068,     0,0,0,0.12,99.88,0.00,N/A,0.09,0.18,210.04,0.47,11.77,0.00,0.01,0.00,0.48,0.00,0.64,0.00,0.00,0.83,0.70,0.0008,0.0061,     0,0,0,0.08,99.92,0.00,N/A,0.05,0.11,210.04,0.48,11.98,0.00,0.01,0.00,0.49,0.00,0.81,0.00,0.00,0.80,0.73,0.0009,0.0049,     0,0,0,0.10,99.90,0.00,N/A,0.08,0.17,210.04,0.49,12.36,0.00,0.01,0.00,0.46,0.00,0.81,0.00,0.00,0.82,0.69,0.0010,0.0060,     0,0,0,0.09,99.91,0.00,N/A,0.07,0.16,210.04,0.46,11.58,0.00,0.01,0.00,0.48,0.00,0.78,0.00,0.00,0.83,0.68,0.0010,0.0062,     0,0,0,0.10,99.90,0.00,N/A,0.08,0.17,210.04,0.48,11.97,0.00,0.01,0.00,0.54,0.00,0.87,0.00,0.00,0.81,0.56,0.0011,0.0069,     0,0,0,0.10,99.90,0.00,N/A,0.10,0.18,210.04,0.54,13.38,0.00,0.01,
2024-03-21,21:06:33.174,0.00,0.59,0.00,0.82,0.00,0.07,0.94,0.40,0.0005,0.0087,0.00,0.00,-2147483648,0.00,0.00,7.97,13.51,210.10,0.59,14.75,0.00,0.06,0.50,0.71,1.35,0.49,99.51,0.00,100.00,0.00,0.00,0.00,0.00,-nan,0.08,0.00,0.72,0.00,0.94,0.00,0.04,0.93,0.42,0.0004,0.0061,     0,0,0,0.00,0.00,-2147483648,0.00,0.00,N/A,6.02,8.32,210.10,0.72,18.08,0.00,0.09,0.00,0.38,0.00,0.68,0.00,0.03,0.95,0.36,0.0009,0.0165,     0,0,0,0.00,0.00,-2147483648,0.00,0.00,N/A,1.96,5.19,210.10,0.38,9.43,0.00,0.03,0.08,0.10,  0%,  0%,0.21,0.11,  0%,  0%,0.16,0.21,  0%,  0%,0.58,0.39,  0%,  0%,0.53,99.47,0.00,100.00,0.00,0.00,0.45,99.55,0.00,100.00,0.00,0.00,0.00,0.00,0.00 ,0.00 ,-nan ,-nan ,0.07,0.08,0.01,0.53,0.02,0.93,0.00,0.03,0.96,0.26,0.0004,0.0112,     0,0,0,2.49,97.51,0.00,N/A,2.56,4.87,210.10,0.53,13.13,0.01,0.30,0.00,0.47,0.00,0.96,0.00,0.00,0.74,0.62,0.0011,0.0066,     0,0,0,0.10,99.90,0.00,N/A,0.09,0.20,210.10,0.47,11.67,0.00,0.01,0.01,1.29,0.01,0.99,0.00,0.00,0.52,0.62,0.0003,0.0009,     0,0,0,0.53,99.47,0.00,N/A,1.42,1.11,210.10,1.29,32.19,0.01,0.17,0.00,0.52,0.00,0.95,0.00,0.00,0.84,0.68,0.0008,0.0064,     0,0,0,0.08,99.92,0.00,N/A,0.08,0.15,210.10,0.52,12.90,0.00,0.01,0.01,1.30,0.00,0.87,0.00,0.00,0.91,0.72,0.0002,0.0020,     0,0,0,0.52,99.48,0.00,N/A,1.24,0.95,210.10,1.30,32.50,0.01,0.15,0.00,0.57,0.00,0.95,0.00,0.00,0.82,0.70,0.0008,0.0059,     0,0,0,0.10,99.90,0.00,N/A,0.11,0.19,210.10,0.57,14.25,0.00,0.01,0.00,0.62,0.00,0.94,0.00,0.00,0.75,0.80,0.0005,0.0026,     0,0,0,0.19,99.81,0.00,N/A,0.23,0.37,210.10,0.62,15.38,0.00,0.03,0.00,0.60,0.00,0.98,0.00,0.00,0.65,0.56,0.0019,0.0071,     0,0,0,0.23,99.77,0.00,N/A,0.28,0.47,210.10,0.60,14.98,0.00,0.03,0.01,0.33,0.02,0.72,0.00,0.03,0.96,0.27,0.0008,0.0213,     0,0,0,2.67,97.33,0.00,N/A,1.33,4.04,210.10,0.33,8.23,0.01,0.16,0.00,0.59,0.00,0.46,0.00,0.00,0.57,0.69,0.0021,0.0063,     0,0,0,0.13,99.87,0.00,N/A,0.08,0.13,210.10,0.59,14.81,0.00,0.01,0.00,0.48,0.00,0.75,0.00,0.00,0.78,0.68,0.0008,0.0062,     0,0,0,0.11,99.89,0.00,N/A,0.08,0.17,210.10,0.48,11.92,0.00,0.01,0.00,0.54,0.00,0.41,0.00,0.00,0.80,0.68,0.0009,0.0064,     0,0,0,0.17,99.83,0.00,N/A,0.08,0.15,210.10,0.54,13.42,0.00,0.01,0.00,0.51,0.00,0.77,0.00,0.00,0.83,0.68,0.0009,0.0064,     0,0,0,0.13,99.87,0.00,N/A,0.11,0.21,210.10,0.51,12.85,0.00,0.01,0.00,0.52,0.00,0.76,0.00,0.00,0.85,0.67,0.0009,0.0066,     0,0,0,0.13,99.87,0.00,N/A,0.11,0.21,210.10,0.52,12.88,0.00,0.01,0.00,0.49,0.00,0.44,0.00,0.00,0.83,0.75,0.0008,0.0049,     0,0,0,0.10,99.90,0.00,N/A,0.05,0.10,210.10,0.49,12.17,0.00,0.01,0.00,0.67,0.00,0.50,0.00,0.00,0.84,0.57,0.0009,0.0067,     0,0,0,0.19,99.81,0.00,N/A,0.13,0.19,210.10,0.67,16.67,0.00,0.,0.20,210.32,0,21:06:33.274,0.01,0.92,0.01,0.89,0.00,0.07,0.94,0.59,0.0002,0.0040,0.00,0.00,-2147483648,0.00,0.00,17.53,19.14,210.02,0.92,22.90,0.01,0.13,0.56,0.38,2.15,0.64,99.36,0.00,100.00,0.00,0.00,0.00,0.00,-nan,0.08,0.01,1.12,0.01,0.96,0.00,0.04,0.93,0.68,0.0002,0.0024,     0,0,0,0.00,0.00,-2147483648,0.00,0.00,N/A,15.62,14.00,210.02,1.12,27.90,0.01,0.23,0.00,0.37,0.00,0.74,0.00,0.03,0.95,0.36,0.0008,0.0166,     0,0,0,0.00,0.00,-2147483648,0.00,0.00,N/A,1.91,5.14,210.02,0.37,9.27,0.00,0.03,0.07,0.07,  0%,  0%,0.20,0.22,  0%,  0%,0.12,0.22,  0%,  0%,0.90,0.92,  0%,  0%,0.87,99.13,0.00,100.00,0.00,0.00,0.41,99.59,0.00,100.00,0.00,0.00,0.00,0.00,0.00 ,0.00 ,-nan ,-nan ,0.08,0.08,0.01,0.32,0.02,0.91,0.00,0.03,0.94,0.27,0.0012,0.0194,     0,0,0,2.51,97.49,0.00,N/A,1.54,4.77,210.02,0.32,8.06,0.01,0.18,0.01,1.40,0.01,0.99,0.00,0.00,0.64,0.66,0.0001,0.0004,     0,0,0,0.85,99.15,0.00,N/A,2.47,1.77,210.02,1.40,34.91,0.01,0.29,0.00,0.52,0.00,0.98,0.00,0.00,0.86,0.64,0.0007,0.0066,     0,0,0,0.09,99.91,0.00,N/A,0.09,0.18,210.02,0.52,13.06,0.00,0.01,0.00,0.52,0.00,0.92,0.00,0.00,0.86,0.69,0.0006,0.0061,     0,0,0,0.08,99.92,0.00,N/A,0.08,0.15,210.02,0.52,12.94,0.00,0.01,0.05,1.71,0.03,1.00,0.00,0.00,0.98,0.94,0.0000,0.0004,     0,0,0,3.04,96.96,0.00,N/A,10.99,6.41,210.02,1.71,42.86,0.05,1.30,0.00,0.52,0.00,1.00,0.00,0.00,0.85,0.74,0.0006,0.0052,     0,0,0,0.05,99.95,0.00,N/A,0.05,0.10,210.02,0.52,13.02,0.00,0.01,0.00,0.67,0.00,0.90,0.00,0.00,0.71,0.79,0.0006,0.0028,     0,0,0,0.21,99.79,0.00,N/A,0.27,0.41,210.02,0.67,16.78,0.00,0.03,0.00,0.58,0.00,0.97,0.00,0.00,0.72,0.61,0.0015,0.0065,     0,0,0,0.10,99.90,0.00,N/A,0.12,0.21,210.02,0.58,14.57,0.00,0.01,0.01,0.35,0.02,0.74,0.00,0.03,0.96,0.27,0.0008,0.0214,     0,0,0,2.45,97.55,0.00,N/A,1.32,3.83,210.02,0.35,8.63,0.01,0.16,0.00,0.47,0.00,0.63,0.00,0.00,0.67,0.71,0.0015,0.0055,     0,0,0,0.18,99.82,0.00,N/A,0.11,0.24,210.02,0.47,11.83,0.00,0.01,0.00,0.48,0.00,0.73,0.00,0.00,0.73,0.69,0.0010,0.0059,     0,0,0,0.11,99.89,0.00,N/A,0.08,0.16,210.02,0.48,12.07,0.00,0.01,0.00,0.51,0.00,0.77,0.00,0.00,0.84,0.70,0.0008,0.0060,     0,0,0,0.10,99.90,0.00,N/A,0.08,0.16,210.02,0.51,12.79,0.00,0.01,0.00,0.44,0.00,0.73,0.00,0.00,0.83,0.74,0.0007,0.0049,     0,0,0,0.08,99.92,0.00,N/A,0.05,0.12,210.02,0.44,11.08,0.00,0.01,0.00,0.46,0.00,0.69,0.00,0.00,0.85,0.71,0.0008,0.0057,     0,0,0,0.08,99.92,0.00,N/A,0.05,0.11,210.02,0.46,11.50,0.00,0.01,0.00,0.53,0.00,0.76,0.00,0.00,0.87,0.70,0.0007,0.0059,     0,0,0,0.13,99.87,0.00,N/A,0.11,0.21,210.02,0.53,13.37,0.00,0.01,0.00,0.31,0.00,0.87,0.00,0.00,0.88,0.58,0.0006,0.0055,     0,0,0,0.17,99.83,0.00,N/A,0.10,0.32,210.02,0.31,7.79,0.00,0.01,
2024-03-21,21:06:33.373,0.00,0.54,0.00,0.87,0.00,0.07,0.93,0.44,0.0006,0.0089,0.00,0.00,-2147483648,0.00,0.00,7.68,14.32,209.96,0.54,13.40,0.00,0.06,1.13,1.70,1.09,0.49,99.51,0.00,100.00,0.00,0.00,0.00,0.00,-nan,0.08,0.00,0.65,0.01,0.96,0.00,0.04,0.91,0.50,0.0005,0.0064,     0,0,0,0.00,0.00,-2147483648,0.00,0.00,N/A,5.82,9.00,209.96,0.65,16.17,0.00,0.09,0.00,0.35,0.00,0.76,0.00,0.03,0.94,0.35,0.0009,0.0170,     0,0,0,0.00,0.00,-2147483648,0.00,0.00,N/A,1.85,5.32,209.96,0.35,8.71,0.00,0.03,0.82,0.09,  0%,  0%,0.16,0.07,  0%,  0%,0.15,0.27,  0%,  0%,0.37,0.30,  0%,  0%,0.56,99.44,0.00,100.00,0.00,0.00,0.42,99.58,0.00,100.00,0.00,0.00,0.00,0.00,0.00 ,0.00 ,-nan ,-nan ,0.08,0.08,0.01,0.30,0.03,0.95,0.00,0.03,0.93,0.27,0.0013,0.0188,     0,0,0,2.67,97.33,0.00,N/A,1.60,5.30,209.96,0.30,7.57,0.01,0.19,0.00,0.89,0.00,0.92,0.00,0.00,0.68,0.65,0.0006,0.0025,     0,0,0,0.31,99.69,0.00,N/A,0.52,0.59,209.96,0.89,22.22,0.00,0.06,0.00,0.51,0.00,1.00,0.00,0.00,0.81,0.65,0.0009,0.0065,     0,0,0,0.07,99.93,0.00,N/A,0.08,0.15,209.96,0.51,12.79,0.00,0.01,0.00,0.48,0.00,0.95,0.00,0.00,0.82,0.70,0.0007,0.0059,     0,0,0,0.08,99.92,0.00,N/A,0.08,0.16,209.96,0.48,12.02,0.00,0.01,0.01,1.55,0.01,1.00,0.00,0.00,0.94,0.88,0.0000,0.0008,     0,0,0,0.94,99.06,0.00,N/A,3.03,1.95,209.96,1.55,38.83,0.01,0.36,0.00,0.48,0.00,0.91,0.00,0.00,0.85,0.73,0.0006,0.0054,     0,0,0,0.06,99.94,0.00,N/A,0.05,0.11,209.96,0.48,12.01,0.00,0.01,0.00,0.63,0.00,0.94,0.00,0.00,0.74,0.80,0.0005,0.0026,     0,0,0,0.21,99.79,0.00,N/A,0.26,0.42,209.96,0.63,15.76,0.00,0.03,0.00,0.60,0.00,0.95,0.00,0.00,0.70,0.55,0.0017,0.0073,     0,0,0,0.16,99.84,0.00,N/A,0.19,0.31,209.96,0.60,14.89,0.00,0.02,0.01,0.32,0.02,0.77,0.00,0.03,0.96,0.27,0.0009,0.0209,     0,0,0,2.68,97.32,0.00,N/A,1.37,4.34,209.96,0.32,7.88,0.01,0.16,0.00,0.52,0.00,0.73,0.00,0.00,0.62,0.69,0.0018,0.0060,     0,0,0,0.14,99.86,0.00,N/A,0.11,0.21,209.96,0.52,13.02,0.00,0.01,0.00,0.49,0.00,0.71,0.00,0.00,0.77,0.69,0.0009,0.0060,     0,0,0,0.11,99.89,0.00,N/A,0.08,0.16,209.96,0.49,12.14,0.00,0.01,0.00,0.49,0.00,0.75,0.00,0.00,0.82,0.68,0.0010,0.0068,     0,0,0,0.11,99.89,0.00,N/A,0.09,0.18,209.96,0.49,12.30,0.00,0.01,0.00,0.49,0.00,0.77,0.00,0.00,0.85,0.73,0.0007,0.0055,     0,0,0,0.07,99.93,0.00,N/A,0.05,0.11,209.96,0.49,12.23,0.00,0.01,0.00,0.50,0.00,0.72,0.00,0.00,0.86,0.70,0.0007,0.0062,     0,0,0,0.07,99.93,0.00,N/A,0.05,0.11,209.96,0.50,12.61,0.00,0.01,0.00,0.50,0.00,0.77,0.00,0.00,0.85,0.68,0.0008,0.0061,     0,0,0,0.10,99.90,0.00,N/A,0.08,0.16,209.96,0.50,12.44,0.00,0.01,0.00,0.41,0.00,0.52,0.00,0.00,0.76,0.79,0.0006,0.0042,     0,0,0,0.05,99.95,0.00,N/A,0.02,0.06,209.96,0.41,10.14,0.00,0.00,
2024-03-21,21:06:33.473,0.00,0.46,0.00,0.88,0.00,0.07,0.93,0.41,0.0008,0.0106,0.00,0.00,-2147483648,0.00,0.00,6.33,13.74,209.92,0.46,11.52,0.00,0.05,0.40,0.36,1.35,0.47,99.53,0.00,100.00,0.00,0.00,0.00,0.00,-nan,0.08,0.00,0.56,0.00,1.00,0.00,0.04,0.91,0.45,0.0007,0.0080,     0,0,0,0.00,0.00,-2147483648,0.00,0.00,N/A,4.54,8.12,209.92,0.56,13.97,0.00,0.07,0.00,0.32,0.00,0.75,0.00,0.03,0.94,0.34,0.0009,0.0173,     0,0,0,0.00,0.00,-2147483648,0.00,0.00,N/A,1.79,5.62,209.92,0.32,7.98,0.00,0.03,0.06,0.08,  0%,  0%,0.17,0.10,  0%,  0%,0.14,0.24,  0%,  0%,0.46,0.50,  0%,  0%,0.48,99.52,0.00,100.00,0.00,0.00,0.45,99.55,0.00,100.00,0.00,0.00,0.00,0.00,0.00 ,0.00 ,-nan ,-nan ,0.08,0.08,0.01,0.31,0.02,1.00,0.00,0.03,0.94,0.27,0.0012,0.0190,     0,0,0,2.43,97.57,0.00,N/A,1.58,5.10,209.92,0.31,7.74,0.01,0.19,0.00,1.15,0.00,1.00,0.00,0.00,0.66,0.67,0.0003,0.0012,     0,0,0,0.34,99.66,0.00,N/A,0.82,0.71,209.92,1.15,28.73,0.00,0.10,0.00,0.53,0.00,1.00,0.00,0.00,0.80,0.63,0.0009,0.0064,     0,0,0,0.08,99.92,0.00,N/A,0.09,0.17,209.92,0.53,13.18,0.00,0.01,0.00,0.56,0.00,1.00,0.00,0.00,0.79,0.67,0.0009,0.0065,     0,0,0,0.08,99.92,0.00,N/A,0.09,0.16,209.92,0.56,14.11,0.00,0.01,0.01,1.43,0.00,1.00,0.00,0.00,0.90,0.90,0.0001,0.0007,     0,0,0,0.44,99.56,0.00,N/A,1.33,0.93,209.92,1.43,35.78,0.01,0.16,0.00,0.53,0.00,1.00,0.00,0.00,0.87,0.72,0.0005,0.0054,     0,0,0,0.04,99.96,0.00,N/A,0.05,0.09,209.92,0.53,13.29,0.00,0.01,0.00,0.65,0.00,1.00,0.00,0.00,0.77,0.78,0.0005,0.0030,     0,0,0,0.17,99.83,0.00,N/A,0.24,0.37,209.92,0.65,16.28,0.00,0.03,0.00,0.58,0.00,1.00,0.00,0.00,0.57,0.49,0.0017,0.0058,     0,0,0,0.28,99.72,0.00,N/A,0.34,0.59,209.92,0.58,14.62,0.00,0.04,0.01,0.31,0.02,0.79,0.00,0.03,0.96,0.27,0.0008,0.0211,     0,0,0,2.61,97.39,0.00,N/A,1.35,4.35,209.92,0.31,7.74,0.01,0.16,0.00,0.52,0.00,0.68,0.00,0.00,0.65,0.64,0.0017,0.0063,     0,0,0,0.14,99.86,0.00,N/A,0.10,0.19,209.92,0.52,12.88,0.00,0.01,0.00,0.15,0.00,0.55,0.00,0.00,0.59,0.66,0.0022,0.0068,     0,0,0,0.43,99.57,0.00,N/A,0.07,0.49,209.92,0.15,3.64,0.00,0.01,0.00,0.49,0.00,0.72,0.00,0.00,0.83,0.68,0.0009,0.0063,     0,0,0,0.11,99.89,0.00,N/A,0.08,0.16,209.92,0.49,12.23,0.00,0.01,0.00,0.47,0.00,0.70,0.00,0.00,0.86,0.74,0.0006,0.0050,     0,0,0,0.07,99.93,0.00,N/A,0.05,0.10,209.92,0.47,11.87,0.00,0.01,0.00,0.44,0.00,0.70,0.00,0.00,0.85,0.71,0.0008,0.0057,     0,0,0,0.07,99.93,0.00,N/A,0.05,0.11,209.92,0.44,11.11,0.00,0.01,0.00,0.51,0.00,0.71,0.00,0.00,0.83,0.70,0.0009,0.0058,     0,0,0,0.11,99.89,0.00,N/A,0.08,0.16,209.92,0.51,12.65,0.00,0.01,0.00,0.37,0.00,0.51,0.00,0.00,0.61,0.90,0.0006,0.0018,     0,0,0,0.05,99.95,0.00,N/A,0.02,0.05,209.92,0.37,9.24,0.00,0.00,
2024-03-21,21:06:33.574,0.00,0.69,0.00,0.90,0.00,0.07,0.93,0.49,0.0004,0.0062,0.00,0.00,-2147483648,0.00,0.00,11.08,16.07,209.96,0.69,17.24,0.00,0.08,0.44,0.30,1.25,0.53,99.47,0.00,100.00,0.00,0.00,0.00,0.00,-nan,0.10,0.01,0.86,0.01,1.,0.08,0.00,0,0.92,0.58,0.0003,0.0041,     0,0,0,0.00,0.00,-2147483648,0.00,0.00,N/A,9.27,10.84,209.96,0.86,21.39,0.01,0.14,0.00,0.35,0.00,0.76,0.00,0.03,0.95,0.34,0.0008,0.0173,     0,0,0,0.00,0.00,-2147483648,0.00,0.00,N/A,1.81,5.23,209.96,0.35,8.65,0.00,0.03,0.13,0.14,  0%,  0%,0.11,0.07,  0%,  0%,0.29,0.33,  0%,  0%,0.36,0.27,  0%,  0%,0.65,99.35,0.00,100.00,0.00,0.00,0.41,99.59,0.00,100.00,0.00,0.00,0.00,0.00,0.00 ,0.00 ,-nan ,-nan ,0.10,0.10,0.01,0.30,0.02,1.00,0.00,0.03,0.94,0.27,0.0011,0.0190,     0,0,0,2.46,97.54,0.00,N/A,1.57,5.16,209.96,0.30,7.59,0.01,0.19,0.01,1.39,0.00,1.00,0.00,0.00,0.71,0.67,0.0001,0.0006,     0,0,0,0.48,99.52,0.00,N/A,1.42,1.02,209.96,1.39,34.82,0.01,0.17,0.00,0.51,0.00,0.97,0.00,0.00,0.55,0.52,0.0023,0.0070,     0,0,0,0.17,99.83,0.00,N/A,0.17,0.34,209.96,0.51,12.68,0.00,0.02,0.00,0.53,0.00,1.00,0.00,0.00,0.89,0.67,0.0005,0.0064,     0,0,0,0.07,99.93,0.00,N/A,0.08,0.15,209.96,0.53,13.22,0.00,0.01,0.03,1.64,0.02,1.00,0.00,0.00,0.95,0.91,0.0000,0.0005,     0,0,0,1.61,98.39,0.00,N/A,5.56,3.39,209.96,1.64,41.04,0.03,0.66,0.00,0.50,0.00,0.83,0.00,0.00,0.88,0.72,0.0005,0.0052,     0,0,0,0.06,99.94,0.00,N/A,0.05,0.10,209.96,0.50,12.56,0.00,0.01,0.00,0.62,0.00,1.00,0.00,0.00,0.81,0.80,0.0004,0.0025,     0,0,0,0.19,99.81,0.00,N/A,0.24,0.39,209.96,0.62,15.39,0.00,0.03,0.00,0.64,0.00,1.00,0.00,0.00,0.75,0.55,0.0014,0.0072,     0,0,0,0.14,99.86,0.00,N/A,0.19,0.30,209.96,0.64,15.90,0.00,0.02,0.01,0.32,0.02,0.76,0.00,0.03,0.96,0.26,0.0008,0.0212,     0,0,0,2.67,97.33,0.00,N/A,1.35,4.24,209.96,0.32,7.93,0.01,0.16,0.00,0.46,0.00,0.80,0.00,0.00,0.77,0.64,0.0011,0.0066,     0,0,0,0.11,99.89,0.00,N/A,0.09,0.19,209.96,0.46,11.53,0.00,0.01,0.00,0.50,0.00,0.80,0.00,0.00,0.84,0.67,0.0008,0.0064,     0,0,0,0.09,99.91,0.00,N/A,0.08,0.16,209.96,0.50,12.58,0.00,0.01,0.00,0.46,0.00,0.82,0.00,0.00,0.87,0.68,0.0007,0.0061,     0,0,0,0.10,99.90,0.00,N/A,0.08,0.18,209.96,0.46,11.47,0.00,0.01,0.00,0.45,0.00,0.74,0.00,0.00,0.72,0.72,0.0013,0.0051,     0,0,0,0.09,99.91,0.00,N/A,0.06,0.13,209.96,0.45,11.19,0.00,0.01,0.00,0.47,0.00,0.68,0.00,0.00,0.83,0.69,0.0009,0.0061,     0,0,0,0.08,99.92,0.00,N/A,0.05,0.11,209.96,0.47,11.80,0.00,0.01,0.00,0.50,0.00,0.78,0.00,0.00,0.86,0.66,0.0008,0.0062,     0,0,0,0.10,99.90,0.00,N/A,0.08,0.16,209.96,0.50,12.52,0.00,0.01,0.00,0.42,0.00,0.60,0.00,0.00,0.79,0.83,0.0004,0.0031,     0,0,0,0.04,99.96,0.00,N/A,0.02,0.06,209.96,0.42,10.48,0.00,0.00,
2024-03-21,21:06:33.673,0.01,0.90,0.01,0.91,0.00,0.07,0.94,0.58,0.0003,0.0040,0.00,0.00,-2147483648,0.00,0.00,16.86,18.83,210.25,0.90,22.38,0.01,0.13,0.48,0.39,1.28,0.61,99.39,0.00,100.00,0.00,0.00,0.00,0.00,-nan,0.07,0.01,1.09,0.01,1.00,0.00,0.04,0.92,0.68,0.0002,0.0025,     0,0,0,0.00,0.00,-2147483648,0.00,0.00,N/A,15.08,13.89,210.25,1.09,27.16,0.01,0.22,0.00,0.36,0.00,0.74,0.00,0.03,0.95,0.34,0.0008,0.0175,     0,0,0,0.00,0.00,-2147483648,0.00,0.00,N/A,1.77,4.94,210.25,0.36,8.97,0.00,0.03,0.17,0.17,  0%,  0%,0.10,0.04,  0%,  0%,0.29,0.43,  0%,  0%,0.31,0.25,  0%,  0%,0.83,99.17,0.00,100.00,0.00,0.00,0.40,99.60,0.00,100.00,0.00,0.00,0.00,0.00,0.00 ,0.00 ,-nan ,-nan ,0.08,0.07,0.01,0.32,0.02,1.00,0.00,0.03,0.94,0.27,0.0012,0.0188,     0,0,0,2.39,97.61,0.00,N/A,1.59,5.03,210.25,0.32,7.90,0.01,0.19,0.01,1.42,0.01,1.00,0.00,0.00,0.57,0.68,0.0001,0.0004,     0,0,0,0.85,99.15,0.00,N/A,2.53,1.78,210.25,1.42,35.59,0.01,0.30,0.00,0.41,0.00,0.92,0.00,0.00,0.79,0.72,0.0008,0.0051,     0,0,0,0.06,99.94,0.00,N/A,0.05,0.13,210.25,0.41,10.29,0.00,0.01,0.00,0.51,0.00,1.00,0.00,0.00,0.85,0.70,0.0007,0.0060,     0,0,0,0.07,99.93,0.00,N/A,0.07,0.14,210.25,0.51,12.75,0.00,0.01,0.05,1.70,0.03,1.00,0.00,0.00,0.97,0.95,0.0000,0.0003,     0,0,0,2.92,97.08,0.00,N/A,10.39,6.10,210.25,1.70,42.61,0.05,1.24,0.00,0.55,0.00,1.00,0.00,0.00,0.89,0.73,0.0005,0.0052,     0,0,0,0.04,99.96,0.00,N/A,0.05,0.09,210.25,0.55,13.70,0.00,0.01,0.00,0.64,0.00,1.00,0.00,0.00,0.83,0.78,0.0004,0.0028,     0,0,0,0.15,99.85,0.00,N/A,0.20,0.32,210.25,0.64,16.06,0.00,0.02,0.00,0.63,0.00,1.00,0.00,0.00,0.72,0.56,0.0015,0.0071,     0,0,0,0.14,99.86,0.00,N/A,0.19,0.30,210.25,0.63,15.64,0.00,0.02,0.01,0.33,0.02,0.76,0.00,0.03,0.96,0.27,0.0008,0.0215,     0,0,0,2.51,97.49,0.00,N/A,1.31,4.00,210.25,0.33,8.22,0.01,0.16,0.00,0.47,0.00,0.68,0.00,0.00,0.68,0.66,0.0016,0.0063,     0,0,0,0.13,99.87,0.00,N/A,0.09,0.18,210.25,0.47,11.86,0.00,0.01,0.00,0.49,0.00,0.75,0.00,0.00,0.70,0.66,0.0013,0.0063,     0,0,0,0.10,99.90,0.00,N/A,0.08,0.16,210.25,0.49,12.15,0.00,0.01,0.00,0.54,0.00,0.54,0.00,0.00,0.85,0.65,0.0009,0.0069,     0,0,0,0.14,99.86,0.00,N/A,0.08,0.16,210.25,0.54,13.48,0.00,0.01,0.00,0.50,0.00,0.74,0.00,0.00,0.87,0.70,0.0006,0.0054,     0,0,0,0.06,99.94,0.00,N/A,0.05,0.10,210.25,0.50,12.49,0.00,0.01,0.00,0.48,0.00,0.76,0.00,0.00,0.86,0.70,0.0008,0.0058,     0,0,0,0.06,99.94,0.00,N/A,0.05,0.10,210.25,0.48,11.90,0.00,0.01,0.00,0.51,0.00,0.74,0.00,0.00,0.88,0.66,0.0007,0.0065,     0,0,0,0.11,99.89,0.00,N/A,0.09,0.17,210.25,0.51,12.73,0.00,0.01,0.00,0.32,0.00,0.60,0.00,0.00,0.87,0.77,0.0004,0.0046,     0,0,0,0.06,99.94,0.00,N/A,0.02,0.07,210.25,0.32,7.98,0.00,0.00,
2024-03-21,21:06:33.773,0.01,0.90,0.01,0.92,0.01,0.07,0.91,0.58,0.0004,0.0040,0.00,0.00,-2147483648,0.00,0.00,17.84,19.86,209.80,0.90,22.45,0.01,0.13,1.02,1.64,1.36,0.64,99.36,0.00,100.00,0.00,0.00,0.00,0.00,-nan,0.08,0.01,1.09,0.01,0.99,0.00,0.04,0.87,0.67,0.0003,0.0025,     0,0,0,0.00,0.00,-2147483648,0.00,0.00,N/A,16.01,14.67,209.80,1.09,27.29,0.01,0.24,0.00,0.35,0.00,0.77,0.00,0.03,0.95,0.34,0.0008,0.0171,     0,0,0,0.00,0.00,-2147483648,0.00,0.00,N/A,1.82,5.19,209.80,0.35,8.78,0.00,0.03,0.67,0.21,  0%,  0%,0.10,0.04,  0%,  0%,0.46,0.48,  0%,  0%,0.25,0.17,  0%,  0%,0.89,99.11,0.00,100.00,0.00,0.00,0.40,99.60,0.00,100.00,0.00,0.00,0.00,0.00,0.00 ,0.00 ,-nan ,-nan ,0.08,0.09,0.01,0.33,0.02,1.00,0.00,0.03,0.95,0.27,0.0009,0.0201,     0,0,0,2.11,97.89,0.00,N/A,1.45,4.42,209.80,0.33,8.22,0.01,0.17,0.01,1.44,0.01,0.99,0.00,0.00,0.68,0.63,0.0001,0.0006,     0,0,0,0.71,99.29,0.00,N/A,2.12,1.47,209.80,1.44,35.90,0.01,0.25,0.00,1.43,0.00,0.98,0.00,0.00,0.57,0.67,0.0002,0.0005,     0,0,0,0.30,99.70,0.00,N/A,0.89,0.62,209.80,1.43,35.64,0.00,0.11,0.00,0.54,0.00,0.94,0.00,0.00,0.89,0.67,0.0005,0.0064,     0,0,0,0.10,99.90,0.00,N/A,0.11,0.20,209.80,0.54,13.43,0.00,0.01,0.05,1.74,0.03,0.99,0.00,0.00,0.99,0.94,0.0000,0.0003,     0,0,0,2.91,97.09,0.00,N/A,10.45,6.01,209.80,1.74,43.49,0.05,1.25,0.00,0.59,0.00,1.00,0.00,0.00,0.89,0.68,0.0006,0.0063,     0,0,0,0.08,99.92,0.00,N/A,0.09,0.16,209.80,0.59,14.77,0.00,0.01,0.00,0.63,0.00,0.87,0.00,0.00,0.85,0.76,0.0004,0.0031,     0,0,0,0.22,99.78,0.00,N/A,0.25,0.40,209.80,0.63,15.70,0.00,0.03,0.00,0.47,0.01,0.99,0.00,0.00,0.12,0.50,0.0043,0.0053,     0,0,0,0.67,99.33,0.00,N/A,0.65,1.38,209.80,0.47,11.78,0.00,0.08,0.01,0.32,0.02,0.78,0.00,0.03,0.96,0.26,0.0008,0.0213,     0,0,0,2.57,97.43,0.00,N/A,1.33,4.22,209.80,0.32,7.90,0.01,0.16,0.00,0.54,0.00,0.58,0.00,0.00,0.39,0.82,0.0012,0.0034,     0,0,0,0.06,99.94,0.00,N/A,0.04,0.07,209.80,0.54,13.50,0.00,0.00,0.00,0.51,0.00,0.79,0.00,0.00,0.80,0.67,0.0009,0.0063,     0,0,0,0.10,99.90,0.00,N/A,0.08,0.16,209.80,0.51,12.76,0.00,0.01,0.00,0.55,0.00,0.64,0.00,0.00,0.86,0.67,0.0008,0.0062,     0,0,0,0.15,99.85,0.00,N/A,0.11,0.20,209.80,0.55,13.72,0.00,0.01,0.00,0.52,0.00,0.78,0.00,0.00,0.85,0.66,0.0008,0.0061,     0,0,0,0.13,99.87,0.00,N/A,0.11,0.21,209.80,0.52,12.99,0.00,0.01,0.00,0.51,0.00,0.79,0.00,0.00,0.85,0.63,0.0009,0.0070,     0,0,0,0.13,99.87,0.00,N/A,0.11,0.22,209.80,0.51,12.65,0.00,0.01,0.00,0.37,0.00,0.62,0.00,0.00,0.80,0.88,0.0003,0.0023,     0,0,0,0.04,99.96,0.00,N/A,0.02,0.06,209.80,0.37,9.16,0.00,0.00,0.00,0.39,0.00,0.63,0.00,0.00,0.67,0.89,0.0006,0.0019,     0,0,0,0.04,99.96,0.00,N/A,0.02,0.05,209.80,0.39,9.80,0.00,0.00,
2024-03-21,21:06:33.874,0.00,0.88,0.01,0.91,0.00,0.07,0.94,0.56,0.0002,0.0043,0.00,0.00,-2147483648,0.00,0.00,15.59,17.77,210.02,0.88,21.93,0.00,0.12,0.46,0.30,2.18,0.58,99.42,0.00,100.00,0.00,0.00,0.00,0.00,-nan,0.08,0.01,1.07,0.01,1.00,0.00,0.04,0.93,0.66,0.0002,0.0026,     0,0,0,0.00,0.00,-2147483648,0.00,0.00,N/A,13.82,12.91,210.02,1.07,26.78,0.01,0.21,0.00,0.36,0.00,0.74,0.00,0.03,0.95,0.34,0.0009,0.0176,     0,0,0,0.00,0.00,-2147483648,0.00,0.00,N/A,1.77,40.00,N/A,1.9,,N,9.08,0.00,0.03,0.12,0.18,  0%,  0%,0.11,0.04,  0%,  0%,0.35,1.31,  0%,  1%,0.30,0.22,  0%,  0%,0.77,99.23,0.00,100.00,0.00,0.00,0.39,99.61,0.00,100.00,0.00,0.00,0.00,0.00,0.00 ,0.00 ,-nan ,-nan ,0.08,0.08,0.01,0.32,0.02,1.00,0.00,0.03,0.95,0.27,0.0009,0.0199,     0,0,0,2.20,97.80,0.00,N/A,1.46,4.62,210.02,0.32,7.89,0.01,0.17,0.01,1.50,0.01,1.00,0.00,0.00,0.55,0.67,0.0001,0.0004,     0,0,0,1.00,99.00,0.00,N/A,3.14,2.09,210.02,1.50,37.56,0.01,0.37,0.00,0.50,0.00,0.85,0.00,0.00,0.88,0.71,0.0005,0.0057,     0,0,0,0.05,99.95,0.00,N/A,0.05,0.10,210.02,0.50,12.50,0.00,0.01,0.00,0.47,0.00,1.00,0.00,0.00,0.84,0.68,0.0007,0.0063,     0,0,0,0.08,99.92,0.00,N/A,0.08,0.17,210.02,0.47,11.64,0.00,0.01,0.04,1.69,0.02,1.00,0.00,0.00,0.97,0.94,0.0000,0.0004,     0,0,0,2.41,97.59,0.00,N/A,8.60,5.10,210.02,1.69,42.17,0.04,1.02,0.00,0.53,0.00,0.98,0.00,0.00,0.89,0.68,0.0005,0.0060,     0,0,0,0.08,99.92,0.00,N/A,0.08,0.16,210.02,0.53,13.37,0.00,0.01,0.00,0.63,0.00,1.00,0.00,0.00,0.79,0.80,0.0004,0.0025,     0,0,0,0.17,99.83,0.00,N/A,0.23,0.36,210.02,0.63,15.68,0.00,0.03,0.00,0.61,0.00,0.97,0.00,0.00,0.73,0.57,0.0015,0.0071,     0,0,0,0.15,99.85,0.00,N/A,0.19,0.31,210.02,0.61,15.28,0.00,0.02,0.01,0.34,0.02,0.80,0.00,0.03,0.96,0.26,0.0008,0.0216,     0,0,0,2.32,97.68,0.00,N/A,1.32,3.92,210.02,0.34,8.42,0.01,0.16,0.00,0.49,0.00,0.48,0.00,0.00,0.64,0.72,0.0014,0.0048,     0,0,0,0.12,99.88,0.00,N/A,0.06,0.13,210.02,0.49,12.23,0.00,0.01,0.00,0.48,0.00,0.70,0.00,0.00,0.71,0.68,0.0013,0.0062,     0,0,0,0.11,99.89,0.00,N/A,0.08,0.17,210.02,0.48,12.00,0.00,0.01,0.00,0.50,0.00,0.68,0.00,0.00,0.83,0.71,0.0009,0.0055,     0,0,0,0.11,99.89,0.00,N/A,0.08,0.15,210.02,0.50,12.47,0.00,0.01,0.00,0.51,0.00,0.52,0.00,0.00,0.81,0.69,0.0009,0.0057,     0,0,0,0.14,99.86,0.00,N/A,0.08,0.15,210.02,0.51,12.83,0.00,0.01,0.00,0.45,0.00,0.52,0.00,0.00,0.80,0.69,0.0010,0.0060,     0,0,0,0.14,99.86,0.00,N/A,0.07,0.15,210.02,0.45,11.36,0.00,0.01,0.00,0.43,0.00,0.48,0.00,0.00,0.77,0.71,0.0010,0.0053,     0,0,0,0.12,99.88,0.00,N/A,0.05,0.12,210.02,0.43,10.69,0.00,0.01,0.00,0.42,0.00,0.68,0.00,0.00,0.63,0.68,0.0018,0.0058,     0,0,0,0.06,99.94,0.00,N/A,0.04,0.09,210.02,0.42,10.41,0.00,0.00,
2024-03-21,21:06:33.974,0.00,0.75,0.01,0.92,0.00,0.07,0.94,0.52,0.0003,0.0054,0.00,0.00,-2147483648,0.00,0.00,13.08,17.34,210.55,0.75,18.86,0.00,0.10,0.28,0.43,3.76,0.56,99.44,0.00,100.00,0.00,0.00,0.00,0.00,-nan,0.08,0.01,0.95,0.01,0.98,0.00,0.04,0.93,0.61,0.0002,0.0034,     0,0,0,0.00,0.00,-2147483648,0.00,0.00,N/A,11.20,11.80,210.55,0.95,23.73,0.01,0.17,0.00,0.34,0.00,0.80,0.00,0.03,0.94,0.34,0.0009,0.0169,     0,0,0,0.00,0.00,-2147483648,0.00,0.00,N/A,1.88,5.54,210.55,0.34,8.47,0.00,0.03,0.05,0.07,  0%,  0%,0.09,0.07,  0%,  0%,0.12,0.52,  0%,  0%,1.55,1.57,  1%,  1%,0.71,99.29,0.00,100.00,0.00,0.00,0.41,99.59,0.00,100.00,0.00,0.00,0.00,0.00,0.00 ,0.00 ,-nan ,-nan ,0.08,0.08,0.01,0.30,0.02,1.00,0.00,0.03,0.95,0.27,0.0010,0.0195,     0,0,0,2.36,97.64,0.00,N/A,1.50,4.98,210.55,0.30,7.54,0.01,0.18,0.01,1.39,0.01,0.99,0.00,0.00,0.64,0.67,0.0001,0.0006,     0,0,0,0.58,99.42,0.00,N/A,1.68,1.21,210.55,1.39,34.79,0.01,0.20,0.00,0.44,0.00,0.97,0.00,0.00,0.85,0.68,0.0007,0.0064,     0,0,0,0.05,99.95,0.00,N/A,0.05,0.11,210.55,0.44,10.90,0.00,0.01,0.00,0.53,0.00,0.93,0.00,0.00,0.90,0.69,0.0005,0.0063,     0,0,0,0.08,99.92,0.00,N/A,0.08,0.15,210.55,0.53,13.27,0.00,0.01,0.04,1.66,0.02,0.98,0.00,0.00,0.97,0.90,0.0000,0.0006,     0,0,0,2.16,97.84,0.00,N/A,7.34,4.42,210.55,1.66,41.59,0.04,0.88,0.00,0.56,0.00,1.00,0.00,0.00,0.88,0.68,0.0006,0.0065,     0,0,0,0.07,99.93,0.00,N/A,0.08,0.14,210.55,0.56,14.12,0.00,0.01,0.00,0.66,0.00,0.87,0.00,0.00,0.75,0.78,0.0005,0.0029,     0,0,0,0.21,99.79,0.00,N/A,0.26,0.39,210.55,0.66,16.47,0.00,0.03,0.00,0.51,0.00,1.00,0.00,0.00,0.67,0.56,0.0020,0.0076,     0,0,0,0.20,99.80,0.00,N/A,0.21,0.41,210.55,0.51,12.79,0.00,0.02,0.01,0.31,0.02,0.81,0.00,0.03,0.96,0.27,0.0009,0.0210,     0,0,0,2.59,97.41,0.00,N/A,1.37,4.40,210.55,0.31,7.77,0.01,0.16,0.00,0.44,0.00,0.64,0.00,0.00,0.57,0.72,0.0021,0.0053,     0,0,0,0.08,99.92,0.00,N/A,0.05,0.11,210.55,0.44,11.02,0.00,0.01,0.00,0.49,0.00,0.83,0.00,0.00,0.72,0.69,0.0012,0.0059,     0,0,0,0.09,99.91,0.00,N/A,0.08,0.16,210.55,0.49,12.32,0.00,0.01,0.00,0.49,0.00,0.72,0.00,0.00,0.86,0.68,0.0008,0.0063,     0,0,0,0.11,99.89,0.00,N/A,0.08,0.16,210.55,0.49,12.16,0.00,0.01,0.00,0.51,0.00,0.81,0.00,0.00,0.83,0.71,0.0008,0.0055,     0,0,0,0.09,99.91,0.00,N/A,0.08,0.15,210.55,0.51,12.83,0.00,0.01,0.00,0.51,0.00,0.81,0.00,0.00,0.84,0.68,0.0009,0.0062,     0,0,0,0.09,99.91,0.00,N/A,0.08,0.15,210.55,0.51,12.77,0.00,0.01,0.00,0.48,0.00,0.60,0.00,0.00,0.84,0.71,0.0007,0.0055,     0,0,0,0.09,99.91,0.00,N/A,0.05,0.11,210.55,0.48,11.89,0.00,0.01,0.00,0.33,0.00,0.87,0.00,0.00,0.83,0.58,0.0008,0.0057,     0,0,0,0.16,99.84,0.00,N/A,0.10,0.30,210.55,0.33,8.18,0.00,0.01,
2024-03-21,21:06:34.074,0.01,0.83,0.01,0.97,0.01,0.09,0.83,0.60,0.0006,0.0037,0.00,0.00,-2147483648,0.00,0.00,23.12,27.88,209.39,0.83,20.73,0.01,0.17,0.74,0.15,3.11,0.85,99.15,0.00,100.00,0.00,0.00,0.00,0.00,-nan,0.08,0.01,0.91,0.01,0.99,0.01,0.04,0.81,0.66,0.0005,0.0029,     0,0,0,0.00,0.00,-2147483648,0.00,0.00,N/A,15.59,17.15,209.39,0.91,22.72,0.01,0.23,0.00,0.70,0.01,0.96,0.01,0.04,0.84,0.52,0.0009,0.0056,     0,0,0,0.00,0.00,-2147483648,0.00,0.00,N/A,7.54,10.73,209.39,0.70,17.56,0.00,0.11,0.24,0.26,  0%,  0%,0.17,0.08,  0%,  0%,0.92,1.02,  0%,  0%,0.60,0.57,  0%,  0%,1.04,98.96,0.00,100.00,0.00,0.00,0.67,99.33,0.00,100.00,0.00,0.00,0.00,0.00,0.00 ,0.00 ,-nan ,-nan ,0.08,0.08,0.01,0.31,0.02,1.00,0.00,0.03,0.94,0.27,0.0011,0.0202,     0,0,0,2.25,97.75,0.00,N/A,1.44,4.72,209.39,0.31,7.65,0.01,0.17,0.01,1.47,0.01,1.00,0.00,0.00,0.69,0.90,0.0002,0.0006,     0,0,0,0.97,99.03,0.00,N/A,2.98,2.04,209.39,1.47,36.63,0.01,0.36,0.00,0.43,0.00,1.00,0.00,0.00,0.49,0.70,0.0019,0.0058,     0,0,0,0.05,99.95,0.00,N/A,0.05,0.11,209.39,0.43,10.80,0.00,0.01,0.00,0.22,0.01,1.00,0.00,0.00,0.52,0.84,0.0009,0.0021,     0,0,0,1.04,98.96,0.00,N/A,0.48,2.18,209.39,0.22,5.45,0.00,0.06,0.02,1.51,0.01,1.00,0.00,0.00,0.81,0.91,0.0001,0.0006,     0,0,0,1.00,99.00,0.00,N/A,3.18,2.10,209.39,1.51,37.77,0.02,0.38,0.02,1.63,0.01,0.89,0.00,0.00,0.23,0.70,0.0005,0.0007,     0,0,0,1.06,98.94,0.00,N/A,3.20,1.97,209.39,1.63,40.64,0.02,0.38,0.02,1.12,0.02,1.00,0.00,0.01,0.53,0.81,0.0007,0.0016,     0,0,0,1.74,98.26,0.00,N/A,4.06,3.64,209.39,1.12,27.89,0.02,0.48,0.00,0.51,0.00,1.00,0.00,0.00,0.44,0.55,0.0030,0.0076,     0,0,0,0.18,99.82,0.00,N/A,0.20,0.39,209.39,0.51,12.78,0.00,0.02,0.01,0.31,0.02,0.95,0.00,0.03,0.95,0.26,0.0009,0.0196,     0,0,0,2.40,97.60,0.00,N/A,1.50,4.78,209.39,0.31,7.86,0.01,0.18,0.02,1.13,0.02,1.00,0.00,0.01,0.58,0.78,0.0007,0.0016,     0,0,0,1.61,98.39,0.00,N/A,3.78,3.36,209.39,1.13,28.16,0.02,0.45,0.00,0.50,0.00,0.72,0.00,0.00,0.61,0.61,0.0015,0.0053,     0,0,0,0.16,99.84,0.00,N/A,0.12,0.23,209.39,0.50,12.46,0.00,0.01,0.01,1.13,0.01,0.98,0.00,0.00,0.61,0.64,0.0009,0.0024,     0,0,0,0.75,99.25,0.00,N/A,1.74,1.54,209.39,1.13,28.29,0.01,0.21,0.00,0.44,0.00,0.90,0.00,0.00,0.61,0.66,0.0020,0.0065,     0,0,0,0.12,99.88,0.00,N/A,0.10,0.23,209.39,0.44,10.98,0.00,0.01,0.00,0.53,0.00,0.94,0.00,0.00,0.39,0.63,0.0021,0.0043,     0,0,0,0.22,99.78,0.00,N/A,0.23,0.43,209.39,0.53,13.36,0.00,0.03,0.00,0.39,0.00,0.92,0.00,0.00,0.54,0.72,0.0021,0.0050,     0,0,0,0.06,99.94,0.00,N/A,0.04,0.11,209.39,0.39,9.82,0.00,0.01,0.00,0.38,0.00,0.66,0.00,0.00,0.82,0.88,0.0003,0.0023,     0,0,0,0.04,99.96,0.00,N/A,0.02,0.05,209.39,0.38,9.40,0.00,0.00,
2024-03-21,21:06:34.173,0.01,0.88,0.01,0.93,0.01,0.08,0.86,0.63,0.0005,0.0037,0.00,0.00,-2147483648,0.00,0.00,20.79,23.68,210.23,0.88,21.96,0.01,0.15,0.44,0.16,3.09,0.76,99.24,0.00,100.00,0.00,0.00,0.00,0.00,-nan,0.10,0.01,1.05,0.01,1.00,0.01,0.05,0.83,0.72,0.0004,0.0025,     0,0,0,0.00,0.00,-2147483648,0.00,0.00,N/A,18.49,17.53,210.23,1.05,26.37,0.01,0.28,0.00,0.37,0.00,0.76,0.00,0.03,0.90,0.36,0.0014,0.0140,     0,0,0,0.00,0.00,-2147483648,0.00,0.00,N/A,2.30,6.15,210.23,0.37,9.37,0.00,0.03,0.14,0.17,  0%,  0%,0.11,0.03,  0%,  0%,1.31,1.29,  1%,  1%,0.28,0.21,  0%,  0%,1.04,98.96,0.00,100.00,0.00,0.00,0.48,99.52,0.00,100.00,0.00,0.00,0.00,0.00,0.00 ,0.00 ,-nan ,-nan ,0.10,0.10,0.01,0.31,,0.01,0.32,0.,90.03,0.91,0.27,0.0017,0.0183,     0,0,0,2.57,97.43,0.00,N/A,1.67,5.41,210.23,0.31,7.72,0.01,0.20,0.00,0.81,0.00,1.00,0.00,0.00,0.42,0.74,0.0008,0.0019,     0,0,0,0.39,99.61,0.00,N/A,0.67,0.82,210.23,0.81,20.26,0.00,0.08,0.00,1.48,0.00,1.00,0.00,0.00,0.63,0.74,0.0001,0.0005,     0,0,0,0.31,99.69,0.00,N/A,0.96,0.65,210.23,1.48,36.88,0.00,0.11,0.00,0.45,0.00,1.00,0.00,0.00,0.42,0.69,0.0017,0.0046,     0,0,0,0.13,99.87,0.00,N/A,0.12,0.27,210.23,0.45,11.34,0.00,0.01,0.06,1.60,0.04,1.00,0.00,0.01,0.87,0.90,0.0001,0.0006,     0,0,0,3.54,96.46,0.00,N/A,11.85,7.41,210.23,1.60,40.00,0.06,1.42,0.00,0.44,0.00,0.87,0.00,0.00,0.93,0.88,0.0001,0.0025,     0,0,0,0.03,99.97,0.00,N/A,0.02,0.05,210.23,0.44,11.05,0.00,0.00,0.00,0.51,0.00,1.00,0.00,0.00,0.61,0.78,0.0009,0.0027,     0,0,0,0.25,99.75,0.00,N/A,0.27,0.53,210.23,0.51,12.75,0.00,0.03,0.01,1.22,0.01,1.00,0.00,0.00,0.43,0.87,0.0009,0.0017,     0,0,0,1.14,98.86,0.00,N/A,2.93,2.39,210.23,1.22,30.58,0.01,0.35,0.01,0.31,0.02,0.78,0.00,0.03,0.95,0.27,0.0010,0.0210,     0,0,0,2.68,97.32,0.00,N/A,1.36,4.39,210.23,0.31,7.72,0.01,0.16,0.00,0.44,0.00,0.45,0.00,0.00,0.58,0.64,0.0022,0.0072,     0,0,0,0.12,99.88,0.00,N/A,0.05,0.12,210.23,0.44,10.88,0.00,0.01,0.00,0.68,0.00,0.88,0.00,0.00,0.26,0.65,0.0019,0.0032,     0,0,0,0.43,99.57,0.00,N/A,0.54,0.80,210.23,0.68,16.96,0.00,0.06,0.00,0.62,0.00,0.68,0.00,0.00,0.64,0.74,0.0012,0.0041,     0,0,0,0.18,99.82,0.00,N/A,0.16,0.26,210.23,0.62,15.46,0.00,0.02,0.00,0.36,0.00,0.46,0.00,0.00,0.81,0.88,0.0004,0.0023,     0,0,0,0.06,99.94,0.00,N/A,0.02,0.05,210.23,0.36,8.91,0.00,0.00,0.00,0.33,0.00,0.44,0.00,0.00,0.56,0.87,0.0008,0.0025,     0,0,0,0.06,99.94,0.00,N/A,0.02,0.06,210.23,0.33,8.13,0.00,0.00,0.00,0.42,0.00,0.48,0.00,0.00,0.67,0.67,0.0019,0.0069,     0,0,0,0.12,99.88,0.00,N/A,0.05,0.12,210.23,0.42,10.44,0.00,0.01,0.00,0.31,0.00,0.91,0.00,0.00,0.33,0.58,0.0031,0.0057,     0,0,0,0.19,99.81,0.00,N/A,0.11,0.35,210.23,0.31,7.74,0.00,0.01,
2024-03-21,21:06:34.274,0.00,0.80,0.01,0.92,0.01,0.07,0.91,0.51,0.0004,0.0048,0.00,0.00,-2147483648,0.00,0.00,14.54,18.13,210.01,0.80,20.05,0.00,0.11,0.58,0.34,1.01,0.59,99.41,0.00,100.00,0.00,0.00,0.00,0.00,-nan,0.08,0.01,0.98,0.01,1.00,0.00,0.04,0.89,0.60,0.0003,0.0030,     0,0,0,0.00,0.00,-2147483648,0.00,0.00,N/A,12.74,13.05,210.01,0.98,24.40,0.01,0.19,0.00,0.35,0.00,0.77,0.00,0.03,0.94,0.34,0.0011,0.0174,     0,0,0,0.00,0.00,-2147483648,0.00,0.00,N/A,1.80,5.08,210.01,0.35,8.85,0.00,0.03,0.11,0.10,  0%,  0%,0.25,0.11,  0%,  0%,0.16,0.29,  0%,  0%,0.36,0.20,  0%,  0%,0.78,99.22,0.00,100.00,0.00,0.00,0.39,99.61,0.00,100.00,0.00,0.00,0.00,0.00,0.00 ,0.00 ,-nan ,-nan ,0.08,0.08,0.01,0.31,0.02,1.00,0.00,0.03,0.93,0.27,0.0013,0.0191,     0,0,0,2.38,97.62,0.00,N/A,1.54,5.00,210.01,0.31,7.72,0.01,0.18,0.02,1.51,0.01,1.00,0.00,0.00,0.33,0.68,0.0002,0.0004,     0,0,0,1.45,98.55,0.00,N/A,4.61,3.05,210.01,1.51,37.77,0.02,0.55,0.02,1.64,0.01,1.00,0.00,0.00,0.95,0.92,0.0000,0.0005,     0,0,0,1.17,98.83,0.00,N/A,4.04,2.46,210.01,1.64,41.02,0.02,0.48,0.00,0.70,0.00,1.00,0.00,0.00,0.76,0.77,0.0007,0.0035,     0,0,0,0.22,99.78,0.00,N/A,0.32,0.46,210.01,0.70,17.44,0.00,0.04,0.01,1.45,0.01,1.00,0.00,0.00,0.87,0.88,0.0001,0.0008,     0,0,0,0.56,99.44,0.00,N/A,1.72,1.19,210.01,1.45,36.19,0.01,0.20,0.00,0.27,0.00,1.00,0.00,0.00,0.90,0.87,0.0002,0.0022,     0,0,0,0.04,99.96,0.00,N/A,0.02,0.08,210.01,0.27,6.68,0.00,0.00,0.00,0.59,0.00,1.00,0.00,0.00,0.74,0.77,0.0006,0.0033,     0,0,0,0.23,99.77,0.00,N/A,0.29,0.48,210.01,0.59,14.85,0.00,0.03,0.00,0.58,0.00,1.00,0.00,0.00,0.43,0.57,0.0028,0.0067,     0,0,0,0.15,99.85,0.00,N/A,0.19,0.32,210.01,0.58,14.44,0.00,0.02,0.01,0.33,0.02,0.78,0.00,0.03,0.96,0.27,0.0009,0.0211,     0,0,0,2.52,97.48,0.00,N/A,1.37,4.11,210.01,0.33,8.35,0.01,0.16,0.00,0.45,0.00,0.65,0.00,0.00,0.53,0.70,0.0021,0.0059,     0,0,0,0.09,99.91,0.00,N/A,0.06,0.12,210.01,0.45,11.19,0.00,0.01,0.00,0.35,0.00,0.85,0.00,0.00,0.39,0.71,0.0025,0.0049,     0,0,0,0.13,99.87,0.00,N/A,0.08,0.24,210.01,0.35,8.87,0.00,0.01,0.00,0.46,0.00,0.76,0.00,0.00,0.74,0.69,0.0013,0.0057,     0,0,0,0.14,99.86,0.00,N/A,0.10,0.22,210.01,0.46,11.46,0.00,0.01,0.00,0.43,0.00,0.60,0.00,0.00,0.82,0.81,0.0005,0.0038,     0,0,0,0.04,99.96,0.00,N/A,0.02,0.05,210.01,0.43,10.86,0.00,0.00,0.00,0.42,0.00,0.58,0.00,0.00,0.86,0.90,0.0002,0.0021,     0,0,0,0.05,99.95,0.00,N/A,0.02,0.06,210.01,0.42,10.39,0.00,0.00,0.00,0.47,0.00,0.64,0.00,0.00,0.78,0.73,0.0010,0.0053,     0,0,0,0.08,99.92,0.00,N/A,0.05,0.11,210.01,0.47,11.84,0.00,0.01,0.00,0.51,0.00,0.80,0.00,0.00,0.62,0.58,0.0021,0.0066,     0,0,0,0.10,99.90,0.00,N/A,0.09,0.17,210.01,0.51,12.80,0.00,0.01,
2024-03-21,21:06:34.373,0.00,0.61,0.00,0.89,0.00,0.07,0.92,0.43,0.0006,0.0078,0.00,0.00,-2147483648,0.00,0.00,8.72,14.39,209.80,0.61,15.15,0.00,0.06,0.41,0.57,1.14,0.48,99.52,0.00,100.00,0.00,0.00,0.00,0.00,-nan,0.08,0.00,0.74,0.01,1.00,0.00,0.04,0.90,0.49,0.0005,0.0053,     0,0,0,0.00,0.00,-2147483648,0.00,0.00,N/A,6.91,9.28,209.80,0.74,18.62,0.00,0.10,0.00,0.35,0.00,0.75,0.00,0.03,0.95,0.34,0.0009,0.0174,     0,0,0,0.00,0.00,-2147483648,0.00,0.00,N/A,1.81,5.11,209.80,0.35,8.84,0.00,0.03,0.07,0.07,  0%,  0%,0.18,0.09,  0%,  0%,0.15,0.26,  0%,  0%,0.35,0.38,  0%,  0%,0.55,99.45,0.00,100.00,0.00,0.00,0.41,99.59,0.00,100.00,0.00,0.00,0.00,0.00,0.00 ,0.00 ,-nan ,-nan ,0.08,0.09,0.01,0.33,0.02,1.00,0.00,0.03,0.94,0.27,0.0012,0.0194,     0,0,0,2.23,97.77,0.00,N/A,1.53,4.68,209.80,0.33,8.18,0.01,0.18,0.01,1.36,0.01,1.00,0.00,0.00,0.55,0.70,0.0002,0.0006,     0,0,0,0.65,99.35,0.00,N/A,1.86,1.36,209.80,1.36,34.01,0.01,0.22,0.00,1.17,0.00,1.00,0.00,0.00,0.49,0.62,0.0004,0.0013,     0,0,0,0.27,99.73,0.00,N/A,0.67,0.57,209.80,1.17,29.26,0.00,0.08,0.00,0.45,0.00,1.00,0.00,0.00,0.75,0.62,0.0013,0.0070,     0,0,0,0.14,99.86,0.00,N/A,0.13,0.29,209.80,0.45,11.19,0.00,0.02,0.01,1.45,0.01,1.00,0.00,0.00,0.90,0.88,0.0001,0.0009,     0,0,0,0.74,99.26,0.00,N/A,2.25,1.55,209.80,1.45,36.18,0.01,0.27,0.00,0.50,0.00,1.00,0.00,0.00,0.84,0.90,0.0002,0.0019,     0,0,0,0.02,99.98,0.00,N/A,0.02,0.04,209.80,0.50,12.44,0.00,0.00,0.00,0.58,0.00,1.00,0.00,0.00,0.78,0.76,0.0006,0.0034,     0,0,0,0.22,99.78,0.00,N/A,0.27,0.46,209.80,0.58,14.59,0.00,0.03,0.00,0.59,0.00,1.00,0.00,0.00,0.59,0.56,0.0021,0.0069,     0,0,0,0.15,99.85,0.00,N/A,0.19,0.32,209.80,0.59,14.83,0.00,0.02,0.01,0.33,0.02,0.75,0.00,0.03,0.96,0.26,0.0008,0.0214,     0,0,0,2.63,97.37,0.00,N/A,1.35,4.15,209.80,0.33,8.14,0.01,0.16,0.00,0.50,0.00,0.71,0.00,0.00,0.64,0.72,0.0014,0.0048,     0,0,0,0.09,99.91,0.00,N/A,0.07,0.13,209.80,0.50,12.48,0.00,0.01,0.00,0.46,0.00,0.67,0.00,0.00,0.77,0.72,0.0009,0.0058,     0,0,0,0.12,99.88,0.00,N/A,0.08,0.18,209.80,0.46,11.52,0.00,0.01,0.00,0.46,0.00,0.86,0.00,0.00,0.78,0.64,0.0013,0.0066,     0,0,0,0.15,99.85,0.00,N/A,0.12,0.27,209.80,0.46,11.40,0.00,0.01,0.00,0.40,0.00,0.50,0.00,0.00,0.92,0.91,0.0001,0.0016,     0,0,0,0.05,99.95,0.00,N/A,0.02,0.05,209.80,0.40,10.00,0.00,0.00,0.00,0.38,0.00,0.51,0.00,0.00,0.97,0.89,0.0000,0.0018,     0,0,0,0.05,99.95,0.00,N/A,0.02,0.05,209.80,0.38,9.56,0.00,0.00,0.00,0.48,0.00,0.71,0.00,0.00,0.83,0.73,0.0007,0.0054,     0,0,0,0.08,99.92,0.00,N/A,0.05,0.11,209.80,0.48,11.92,0.00,0.01,0.00,0.55,0.00,0.75,0.00,0.00,0.79,0.56,0.0013,0.0069,     0,0,0,0.11,99.89,0.00,N/A,0.09,0.17,209.80,0.55,13.75,0.00,0.01,
2024-03-21,21:06:34.474,0.01,0.95,0.01,0.91,0.00,0.07,0.93,0.58,0.0002,0.0038,0.00,0.00,-2147483648,0.00,0.00,17.85,18.86,210.12,0.95,23.67,0.01,0.13,0.49,0.32,1.54,0.62,99.38,0.00,100.00,0.00,0.00,0.00,0.00,-nan,0.08,0.01,1.14,0.01,1.00,0.00,0.04,0.92,0.68,0.0002,0.0023,     0,0,0,0.00,0.00,-2147483648,0.00,0.00,N/A,16.12,14.15,210.12,1.14,28.49,0.01,0.24,0.00,0.37,0.00,0.72,0.00,0.03,0.95,0.33,0.0009,0.0179,     0,0,0,0.00,0.00,-2147483648,0.00,0.00,N/A,1.73,4.71,210.12,0.37,9.18,0.00,0.03,0.10,0.08,  0%,  0%,0.17,0.14,  0%,  0%,0.13,0.24,  0%,  0%,0.59,0.58,  0%,  0%,0.84,99.16,0.00,100.00,0.00,0.00,0.39,99.61,0.00,100.00,0.00,0.00,0.00,0.00,0.00 ,0.00 ,-nan ,-nan ,0.08,0.08,0.01,0.33,0.02,1.00,0.00,0.03,0.94,0.27,0.0012,0.0191,     0,0,0,2.24,97.76,0.00,N/A,1.56,4.71,210.12,0.33,8.28,0.01,0.19,0.02,1.55,0.01,1.00,0.00,0.00,0.55,0.70,0.0001,0.0004,     0,0,0,1.17,98.83,0.00,N/A,3.81,2.45,210.12,1.55,38.85,0.02,0.45,0.0,0.00,0.49,01.,0,0.00,0.00,0.77,0.70,0.0009,0.0059,     0,0,0,0.05,99.95,0.00,N/A,0.05,0.10,210.12,0.49,12.20,0.00,0.01,0.00,0.52,0.00,1.00,0.00,0.00,0.81,0.66,0.0010,0.0068,     0,0,0,0.07,99.93,0.00,N/A,0.08,0.15,210.12,0.52,13.09,0.00,0.01,0.05,1.70,0.03,1.00,0.00,0.00,0.97,0.94,0.0000,0.0003,     0,0,0,2.84,97.16,0.00,N/A,10.17,5.99,210.12,1.70,42.45,0.05,1.20,0.00,0.48,0.00,1.00,0.00,0.00,0.93,0.87,0.0002,0.0024,     0,0,0,0.02,99.98,0.00,N/A,0.02,0.04,210.12,0.48,11.98,0.00,0.00,0.00,0.60,0.00,1.00,0.00,0.00,0.81,0.79,0.0004,0.0025,     0,0,0,0.19,99.81,0.00,N/A,0.24,0.39,210.12,0.60,15.06,0.00,0.03,0.00,0.63,0.00,1.00,0.00,0.00,0.68,0.57,0.0016,0.0069,     0,0,0,0.14,99.86,0.00,N/A,0.19,0.30,210.12,0.63,15.83,0.00,0.02,0.01,0.34,0.02,0.74,0.00,0.03,0.96,0.26,0.0008,0.0216,     0,0,0,2.52,97.48,0.00,N/A,1.34,3.90,210.12,0.34,8.59,0.01,0.16,0.00,0.49,0.00,0.63,0.00,0.00,0.54,0.75,0.0017,0.0044,     0,0,0,0.10,99.90,0.00,N/A,0.06,0.13,210.12,0.49,12.15,0.00,0.01,0.00,0.48,0.00,0.59,0.00,0.00,0.64,0.72,0.0018,0.0056,     0,0,0,0.11,99.89,0.00,N/A,0.06,0.13,210.12,0.48,12.03,0.00,0.01,0.00,0.46,0.00,0.67,0.00,0.00,0.84,0.70,0.0008,0.0059,     0,0,0,0.12,99.88,0.00,N/A,0.08,0.17,210.12,0.46,11.54,0.00,0.01,0.00,0.40,0.00,0.53,0.00,0.00,0.89,0.88,0.0002,0.0021,     0,0,0,0.05,99.95,0.00,N/A,0.02,0.06,210.12,0.40,10.03,0.00,0.00,0.00,0.39,0.00,0.53,0.00,0.00,0.80,0.81,0.0004,0.0039,     0,0,0,0.05,99.95,0.00,N/A,0.02,0.06,210.12,0.39,9.63,0.00,0.00,0.00,0.47,0.00,0.60,0.00,0.00,0.84,0.74,0.0008,0.0052,     0,0,0,0.09,99.91,0.00,N/A,0.05,0.11,210.12,0.47,11.66,0.00,0.01,0.00,0.57,0.00,0.78,0.00,0.00,0.83,0.59,0.0009,0.0064,     0,0,0,0.10,99.90,0.00,N/A,0.09,0.16,210.12,0.57,14.22,0.00,0.01,
2024-03-21,21:06:34.573,0.00,0.57,0.00,0.88,0.00,0.07,0.93,0.45,0.0006,0.0079,0.00,0.00,-2147483648,0.00,0.00,8.68,15.18,209.92,0.57,14.29,0.00,0.06,0.58,0.92,1.67,0.51,99.49,0.00,100.00,0.00,0.00,0.00,0.00,-nan,0.08,0.00,0.69,0.01,1.00,0.00,0.04,0.91,0.52,0.0005,0.0054,     0,0,0,0.00,0.00,-2147483648,0.00,0.00,N/A,6.84,9.88,209.92,0.69,17.31,0.00,0.10,0.00,0.35,0.00,0.72,0.00,0.03,0.94,0.33,0.0009,0.0173,     0,0,0,0.00,0.00,-2147483648,0.00,0.00,N/A,1.83,5.30,209.92,0.35,8.65,0.00,0.03,0.19,0.11,  0%,  0%,0.14,0.14,  0%,  0%,0.23,0.33,  0%,  0%,0.72,0.38,  0%,  0%,0.59,99.41,0.00,100.00,0.00,0.00,0.44,99.56,0.00,100.00,0.00,0.00,0.00,0.00,0.00 ,0.00 ,-nan ,-nan ,0.08,0.09,0.01,0.30,0.03,1.00,0.00,0.03,0.93,0.27,0.0012,0.0187,     0,0,0,2.54,97.46,0.00,N/A,1.61,5.33,209.92,0.30,7.54,0.01,0.19,0.01,1.16,0.00,1.00,0.00,0.00,0.58,0.72,0.0002,0.0008,     0,0,0,0.48,99.52,0.00,N/A,1.16,1.00,209.92,1.16,29.01,0.01,0.14,0.00,1.12,0.00,1.00,0.00,0.00,0.53,0.68,0.0003,0.0011,     0,0,0,0.19,99.81,0.00,N/A,0.45,0.40,209.92,1.12,28.10,0.00,0.05,0.00,0.70,0.00,1.00,0.00,0.00,0.81,0.75,0.0006,0.0039,     0,0,0,0.22,99.78,0.00,N/A,0.32,0.46,209.92,0.70,17.59,0.00,0.04,0.01,1.51,0.01,1.00,0.00,0.00,0.91,0.88,0.0001,0.0008,     0,0,0,0.89,99.11,0.00,N/A,2.82,1.87,209.92,1.51,37.74,0.01,0.34,0.00,0.35,0.00,1.00,0.00,0.00,0.95,0.86,0.0001,0.0025,     0,0,0,0.03,99.97,0.00,N/A,0.02,0.05,209.92,0.35,8.86,0.00,0.00,0.00,0.60,0.00,1.00,0.00,0.00,0.82,0.76,0.0004,0.0031,     0,0,0,0.21,99.79,0.00,N/A,0.27,0.45,209.92,0.60,14.90,0.00,0.03,0.00,0.61,0.00,1.00,0.00,0.00,0.74,0.55,0.0014,0.0074,     0,0,0,0.16,99.84,0.00,N/A,0.20,0.33,209.92,0.61,15.33,0.00,0.02,0.01,0.32,0.02,0.75,0.00,0.03,0.96,0.26,0.0009,0.0211,     0,0,0,2.75,97.25,0.00,N/A,1.37,4.31,209.92,0.32,7.93,0.01,0.16,0.00,0.41,0.00,0.61,0.00,0.00,0.64,0.71,0.0015,0.0054,     0,0,0,0.09,99.91,0.00,N/A,0.05,0.12,209.92,0.41,10.18,0.00,0.01,0.00,0.47,0.00,0.73,0.00,0.00,0.72,0.71,0.0010,0.0057,     0,0,0,0.11,99.89,0.00,N/A,0.08,0.17,209.92,0.47,11.81,0.00,0.01,0.00,0.53,0.00,0.67,0.00,0.00,0.84,0.65,0.0009,0.0065,     0,0,0,0.15,99.85,0.00,N/A,0.11,0.20,209.92,0.53,13.16,0.00,0.01,0.00,0.49,0.00,0.43,0.00,0.00,0.62,0.69,0.0018,0.0052,     0,0,0,0.11,99.89,0.00,N/A,0.05,0.10,209.92,0.49,12.30,0.00,0.01,0.00,0.45,0.00,0.46,0.00,0.00,0.73,0.72,0.0010,0.0051,     0,0,0,0.08,99.92,0.00,N/A,0.04,0.08,209.92,0.45,11.27,0.00,0.00,0.00,0.44,0.00,0.59,0.00,0.00,0.86,0.70,0.0007,0.0056,     0,0,0,0.09,99.91,0.00,N/A,0.05,0.12,209.92,0.44,11.00,0.00,0.01,0.00,0.48,0.00,0.78,0.00,0.00,0.80,0.57,0.0011,0.0066,     0,0,0,0.12,99.88,0.00,N/A,0.09,0.20,209.92,0.48,11.93,0.00,0.01,
2024-03-21,21:06:34.674,0.00,0.87,0.01,0.93,0.00,0.07,0.94,0.57,0.0003,0.0042,0.00,0.00,-2147483648,0.00,0.00,16.34,18.77,210.01,0.87,21.77,0.00,0.12,0.90,0.73,1.61,0.60,99.40,0.00,100.00,0.00,0.00,0.00,0.00,-nan,0.08,0.01,1.07,0.01,1.00,0.00,0.04,0.93,0.66,0.0002,0.0026,     0,0,0,0.00,0.00,-2147483648,0.00,0.00,N/A,14.55,13.56,210.01,1.07,26.82,0.01,0.22,0.00,0.34,0.00,0.78,0.00,0.03,0.95,0.33,0.0009,0.0175,     0,0,0,0.00,0.00,-2147483648,0.00,0.00,N/A,1.79,5.21,210.01,0.34,8.60,0.00,0.03,0.33,0.45,  0%,  0%,0.10,0.02,  0%,  0%,0.81,0.36,  0%,  0%,0.20,0.24,  0%,  0%,0.81,99.19,0.00,100.00,0.00,0.00,0.40,99.60,0.00,100.00,0.00,0.00,0.00,0.00,0.00 ,0.00 ,-nan ,-nan ,0.08,0.08,0.01,0.31,0.02,1.00,0.00,0.03,0.94,0.27,0.0012,0.0189,     0,0,0,2.41,97.59,0.00,N/A,1.58,5.06,210.01,0.31,7.83,0.01,0.19,0.01,1.56,0.01,1.00,0.00,0.00,0.63,0.70,0.0001,0.0003,     0,0,0,0.85,99.15,0.00,N/A,2.80,1.79,210.01,1.56,39.01,0.01,0.33,0.00,0.52,0.00,1.00,0.00,0.00,0.80,0.65,0.0007,0.0059,     0,0,0,0.07,99.93,0.00,N/A,0.08,0.15,210.01,0.52,13.08,0.00,0.01,0.00,0.55,0.00,1.00,0.00,0.00,0.78,0.64,0.0010,0.0070,     0,0,0,0.10,99.90,0.00,N/A,0.11,0.20,210.01,0.55,13.71,0.00,0.01,0.05,1.70,0.03,1.00,0.00,0.00,0.97,0.94,0.0000,0.0003,     0,0,0,2.64,97.36,0.00,N/A,9.51,5.58,210.01,1.70,42.60,0.05,1.13,0.00,0.50,0.00,1.00,0.00,0.00,0.89,0.89,0.0002,0.0022,     0,0,0,0.02,99.98,0.00,N/A,0.02,0.04,210.01,0.50,12.38,0.00,0.00,0.00,0.60,0.00,1.00,0.00,0.00,0.84,0.75,0.0004,0.0031,     0,0,0,0.21,99.79,0.00,N/A,0.26,0.43,210.01,0.60,15.01,0.00,0.03,0.00,0.62,0.00,1.00,0.00,0.00,0.78,0.57,0.0012,0.0070,     0,0,0,0.14,99.86,0.00,N/A,0.18,0.30,210.01,0.62,15.41,0.00,0.02,0.01,0.32,0.02,0.80,0.00,0.03,0.96,0.26,0.0008,0.0210,     0,0,0,2.59,97.41,0.00,N/A,1.37,4.34,210.01,0.32,7.91,0.01,0.16,0.00,0.47,0.00,0.57,0.00,0.00,0.70,0.68,0.0016,0.0063,     0,0,0,0.09,99.91,0.00,N/A,0.05,0.11,210.01,0.47,11.73,0.00,0.01,0.00,0.48,0.00,0.76,0.00,0.00,0.78,0.70,0.0008,0.0058,     0,0,0,0.10,99.90,0.00,N/A,0.08,0.16,210.01,0.48,11.99,0.00,0.01,0.00,0.54,0.00,0.85,0.00,0.00,0.86,0.67,0.0008,0.0060,     0,0,0,0.11,99.89,0.00,N/A,0.11,0.20,210.01,0.54,13.46,0.00,0.01,0.00,0.42,0.00,0.46,0.00,0.00,0.84,0.77,0.0004,0.0045,     0,0,0,0.06,99.94,0.00,N/A,0.02,0.06,210.01,0.42,10.40,0.00,0.00,0.00,0.37,0.00,0.49,0.00,0.00,0.70,0.81,0.0007,0.0038,     0,0,0,0.06,99.94,0.00,N/A,0.02,0.06,210.01,0.37,9.31,0.00,0.00,0.00,0.41,0.00,0.65,0.00,0.00,0.80,0.70,0.0009,0.0056,     0,0,0,0.10,99.90,0.00,N/A,0.05,0.13,210.01,0.41,10.24,0.00,0.01,0.00,0.56,0.00,0.78,0.00,0.00,0.82,0.56,0.0010,0.0064,     0,0,0,0.09,99.91,0.00,N/A,0.08,0.14,210.01,0.56,13.88,0.00,0.01,
2024-03-21,21:06:34.773,0.00,0.63,0.00,0.90,0.00,0.07,0.93,0.44,0.0005,0.0069,0.00,0.00,-2147483648,0.00,0.00,9.67,15.36,210.12,0.63,15.74,0.00,0.07,0.43,0.47,1.49,0.51,99.49,0.00,100.00,0.00,0.00,0.00,0.00,-nan,0.10,0.00,0.77,0.01,1.00,0.00,0.04,0.91,0.51,0.0004,0.0045,     0,0,0,0.00,0.00,-2147483648,0.00,0.00,N/A,7.96,10.36,210.12,0.77,19.19,0.00,0.12,0.00,0.34,0.00,0.75,0.00,0.03,0.95,0.33,0.0009,0.0178,     0,0,0,0.00,0.00,-2147483648,0.00,0.00,N/A,1.71,4.99,210.12,0.34,8.59,0.00,0.03,0.21,0.10,  0%,  0%,0.09,0.03,  0%,  0%,0.18,0.94,  0%,  0%,0.22,0.15,  0%,  0%,0.62,99.38,0.00,100.00,0.00,0.00,0.40,99.60,0.00,100.00,0.00,0.00,0.00,0.00,0.00 ,0.00 ,-nan ,-nan ,0.10,0.11,0.01,0.30,0.03,1.00,0.00,0.03,0.94,0.27,0.0011,0.0187,     0,0,0,2.53,97.47,0.00,N/A,1.57,5.31,210.12,0.30,7.39,0.01,0.19,0.01,1.29,0.01,1.00,0.00,0.00,0.58,0.70,0.0002,0.0007,     0,0,0,0.63,99.37,0.00,N/A,1.71,1.33,210.12,1.29,32.22,0.01,0.20,0.00,0.51,0.00,1.00,0.00,0.00,0.63,0.62,0.0014,0.0062,     0,0,0,0.10,99.90,0.00,N/A,0.11,0.21,210.12,0.51,12.85,0.00,0.01,0.00,0.53,0.00,1.00,0.00,0.00,0.84,0.64,0.0009,0.0070,     0,0,0,0.10,99.90,0.00,N/A,0.11,0.20,210.12,0.53,13.32,0.0,0.00,0.01,0,0.4,0.01,1.00,0.00,0.00,0.86,0.90,0.0001,0.0005,     0,0,0,1.24,98.76,0.00,N/A,4.00,2.59,210.12,1.55,38.64,0.02,0.48,0.00,0.38,0.00,1.00,0.00,0.00,0.90,0.89,0.0002,0.0019,     0,0,0,0.02,99.98,0.00,N/A,0.02,0.05,210.12,0.38,9.58,0.00,0.00,0.00,0.66,0.00,1.00,0.00,0.00,0.82,0.75,0.0005,0.0034,     0,0,0,0.18,99.82,0.00,N/A,0.25,0.38,210.12,0.66,16.42,0.00,0.03,0.00,0.64,0.00,1.00,0.00,0.00,0.76,0.55,0.0013,0.0072,     0,0,0,0.15,99.85,0.00,N/A,0.19,0.31,210.12,0.64,15.88,0.00,0.02,0.01,0.32,0.02,0.76,0.00,0.03,0.96,0.26,0.0008,0.0211,     0,0,0,2.64,97.36,0.00,N/A,1.36,4.24,210.12,0.32,8.03,0.01,0.16,0.00,0.44,0.00,0.66,0.00,0.00,0.59,0.74,0.0017,0.0049,     0,0,0,0.08,99.92,0.00,N/A,0.05,0.11,210.12,0.44,11.02,0.00,0.01,0.00,0.48,0.00,0.75,0.00,0.00,0.65,0.71,0.0014,0.0055,     0,0,0,0.10,99.90,0.00,N/A,0.08,0.16,210.12,0.48,12.09,0.00,0.01,0.00,0.52,0.00,0.78,0.00,0.00,0.84,0.65,0.0009,0.0065,     0,0,0,0.13,99.87,0.00,N/A,0.11,0.21,210.12,0.52,13.02,0.00,0.01,0.00,0.42,0.00,0.59,0.00,0.00,0.64,0.90,0.0006,0.0018,     0,0,0,0.04,99.96,0.00,N/A,0.02,0.05,210.12,0.42,10.38,0.00,0.00,0.00,0.39,0.00,0.59,0.00,0.00,0.44,0.91,0.0007,0.0016,     0,0,0,0.04,99.96,0.00,N/A,0.02,0.05,210.12,0.39,9.69,0.00,0.00,0.00,0.47,0.00,0.64,0.00,0.00,0.82,0.73,0.0008,0.0051,     0,0,0,0.08,99.92,0.00,N/A,0.05,0.11,210.12,0.47,11.66,0.00,0.01,0.00,0.41,0.00,0.45,0.00,0.00,0.62,0.76,0.0011,0.0047,     0,0,0,0.07,99.93,0.00,N/A,0.03,0.06,210.12,0.41,10.33,0.00,0.00,
2024-03-21,21:06:34.873,0.00,0.63,0.00,0.92,0.01,0.07,0.92,0.43,0.0006,0.0073,0.00,0.00,-2147483648,0.00,0.00,9.65,15.34,209.99,0.63,15.74,0.00,0.07,2.83,2.03,4.25,0.50,99.50,0.00,100.00,0.00,0.00,0.00,0.00,-nan,0.08,0.00,0.77,0.01,1.00,0.00,0.04,0.91,0.50,0.0004,0.0049,     0,0,0,0.00,0.00,-2147483648,0.00,0.00,N/A,7.83,10.15,209.99,0.77,19.29,0.00,0.12,0.00,0.35,0.00,0.79,0.00,0.03,0.94,0.33,0.0011,0.0176,     0,0,0,0.00,0.00,-2147483648,0.00,0.00,N/A,1.82,5.19,209.99,0.35,8.77,0.00,0.03,0.28,0.42,  0%,  0%,1.27,0.86,  1%,  0%,0.88,0.64,  0%,  0%,1.24,1.48,  1%,  1%,0.60,99.40,0.00,100.00,0.00,0.00,0.39,99.61,0.00,100.00,0.00,0.00,0.00,0.00,0.00 ,0.00 ,-nan ,-nan ,0.08,0.08,0.01,0.31,0.02,1.00,0.00,0.03,0.93,0.27,0.0013,0.0189,     0,0,0,2.45,97.55,0.00,N/A,1.58,5.15,209.99,0.31,7.66,0.01,0.19,0.01,1.44,0.01,1.00,0.00,0.00,0.55,0.70,0.0001,0.0005,     0,0,0,0.67,99.33,0.00,N/A,2.04,1.41,209.99,1.44,36.03,0.01,0.24,0.00,0.47,0.00,1.00,0.00,0.00,0.68,0.72,0.0010,0.0053,     0,0,0,0.05,99.95,0.00,N/A,0.05,0.10,209.99,0.47,11.85,0.00,0.01,0.00,0.73,0.00,1.00,0.00,0.00,0.83,0.76,0.0005,0.0036,     0,0,0,0.21,99.79,0.00,N/A,0.33,0.45,209.99,0.73,18.22,0.00,0.04,0.02,1.49,0.01,1.00,0.00,0.00,0.93,0.79,0.0001,0.0012,     0,0,0,1.07,98.93,0.00,N/A,3.37,2.25,209.99,1.49,37.36,0.02,0.40,0.00,0.41,0.00,1.00,0.00,0.00,0.82,0.87,0.0004,0.0025,     0,0,0,0.02,99.98,0.00,N/A,0.02,0.05,209.99,0.41,10.14,0.00,0.00,0.00,0.62,0.00,1.00,0.00,0.00,0.76,0.77,0.0006,0.0033,     0,0,0,0.21,99.79,0.00,N/A,0.27,0.45,209.99,0.62,15.42,0.00,0.03,0.00,0.63,0.00,1.00,0.00,0.00,0.70,0.54,0.0016,0.0072,     0,0,0,0.14,99.86,0.00,N/A,0.18,0.29,209.99,0.63,15.63,0.00,0.02,0.01,0.33,0.02,0.81,0.00,0.03,0.95,0.26,0.0010,0.0212,     0,0,0,2.47,97.53,0.00,N/A,1.39,4.17,209.99,0.33,8.34,0.01,0.17,0.00,0.39,0.00,0.68,0.00,0.00,0.63,0.68,0.0016,0.0057,     0,0,0,0.10,99.90,0.00,N/A,0.05,0.14,209.99,0.39,9.73,0.00,0.01,0.00,0.45,0.00,0.78,0.00,0.00,0.58,0.67,0.0020,0.0065,     0,0,0,0.11,99.89,0.00,N/A,0.08,0.18,209.99,0.45,11.31,0.00,0.01,0.00,0.43,0.00,0.79,0.00,0.00,0.81,0.60,0.0012,0.0076,     0,0,0,0.15,99.85,0.00,N/A,0.11,0.25,209.99,0.43,10.80,0.00,0.01,0.00,0.34,0.00,0.53,0.00,0.00,0.74,0.88,0.0005,0.0021,     0,0,0,0.05,99.95,0.00,N/A,0.02,0.06,209.99,0.34,8.59,0.00,0.00,0.00,0.35,0.00,0.52,0.00,0.00,0.81,0.86,0.0003,0.0025,     0,0,0,0.05,99.95,0.00,N/A,0.02,0.06,209.99,0.35,8.69,0.00,0.00,0.00,0.36,0.00,0.73,0.00,0.00,0.75,0.69,0.0012,0.0057,     0,0,0,0.09,99.91,0.00,N/A,0.05,0.14,209.99,0.36,8.88,0.00,0.01,0.00,0.50,0.00,0.87,0.00,0.00,0.69,0.58,0.0017,0.0064,     0,0,0,0.10,99.90,0.00,N/A,0.09,0.19,209.99,0.50,12.58,0.00,0.01,
2024-03-21,21:06:34.974,0.01,0.91,0.01,0.92,0.00,0.07,0.93,0.57,0.0003,0.0040,0.00,0.00,-2147483648,0.00,0.00,17.23,19.03,209.82,0.91,22.64,0.01,0.13,0.60,0.76,1.39,0.62,99.38,0.00,100.00,0.00,0.00,0.00,0.00,-nan,0.08,0.01,1.11,0.01,1.00,0.00,0.04,0.92,0.67,0.0002,0.0024,     0,0,0,0.00,0.00,-2147483648,0.00,0.00,N/A,15.47,13.95,209.82,1.11,27.73,0.01,0.23,0.00,0.35,0.00,0.75,0.00,0.03,0.95,0.33,0.0009,0.0177,     0,0,0,0.00,0.00,-2147483648,0.00,0.00,N/A,1.76,5.07,209.82,0.35,8.67,0.00,0.03,0.29,0.19,  0%,  0%,0.09,0.03,  0%,  0%,0.37,0.61,  0%,  0%,0.24,0.18,  0%,  0%,0.83,99.17,0.00,100.00,0.00,0.00,0.41,99.59,0.00,100.00,0.00,0.00,0.00,0.00,0.00 ,0.00 ,-nan ,-nan ,0.08,0.09,0.01,0.33,0.02,1.00,0.00,0.03,0.94,0.27,0.0011,0.0192,     0,0,0,2.25,97.75,0.00,N/A,1.55,4.72,209.82,0.33,8.23,0.01,0.18,0.02,1.55,0.01,1.00,0.00,0.00,0.56,0.65,0.0001,0.0004,     0,0,0,1.11,98.89,0.00,N/A,3.62,2.34,209.82,1.55,38.68,0.02,0.43,0.00,0.49,0.00,1.00,0.00,0.00,0.79,0.69,0.0008,0.0060,     0,0,0,0.05,99.95,0.00,N/A,0.05,0.10,209.82,0.49,12.28,0.00,0.01,0.00,0.51,0.00,1.00,0.00,0.00,0.82,0.62,0.0009,0.0074,     0,0,0,0.10,99.90,0.00,N/A,0.11,0.21,209.82,0.51,12.82,0.00,0.01,0.05,1.71,0.03,1.00,0.00,0.00,0.98,0.95,0.0000,0.0003,     0,0,0,2.67,97.33,0.00,N/A,9.64,5.64,209.82,1.71,42.79,0.05,1.14,0.00,0.44,0.00,1.00,0.00,0.00,0.95,0.87,0.0001,0.0023,     0,0,0,0.02,99.98,0.00,N/A,0.02,0.04,209.82,0.44,11.09,0.00,0.00,0.00,0.49,0.00,1.00,0.00,0.00,0.77,0.76,0.0005,0.0030,     0,0,0,0.29,99.71,0.00,N/A,0.30,0.61,209.82,0.49,12.27,0.00,0.04,0.00,0.62,0.00,1.00,0.00,0.00,0.70,0.55,0.0016,0.0071,     0,0,0,0.14,99.86,0.00,N/A,0.19,0.30,209.82,0.62,15.45,0.00,0.02,0.01,0.32,0.02,0.79,0.00,0.03,0.96,0.26,0.0008,0.0215,     0,0,0,2.53,97.47,0.00,N/A,1.33,4.20,209.82,0.32,7.91,0.01,0.16,0.00,0.46,0.00,0.67,0.00,0.00,0.63,0.69,0.0017,0.0059,     0,0,0,0.09,99.91,0.00,N/A,0.06,0.12,209.82,0.46,11.59,0.00,0.01,0.00,0.46,0.00,0.56,0.00,0.00,0.62,0.67,0.0019,0.0066,     0,0,0,0.15,99.85,0.00,N/A,0.08,0.17,209.82,0.46,11.49,0.00,0.01,0.00,0.50,0.00,0.80,0.00,0.00,0.84,0.68,0.0008,0.0061,     0,0,0,0.13,99.87,0.00,N/A,0.11,0.22,209.82,0.50,12.59,0.00,0.01,0.00,0.37,0.00,0.46,0.00,0.00,0.86,0.87,0.0003,0.0023,     0,0,0,0.05,99.95,0.00,N/A,0.02,0.05,209.82,0.37,9.22,0.00,0.00,0.00,0.39,0.00,0.46,0.00,0.00,0.85,0.81,0.0003,0.0037,     0,0,0,0.06,99.94,0.00,N/A,0.02,0.06,209.82,0.39,9.81,0.00,0.00,0.00,0.49,0.00,0.68,0.00,0.00,0.85,0.73,0.0007,0.0054,     0,0,0,0.08,99.92,0.00,N/A,0.05,0.11,209.82,0.49,12.32,0.00,0.01,0.00,0.63,0.00,0.44,0.00,0.00,0.81,0.56,0.0011,0.0068,     0,0,0,0.16,99.84,0.00,N/A,0.09,0.14,209.82,0.63,15.82,0.00,0.01,
2024-03-21,21:06:35.073,0.00,0.67,0.00,0.91,0.00,0.07,0.93,0.46,0.0004,0.0068,0.00,0.00,-2147483648,0.00,0.00,9.85,14.80,210.04,0.67,16.64,0.00,0.07,0.41,0.28,1.30,0.49,99.51,0.00,100.00,0.00,0.00,0.00,0.00,-nan,0.08,0.00,0.82,0.01,1.00,0.00,0.04,0.92,0.53,0.0003,0.0044,     0,0,0,0.00,0.00,-2147483648,0.00,0.00,N/A,8.12,9.95,210.04,0.82,20.40,0.00,0.12,0.00,0.36,0.00,0.76,0.00,0.03,0.95,0.34,0.0008,0.0178,     0,0,0,0.00,0.00,-2147483648,0.00,0.00,N/A,1.73,4.85,210.04,0.36,8.91,0.00,0.03,0.11,0.19,  0%,  0%,0.08,0.03,  0%,  0%,0.35,0.56,  0%,  0%,0.24,0.15,  0%,  0%,0.59,99.41,0.00,100.00,0.00,0.00,0.38,99.62,0.00,100.00,0.00,0.00,0.00,0.00,0.00 ,0.00 ,-nan ,-nan ,0.08,0.08,0.01,0.32,0.02,1.00,0.00,0.03,0.94,0.27,0.0011,0.0192,     0,0,0,2.30,97.70,0.00,N/A,1.56,4.84,210.04,0.32,8.08,0.01,0.19,0.01,1.51,0.01,1.00,0.00,0.00,0.56,0.71,0.0001,0.0004,     0,0,0,0.80,99.20,0.00,N/A,2.55,1.69,210.04,1.51,37.80,0.01,0.30,0.00,0.50,0.00,1.00,0.00,0.00,0.84,0.72,0.0006,0.0055,     0,0,0,0.04,99.96,0.00,N/A,0.05,0.09,210.04,0.50,12.47,0.00,0.01,0.00,0.51,0.00,1.00,0.00,0.00,0.81,0.62,0.0011,0.0074,     0,0,0,0.10,99.90,0.00,N/A,0.11,0.21,210.04,0.51,12.75,0.00,0.01,0.02,1.61,0.01,1.00,0.00,0.00,0.94,0.92,0.0000,0.0005,     0,0,0,0.99,99.01,0.00,N/A,3.32,2.06,210.04,1.61,40.29,0.02,0.40,0.00,0.35,0.00,1.00,0.00,0.00,0.50,0.82,0.0014,0.0030,     0,0,0,0.04,99.96,0.00,N/A,0.03,0.09,210.04,0.35,8.72,0.,0.40,9.960.92,0.,0.00,1.00,0.00,0.00,0.76,0.77,0.0005,0.0027,     0,0,0,0.32,99.68,0.00,N/A,0.32,0.67,210.04,0.47,11.84,0.00,0.04,0.00,0.61,0.00,1.00,0.00,0.00,0.70,0.58,0.0015,0.0067,     0,0,0,0.14,99.86,0.00,N/A,0.19,0.30,210.04,0.61,15.27,0.00,0.02,0.01,0.33,0.02,0.78,0.00,0.03,0.96,0.26,0.0008,0.0218,     0,0,0,2.42,97.58,0.00,N/A,1.30,3.98,210.04,0.33,8.18,0.01,0.15,0.00,0.46,0.00,0.77,0.00,0.00,0.72,0.72,0.0009,0.0052,     0,0,0,0.07,99.93,0.00,N/A,0.05,0.12,210.04,0.46,11.52,0.00,0.01,0.00,0.52,0.00,0.51,0.00,0.00,0.69,0.70,0.0012,0.0060,     0,0,0,0.15,99.85,0.00,N/A,0.08,0.16,210.04,0.52,12.96,0.00,0.01,0.00,0.51,0.00,0.82,0.00,0.00,0.86,0.68,0.0007,0.0062,     0,0,0,0.12,99.88,0.00,N/A,0.11,0.21,210.04,0.51,12.75,0.00,0.01,0.00,0.42,0.00,0.49,0.00,0.00,0.84,0.79,0.0003,0.0042,     0,0,0,0.06,99.94,0.00,N/A,0.02,0.06,210.04,0.42,10.50,0.00,0.00,0.00,0.35,0.00,0.47,0.00,0.00,0.89,0.86,0.0002,0.0026,     0,0,0,0.05,99.95,0.00,N/A,0.02,0.05,210.04,0.35,8.76,0.00,0.00,0.00,0.47,0.00,0.75,0.00,0.00,0.84,0.73,0.0007,0.0051,     0,0,0,0.07,99.93,0.00,N/A,0.05,0.10,210.04,0.47,11.64,0.00,0.01,0.00,0.55,0.00,0.78,0.00,0.00,0.79,0.59,0.0011,0.0063,     0,0,0,0.10,99.90,0.00,N/A,0.09,0.17,210.04,0.55,13.68,0.00,0.01,
2024-03-21,21:06:35.173,0.00,0.74,0.01,0.95,0.01,0.07,0.91,0.56,0.0004,0.0043,0.00,0.00,-2147483648,0.00,0.00,16.65,22.49,209.89,0.74,18.51,0.00,0.12,2.03,3.34,3.80,0.70,99.30,0.00,100.00,0.00,0.00,0.00,0.00,-nan,0.08,0.01,0.87,0.01,1.00,0.00,0.04,0.89,0.66,0.0003,0.0027,     0,0,0,0.00,0.00,-2147483648,0.00,0.00,N/A,14.49,16.56,209.89,0.87,21.87,0.01,0.22,0.00,0.36,0.00,0.84,0.00,0.03,0.94,0.34,0.0009,0.0147,     0,0,0,0.00,0.00,-2147483648,0.00,0.00,N/A,2.16,5.93,209.89,0.36,9.12,0.00,0.03,0.85,1.02,  0%,  0%,0.13,0.03,  0%,  0%,1.78,1.61,  1%,  1%,0.23,0.18,  0%,  0%,0.99,99.01,0.00,100.00,0.00,0.00,0.42,99.58,0.00,100.00,0.00,0.00,0.00,0.00,0.00 ,0.00 ,-nan ,-nan ,0.08,0.08,0.01,0.30,0.03,1.00,0.00,0.03,0.93,0.27,0.0013,0.0186,     0,0,0,2.62,97.38,0.00,N/A,1.63,5.51,209.89,0.30,7.39,0.01,0.19,0.01,1.35,0.01,1.00,0.00,0.00,0.70,0.77,0.0001,0.0006,     0,0,0,0.97,99.03,0.00,N/A,2.76,2.04,209.89,1.35,33.87,0.01,0.33,0.00,0.21,0.01,1.00,0.00,0.00,0.33,0.83,0.0013,0.0022,     0,0,0,1.06,98.94,0.00,N/A,0.48,2.23,209.89,0.21,5.32,0.00,0.06,0.00,0.70,0.00,1.00,0.00,0.00,0.75,0.73,0.0007,0.0041,     0,0,0,0.23,99.77,0.00,N/A,0.34,0.49,209.89,0.70,17.40,0.00,0.04,0.04,1.68,0.02,1.00,0.00,0.00,0.92,0.95,0.0000,0.0003,     0,0,0,2.49,97.51,0.00,N/A,8.77,5.23,209.89,1.68,41.95,0.04,1.04,0.00,0.46,0.00,1.00,0.00,0.00,0.92,0.91,0.0001,0.0017,     0,0,0,0.02,99.98,0.00,N/A,0.02,0.04,209.89,0.46,11.59,0.00,0.00,0.00,0.41,0.00,1.00,0.00,0.00,0.74,0.77,0.0005,0.0024,     0,0,0,0.34,99.66,0.00,N/A,0.30,0.72,209.89,0.41,10.34,0.00,0.04,0.00,0.63,0.00,1.00,0.00,0.00,0.70,0.56,0.0016,0.0072,     0,0,0,0.15,99.85,0.00,N/A,0.19,0.31,209.89,0.63,15.76,0.00,0.02,0.01,0.31,0.02,0.85,0.00,0.03,0.96,0.26,0.0008,0.0203,     0,0,0,2.55,97.45,0.00,N/A,1.42,4.56,209.89,0.31,7.78,0.01,0.17,0.00,0.61,0.00,0.79,0.00,0.00,0.69,0.73,0.0003,0.0020,     0,0,0,0.18,99.82,0.00,N/A,0.18,0.29,209.89,0.61,15.22,0.00,0.02,0.00,0.48,0.00,0.79,0.00,0.00,0.79,0.70,0.0008,0.0056,     0,0,0,0.10,99.90,0.00,N/A,0.08,0.17,209.89,0.48,11.93,0.00,0.01,0.00,0.49,0.00,0.81,0.00,0.00,0.81,0.68,0.0009,0.0060,     0,0,0,0.13,99.87,0.00,N/A,0.11,0.22,209.89,0.49,12.32,0.00,0.01,0.00,0.42,0.00,0.65,0.00,0.00,0.61,0.89,0.0006,0.0019,     0,0,0,0.03,99.97,0.00,N/A,0.02,0.05,209.89,0.42,10.46,0.00,0.00,0.00,0.60,0.00,0.94,0.00,0.00,0.08,0.63,0.0017,0.0029,     0,0,0,0.18,99.82,0.00,N/A,0.22,0.36,209.89,0.60,15.06,0.00,0.03,0.00,0.47,0.00,0.67,0.00,0.00,0.86,0.71,0.0007,0.0057,     0,0,0,0.08,99.92,0.00,N/A,0.05,0.11,209.89,0.47,11.83,0.00,0.01,0.00,0.52,0.00,0.73,0.00,0.00,0.79,0.58,0.0012,0.0065,     0,0,0,0.11,99.89,0.00,N/A,0.09,0.17,209.89,0.52,12.95,0.00,0.01,
2024-03-21,21:06:35.274,0.00,0.82,0.01,0.93,0.01,0.07,0.92,0.56,0.0003,0.0044,0.00,0.00,-2147483648,0.00,0.00,15.70,19.26,210.10,0.82,20.38,0.00,0.12,0.51,0.37,1.38,0.62,99.38,0.00,100.00,0.00,0.00,0.00,0.00,-nan,0.08,0.01,0.99,0.01,1.00,0.00,0.04,0.90,0.66,0.0003,0.0027,     0,0,0,0.00,0.00,-2147483648,0.00,0.00,N/A,13.90,14.02,210.10,0.99,24.78,0.01,0.21,0.00,0.34,0.00,0.78,0.00,0.03,0.95,0.33,0.0009,0.0174,     0,0,0,0.00,0.00,-2147483648,0.00,0.00,N/A,1.80,5.23,210.10,0.34,8.59,0.00,0.03,0.12,0.15,  0%,  0%,0.16,0.07,  0%,  0%,0.27,0.51,  0%,  0%,0.33,0.27,  0%,  0%,0.83,99.17,0.00,100.00,0.00,0.00,0.40,99.60,0.00,100.00,0.00,0.00,0.00,0.00,0.00 ,0.00 ,-nan ,-nan ,0.08,0.08,0.01,0.30,0.02,1.00,0.00,0.03,0.94,0.27,0.0011,0.0197,     0,0,0,2.34,97.66,0.00,N/A,1.47,4.91,210.10,0.30,7.47,0.01,0.17,0.01,1.44,0.01,1.00,0.00,0.00,0.55,0.66,0.0002,0.0005,     0,0,0,0.81,99.19,0.00,N/A,2.46,1.71,210.10,1.44,36.01,0.01,0.29,0.04,1.71,0.02,1.00,0.00,0.00,0.98,0.95,0.0000,0.0003,     0,0,0,2.43,97.57,0.00,N/A,8.77,5.12,210.10,1.71,42.82,0.04,1.04,0.00,0.68,0.00,1.00,0.00,0.00,0.42,0.52,0.0017,0.0035,     0,0,0,0.38,99.62,0.00,N/A,0.54,0.80,210.10,0.68,17.04,0.00,0.06,0.00,0.49,0.00,1.00,0.00,0.00,0.77,0.64,0.0012,0.0069,     0,0,0,0.11,99.89,0.00,N/A,0.11,0.23,210.10,0.49,12.30,0.00,0.01,0.00,0.46,0.00,1.00,0.00,0.00,0.86,0.88,0.0003,0.0021,     0,0,0,0.02,99.98,0.00,N/A,0.02,0.04,210.10,0.46,11.58,0.00,0.00,0.00,0.38,0.00,1.00,0.00,0.00,0.78,0.78,0.0004,0.0023,     0,0,0,0.41,99.59,0.00,N/A,0.33,0.87,210.10,0.38,9.39,0.00,0.04,0.00,0.58,0.00,1.00,0.00,0.00,0.68,0.53,0.0017,0.0073,     0,0,0,0.17,99.83,0.00,N/A,0.20,0.35,210.10,0.58,14.58,0.00,0.02,0.01,0.32,0.02,0.80,0.00,0.03,0.96,0.27,0.0009,0.0207,     0,0,0,2.59,97.41,0.00,N/A,1.41,4.37,210.10,0.32,8.04,0.01,0.17,0.00,0.44,0.00,0.65,0.00,0.00,0.76,0.72,0.0010,0.0052,     0,0,0,0.09,99.91,0.00,N/A,0.05,0.12,210.10,0.44,10.91,0.00,0.01,0.00,0.47,0.00,0.79,0.00,0.00,0.81,0.64,0.0011,0.0069,     0,0,0,0.10,99.90,0.00,N/A,0.08,0.17,210.10,0.47,11.73,0.00,0.01,0.00,0.53,0.00,0.53,0.00,0.00,0.84,0.71,0.0008,0.0057,     0,0,0,0.13,99.87,0.00,N/A,0.08,0.15,210.10,0.53,13.21,0.00,0.01,0.00,0.33,0.00,0.60,0.00,0.00,0.96,0.90,0.0000,0.0017,     0,0,0,0.05,99.95,0.00,N/A,0.02,0.07,210.10,0.33,8.31,0.00,0.00,0.00,0.30,0.00,0.61,0.00,0.00,0.93,0.90,0.0001,0.0016,     0,0,0,0.06,99.94,0.00,N/A,0.02,0.08,210.10,0.30,7.44,0.00,0.00,0.00,0.48,0.00,0.64,0.00,0.00,0.84,0.71,0.0007,0.0054,     0,0,0,0.07,99.93,0.00,N/A,0.05,0.10,210.10,0.48,11.93,0.00,0.01,0.00,0.49,0.00,0.82,0.00,0.00,0.83,0.58,0.0009,0.0060,     0,0,0,0.10,99.90,0.00,N/A,0.09,0.18,210.10,0.49,12.31,0.00,0.01,
2024-03-21,21:06:35.373,0.00,0.65,0.00,0.92,0.00,0.07,0.93,0.49,0.0004,0.0064,0.00,0.00,-2147483648,0.00,0.00,10.58,16.27,209.92,0.65,16.26,0.00,0.08,0.84,0.83,1.83,0.53,99.47,0.00,100.00,0.00,0.00,0.00,0.00,-nan,0.10,0.01,0.80,0.01,1.00,0.00,0.04,0.92,0.58,0.0003,0.0041,     0,0,0,0.00,0.00,-2147483648,0.00,0.00,N/A,8.73,10.96,209.92,0.80,19.90,0.01,0.13,0.00,0.35,0.00,0.79,0.00,0.03,0.95,0.34,0.0009,0.0171,     0,0,0,0.00,0.00,-2147483648,0.00,0.00,N/A,1.85,5.30,209.92,0.35,8.73,0.00,0.03,0.07,0.14,  0%,  0%,0.46,0.17,  0%,  0%,0.23,0.21,  0%,  0%,0.86,0.54,  0%,  0%,0.65,99.35,0.00,100.00,0.00,0.00,0.40,99.60,0.00,100.00,0.00,0.00,0.00,0.00,0.00 ,0.00 ,-nan ,-nan ,0.10,0.09,0.01,0.28,0.03,1.00,0.00,0.03,0.94,0.28,0.0011,0.0191,     0,0,0,2.51,97.49,0.00,N/A,1.50,5.27,209.92,0.28,7.10,0.01,0.18,0.01,1.17,0.00,1.00,0.00,0.00,0.59,0.64,0.0003,0.0010,     0,0,0,0.44,99.56,0.00,N/A,1.07,0.92,209.92,1.17,29.13,0.01,0.13,0.03,1.64,0.02,1.00,0.00,0.00,0.95,0.90,0.0000,0.0006,     0,0,0,1.59,98.41,0.00,N/A,5.46,3.32,209.92,1.64,41.10,0.03,0.65,0.00,0.47,0.00,1.00,0.00,0.00,0.73,0.61,0.0014,0.0075,     0,0,0,0.09,99.91,0.00,N/A,0.09,0.19,209.92,0.47,11.66,0.00,0.01,0.00,0.55,0.00,1.00,0.00,0.00,0.83,0.66,0.0007,0.0065,     0,0,0,0.10,99.90,0.00,N/A,0.12,0.21,209.92,0.55,13.81,0.00,0.01,0.00,0.45,0.00,1.00,0.00,0.00,0.92,0.90,0.0001,0.0018,     0,0,0,0.02,99.98,0.00,N/A,0.02,0.04,209.92,0.45,11.23,0.00,0.00,0.00,0.41,0.00,1.00,0.00,0.00,0.77,0.78,0.0004,0.0021,     0,0,0,0.34,99.66,0.00,N/A,0.30,0.72,209.92,0.41,10.37,0.00,0.04,0.00,0.62,0.00,1.00,0.00,0.00,0.74,0.55,0.0014,0.0070,     0,0,0,0.14,99.86,0.00,N/A,0.18,0.29,209.92,0.0.33,209.61,11.90,,0.01,0.32,0.02,0.82,0.00,0.03,0.96,0.27,0.0009,0.0207,     0,0,0,2.58,97.42,0.00,N/A,1.41,4.43,209.92,0.32,7.93,0.01,0.17,0.00,0.44,0.00,0.81,0.00,0.00,0.74,0.71,0.0009,0.0053,     0,0,0,0.07,99.93,0.00,N/A,0.05,0.11,209.92,0.44,11.10,0.00,0.01,0.00,0.47,0.00,0.72,0.00,0.00,0.84,0.65,0.0008,0.0068,     0,0,0,0.11,99.89,0.00,N/A,0.08,0.16,209.92,0.47,11.66,0.00,0.01,0.00,0.50,0.00,0.71,0.00,0.00,0.85,0.70,0.0008,0.0061,     0,0,0,0.11,99.89,0.00,N/A,0.08,0.16,209.92,0.50,12.53,0.00,0.01,0.00,0.40,0.00,0.52,0.00,0.00,0.90,0.81,0.0002,0.0039,     0,0,0,0.05,99.95,0.00,N/A,0.02,0.06,209.92,0.40,9.94,0.00,0.00,0.00,0.37,0.00,0.50,0.00,0.00,0.89,0.88,0.0002,0.0020,     0,0,0,0.05,99.95,0.00,N/A,0.02,0.05,209.92,0.37,9.31,0.00,0.00,0.00,0.48,0.00,0.80,0.00,0.00,0.82,0.71,0.0009,0.0055,     0,0,0,0.06,99.94,0.00,N/A,0.05,0.10,209.92,0.48,12.03,0.00,0.01,0.00,0.66,0.00,0.58,0.00,0.00,0.81,0.54,0.0012,0.0071,     0,0,0,0.18,99.82,0.00,N/A,0.15,0.22,209.92,0.66,16.54,0.00,0.02,
2024-03-21,21:06:35.474,0.00,0.74,0.00,0.92,0.00,0.07,0.94,0.50,0.0003,0.0055,0.00,0.00,-2147483648,0.00,0.00,12.00,16.17,210.25,0.74,18.54,0.00,0.09,0.49,0.37,1.66,0.52,99.48,0.00,100.00,0.00,0.00,0.00,0.00,-nan,0.08,0.01,0.92,0.01,1.00,0.00,0.03,0.92,0.59,0.0002,0.0034,     0,0,0,0.00,0.00,-2147483648,0.00,0.00,N/A,10.21,11.13,210.25,0.92,22.95,0.01,0.15,0.00,0.35,0.00,0.79,0.00,0.03,0.95,0.34,0.0009,0.0175,     0,0,0,0.00,0.00,-2147483648,0.00,0.00,N/A,1.79,5.05,210.25,0.35,8.84,0.00,0.03,0.06,0.09,  0%,  0%,0.22,0.12,  0%,  0%,0.15,0.30,  0%,  0%,0.57,0.65,  0%,  0%,0.66,99.34,0.00,100.00,0.00,0.00,0.38,99.62,0.00,100.00,0.00,0.00,0.00,0.00,0.00 ,0.00 ,-nan ,-nan ,0.08,0.08,0.01,0.31,0.02,1.00,0.00,0.03,0.95,0.27,0.0010,0.0197,     0,0,0,2.27,97.73,0.00,N/A,1.47,4.77,210.25,0.31,7.68,0.01,0.17,0.01,1.55,0.01,1.00,0.00,0.00,0.53,0.65,0.0001,0.0004,     0,0,0,0.95,99.05,0.00,N/A,3.09,2.00,210.25,1.55,38.63,0.01,0.37,0.02,1.70,0.01,1.00,0.00,0.00,0.96,0.95,0.0000,0.0003,     0,0,0,1.34,98.66,0.00,N/A,4.82,2.84,210.25,1.70,42.44,0.02,0.57,0.00,0.78,0.00,1.00,0.00,0.00,0.82,0.78,0.0004,0.0030,     0,0,0,0.16,99.84,0.00,N/A,0.26,0.34,210.25,0.78,19.45,0.00,0.03,0.00,0.51,0.00,1.00,0.00,0.00,0.84,0.74,0.0006,0.0053,     0,0,0,0.05,99.95,0.00,N/A,0.05,0.10,210.25,0.51,12.87,0.00,0.01,0.00,0.56,0.00,1.00,0.00,0.00,0.96,0.78,0.0001,0.0045,     0,0,0,0.03,99.97,0.00,N/A,0.03,0.05,210.25,0.56,14.03,0.00,0.00,0.00,0.41,0.00,1.00,0.00,0.00,0.82,0.79,0.0003,0.0020,     0,0,0,0.34,99.66,0.00,N/A,0.30,0.72,210.25,0.41,10.37,0.00,0.04,0.00,0.63,0.00,1.00,0.00,0.00,0.69,0.55,0.0016,0.0071,     0,0,0,0.14,99.86,0.00,N/A,0.19,0.30,210.25,0.63,15.72,0.00,0.02,0.01,0.32,0.02,0.83,0.00,0.03,0.96,0.26,0.0008,0.0216,     0,0,0,2.38,97.62,0.00,N/A,1.32,4.13,210.25,0.32,7.99,0.01,0.16,0.00,0.40,0.00,0.45,0.00,0.00,0.46,0.83,0.0015,0.0033,     0,0,0,0.07,99.93,0.00,N/A,0.03,0.06,210.25,0.40,10.04,0.00,0.00,0.00,0.48,0.00,0.72,0.00,0.00,0.79,0.68,0.0009,0.0063,     0,0,0,0.11,99.89,0.00,N/A,0.08,0.17,210.25,0.48,11.95,0.00,0.01,0.00,0.49,0.00,0.66,0.00,0.00,0.76,0.72,0.0012,0.0055,     0,0,0,0.11,99.89,0.00,N/A,0.08,0.16,210.25,0.49,12.20,0.00,0.01,0.00,0.48,0.00,0.65,0.00,0.00,0.74,0.76,0.0010,0.0045,     0,0,0,0.08,99.92,0.00,N/A,0.05,0.10,210.25,0.48,12.04,0.00,0.01,0.00,0.48,0.00,0.65,0.00,0.00,0.86,0.74,0.0006,0.0053,     0,0,0,0.08,99.92,0.00,N/A,0.05,0.11,210.25,0.48,11.99,0.00,0.01,0.00,0.40,0.00,0.47,0.00,0.00,0.84,0.80,0.0004,0.0040,     0,0,0,0.06,99.94,0.00,N/A,0.02,0.06,210.25,0.40,10.06,0.00,0.00,0.00,0.61,0.00,0.83,0.00,0.00,0.83,0.54,0.0011,0.0070,     0,0,0,0.15,99.85,0.00,N/A,0.16,0.26,210.25,0.61,15.24,0.00,0.02,
2024-03-21,21:06:35.574,0.00,0.85,0.00,0.91,0.00,0.07,0.95,0.57,0.0002,0.0047,0.00,0.00,-2147483648,0.00,0.00,14.36,16.79,210.20,0.85,21.37,0.00,0.11,0.71,0.99,1.94,0.55,99.45,0.00,100.00,0.00,0.00,0.00,0.00,-nan,0.08,0.01,1.06,0.01,1.00,0.00,0.04,0.94,0.68,0.0002,0.0029,     0,0,0,0.00,0.00,-2147483648,0.00,0.00,N/A,12.61,11.91,210.20,1.06,26.46,0.01,0.19,0.00,0.36,0.00,0.74,0.00,0.03,0.95,0.33,0.0008,0.0177,     0,0,0,0.00,0.00,-2147483648,0.00,0.00,N/A,1.75,4.88,210.20,0.36,8.95,0.00,0.03,0.27,0.09,  0%,  0%,0.16,0.19,  0%,  0%,0.16,0.21,  0%,  0%,0.85,0.72,  0%,  0%,0.71,99.29,0.00,100.00,0.00,0.00,0.39,99.61,0.00,100.00,0.00,0.00,0.00,0.00,0.00 ,0.00 ,-nan ,-nan ,0.08,0.07,0.01,0.32,0.02,1.00,0.00,0.03,0.96,0.27,0.0009,0.0201,     0,0,0,2.07,97.93,0.00,N/A,1.41,4.35,210.20,0.32,8.10,0.01,0.17,0.00,1.05,0.00,1.00,0.00,0.00,0.61,0.63,0.0004,0.0017,     0,0,0,0.28,99.72,0.00,N/A,0.62,0.59,210.20,1.05,26.22,0.00,0.07,0.05,1.72,0.03,1.00,0.00,0.00,0.99,0.94,0.0000,0.0004,     0,0,0,2.76,97.24,0.00,N/A,9.93,5.78,210.20,1.72,43.01,0.05,1.19,0.00,0.54,0.00,1.00,0.00,0.00,0.82,0.66,0.0008,0.0067,     0,0,0,0.07,99.93,0.00,N/A,0.08,0.15,210.20,0.54,13.40,0.00,0.01,0.00,0.48,0.00,1.00,0.00,0.00,0.78,0.68,0.0009,0.0065,     0,0,0,0.08,99.92,0.00,N/A,0.09,0.18,210.20,0.48,12.04,0.00,0.01,0.00,0.49,0.00,1.00,0.00,0.00,0.64,0.83,0.0009,0.0028,     0,0,0,0.03,99.97,0.00,N/A,0.03,0.07,210.20,0.49,12.14,0.00,0.00,0.00,0.53,0.00,1.00,0.00,0.00,0.83,0.80,0.0004,0.0025,     0,0,0,0.22,99.78,0.00,N/A,0.25,0.46,210.20,0.53,13.25,0.00,0.03,0.00,0.60,0.00,1.00,0.00,0.00,0.74,0.54,0.0014,0.0074,     0,0,0,0.16,99.84,0.00,N/A,0.20,0.34,210.20,0.60,14.97,0.00,0.02,0.01,0.33,0.02,0.77,0.00,0.03,0.96,0.27,0.0008,0.0214,     0,0,0,2.49,97.51,0.00,N/A,1.34,4.02,210.20,0.33,8.34,0.01,0.16,0.00,0.43,0.00,0.66,0.00,0.00,0.63,0.69,0.0019,0.0059,     0,0,0,0.08,99.92,0.00,N/A,0.05,0.12,210.20,0.43,10.64,0.00,0.01,0.00,0.46,0.00,0.73,0.00,0.00,0.78,0.67,0.0009,0.0065,     0,0,0,0.11,99.89,0.00,N/A,0.08,0.17,210.20,0.46,11.60,0.00,0.01,0.00,0.50,0.00,0.70,0.00,0.00,0.85,0.68,0.0008,0.0064,     0,0,0,0.11,99.89,0.00,N/A,0.08,0.16,210.20,0.50,12.59,0.00,0.01,0.00,0.46,0.00,0.43,0.00,0.00,0.37,0.75,0.0021,0.0044,     0,0,0,0.09,99.91,0.00,N/A,0.04,0.09,210.20,0.46,11.45,0.00,0.00,0.00,0.37,0.00,0.47,0.00,0.00,0.64,0.89,0.0004,0.0019,     0,0,0,0.06,99.94,0.00,N/A,0.02,0.06,210.20,0.37,9.15,0.00,0.00,0.00,0.44,0.00,0.69,0.00,0.00,0.86,0.73,0.0006,0.0048,     0,0,0,0.08,99.92,0.00,N/A,0.05,0.12,210.20,0.44,10.96,0.00,0.01,0.00,0.55,0.00,0.73,0.00,0.00,0.86,0.58,0.0008,0.0063,     0,0,0,0.10,99.90,0.00,N/A,0.09,0.15,210.20,0.55,13.78,0.00,0.01,
2024-03-21,21:06:35.674,0.00,0.66,0.00,0.90,0.00,0.07,0.93,0.49,0.0004,0.0065,0.00,0.00,-2147483648,0.00,0.00,10.22,15.39,209.67,0.66,16.61,0.00,0.08,0.42,0.30,1.20,0.51,99.49,0.00,100.00,0.00,0.00,0.00,0.00,-nan,0.08,0.01,0.80,0.01,1.00,0.00,0.03,0.92,0.58,0.0003,0.0041,     0,0,0,0.00,0.00,-2147483648,0.00,0.00,N/A,8.46,10.55,209.67,0.80,20.06,0.01,0.13,0.00,0.36,0.00,0.73,0.00,0.03,0.95,0.34,0.0009,0.0178,     0,0,0,0.00,0.00,-2147483648,0.00,0.00,N/A,1.76,4.84,209.67,0.36,9.08,0.00,0.03,0.08,0.08,  0%,  0%,0.18,0.09,  0%,  0%,0.12,0.24,  0%,  0%,0.44,0.40,  0%,  0%,0.63,99.37,0.00,100.00,0.00,0.00,0.39,99.61,0.00,100.00,0.00,0.00,0.00,0.00,0.00 ,0.00 ,-nan ,-nan ,0.08,0.08,0.01,0.32,0.02,1.00,0.00,0.03,0.95,0.27,0.0009,0.0200,     0,0,0,2.14,97.86,0.00,N/A,1.43,4.50,209.67,0.32,7.94,0.01,0.17,0.02,1.54,0.01,1.00,0.00,0.00,0.74,0.92,0.0001,0.0004,     0,0,0,1.45,98.55,0.00,N/A,4.68,3.04,209.67,1.54,38.51,0.02,0.56,0.01,1.58,0.00,1.00,0.00,0.00,0.95,0.92,0.0000,0.0005,     0,0,0,0.48,99.52,0.00,N/A,1.60,1.01,209.67,1.58,39.59,0.01,0.19,0.00,0.23,0.00,1.00,0.00,0.00,0.49,0.71,0.0026,0.0070,     0,0,0,0.39,99.61,0.00,N/A,0.19,0.82,209.67,0.23,5.67,0.00,0.02,0.00,0.49,0.00,1.00,0.00,0.00,0.87,0.70,0.0005,0.0060,     0,0,0,0.08,99.92,0.00,N/A,0.08,0.16,209.67,0.49,12.33,0.00,0.01,0.00,0.47,0.00,1.00,0.00,0.00,0.97,0.91,0.0001,0.0018,     0,0,0,0.02,99.98,0.00,N/A,0.02,0.04,209.67,0.47,11.70,0.00,0.00,0.00,0.44,0.00,1.00,0.00,0.00,0.78,0.78,0.0004,0.0022,     0,0,0,0.33,99.67,0.00,N/A,0.30,0.69,209.67,0.44,10.94,0.00,0.04,0.00,0.59,0.00,1.00,0.00,0.00,0.74,0.54,0.0014,0.0073,     0,0,0,0.14,99.86,0.00,N/A,0.17,0.29,209.67,0.59,14.69,0.00,0.02,0.01,0.34,0.02,0.77,0.00,0.03,0.96,0.27,0.0008,0.0214,     0,0,0,2.48,97.52,0.00,N/A,1.35,4.01,209.67,0.34,8.42,0.01,0.16,0.00,0.43,0.00,0.61,0.00,0.00,0.57,0.71,0.0020,0.0054,     0,0,0,0.09,99.91,0.00,N/A,0.05,0.1N/A,0.02,0.4.18,210,0.00,0.01,0.00,0.52,0.00,0.56,0.00,0.00,0.71,0.66,0.0013,0.0068,     0,0,0,0.13,99.87,0.00,N/A,0.08,0.16,209.67,0.52,12.88,0.00,0.01,0.00,0.53,0.00,0.54,0.00,0.00,0.85,0.68,0.0008,0.0061,     0,0,0,0.13,99.87,0.00,N/A,0.08,0.15,209.67,0.53,13.16,0.00,0.01,0.00,0.36,0.00,0.50,0.00,0.00,0.67,0.93,0.0004,0.0014,     0,0,0,0.05,99.95,0.00,N/A,0.02,0.05,209.67,0.36,9.01,0.00,0.00,0.00,0.38,0.00,0.48,0.00,0.00,0.92,0.82,0.0003,0.0037,     0,0,0,0.06,99.94,0.00,N/A,0.02,0.06,209.67,0.38,9.58,0.00,0.00,0.00,0.51,0.00,0.56,0.00,0.00,0.86,0.73,0.0007,0.0052,     0,0,0,0.11,99.89,0.00,N/A,0.06,0.13,209.67,0.51,12.82,0.00,0.01,0.00,0.55,0.00,0.72,0.00,0.00,0.76,0.56,0.0014,0.0069,     0,0,0,0.11,99.89,0.00,N/A,0.09,0.17,209.67,0.55,13.75,0.00,0.01,
2024-03-21,21:06:35.774,0.00,0.79,0.01,0.93,0.00,0.07,0.93,0.57,0.0003,0.0049,0.00,0.00,-2147483648,0.00,0.00,13.78,17.49,209.89,0.79,19.71,0.00,0.10,0.38,0.54,1.59,0.56,99.44,0.00,100.00,0.00,0.00,0.00,0.00,-nan,0.08,0.01,0.98,0.01,1.00,0.00,0.04,0.92,0.67,0.0002,0.0030,     0,0,0,0.00,0.00,-2147483648,0.00,0.00,N/A,12.01,12.22,209.89,0.98,24.57,0.01,0.18,0.00,0.34,0.00,0.79,0.00,0.03,0.95,0.33,0.0009,0.0176,     0,0,0,0.00,0.00,-2147483648,0.00,0.00,N/A,1.77,5.27,209.89,0.34,8.42,0.00,0.03,0.06,0.08,  0%,  0%,0.13,0.10,  0%,  0%,0.14,0.25,  0%,  0%,0.48,0.71,  0%,  0%,0.73,99.27,0.00,100.00,0.00,0.00,0.40,99.60,0.00,100.00,0.00,0.00,0.00,0.00,0.00 ,0.00 ,-nan ,-nan ,0.08,0.08,0.01,0.30,0.02,1.00,0.00,0.03,0.95,0.28,0.0010,0.0194,     0,0,0,2.32,97.68,0.00,N/A,1.47,4.88,209.89,0.30,7.53,0.01,0.18,0.00,1.04,0.00,1.00,0.00,0.00,0.54,0.66,0.0004,0.0015,     0,0,0,0.26,99.74,0.00,N/A,0.57,0.55,209.89,1.04,25.88,0.00,0.07,0.04,1.73,0.03,1.00,0.00,0.00,0.98,0.94,0.0000,0.0003,     0,0,0,2.50,97.50,0.00,N/A,9.07,5.26,209.89,1.73,43.14,0.04,1.08,0.00,0.75,0.00,1.00,0.00,0.00,0.84,0.77,0.0004,0.0030,     0,0,0,0.18,99.82,0.00,N/A,0.29,0.39,209.89,0.75,18.70,0.00,0.03,0.00,0.53,0.00,1.00,0.00,0.00,0.80,0.68,0.0009,0.0064,     0,0,0,0.08,99.92,0.00,N/A,0.08,0.16,209.89,0.53,13.15,0.00,0.01,0.00,0.47,0.00,1.00,0.00,0.00,0.89,0.90,0.0001,0.0019,     0,0,0,0.02,99.98,0.00,N/A,0.02,0.05,209.89,0.47,11.78,0.00,0.00,0.00,0.59,0.00,1.00,0.00,0.00,0.72,0.80,0.0006,0.0026,     0,0,0,0.21,99.79,0.00,N/A,0.26,0.45,209.89,0.59,14.65,0.00,0.03,0.00,0.49,0.00,1.00,0.00,0.00,0.64,0.49,0.0022,0.0081,     0,0,0,0.23,99.77,0.00,N/A,0.23,0.48,209.89,0.49,12.16,0.00,0.03,0.01,0.31,0.02,0.82,0.00,0.03,0.96,0.27,0.0009,0.0208,     0,0,0,2.58,97.42,0.00,N/A,1.39,4.46,209.89,0.31,7.79,0.01,0.17,0.00,0.44,0.00,0.64,0.00,0.00,0.61,0.73,0.0017,0.0050,     0,0,0,0.09,99.91,0.00,N/A,0.05,0.11,209.89,0.44,11.01,0.00,0.01,0.00,0.50,0.00,0.57,0.00,0.00,0.73,0.64,0.0014,0.0069,     0,0,0,0.13,99.87,0.00,N/A,0.08,0.15,209.89,0.50,12.61,0.00,0.01,0.00,0.47,0.00,0.69,0.00,0.00,0.78,0.65,0.0013,0.0067,     0,0,0,0.11,99.89,0.00,N/A,0.08,0.16,209.89,0.47,11.80,0.00,0.01,0.00,0.42,0.00,0.61,0.00,0.00,0.67,0.81,0.0007,0.0037,     0,0,0,0.04,99.96,0.00,N/A,0.02,0.05,209.89,0.42,10.38,0.00,0.00,0.00,0.37,0.00,0.60,0.00,0.00,0.43,0.87,0.0012,0.0023,     0,0,0,0.04,99.96,0.00,N/A,0.02,0.06,209.89,0.37,9.28,0.00,0.00,0.00,0.46,0.00,0.62,0.00,0.00,0.83,0.76,0.0007,0.0045,     0,0,0,0.08,99.92,0.00,N/A,0.05,0.11,209.89,0.46,11.59,0.00,0.01,0.00,0.54,0.00,0.72,0.00,0.00,0.84,0.58,0.0009,0.0065,     0,0,0,0.11,99.89,0.00,N/A,0.09,0.16,209.89,0.54,13.46,0.00,0.01,
2024-03-21,21:06:35.874,0.00,0.67,0.00,0.89,0.00,0.07,0.94,0.48,0.0004,0.0066,0.00,0.00,-2147483648,0.00,0.00,10.27,15.32,210.14,0.67,16.77,0.00,0.08,0.38,0.31,1.06,0.51,99.49,0.00,100.00,0.00,0.00,0.00,0.00,-nan,0.08,0.01,0.82,0.01,1.00,0.00,0.04,0.93,0.56,0.0003,0.0043,     0,0,0,0.00,0.00,-2147483648,0.00,0.00,N/A,8.53,10.38,210.14,0.82,20.53,0.01,0.13,0.00,0.35,0.00,0.71,0.00,0.03,0.95,0.34,0.0009,0.0176,     0,0,0,0.00,0.00,-2147483648,0.00,0.00,N/A,1.75,4.94,210.14,0.35,8.85,0.00,0.03,0.06,0.08,  0%,  0%,0.17,0.07,  0%,  0%,0.14,0.24,  0%,  0%,0.37,0.31,  0%,  0%,0.62,99.38,0.00,100.00,0.00,0.00,0.41,99.59,0.00,100.00,0.00,0.00,0.00,0.00,0.00 ,0.00 ,-nan ,-nan ,0.08,0.08,0.01,0.30,0.02,1.00,0.00,0.03,0.95,0.28,0.0010,0.0196,     0,0,0,2.32,97.68,0.00,N/A,1.46,4.88,210.14,0.30,7.49,0.01,0.17,0.01,1.28,0.01,1.00,0.00,0.00,0.60,0.65,0.0002,0.0008,     0,0,0,0.51,99.49,0.00,N/A,1.37,1.07,210.14,1.28,31.96,0.01,0.16,0.01,1.48,0.01,1.00,0.00,0.00,0.96,0.78,0.0001,0.0014,     0,0,0,0.63,99.37,0.00,N/A,1.97,1.33,210.14,1.48,36.98,0.01,0.23,0.00,0.52,0.00,1.00,0.00,0.00,0.84,0.66,0.0008,0.0067,     0,0,0,0.07,99.93,0.00,N/A,0.08,0.16,210.14,0.52,12.92,0.00,0.01,0.01,1.63,0.01,1.00,0.00,0.00,0.95,0.92,0.0000,0.0005,     0,0,0,0.90,99.10,0.00,N/A,3.13,1.92,210.14,1.63,40.81,0.01,0.37,0.00,0.50,0.00,1.00,0.00,0.00,0.97,0.90,0.0000,0.0019,     0,0,0,0.02,99.98,0.00,N/A,0.02,0.04,210.14,0.50,12.44,0.00,0.00,0.00,0.45,0.00,1.00,0.00,0.00,0.77,0.79,0.0004,0.0024,     0,0,0,0.32,99.68,0.00,N/A,0.30,0.68,210.14,0.45,11.21,0.00,0.04,0.00,0.62,0.00,1.00,0.00,0.00,0.75,0.54,0.0014,0.0073,     0,0,0,0.15,99.85,0.00,N/A,0.19,0.31,210.14,0.62,15.50,0.00,0.02,0.01,0.33,0.02,0.72,0.00,0.03,0.96,0.27,0.0008,0.0211,     0,0,0,2.74,97.26,0.00,N/A,1.37,4.13,210.14,0.33,8.26,0.01,0.16,0.00,0.47,0.00,0.80,0.00,0.00,0.66,0.71,0.0017,0.0056,     0,0,0,0.07,99.93,0.00,N/A,0.05,0.11,210.14,0.47,11.80,0.00,0.01,0.00,0.49,0.00,0.68,0.00,0.00,0.75,0.71,0.0009,0.0056,     0,0,0,0.11,99.89,0.00,N/A,0.08,0.16,210.14,0.49,12.17,0.00,0.01,0.00,0.48,0.00,0.60,0.00,0.00,0.82,0.71,0.0009,0.0055,     0,0,0,0.11,99.89,0.00,N/A,0.07,0.14,210.14,0.48,12.00,0.00,0.01,0.00,0.39,0.00,0.54,0.00,0.00,0.67,0.89,0.0006,0.0020,     0,0,0,0.04,99.96,0.00,N/A,0.02,0.05,210.14,0.39,9.86,0.00,0.00,0.00,0.37,0.00,0.65,0.00,0.00,0.79,0.85,0.0008,0.0040,     0,0,0,0.06,99.94,0.00,N/A,0.03,0.08,210.14,0.37,9.18,0.00,0.00,0.00,0.50,0.00,0.78,0.00,0.00,0.87,0.71,0.0007,0.0057,     0,0,0,0.06,99.94,0.00,N/A,0.05,0.11,210.14,0.50,12.41,0.00,0.01,0.00,0.54,0.00,0.81,0.00,0.00,0.88,0.58,0.0006,0.0062,     0,0,0,0.09,99.91,0.00,N/A,0.08,0.16,210.14,0.54,13.50,0.00,0.01,
2024-03-21,21:06:35.975,0.00,0.72,0.00,0.89,0.00,0.07,0.93,0.50,0.0004,0.0056,0.00,0.00,-2147483648,0.00,0.00,12.08,16.73,211.92,0.72,18.05,0.00,0.09,0.44,0.44,1.19,0.56,99.44,0.00,100.00,0.00,0.00,0.00,0.00,-nan,0.10,0.01,0.89,0.01,1.00,0.00,0.04,0.92,0.58,0.0003,0.0036,     0,0,0,0.00,0.00,-2147483648,0.00,0.00,N/A,10.30,11.63,211.92,0.89,22.14,0.01,0.15,0.00,0.35,0.00,0.71,0.00,0.03,0.95,0.33,0.0009,0.0175,     0,0,0,0.00,0.00,-2147483648,0.00,0.00,N/A,1.78,5.10,211.92,0.35,8.73,0.00,0.03,0.13,0.15,  0%,  0%,0.08,0.07,  0%,  0%,0.31,0.24,  0%,  0%,0.35,0.29,  0%,  0%,0.69,99.31,0.00,100.00,0.00,0.00,0.43,99.57,0.00,100.00,0.00,0.00,0.00,0.00,0.00 ,0.00 ,-nan ,-nan ,0.10,0.11,0.01,0.30,0.02,1.00,0.00,0.03,0.95,0.28,0.0011,0.0195,     0,0,0,2.29,97.71,0.00,N/A,1.47,4.84,211.92,0.30,7.59,0.01,0.17,0.01,1.15,0.01,1.00,0.00,0.00,0.62,0.65,0.0002,0.0007,     0,0,0,0.83,99.17,0.00,N/A,2.01,1.76,211.92,1.15,28.67,0.01,0.24,0.00,1.28,0.00,1.00,0.00,0.00,0.55,0.63,0.0002,0.0009,     0,0,0,0.26,99.74,0.00,N/A,0.70,0.55,211.92,1.28,31.95,0.00,0.08,0.00,0.73,0.00,1.00,0.00,0.00,0.64,0.65,0.0010,0.0035,     0,0,0,0.13,99.87,0.00,N/A,0.20,0.27,211.92,0.73,18.18,0.00,0.02,0.03,1.61,0.02,1.00,0.00,0.00,0.93,0.91,0.0000,0.0006,     0,0,0,1.60,98.40,0.00,N/A,5.47,3.39,211.92,1.61,40.30,0.03,0.65,0.00,0.44,0.00,1.00,0.00,0.00,0.95,0.89,0.0001,0.0019,     0,0,0,0.02,99.98,0.00,N/A,0.02,0.04,211.92,0.44,11.12,0.00,0.00,0.00,0.52,0.00,1.00,0.00,0.00,0.81,0.78,0.0004,0.0027,     0,0,0,0.23,99.77,0.00,N/A,0.25,0.48,211.92,0.52,13.00,0.00,0.03,0.00,0.63,0.00,1.00,0.00,0.00,0.72,0.54,0.0015,0.0071,     0,0,0,0.14,99.86,0.00,N/A,0.19,0.30,211.92,0.63,15.64,0.00,0.02,0.01,0.33,0.02,0.70,0.00,0.03,0.96,0.26,0.0009,0.0211,     0,0,0,2.82,97.18,0.00,N/A,1.37,4.21,211.92,0.33,8.15,0.01,0.16,0.00,0.43,0.00,0.71,0.00,0.00,0.69,0.71,0.0013,0.0054,     0,0,0,0.07,99.93,0.00,N/A,0.05,0.11,211.92,0.43,10.82,0.00,0.01,0.00,0.50,0.00,0.61,0.00,0.00,0.70,0.71,0.0012,0.0060,     0,0,0,0.14,99.86,0.00,N/A,0.09,0.18,211.92,0.50,12.55,0.00,0.01,0.00,0.51,0.00,0.77,0.00,0.00,0.83,0.69,0.0008,0.0057,     0,0,0,0.09,99.91,0.00,N/,0.00,N/A,0.00,N/A,0.51,12.66,0.00,0.01,0.00,0.48,0.00,0.70,0.00,0.00,0.84,0.91,0.0002,0.0018,     0,0,0,0.03,99.97,0.00,N/A,0.02,0.05,211.92,0.48,11.89,0.00,0.00,0.00,0.40,0.00,0.71,0.00,0.00,0.84,0.90,0.0003,0.0019,     0,0,0,0.03,99.97,0.00,N/A,0.02,0.05,211.92,0.40,9.88,0.00,0.00,0.00,0.47,0.00,0.69,0.00,0.00,0.80,0.75,0.0008,0.0046,     0,0,0,0.08,99.92,0.00,N/A,0.05,0.11,211.92,0.47,11.68,0.00,0.01,0.00,0.42,0.00,0.81,0.00,0.00,0.83,0.57,0.0009,0.0064,     0,0,0,0.14,99.86,0.00,N/A,0.10,0.24,211.92,0.42,10.39,0.00,0.01,
2024-03-21,21:06:36.076,0.00,0.89,0.01,0.90,0.00,0.07,0.94,0.58,0.0002,0.0042,0.00,0.00,-2147483648,0.00,0.00,15.87,17.90,212.06,0.89,22.17,0.00,0.12,0.54,0.43,1.42,0.59,99.41,0.00,100.00,0.00,0.00,0.00,0.00,-nan,0.07,0.01,1.08,0.01,1.00,0.00,0.04,0.93,0.68,0.0002,0.0025,     0,0,0,0.00,0.00,-2147483648,0.00,0.00,N/A,14.13,13.13,212.06,1.08,26.91,0.01,0.21,0.00,0.36,0.00,0.71,0.00,0.03,0.95,0.34,0.0008,0.0176,     0,0,0,0.00,0.00,-2147483648,0.00,0.00,N/A,1.74,4.77,212.06,0.36,9.12,0.00,0.03,0.24,0.18,  0%,  0%,0.09,0.04,  0%,  0%,0.36,0.46,  0%,  0%,0.33,0.27,  0%,  0%,0.77,99.23,0.00,100.00,0.00,0.00,0.40,99.60,0.00,100.00,0.00,0.00,0.00,0.00,0.00 ,0.00 ,-nan ,-nan ,0.08,0.07,0.01,0.31,0.02,1.00,0.00,0.03,0.95,0.27,0.0010,0.0197,     0,0,0,2.21,97.79,0.00,N/A,1.45,4.69,212.06,0.31,7.76,0.01,0.17,0.01,1.55,0.01,1.00,0.00,0.00,0.61,0.67,0.0001,0.0004,     0,0,0,0.67,99.33,0.00,N/A,2.22,1.43,212.06,1.55,38.82,0.01,0.26,0.00,0.49,0.00,1.00,0.00,0.00,0.79,0.70,0.0007,0.0056,     0,0,0,0.05,99.95,0.00,N/A,0.05,0.10,212.06,0.49,12.15,0.00,0.01,0.00,0.82,0.00,1.00,0.00,0.00,0.85,0.83,0.0003,0.0021,     0,0,0,0.14,99.86,0.00,N/A,0.24,0.29,212.06,0.82,20.62,0.00,0.03,0.05,1.70,0.03,1.00,0.00,0.00,0.97,0.95,0.0000,0.0003,     0,0,0,2.68,97.32,0.00,N/A,9.70,5.70,212.06,1.70,42.59,0.05,1.14,0.00,0.45,0.00,1.00,0.00,0.00,0.49,0.85,0.0011,0.0024,     0,0,0,0.03,99.97,0.00,N/A,0.03,0.07,212.06,0.45,11.33,0.00,0.00,0.00,0.44,0.00,1.00,0.00,0.00,0.80,0.84,0.0002,0.0015,     0,0,0,0.26,99.74,0.00,N/A,0.24,0.54,212.06,0.44,10.94,0.00,0.03,0.00,0.62,0.00,1.00,0.00,0.00,0.74,0.54,0.0014,0.0073,     0,0,0,0.14,99.86,0.00,N/A,0.19,0.31,212.06,0.62,15.57,0.00,0.02,0.01,0.34,0.02,0.73,0.00,0.03,0.96,0.27,0.0008,0.0211,     0,0,0,2.56,97.44,0.00,N/A,1.35,3.98,212.06,0.34,8.51,0.01,0.16,0.00,0.46,0.00,0.67,0.00,0.00,0.56,0.73,0.0018,0.0052,     0,0,0,0.08,99.92,0.00,N/A,0.05,0.12,212.06,0.46,11.43,0.00,0.01,0.00,0.51,0.00,0.69,0.00,0.00,0.82,0.65,0.0008,0.0066,     0,0,0,0.15,99.85,0.00,N/A,0.12,0.22,212.06,0.51,12.86,0.00,0.01,0.00,0.47,0.00,0.63,0.00,0.00,0.83,0.74,0.0007,0.0049,     0,0,0,0.08,99.92,0.00,N/A,0.05,0.10,212.06,0.47,11.64,0.00,0.01,0.00,0.36,0.00,0.57,0.00,0.00,0.79,0.88,0.0004,0.0023,     0,0,0,0.04,99.96,0.00,N/A,0.02,0.05,212.06,0.36,8.97,0.00,0.00,0.00,0.32,0.00,0.58,0.00,0.00,0.87,0.88,0.0003,0.0022,     0,0,0,0.05,99.95,0.00,N/A,0.02,0.06,212.06,0.32,8.10,0.00,0.00,0.00,0.47,0.00,0.68,0.00,0.00,0.88,0.71,0.0006,0.0056,     0,0,0,0.08,99.92,0.00,N/A,0.05,0.11,212.06,0.47,11.68,0.00,0.01,0.00,0.63,0.00,0.44,0.00,0.00,0.85,0.57,0.0008,0.0064,     0,0,0,0.14,99.86,0.00,N/A,0.08,0.13,212.06,0.63,15.78,0.00,0.01,
2024-03-21,21:06:36.179,0.00,0.75,0.01,0.93,0.01,0.07,0.92,0.55,0.0004,0.0056,0.00,0.00,-2147483648,0.00,0.00,12.99,17.32,212.43,0.75,18.75,0.00,0.10,0.46,0.18,1.15,0.55,99.45,0.00,100.00,0.00,0.00,0.00,0.00,-nan,0.08,0.00,0.83,0.01,1.00,0.00,0.04,0.93,0.53,0.0003,0.0047,     0,0,0,0.00,0.00,-2147483648,0.00,0.00,N/A,8.47,10.16,212.43,0.83,20.83,0.00,0.12,0.00,0.63,0.00,0.85,0.00,0.03,0.91,0.56,0.0007,0.0075,     0,0,0,0.00,0.00,-2147483648,0.00,0.00,N/A,4.52,7.16,212.43,0.63,15.79,0.00,0.07,0.18,0.17,  0%,  0%,0.09,0.03,  0%,  0%,0.32,0.48,  0%,  0%,0.20,0.15,  0%,  0%,0.60,99.40,0.00,100.00,0.00,0.00,0.50,99.50,0.00,100.00,0.00,0.00,0.00,0.00,0.00 ,0.00 ,-nan ,-nan ,0.08,0.08,0.01,0.33,0.02,1.00,0.00,0.03,0.95,0.27,0.0010,0.0202,     0,0,0,2.05,97.95,0.00,N/A,1.45,4.36,212.43,0.33,8.29,0.01,0.17,0.01,1.37,0.00,1.00,0.00,0.00,0.61,0.68,0.0002,0.0009,     0,0,0,0.39,99.61,0.00,N/A,1.14,0.83,212.43,1.37,34.26,0.01,0.13,0.00,0.53,0.00,1.00,0.00,0.00,0.71,0.62,0.0008,0.0042,     0,0,0,0.28,99.72,0.00,N/A,0.31,0.59,212.43,0.53,13.27,0.00,0.04,0.00,0.52,0.00,1.00,0.00,0.00,0.87,0.66,0.0008,0.0069,     0,0,0,0.07,99.93,0.00,N/A,0.08,0.15,212.43,0.52,13.09,0.00,0.01,0.02,1.56,0.02,1.00,0.00,0.01,0.95,0.82,0.0001,0.0011,     0,0,0,1.51,98.49,0.00,N/A,5.00,3.20,212.43,1.56,38.97,0.02,0.59,0.00,0.43,0.00,1.00,0.00,0.00,0.97,0.91,0.0001,0.0018,     0,0,0,0.02,99.98,0.00,N/A,0.02,0.04,212.43,0.43,10.80,0.00,0.00,0.00,0.44,0.00,1.00,0.00,0.00,0.77,0.80,0.0004,0.0022,     0,0,0,0.30,99.70,0.00,N/A,0.28,0.63,212.43,0.44,11.03,0.00,0.03,0.00,0.57,0.00,1.00,0.00,0.00,0.71,0.53,0.0017,0.0077,     0,0,0,0.17,99.83,0.00,N/A,0.21,0.36,212.43,0.57,14.21,0.00,0.02,0.01,0.32,0.02,0.82,0.00,0.03,0.96,0.26,0.0009,0.0212,     0,0,0,2.47,97.53,0.00,N/A,1.36,4.30,212.43,0.32,7.88,0.01,0.16,0.00,0.43,0.00,0.76,0.00,0.00,0.58,0.72,0.0017,0.0051,     0,0,0,0.07,99.93,0.00,N/A,0.05,0.12,212.43,0.43,10.82,0.00,0.01,0.00,0.46,0.00,0.70,0.00,0.00,0.75,0.77,0.0006,0.0044,     0,0,0,0.07,99.93,0.00,N/A,0.05,0.10,212.43,0.46,11.57,0.00,0.01,0.00,0.52,0.00,0.57,0.00,0.00,0.85,0.65,0.0008,0.0066,     0,0,0,0.13,99.87,0.00,N/A,0.08,0.16,212.43,0.52,13.04,0.00,0.01,0.00,0.41,0.00,0.61,0.00,0.00,0.75,0.91,0.0003,0.0015,     0,0,0,0.04,99.96,0.00,N/A,0.02,0.05,212.43,0.41,10.37,0.00,0.00,0.01,1.34,0.01,0.99,0.00,0.00,0.49,0.91,0.0005,0.0010,     0,0,0,1.00,99.00,0.00,N/A,2.81,2.10,212.43,1.34,33.41,0.01,0.33,0.00,0.41,0.00,0.77,0.00,0.00,0.82,0.67,0.0010,0.0065,     0,0,0,0.07,99.93,0.00,N/A,0.05,0.12,212.43,0.41,10.13,0.00,0.01,0.00,0.51,0.00,0.89,0.00,0.00,0.59,0.56,0.0023,0.0075,     0,0,0,0.11,99.89,0.00,N/A,0.11,0.21,212.43,0.51,12.87,0.00,0.01,
2024-03-21,21:06:36.278,0.01,0.80,0.01,0.97,0.01,0.08,0.87,0.58,0.0005,0.0041,0.00,0.00,-2147483648,0.00,0.00,19.15,24.07,209.81,0.80,19.90,0.01,0.14,1.02,0.19,6.31,0.74,99.26,0.00,100.00,0.00,0.00,0.00,0.00,-nan,0.08,0.01,0.86,0.01,1.00,0.01,0.04,0.86,0.62,0.0004,0.0031,     0,0,0,0.00,0.00,-2147483648,0.00,0.00,N/A,12.70,14.80,209.81,0.86,21.44,0.01,0.19,0.00,0.70,0.01,0.93,0.00,0.04,0.88,0.54,0.0007,0.0061,     0,0,0,0.00,0.00,-2147483648,0.00,0.00,N/A,6.46,9.27,209.81,0.70,17.42,0.00,0.10,0.26,0.37,  0%,  0%,0.18,0.21,  0%,  0%,1.83,2.08,  1%,  1%,1.29,1.11,  1%,  0%,0.88,99.12,0.00,100.00,0.00,0.00,0.60,99.40,0.00,100.00,0.00,0.00,0.00,0.00,0.00 ,0.00 ,-nan ,-nan ,0.08,0.08,0.01,0.31,0.02,1.00,0.00,0.03,0.94,0.27,0.0012,0.0200,     0,0,0,2.17,97.83,0.00,N/A,1.44,4.56,209.81,0.31,7.87,0.01,0.17,0.01,1.31,0.01,1.00,0.00,0.00,0.41,0.59,0.0003,0.0007,     0,0,0,0.67,99.33,0.00,N/A,1.84,1.40,209.81,1.31,32.83,0.01,0.22,0.01,1.60,0.01,1.00,0.00,0.00,0.64,0.92,0.0001,0.0003,     0,0,0,0.88,99.12,0.00,N/A,2.94,1.83,209.81,1.60,40.10,0.01,0.35,0.01,1.04,0.01,1.00,0.00,0.00,0.57,0.84,0.0005,0.0014,     0,0,0,1.32,98.68,0.00,N/A,2.88,2.78,209.81,1.04,25.92,0.01,0.34,0.01,1.35,0.01,1.00,0.00,0.00,0.77,0.82,0.0002,0.0010,     0,0,0,1.00,99.00,0.00,N/A,2.82,2.09,209.81,1.35,33.79,0.01,0.34,0.00,0.50,0.00,1.00,0.00,0.00,0.78,0.73,0.0009,0.0056,     0,0,0,0.03,99.97,0.00,N/A,0.03,0.06,209.81,0.50,12.62,0.00,0.00,0.00,0.49,0.00,1.00,0.00,0.00,0.63,0.78,0.0009,0.0029,     0,0,0,0.25,99.75,0.00,N/A,0.27,0.54,209.81,0.49,12.25,0.00,0.03,0.00,0.31,0.01,1.00,0.00,0.00,0.41,0.87,0.0009,0.0019,     0,0,0,0.75,99.25,0.00,N/A,0.48,1.54,209.81,0.31,7.79,0.00,0.06,0.01,0.34,0.02,0.88,0.00,0.03,0.95,0.27,0.0010,0.0194,     0,0,0,2.46,97.54,0.00,N/A,1.54,4.56,209.81,0.34,8.44,0.01,0.18,0.01,0.98,0.01,0.99,0.00,0.00,0.63,0.86,0.0005,0.0015,     0,0,0,1.04,98.96,0.00,N/A,2.13,2.17,209.81,0.98,24.56,0.01,0.25,0.00,0.40,0.00,0.89,0.00,0.00,0.49,0.65,0.0026,0.0072,     0,0,0,0.08,99.92,0.00,N/A,0.06,0.14,209.81,0.40,10.08,0.00,0.01,0.01,1.36,0.01,0.99,0.00,0.00,0.72,0.69,0.0005,0.0018,     0,0,0,0.83,99.17,0.00,N/A,2.34,1.72,209.81,1.36,34.07,0.01,0.28,0.00,0.40,0.00,0.64,0.00,0.00,0.73,0.91,0.0004,0.0018,     0,0,0,0.04,99.96,0.00,N/A,0.02,0.05,209.81,0.40,9.91,0.00,0.00,0.00,0.59,0.00,0.93,0.00,0.00,0.11,0.64,0.0018,0.0030,     0,0,0,0.18,9,0.00,N/A,0.08,99.,0.35,     0,0,0,0.39,0.00,N/A,1.31,1.20,208.43,1.10,27.45,0.01,0.16,0.00,0.47,0.00,0.96,0.00,0.00,0.41,0.54,0.0035,0.0073,     0,0,0,0.10,99.90,0.00,N/A,0.09,0.20,208.43,0.47,11.74,0.00,0.01,
2024-03-21,21:06:36.371,0.00,0.71,0.01,0.93,0.00,0.06,0.92,0.56,0.0004,0.0053,0.00,0.00,-2147483648,0.00,0.00,12.22,17.12,209.85,0.71,17.85,0.00,0.09,0.29,0.26,0.76,0.55,99.45,0.00,100.00,0.00,0.00,0.00,0.00,-nan,0.09,0.01,0.89,0.01,1.00,0.00,0.03,0.93,0.66,0.0002,0.0032,     0,0,0,0.00,0.00,-2147483648,0.00,0.00,N/A,10.33,11.56,209.85,0.89,22.34,0.01,0.15,0.00,0.34,0.00,0.82,0.00,0.03,0.92,0.35,0.0014,0.0168,     0,0,0,0.00,0.00,-2147483648,0.00,0.00,N/A,1.89,5.56,209.85,0.34,8.52,0.00,0.03,0.07,0.07,  0%,  0%,0.10,0.04,  0%,  0%,0.12,0.24,  0%,  0%,0.25,0.15,  0%,  0%,0.69,99.31,0.00,100.00,0.00,0.00,0.40,99.60,0.00,100.00,0.00,0.00,0.00,0.00,0.00 ,0.00 ,-nan ,-nan ,0.10,0.08,0.01,0.28,0.02,1.00,0.00,0.03,0.95,0.27,0.0009,0.0201,     0,0,0,2.39,97.61,0.00,N/A,1.40,5.02,209.85,0.28,6.96,0.01,0.17,0.00,0.41,0.00,1.00,0.00,0.00,0.46,0.59,0.0022,0.0063,     0,0,0,0.10,99.90,0.00,N/A,0.09,0.21,209.85,0.41,10.29,0.00,0.01,0.00,0.49,0.00,1.00,0.00,0.00,0.63,0.67,0.0012,0.0050,     0,0,0,0.11,99.89,0.00,N/A,0.11,0.23,209.85,0.49,12.25,0.00,0.01,0.01,1.61,0.01,1.00,0.00,0.00,0.88,0.94,0.0000,0.0004,     0,0,0,0.53,99.47,0.00,N/A,1.80,1.12,209.85,1.61,40.27,0.01,0.21,0.03,1.72,0.02,1.00,0.00,0.00,0.95,0.96,0.0000,0.0003,     0,0,0,1.78,98.22,0.00,N/A,6.44,3.74,209.85,1.72,43.07,0.03,0.77,0.00,0.48,0.00,1.00,0.00,0.00,0.73,0.72,0.0009,0.0042,     0,0,0,0.11,99.89,0.00,N/A,0.11,0.22,209.85,0.48,11.90,0.00,0.01,0.00,0.38,0.00,1.00,0.00,0.00,0.57,0.79,0.0007,0.0021,     0,0,0,0.41,99.59,0.00,N/A,0.33,0.86,209.85,0.38,9.49,0.00,0.04,0.00,0.41,0.00,1.00,0.00,0.00,0.71,0.63,0.0016,0.0068,     0,0,0,0.08,99.92,0.00,N/A,0.07,0.16,209.85,0.41,10.17,0.00,0.01,0.01,0.32,0.02,0.83,0.00,0.03,0.96,0.27,0.0009,0.0207,     0,0,0,2.46,97.54,0.00,N/A,1.38,4.31,209.85,0.32,7.98,0.01,0.16,0.00,0.38,0.00,0.79,0.00,0.00,0.25,0.69,0.0034,0.0058,     0,0,0,0.13,99.87,0.00,N/A,0.08,0.21,209.85,0.38,9.47,0.00,0.01,0.00,0.40,0.00,0.57,0.00,0.00,0.45,0.88,0.0009,0.0024,     0,0,0,0.05,99.95,0.00,N/A,0.02,0.06,209.85,0.40,10.10,0.00,0.00,0.00,0.40,0.00,0.65,0.00,0.00,0.65,0.68,0.0019,0.0060,     0,0,0,0.09,99.91,0.00,N/A,0.05,0.13,209.85,0.40,10.02,0.00,0.01,0.00,0.42,0.00,0.78,0.00,0.00,0.68,0.68,0.0018,0.0064,     0,0,0,0.11,99.89,0.00,N/A,0.08,0.19,209.85,0.42,10.59,0.00,0.01,0.00,0.39,0.00,0.79,0.00,0.00,0.66,0.67,0.0020,0.0067,     0,0,0,0.12,99.88,0.00,N/A,0.08,0.20,209.85,0.39,9.74,0.00,0.01,0.00,0.40,0.00,0.78,0.00,0.00,0.64,0.67,0.0020,0.0062,     0,0,0,0.12,99.88,0.00,N/A,0.08,0.20,209.85,0.40,9.89,0.00,0.01,0.00,0.48,0.00,0.88,0.00,0.00,0.30,0.62,0.0041,0.0070,     0,0,0,0.14,99.86,0.00,N/A,0.13,0.26,209.85,0.48,11.99,0.00,0.02,
2024-03-21,21:06:36.471,0.00,0.75,0.00,0.91,0.00,0.07,0.94,0.55,0.0003,0.0053,0.00,0.00,-2147483648,0.00,0.00,12.36,16.40,210.13,0.75,18.83,0.00,0.09,0.25,0.16,0.78,0.53,99.47,0.00,100.00,0.00,0.00,0.00,0.00,-nan,0.09,0.01,0.96,0.01,1.00,0.00,0.03,0.94,0.64,0.0002,0.0033,     0,0,0,0.00,0.00,-2147483648,0.00,0.00,N/A,10.46,10.89,210.13,0.96,24.02,0.01,0.16,0.00,0.34,0.00,0.78,0.00,0.03,0.93,0.36,0.0011,0.0167,     0,0,0,0.00,0.00,-2147483648,0.00,0.00,N/A,1.89,5.51,210.13,0.34,8.58,0.00,0.03,0.05,0.07,  0%,  0%,0.09,0.03,  0%,  0%,0.12,0.26,  0%,  0%,0.22,0.18,  0%,  0%,0.65,99.35,0.00,100.00,0.00,0.00,0.42,99.58,0.00,100.00,0.00,0.00,0.00,0.00,0.00 ,0.00 ,-nan ,-nan ,0.08,0.10,0.01,0.30,0.02,1.00,0.00,0.03,0.96,0.27,0.0008,0.0209,     0,0,0,2.17,97.83,0.00,N/A,1.36,4.56,210.13,0.30,7.47,0.01,0.16,0.00,1.40,0.00,1.00,0.00,0.00,0.42,0.68,0.0002,0.0006,     0,0,0,0.29,99.71,0.00,N/A,0.86,0.61,210.13,1.40,34.93,0.00,0.10,0.00,0.54,0.00,1.00,0.00,0.00,0.69,0.66,0.0015,0.0070,     0,0,0,0.08,99.92,0.00,N/A,0.09,0.16,210.13,0.54,13.43,0.00,0.01,0.00,0.48,0.00,1.00,0.00,0.00,0.75,0.72,0.0012,0.0056,     0,0,0,0.05,99.95,0.00,N/A,0.05,0.10,210.13,0.48,12.00,0.00,0.01,0.04,1.68,0.02,1.00,0.00,0.00,0.95,0.94,0.0000,0.0004,     0,0,0,2.20,97.80,0.00,N/A,7.75,4.62,210.13,1.68,41.89,0.04,0.92,0.00,0.45,0.00,1.00,0.00,0.00,0.84,0.69,0.0007,0.0063,     0,0,0,0.09,99.91,0.00,N/A,0.08,0.19,210.13,0.45,11.24,0.00,0.01,0.00,0.43,0.00,1.00,0.00,0.00,0.67,0.79,0.0007,0.0025,     0,0,0,0.29,99.71,0.00,N/A,0.26,0.61,210.13,0.43,10.66,0.00,0.03,0.00,0.53,0.00,1.00,0.00,0.00,1.00,0.90,0.0000,0.0019,     0,0,0,0.02,99.98,0.00,N/A,0.02,0.04,210.13,0.53,13.16,0.00,0.00,0.01,0.31,0.02,0.84,0.00,0.03,0.95,0.27,0.0010,0.0207,     0,0,0,2.55,97.45,0.00,N/A,1.39,4.47,210.13,0.31,7.76,0.01,0.17,0.00,0.48,0.00,0.57,0.00,0.00,0.66,0.66,0.0017,0.0066,     0,0,0,0.14,99.86,0.00,N/A,0.08,0.16,210.13,0.48,12.12,0.00,0.01,0.00,0.39,0.00,0.43,0.00,0.00,0.91,0.89,0.0001,0.0022,     0,0,0,0.07,99.93,0.00,N/A,0.02,0.06,210.13,0.39,9.77,0.00,0.00,0.00,0.43,0.00,0.64,0.00,0.00,0.76,0.69,0.0012,0.0057,     0,0,0,0.13,99.87,0.00,N/A,0.07,0.17,210.13,0.43,10.77,0.00,0.01,0.00,0.51,0.00,0.58,0.00,0.00,0.74,0.73,0.0011,0.0054,     0,0,0,0.12,99.88,0.00,N/A,0.07,0.15,210.13,0.51,12.68,0.00,0.01,0.00,0.48,0.00,0.58,0.00,0.00,0.76,0.71,0.0013,0.0059,     0,0,0,0.12,99.88,0.00,N/A,0.07,0.15,210.13,0.48,11.98,0.00,0.01,0.00,0.52,0.00,0.62,0.00,0.00,0.79,0.77,0.0009,0.0045,     0,0,0,0.13,99.87,0.00,N/A,0.09,0.17,210.13,0.52,12.98,0.00,0.01,0.00,0.51,0.00,0.77,0.00,0.00,0.57,0.62,0.0024,0.0063,     0,0,0,0.11,99.89,0.00,N/A,0.09,0.18,210.13,0.51,12.73,0.00,0.01,
2024-03-21,21:06:36.572,0.00,0.74,0.00,0.91,0.00,0.06,0.95,0.53,0.0003,0.0056,0.00,0.00,-2147483648,0.00,0.00,11.55,15.56,209.89,0.74,18.55,0.00,0.09,0.99,0.78,1.19,0.51,99.49,0.00,100.00,0.00,0.00,0.00,0.00,-nan,0.08,0.01,0.93,0.01,1.00,0.00,0.03,0.95,0.63,0.0002,0.0034,     0,0,0,0.00,0.00,-2147483648,0.00,0.00,N/A,9.65,10.34,209.89,0.93,23.35,0.01,0.14,0.00,0.36,0.00,0.77,0.00,0.03,0.94,0.36,0.0009,0.0168,     0,0,0,0.00,0.00,-2147483648,0.00,0.00,N/A,1.89,5.22,209.89,0.36,9.07,0.00,0.03,0.63,0.09,  0%,  0%,0.16,0.11,  0%,  0%,0.16,0.26,  0%,  0%,0.41,0.36,  0%,  0%,0.62,99.38,0.00,100.00,0.00,0.00,0.40,99.60,0.00,100.00,0.00,0.00,0.00,0.00,0.00 ,0.00 ,-nan ,-nan ,0.08,0.08,0.01,0.29,0.02,1.00,0.00,0.03,0.96,0.26,0.0009,0.0207,     0,0,0,2.23,97.77,0.00,N/A,1.37,4.68,209.89,0.29,7.32,0.01,0.16,0.00,1.44,0.00,1.00,0.00,0.00,0.56,0.65,0.0002,0.0005,     0,0,0,0.33,99.67,0.00,N/A,1.01,0.70,209.89,1.44,36.07,0.00,0.12,0.00,0.50,0.00,1.00,0.00,0.00,0.72,0.68,0.0013,0.0061,     0,0,0,0.07,99.93,0.00,N/A,0.08,0.15,209.89,0.50,12.42,0.00,0.01,0.00,0.50,0.00,1.00,0.00,0.00,0.83,0.72,0.0007,0.0056,     0,0,0,0.05,99.95,0.00,N/A,0.05,0.10,209.89,0.50,12.48,0.00,0.01,0.03,1.72,0.02,1.00,0.00,0.00,0.99,0.95,0.0000,0.0003,     0,0,0,1.87,98.13,0.00,N/A,6.74,3.92,209.89,1.72,42.98,0.03,0.80,0.00,0.55,0.00,1.00,0.00,0.00,0.86,0.69,0.0006,0.0059,     0,0,0,0.07,99.93,0.00,N/A,0.08,0.15,209.89,0.55,13.73,0.00,0.01,0.00,0.52,0.00,1.00,0.00,0.00,0.74,0.79,0.0005,0.0025,     0,0,0,0.28,99.72,0.00,N/A,0.30,0.58,209.89,0.52,12.89,0.00,0.04,0.00,0.53,0.00,1.00,0.00,0.00,0.93,0.84,0.0002,0.0040,     0,0,0,0.02,99.98,0.00,N/A,0.03,0.05,209.89,0.53,13.24,0.00,0.00,0.01,0.33,0.02,0.78,0.00,0.03,0.96,0.27,0.0008,0.0210,     0,0,0,2.54,97.46,0.00,N/A,1.36,4.16,209.89,0.33,8.19,0.01,0.16,0.00,0.46,0.00,0.77,0.00,0.00,0.55,0.68,0.0024,0.0060,     0,0,0,0.11,99.89,0.00,N/A,0.08,0.17,209.89,0.46,11.39,0.00,0.01,0.00,0.47,0.00,0.55,0.00,0.00,0.94,0.83,0.0002,0.0038,     0,0,0,0.05,99.95,0.00,N/A,0.03,0.05,209.89,0.47,11.68,0.00,0.00,0.00,0.51,0.00,0.73,0.00,0.00,0.86,0.70,0.0007,0.0056,     0,0,0,0.11,99.89,0.00,N/A,0.08,0.17,209.89,0.51,12.76,0.00,0.01,0.00,0.49,0.00,0.77,0.00,0.00,0.86,0.71,0.0007,0.0059,     0,0,0,0.10,99.90,0.00,N/A,0.08,0.16,209.89,0.49,12.35,0.00,0.01,0.00,0.49,0.00,0.76,0.00,0.00,0.82,0.69,0.0010,0.0064,     0,0,0,0.10,99.90,0.00,N/A,0.08,0.16,209.89,0.49,12.17,0.00,0.01,0.00,0.50,0.00,0.76,0.00,0.00,0.87,0.68,0.0007,0.0062,     0,0,0,0.10,99.90,0.00,N/A,0.08,0.16,209.89,0.50,12.59,0.00,0.01,0.00,0.56,0.00,0.68,0.00,0.00,0.74,0.59,0.0015,0.0069,     0,0,0,0.13,99.87,0.00,N/A,0.10,0.18,209.89,0.56,14.03,0.00,0.01,
2024-03-21,21:06:36.671,0,0.20,99,0.05,99.,N/A,0.0,0.0066,     0,0,0,0.15,99.85,0.00,N/A,0.08,0.13,209.90,0.61,15.37,0.00,0.01,
2024-03-21,21:06:36.679,0.00,0.72,0.00,0.90,0.00,0.06,0.94,0.46,0.0003,0.0061,0.00,0.00,-2147483648,0.00,0.00,10.37,14.39,210.32,0.72,18.02,0.00,0.08,0.31,0.24,1.06,0.48,99.52,0.00,100.00,0.00,0.00,0.00,0.00,-nan,0.08,0.01,0.90,0.01,1.00,0.00,0.03,0.93,0.54,0.0003,0.0038,     0,0,0,0.00,0.00,-2147483648,0.00,0.00,N/A,8.72,9.74,210.32,0.90,22.40,0.01,0.13,0.00,0.35,0.00,0.74,0.00,0.03,0.96,0.33,0.0008,0.0182,     0,0,0,0.00,0.00,-2147483648,0.00,0.00,N/A,1.65,4.66,210.32,0.35,8.86,0.00,0.02,0.07,0.09,  0%,  0%,0.10,0.04,  0%,  0%,0.16,0.29,  0%,  0%,0.32,0.28,  0%,  0%,0.58,99.42,0.00,100.00,0.00,0.00,0.37,99.63,0.00,100.00,0.00,0.00,0.00,0.00,0.00 ,0.00 ,-nan ,-nan ,0.08,0.08,0.01,0.31,0.02,1.00,0.00,0.03,0.95,0.28,0.0010,0.0198,     0,0,0,2.18,97.82,0.00,N/A,1.44,4.58,210.32,0.31,7.87,0.01,0.17,0.01,1.52,0.01,1.00,0.00,0.00,0.59,0.78,0.0001,0.0005,     0,0,0,0.90,99.10,0.00,N/A,2.88,1.90,210.32,1.52,37.93,0.01,0.34,0.00,1.21,0.00,1.00,0.00,0.00,0.68,0.60,0.0003,0.0011,     0,0,0,0.38,99.62,0.00,N/A,0.97,0.80,210.32,1.21,30.22,0.00,0.11,0.00,0.48,0.00,1.00,0.00,0.00,0.83,0.63,0.0010,0.0073,     0,0,0,0.08,99.92,0.00,N/A,0.08,0.16,210.32,0.48,12.09,0.00,0.01,0.01,1.73,0.01,1.00,0.00,0.00,0.99,0.97,0.0000,0.0002,     0,0,0,0.85,99.15,0.00,N/A,3.07,1.78,210.32,1.73,43.16,0.01,0.37,0.00,0.55,0.00,1.00,0.00,0.00,0.82,0.66,0.0009,0.0068,     0,0,0,0.08,99.92,0.00,N/A,0.09,0.17,210.32,0.55,13.70,0.00,0.01,0.00,0.56,0.00,1.00,0.00,0.00,0.51,0.92,0.0002,0.0006,     0,0,0,0.15,99.85,0.00,N/A,0.18,0.32,210.32,0.56,14.12,0.00,0.02,0.00,0.47,0.00,1.00,0.00,0.00,0.93,0.90,0.0001,0.0018,     0,0,0,0.02,99.98,0.00,N/A,0.02,0.04,210.32,0.47,11.84,0.00,0.00,0.01,0.33,0.02,0.77,0.00,0.03,0.96,0.27,0.0008,0.0214,     0,0,0,2.44,97.56,0.00,N/A,1.32,3.94,210.32,0.33,8.36,0.01,0.16,0.00,0.35,0.00,0.55,0.00,0.00,0.60,0.90,0.0006,0.0019,     0,0,0,0.05,99.95,0.00,N/A,0.02,0.06,210.32,0.35,8.74,0.00,0.00,0.00,0.40,0.00,0.43,0.00,0.00,0.79,0.79,0.0008,0.0044,     0,0,0,0.07,99.93,0.00,N/A,0.02,0.06,210.32,0.40,9.92,0.00,0.00,0.00,0.40,0.00,0.55,0.00,0.00,0.61,0.91,0.0005,0.0017,     0,0,0,0.05,99.95,0.00,N/A,0.02,0.05,210.32,0.40,9.93,0.00,0.00,0.00,0.50,0.00,0.77,0.00,0.00,0.84,0.67,0.0009,0.0067,     0,0,0,0.10,99.90,0.00,N/A,0.08,0.16,210.32,0.50,12.47,0.00,0.01,0.00,0.43,0.00,0.64,0.00,0.00,0.84,0.70,0.0009,0.0060,     0,0,0,0.08,99.92,0.00,N/A,0.05,0.11,210.32,0.43,10.66,0.00,0.01,0.00,0.44,0.00,0.64,0.00,0.00,0.83,0.72,0.0009,0.0056,     0,0,0,0.08,99.92,0.00,N/A,0.05,0.11,210.32,0.44,11.12,0.00,0.01,0.00,0.56,0.00,0.69,0.00,0.00,0.84,0.58,0.0008,0.0066,     0,0,0,0.11,99.89,0.00,N/A,0.09,0.16,210.32,0.56,13.99,0.00,0.01,
2024-03-21,21:06:36.779,0.00,0.71,0.00,0.91,0.00,0.07,0.94,0.52,0.0003,0.0057,0.00,0.00,-2147483648,0.00,0.00,11.70,16.37,211.69,0.71,17.86,0.00,0.09,0.35,0.39,1.13,0.53,99.47,0.00,100.00,0.00,0.00,0.00,0.00,-nan,0.08,0.01,0.86,0.01,1.00,0.00,0.04,0.92,0.61,0.0003,0.0037,     0,0,0,0.00,0.00,-2147483648,0.00,0.00,N/A,10.02,11.68,211.69,0.86,21.44,0.01,0.15,0.00,0.36,0.00,0.74,0.00,0.03,0.95,0.33,0.0008,0.0180,     0,0,0,0.00,0.00,-2147483648,0.00,0.00,N/A,1.68,4.69,211.69,0.36,8.96,0.00,0.02,0.08,0.10,  0%,  0%,0.12,0.04,  0%,  0%,0.17,0.28,  0%,  0%,0.38,0.30,  0%,  0%,0.69,99.31,0.00,100.00,0.00,0.00,0.37,99.63,0.00,100.00,0.00,0.00,0.00,0.00,0.00 ,0.00 ,-nan ,-nan ,0.08,0.07,0.01,0.29,0.02,1.00,0.00,0.03,0.94,0.28,0.0011,0.0193,     0,0,0,2.41,97.59,0.00,N/A,1.49,5.11,211.69,0.29,7.28,0.01,0.18,0.01,1.47,0.01,1.00,0.00,0.00,0.92,0.71,0.0001,0.0014,     0,0,0,0.92,99.08,0.00,N/A,2.83,1.93,211.69,1.47,36.73,0.01,0.34,0.02,1.69,0.01,1.00,0.00,0.00,0.95,0.94,0.0000,0.0003,     0,0,0,1.45,98.55,0.00,N/A,5.15,3.06,211.69,1.69,42.13,0.02,0.61,0.00,0.23,0.00,1.00,0.00,0.00,0.45,0.70,0.0031,0.0072,     0,0,0,0.39,99.61,0.00,N/A,0.18,0.81,211.69,0.23,5.63,0.00,0.02,0.00,0.44,0.00,1.00,0.00,0.00,0.93,0.91,0.0001,0.0016,     0,0,0,0.02,99.98,0.00,N/A,0.02,0.05,211.69,0.44,11.12,0.00,0.00,0.00,0.54,0.00,1.00,0.00,0.00,0.87,0.68,0.0006,0.0063,     0,0,0,0.08,99.92,0.00,N/A,0.09,0.17,211.69,0.54,13.53,0.00,0.01,0.00,0.45,0.00,1.00,0.00,0.00,0.50,0.88,0.0003,0.0010,     0,0,0,0.25,99.75,0.00,N/A,0.23,0.52,211.69,0.45,11.19,0.00,0.03,0.00,0.52,0.00,1.00,0.00,0.00,1.00,0.91,0.0000,0.0016,     0,0,0,0.02,99.98,0.00,N/A,0.02,0.04,211.69,0.52,13.03,0.00,0.00,0.01,0.34,0.02,0.77,0.00,0.03,0.96,0.27,0.0008,0.0212,     0,0,0,2.42,97.58,0.00,N/A,1.34,3.97,211.69,0.34,8.45,0.01,0.16,0.00,0.38,0.00,0.49,0.00,0.00,0.70,0.90,0.0005,0.0017,     0,0,0,0.05,99.95,0.00,N/A,0.02,0.05,211.69,0.38,9.47,0.00,0.00,0.00,0.36,0.00,0.49,0.00,0.00,0.50,0.89,0.0008,0.0020,     0,0,0,0.05,99.95,0.00,N/A,0.02,0.05,211.69,0.36,9.08,0.00,0.00,0.00,0.41,0.00,0.48,0.00,0.00,0.63,0.81,0.0007,0.0035,     0,0,0,0.06,99.94,0.00,N/A,0.02,0.06,211.69,0.41,10.33,0.00,0.00,0.00,0.50,0.00,0.75,0.00,0.00,0.87,0.68,0.0007,0.0064,     0,0,0,0.11,99.89,0.00,N/A,0.08,0.17,211.69,0.50,12.56,0.00,0.01,0.00,0.42,0.00,0.56,0.00,0.00,0.74,0.70,0.0013,0.0057,     0,0,0,0.10,99.90,0.00,N/A,0.05,0.12,211.69,0.42,10.58,0.00,0.01,0.00,0.44,0.00,0.55,0.00,0.00,0.79,0.72,0.0009,0.0052,     0,0,0,0.10,99.90,0.00,N/A,0.05,0.11,211.69,0.44,10.93,0.00,0.01,0.00,0.58,0.00,0.75,0.00,0.00,0.76,0.58,0.0014,0.0066,     0,0,0,0.10,99.90,0.00,N/A,0.09,0.16,211.69,0.58,14.39,0.00,0.01,
2024-03-21,21:06:36.879,0.01,0.83,0.01,0.94,0.01,0.07,0.91,0.59,0.0004,0.0042,0.00,0.00,-2147483648,0.00,0.00,17.03,20.46,208.17,0.83,20.82,0.01,0.13,1.40,1.44,2.58,0.65,99.35,0.00,100.00,0.00,0.00,0.00,0.00,-nan,0.07,0.01,0.97,0.01,1.00,0.00,0.04,0.92,0.61,0.0002,0.0030,     0,0,0,0.00,0.00,-2147483648,0.00,0.00,N/A,12.76,13.17,208.17,0.97,24.21,0.01,0.19,0.00,0.59,0.00,0.85,0.00,0.03,0.90,0.56,0.0008,0.0080,     0,0,0,0.00,0.00,-2147483648,0.00,0.00,N/A,4.28,7.28,208.17,0.59,14.67,0.00,0.06,0.07,0.09,  0%,  0%,0.70,0.54,  0%,  0%,0.16,0.29,  0%,  0%,0.90,1.23,  0%,  1%,0.79,99.21,0.00,100.00,0.00,0.00,0.52,99.48,0.00,100.00,0.00,0.00,0.00,0.00,0.00 ,0.00 ,-nan ,-nan ,0.08,0.07,0.01,0.46,0.03,1.00,0.00,0.03,0.94,0.27,0.0006,0.0108,     0,0,0,2.90,97.10,0.00,N/A,2.76,6.03,208.17,0.46,11.46,0.01,0.33,0.01,1.36,0.01,1.00,0.00,0.00,0.51,0.66,0.0002,0.0007,     0,0,0,0.59,99.41,0.00,N/A,1.69,1.25,208.17,1.36,33.88,0.01,0.20,0.04,1.59,0.02,1.00,0.00,0.01,0.92,0.88,0.0001,0.0007,     0,0,0,2.35,97.65,0.00,N/A,7.87,4.96,208.17,1.59,39.66,0.04,0.93,0.00,0.46,0.00,1.00,0.00,0.00,0.75,0.63,0.0013,0.0071,     0,0,0,0.08,99.92,0.00,N/A,0.08,0.17,208.17,0.46,11.59,0.00,0.01,0.00,0.45,0.00,1.00,0.00,0.00,0.83,0.89,0.0003,0.0022,     0,0,0,0.02,99.98,0.00,N/A,0.02,0.05,208.17,0.45,11.32,0.00,0.00,0.00,0.53,0.00,1.00,0.00,0.00,0.88,0.66,0.0006,0.0065,     0,0,0,0.08,99.92,0.00,N/A,0.09,0.16,208.17,0.53,13.14,0.00,0.01,0.00,0.43,0.00,1.00,0.00,0.00,0.55,0.92,0.0002,0.0005,     0,0,0,0.24,99.76,0.00,N/A,0.22,0.50,208.17,0.43,10.79,0.00,0.03,0.00,0.52,0.00,1.00,0.00,0.00,0.90,0.90,0.0001,0.0021,     0,0,0,0.02,99.98,0.00,N/A,0.02,0.04,208.17,0.52,13.09,0.00,0.00,0.01,0.33,0.02,0.80,0.00,0.03,0.96,0.28,0.0009,0.0213,     0,0,0,2.44,97.56,0.00,N/A,1.33,4.04,208.17,0.33,8.26,0.01,0.16,0.01,1.03,0.01,0.98,0.00,0.00,0.42,0.89,0.0008,0.0014,     0,0,0,1.02,98.98,0.00,N/A,2.16,2.10,208.17,1.03,25.63,0.01,0.26,0.00,0.40,0.00,0.53,0.00,0.00,0.76,0.89,0.0004,0.0020,     0,0,0,0.04,99.96,0.00,N/A,0.02,0.05,208.17,0.40,9.90,0.00,0.00,0.00,0.39,0.00,0.60,0.00,0.00,0.85,0.89,0.0003,0.0023,     0,0,0,0.04,99.96,0.00,N/A,0.02,0.05,208.17,0.39,9.83,0.00,0.00,0.00,0.85,0.00,0.94,0.00,0.00,0.85,0.82,0.0003,0.0025,     0,0,0,0.33,99.67,0.00,N/A,0.56,0.66,208.17,0.85,21.26,0.00,0.07,0.00,0.43,0.00,0.70,0.00,0.00,0.83,0.68,0.0009,0.0061,     0,0,0,0.07,99.93,0.00,N/A,0.05,0.11,208.17,0.43,10.87,0.00,0.01,0.00,0.45,0.00,0.70,0.00,0.00,0.82,0.72,0.0009,0.0055,     0,0,0,0.07,99.93,0.00,N/A,0.05,0.11,208.17,0.45,11.31,0.00,0.01,0.00,0.53,0.00,0.79,0.00,0.00,0.69,0.57,0.0017,0.0064,     0,0,0,0.10,99.90,0.00,N/A,0.09,0.17,208.17,0.53,13.34,0.00,0.01,
2024-03-21,21:06:36.979,0.00,0.72,0.00,0.92,0.00,0.07,0.93,0.49,0.0004,0.0057,0.00,0.00,-2147483648,0.00,0.00,12.10,16.78,210.49,0.72,18,100.00,0.93,0.57,0.00,,1.27,0.54,99.46,0.00,100.00,0.00,0.00,0.00,0.00,-nan,0.09,0.01,0.89,0.01,1.00,0.00,0.04,0.91,0.57,0.0003,0.0036,     0,0,0,0.00,0.00,-2147483648,0.00,0.00,N/A,10.24,11.49,210.49,0.89,22.29,0.01,0.15,0.00,0.35,0.00,0.78,0.00,0.03,0.94,0.34,0.0010,0.0170,     0,0,0,0.00,0.00,-2147483648,0.00,0.00,N/A,1.85,5.30,210.49,0.35,8.75,0.00,0.03,0.07,0.09,  0%,  0%,0.15,0.09,  0%,  0%,0.14,0.27,  0%,  0%,0.40,0.46,  0%,  0%,0.68,99.32,0.00,100.00,0.00,0.00,0.40,99.60,0.00,100.00,0.00,0.00,0.00,0.00,0.00 ,0.00 ,-nan ,-nan ,0.10,0.07,0.01,0.30,0.03,1.00,0.00,0.03,0.93,0.28,0.0013,0.0180,     0,0,0,2.65,97.35,0.00,N/A,1.68,5.57,210.49,0.30,7.52,0.01,0.20,0.01,1.31,0.00,1.00,0.00,0.00,0.54,0.65,0.0002,0.0009,     0,0,0,0.41,99.59,0.00,N/A,1.12,0.85,210.49,1.31,32.74,0.01,0.13,0.03,1.67,0.02,1.00,0.00,0.00,0.98,0.88,0.0000,0.0007,     0,0,0,1.68,98.32,0.00,N/A,5.89,3.54,210.49,1.67,41.63,0.03,0.70,0.01,1.29,0.00,1.00,0.00,0.00,0.59,0.70,0.0003,0.0009,     0,0,0,0.46,99.54,0.00,N/A,1.25,0.97,210.49,1.29,32.28,0.01,0.15,0.00,0.42,0.00,1.00,0.00,0.00,1.00,0.91,0.0000,0.0017,     0,0,0,0.02,99.98,0.00,N/A,0.02,0.05,210.49,0.42,10.61,0.00,0.00,0.00,0.50,0.00,1.00,0.00,0.00,0.85,0.65,0.0008,0.0069,     0,0,0,0.08,99.92,0.00,N/A,0.08,0.16,210.49,0.50,12.43,0.00,0.01,0.00,0.61,0.00,1.00,0.00,0.00,0.57,0.90,0.0003,0.0010,     0,0,0,0.14,99.86,0.00,N/A,0.18,0.30,210.49,0.61,15.35,0.00,0.02,0.00,0.54,0.00,1.00,0.00,0.00,0.46,0.80,0.0016,0.0044,     0,0,0,0.02,99.98,0.00,N/A,0.03,0.05,210.49,0.54,13.41,0.00,0.00,0.01,0.32,0.02,0.81,0.00,0.03,0.96,0.27,0.0009,0.0205,     0,0,0,2.58,97.42,0.00,N/A,1.40,4.40,210.49,0.32,7.94,0.01,0.17,0.00,0.42,0.00,0.44,0.00,0.00,0.62,0.85,0.0006,0.0033,     0,0,0,0.06,99.94,0.00,N/A,0.03,0.06,210.49,0.42,10.40,0.00,0.00,0.00,0.42,0.00,0.48,0.00,0.00,0.60,0.80,0.0012,0.0042,     0,0,0,0.06,99.94,0.00,N/A,0.02,0.06,210.49,0.42,10.56,0.00,0.00,0.00,0.42,0.00,0.45,0.00,0.00,0.88,0.81,0.0004,0.0040,     0,0,0,0.06,99.94,0.00,N/A,0.02,0.06,210.49,0.42,10.43,0.00,0.00,0.00,0.52,0.00,0.60,0.00,0.00,0.86,0.64,0.0008,0.0069,     0,0,0,0.16,99.84,0.00,N/A,0.10,0.20,210.49,0.52,12.91,0.00,0.01,0.00,0.45,0.00,0.75,0.00,0.00,0.80,0.69,0.0010,0.0057,     0,0,0,0.07,99.93,0.00,N/A,0.05,0.10,210.49,0.45,11.31,0.00,0.01,0.00,0.45,0.00,0.75,0.00,0.00,0.80,0.72,0.0010,0.0054,     0,0,0,0.07,99.93,0.00,N/A,0.05,0.10,210.49,0.45,11.33,0.00,0.01,0.00,0.60,0.00,0.83,0.00,0.00,0.70,0.54,0.0019,0.0073,     0,0,0,0.18,99.82,0.00,N/A,0.18,0.31,210.49,0.60,14.88,0.00,0.02,
2024-03-21,21:06:37.079,0.00,0.75,0.01,0.90,0.00,0.07,0.93,0.52,0.0004,0.0052,0.00,0.00,-2147483648,0.00,0.00,13.32,17.69,211.63,0.75,18.82,0.00,0.10,1.38,1.74,1.90,0.58,99.42,0.00,100.00,0.00,0.00,0.00,0.00,-nan,0.09,0.01,0.92,0.01,1.00,0.00,0.04,0.92,0.62,0.0003,0.0033,     0,0,0,0.00,0.00,-2147483648,0.00,0.00,N/A,11.41,12.37,211.63,0.92,23.05,0.01,0.17,0.00,0.36,0.00,0.73,0.00,0.03,0.93,0.33,0.0011,0.0169,     0,0,0,0.00,0.00,-2147483648,0.00,0.00,N/A,1.91,5.32,211.63,0.36,8.98,0.00,0.03,0.54,0.46,  0%,  0%,0.23,0.15,  0%,  0%,0.66,0.23,  0%,  0%,0.62,0.40,  0%,  0%,0.73,99.27,0.00,100.00,0.00,0.00,0.43,99.57,0.00,100.00,0.00,0.00,0.00,0.00,0.00 ,0.00 ,-nan ,-nan ,0.08,0.10,0.01,0.30,0.03,1.00,0.00,0.03,0.93,0.28,0.0013,0.0184,     0,0,0,2.58,97.42,0.00,N/A,1.64,5.46,211.63,0.30,7.52,0.01,0.19,0.01,1.35,0.01,1.00,0.00,0.00,0.61,0.64,0.0002,0.0008,     0,0,0,0.54,99.46,0.00,N/A,1.53,1.14,211.63,1.35,33.64,0.01,0.18,0.04,1.62,0.02,1.00,0.00,0.00,0.94,0.90,0.0000,0.0006,     0,0,0,2.28,97.72,0.00,N/A,7.78,4.79,211.63,1.62,40.61,0.04,0.93,0.00,0.43,0.00,1.00,0.00,0.00,0.78,0.66,0.0011,0.0067,     0,0,0,0.09,99.91,0.00,N/A,0.08,0.18,211.63,0.43,10.83,0.00,0.01,0.00,0.46,0.00,1.00,0.00,0.00,0.90,0.89,0.0002,0.0020,     0,0,0,0.02,99.98,0.00,N/A,0.02,0.05,211.63,0.46,11.54,0.00,0.00,0.00,0.48,0.00,1.00,0.00,0.00,0.88,0.69,0.0006,0.0060,     0,0,0,0.08,99.92,0.00,N/A,0.09,0.18,211.63,0.48,12.05,0.00,0.01,0.00,0.47,0.00,1.00,0.00,0.00,0.54,0.93,0.0002,0.0006,     0,0,0,0.24,99.76,0.00,N/A,0.24,0.51,211.63,0.47,11.86,0.00,0.03,0.00,0.32,0.00,1.00,0.00,0.00,0.89,0.91,0.0001,0.0016,     0,0,0,0.03,99.97,0.00,N/A,0.02,0.06,211.63,0.32,8.04,0.00,0.00,0.01,0.32,0.02,0.76,0.00,0.03,0.96,0.27,0.0008,0.0210,     0,0,0,2.61,97.39,0.00,N/A,1.37,4.22,211.63,0.32,8.09,0.01,0.16,0.00,0.36,0.00,0.49,0.00,0.00,0.68,0.90,0.0005,0.0017,     0,0,0,0.05,99.95,0.00,N/A,0.02,0.05,211.63,0.36,9.03,0.00,0.00,0.00,0.33,0.00,0.58,0.00,0.00,0.57,0.89,0.0007,0.0019,     0,0,0,0.05,99.95,0.00,N/A,0.02,0.06,211.63,0.33,8.20,0.00,0.00,0.00,0.37,0.00,0.49,0.00,0.00,0.89,0.89,0.0002,0.0021,     0,0,0,0.05,99.95,0.00,N/A,0.02,0.05,211.63,0.37,9.37,0.00,0.00,0.00,0.47,0.00,0.56,0.00,0.00,0.82,0.66,0.0010,0.0065,     0,0,0,0.14,99.86,0.00,N/A,0.08,0.16,211.63,0.47,11.85,0.00,0.01,0.00,0.47,0.00,0.42,0.00,0.00,0.82,0.66,0.0010,0.0068,     0,0,0,0.12,99.88,0.00,N/A,0.05,0.11,211.63,0.47,11.78,0.00,0.01,0.00,0.49,0.00,0.42,0.00,0.00,0.82,0.71,0.0008,0.0058,     0,0,0,0.12,99.88,0.00,N/A,0.05,0.10,211.63,0.49,12.31,0.00,0.01,0.00,0.55,0.00,0.90,0.00,0.00,0.65,0.45,0.0024,0.0077,     0,0,0,0.29,99.71,0.00,N/A,0.31,0.56,211.63,0.55,13.72,0.00,0.04,
2024-03-21,21:06:37.178,0.00,0.77,0.01,0.93,0.00,0.07,0.93,0.54,0.0004,0.0052,0.00,0.00,-2147483648,0.00,0.00,12.95,16.90,207.71,0.77,19.16,0.00,0.10,0.70,0.57,2.23,0.55,99.45,0.00,100.00,0.00,0.00,0.00,0.00,-nan,0.08,0.01,0.96,0.01,1.00,0.00,0.04,0.92,0.63,0.0003,0.0032,     0,0,0,0.00,0.00,-2147483648,0.00,0.00,N/A,11.07,11.56,207.71,0.96,23.96,0.01,0.17,0.00,0.35,0.00,0.81,0.00,0.03,0.94,0.34,0.0009,0.0168,     0,0,0,0.00,0.00,-2147483648,0.00,0.00,N/A,1.88,5.35,207.71,0.35,8.79,0.00,0.03,0.19,0.27,  0%,  0%,0.14,0.10,  0%,  0%,0.53,0.77,  0%,  0%,0.49,0.44,  0%,  0%,0.69,99.31,0.00,100.00,0.00,0.00,0.40,99.60,0.00,100.00,0.00,0.00,0.00,0.00,0.00 ,0.00 ,-nan ,-nan ,0.08,0.09,0.01,0.32,0.02,1.00,0.00,0.03,0.92,0.28,0.0014,0.0184,     0,0,0,2.50,97.50,0.00,N/A,1.66,5.18,207.71,0.32,7.98,0.01,0.20,0.01,1.45,0.01,1.00,0.00,0.00,0.64,0.67,0.0002,0.0007,     0,0,0,0.51,99.49,0.00,N/A,1.56,1.07,207.71,1.45,36.30,0.01,0.19,0.04,1.71,0.02,1.00,0.00,0.00,0.97,0.95,0.0000,0.0003,     0,0,0,2.07,97.93,0.00,N/A,7.38,4.32,207.71,1.71,42.72,0.04,0.88,0.00,0.52,0.00,1.00,0.00,0.00,0.79,0.67,0.0009,0.0065,     0,0,0,0.07,99.93,0.00,N/A,0.08,0.15,207.71,0.52,13.03,0.00,0.01,0.00,0.44,0.00,1.00,0.00,0.00,0.89,0.94,0.0001,0.0011,     0,0,0,0.02,99.98,0.00,N/A,0.02,0.05,207.71,0.44,11.02,0.00,0.00,0.00,0.55,0.00,1.00,0.00,0.00,0.90,0.68,0.0005,0.0066,     0,0,0,0.07,99.93,0.00,N/A,0.08,0.15,207.71,0.55,13.63,0.00,0.01,0.00,0.48,0.00,1.00,0.00,0.00,0.64,0.82,0.0004,0.0018,     0,0,0,0.29,99.71,0.00,N/A,0.29,0.60,207.71,0.48,11.98,0.00,0.03,0.00,0.50,0.00,1.00,0.00,0.00,0.95,0.91,0.0001,0.0016,     0,0,0,0.02,99.98,0.00,N/A,0.02,0.04,207.71,0.50,12.58,0.00,0.00,0.01,0.31,0.02,0.83,0.00,0.03,0.96,0.28,0.0009,0.0205,     0,0,0,2.55,97.45,0.00,N/A,1.39,4.41,207.71,0.31,7.87,0.01,0.17,0.00,0.40,0.00,0.56,0.00,0.00,0.25,0.91,0.0010,0.0018,     0,0,0,0.05,99.95,0.00,N/A,0.02,0.05,207.71,0.40,9.95,0.00,0.00,0.00,0.41,0.00,0.48,0.00,0.00,0.85,0.81,0.0003,0.0039,     0,0,0,0.06,99.94,0.00,N/A,0.02,0.06,207.71,0.41,10.21,0.00,0.00,0.00,0.44,0.00,0.57,0.00,0.00,0.86,0.82,0.0002,0.0037,     0,0,0,0.05,99.95,0.00,N/A,0.02,0.06,207.71,0.44,10.90,0.00,0.00,0.00,0.50,0.00,0.76,0.00,0.00,0.87,0.69,0.0007,0.0060,     0,0,0,0.10,99.90,0.00,N/A,0.08,0.16,207.71,0.50,12.60,0.00,0.01,0.00,0.45,0.00,0.62,0.00,0.00,0.83,0.69,0.0009,0.0056,     0,0,0,0.09,99.91,0.00,N/A,0.05,0.11,207.71,0.45,11.21,0.00,0.01,0.00,0.45,0.00,0.62,0.00,0.00,0.80,0.73,0.0009,0.0053,     0,0,0,0.08,99.92,0.00,N/A,0.05,0.11,207.71,0.45,11.19,0.00,0.01,0.00,0.62,0.00,0.91,0.00,0.00,0.78,0.49,0.0014,0.0076,     0,0,0,0.21,99.79,0.00,N/A,0.25,0.40,207.71,0.62,15.46,0.00,0.03,
2024-03-21,21:06:37.279,0.00,0.83,0.01,0.90,0.00,0.07,0.93,0.55,0.0003,0.0048,0.00,0.00,-2147483648,0.00,0.00,14.73,17.73,210.19,0.83,20.77,0.00,0.11,0.75,0.61,1.69,0.58,99.42,0.00,100.00,0.00,0.00,0.00,0.00,-nan,0.08,0.01,1.01,0.01,1.00,0.00,0.04,0.91,0.64,0.0002,0.0030,     0,0,0,0.00,0.00,-2147483648,0.00,0.00,N/A,12.89,12.71,210.19,1.01,25.37,0.01,0.19,0.00,0.37,00,0,0.00.00,-2147483648,0.34,0.0009,0.0172,     0,0,0,0.00,0.00,-2147483648,0.00,0.00,N/A,1.84,5.02,210.19,0.37,9.15,0.00,0.03,0.35,0.25,  0%,  0%,0.12,0.04,  0%,  0%,0.40,0.68,  0%,  0%,0.29,0.32,  0%,  0%,0.75,99.25,0.00,100.00,0.00,0.00,0.41,99.59,0.00,100.00,0.00,0.00,0.00,0.00,0.00 ,0.00 ,-nan ,-nan ,0.08,0.08,0.01,0.33,0.02,1.00,0.00,0.03,0.92,0.27,0.0014,0.0184,     0,0,0,2.38,97.62,0.00,N/A,1.65,4.99,210.19,0.33,8.25,0.01,0.20,0.04,1.63,0.02,1.00,0.00,0.00,0.92,0.87,0.0000,0.0006,     0,0,0,2.22,97.78,0.00,N/A,7.63,4.68,210.19,1.63,40.81,0.04,0.91,0.01,1.57,0.01,1.00,0.00,0.00,0.88,0.93,0.0000,0.0005,     0,0,0,0.89,99.11,0.00,N/A,2.96,1.88,210.19,1.57,39.33,0.01,0.35,0.00,0.63,0.00,1.00,0.00,0.00,0.71,0.73,0.0009,0.0042,     0,0,0,0.17,99.83,0.00,N/A,0.23,0.36,210.19,0.63,15.84,0.00,0.03,0.00,0.40,0.00,1.00,0.00,0.00,0.87,0.90,0.0002,0.0019,     0,0,0,0.03,99.97,0.00,N/A,0.02,0.05,210.19,0.40,9.92,0.00,0.00,0.00,0.54,0.00,1.00,0.00,0.00,0.92,0.66,0.0004,0.0069,     0,0,0,0.07,99.93,0.00,N/A,0.08,0.15,210.19,0.54,13.45,0.00,0.01,0.00,0.51,0.00,1.00,0.00,0.00,0.70,0.92,0.0001,0.0006,     0,0,0,0.19,99.81,0.00,N/A,0.20,0.39,210.19,0.51,12.73,0.00,0.02,0.00,0.61,0.00,1.00,0.00,0.00,0.74,0.59,0.0011,0.0062,     0,0,0,0.09,99.91,0.00,N/A,0.12,0.19,210.19,0.61,15.23,0.00,0.01,0.01,0.33,0.02,0.77,0.00,0.03,0.96,0.27,0.0009,0.0212,     0,0,0,2.52,97.48,0.00,N/A,1.34,4.09,210.19,0.33,8.18,0.01,0.16,0.00,0.41,0.00,0.52,0.00,0.00,0.90,0.93,0.0001,0.0014,     0,0,0,0.05,99.95,0.00,N/A,0.02,0.05,210.19,0.41,10.19,0.00,0.00,0.00,0.45,0.00,0.64,0.00,0.00,0.80,0.70,0.0007,0.0058,     0,0,0,0.08,99.92,0.00,N/A,0.05,0.11,210.19,0.45,11.18,0.00,0.01,0.00,0.35,0.00,0.56,0.00,0.00,0.79,0.91,0.0003,0.0016,     0,0,0,0.05,99.95,0.00,N/A,0.02,0.06,210.19,0.35,8.66,0.00,0.00,0.00,0.49,0.00,0.74,0.00,0.00,0.85,0.66,0.0009,0.0066,     0,0,0,0.10,99.90,0.00,N/A,0.08,0.16,210.19,0.49,12.32,0.00,0.01,0.00,0.45,0.00,0.73,0.00,0.00,0.81,0.67,0.0010,0.0065,     0,0,0,0.07,99.93,0.00,N/A,0.05,0.11,210.19,0.45,11.35,0.00,0.01,0.00,0.48,0.00,0.74,0.00,0.00,0.83,0.74,0.0008,0.0052,     0,0,0,0.07,99.93,0.00,N/A,0.05,0.10,210.19,0.48,11.91,0.00,0.01,0.00,0.69,0.00,0.48,0.00,0.00,0.82,0.49,0.0012,0.0075,     0,0,0,0.33,99.67,0.00,N/A,0.23,0.33,210.19,0.69,17.19,0.00,0.03,
2024-03-21,21:06:37.379,0.00,0.68,0.01,0.95,0.01,0.07,0.91,0.53,0.0005,0.0053,0.00,0.00,-2147483648,0.00,0.00,13.88,20.49,211.96,0.68,16.93,0.00,0.10,0.81,0.36,1.80,0.64,99.36,0.00,100.00,0.00,0.00,0.00,0.00,-nan,0.08,0.01,0.80,0.01,1.00,0.00,0.04,0.89,0.62,0.0004,0.0035,     0,0,0,0.00,0.00,-2147483648,0.00,0.00,N/A,11.69,14.70,211.96,0.80,19.89,0.01,0.17,0.00,0.38,0.00,0.83,0.00,0.03,0.93,0.34,0.0010,0.0151,     0,0,0,0.00,0.00,-2147483648,0.00,0.00,N/A,2.18,5.79,211.96,0.38,9.43,0.00,0.03,0.30,0.35,  0%,  0%,0.12,0.04,  0%,  0%,0.55,0.83,  0%,  0%,0.25,0.17,  0%,  0%,0.87,99.13,0.00,100.00,0.00,0.00,0.41,99.59,0.00,100.00,0.00,0.00,0.00,0.00,0.00 ,0.00 ,-nan ,-nan ,0.08,0.08,0.01,0.31,0.03,1.00,0.00,0.03,0.92,0.27,0.0014,0.0181,     0,0,0,2.55,97.45,0.00,N/A,1.69,5.41,211.96,0.31,7.82,0.01,0.20,0.01,0.59,0.01,1.00,0.00,0.00,0.58,0.79,0.0003,0.0010,     0,0,0,1.20,98.80,0.00,N/A,1.51,2.55,211.96,0.59,14.82,0.01,0.18,0.02,1.63,0.01,1.00,0.00,0.00,0.95,0.84,0.0000,0.0008,     0,0,0,1.48,98.52,0.00,N/A,5.09,3.12,211.96,1.63,40.87,0.02,0.61,0.00,0.52,0.00,1.00,0.00,0.00,0.75,0.66,0.0011,0.0066,     0,0,0,0.07,99.93,0.00,N/A,0.08,0.15,211.96,0.52,12.93,0.00,0.01,0.00,0.41,0.00,1.00,0.00,0.00,0.84,0.92,0.0002,0.0015,     0,0,0,0.02,99.98,0.00,N/A,0.02,0.05,211.96,0.41,10.24,0.00,0.00,0.01,1.48,0.01,1.00,0.00,0.00,0.80,0.80,0.0002,0.0012,     0,0,0,0.65,99.35,0.00,N/A,2.03,1.37,211.96,1.48,37.09,0.01,0.24,0.01,0.62,0.01,1.00,0.00,0.00,0.40,0.92,0.0005,0.0012,     0,0,0,0.95,99.05,0.00,N/A,1.24,2.01,211.96,0.62,15.48,0.01,0.15,0.00,0.51,0.00,1.00,0.00,0.00,0.84,0.90,0.0003,0.0020,     0,0,0,0.02,99.98,0.00,N/A,0.02,0.04,211.96,0.51,12.82,0.00,0.00,0.01,0.33,0.02,0.85,0.00,0.03,0.95,0.27,0.0009,0.0197,     0,0,0,2.49,97.51,0.00,N/A,1.49,4.47,211.96,0.33,8.33,0.01,0.18,0.00,0.42,0.00,0.58,0.00,0.00,0.64,0.89,0.0004,0.0018,     0,0,0,0.05,99.95,0.00,N/A,0.03,0.07,211.96,0.42,10.62,0.00,0.00,0.00,0.32,0.00,0.67,0.00,0.00,0.54,0.81,0.0014,0.0035,     0,0,0,0.06,99.94,0.00,N/A,0.03,0.09,211.96,0.32,8.10,0.00,0.00,0.00,0.38,0.00,0.54,0.00,0.00,0.68,0.88,0.0006,0.0022,     0,0,0,0.05,99.95,0.00,N/A,0.02,0.06,211.96,0.38,9.53,0.00,0.00,0.00,0.55,0.00,0.88,0.00,0.00,0.45,0.64,0.0013,0.0037,     0,0,0,0.28,99.72,0.00,N/A,0.29,0.52,211.96,0.55,13.82,0.00,0.03,0.00,0.46,0.00,0.79,0.00,0.00,0.81,0.68,0.0010,0.0060,     0,0,0,0.06,99.94,0.00,N/A,0.05,0.10,211.96,0.46,11.42,0.00,0.01,0.00,0.49,0.00,0.76,0.00,0.00,0.85,0.71,0.0007,0.0060,     0,0,0,0.07,99.93,0.00,N/A,0.05,0.11,211.96,0.49,12.14,0.00,0.01,0.00,0.61,0.00,0.79,0.00,0.00,0.80,0.50,0.0013,0.0075,     0,0,0,0.23,99.77,0.00,N/A,0.23,0.38,211.96,0.61,15.21,0.00,0.03,
2024-03-21,21:06:37.480,0.00,0.82,0.01,0.89,0.01,0.07,0.93,0.55,0.0003,0.0048,0.00,0.00,-2147483648,0.00,0.00,14.37,17.58,210.35,0.82,20.43,0.00,0.11,0.74,0.67,2.51,0.59,99.41,0.00,100.00,0.00,0.00,0.00,0.00,-nan,0.08,0.01,0.99,0.01,1.00,0.00,0.04,0.91,0.65,0.0003,0.0030,     0,0,0,0.00,0.00,-2147483648,0.00,0.00,N/A,12.53,12.65,210.35,0.99,24.77,0.01,0.19,0.00,0.37,0.00,0.68,0.00,0.03,0.94,0.34,0.0010,0.0172,     0,0,0,0.00,0.00,-2147483648,0.00,0.00,N/A,1.83,4.93,210.35,0.37,9.29,0.00,0.03,0.18,0.40,  0%,  0%,0.12,0.04,  0%,  0%,0.59,1.38,  0%,  1%,0.30,0.23,  0%,  0%,0.75,99.25,0.00,100.00,0.00,0.00,0.43,99.57,0.00,100.00,0.00,0.00,0.00,0.00,0.00 ,0.00 ,-nan ,-nan ,0.09,0.07,0.01,0.32,0.03,1.00,0.00,0.03,0.91,0.27,0.0015,0.0182,     0,0,0,2.56,97.44,0.00,N/A,1.70,5.38,210.35,0.32,7.89,0.01,0.20,0.00,0.91,0.00,1.00,0.00,0.00,0.63,0.69,0.0003,0.0014,     0,0,0,0.28,99.72,0.00,N/A,0.53,0.58,210.35,0.91,22.84,0.00,0.06,0.00,0.50,0.00,1.00,0.00,0.00,0.61,0.70,0.0013,0.0058,     0,0,0,0.05,99.95,0.00,N/A,0.05,0.10,210.35,0.50,12.51,0.00,0.01,0.05,1.69,0.03,1.00,0.00,0.01,0.93,0.91,0.0000,0.0005,     0,0,0,2.79,97.21,0.00,N/A,9.95,5.89,210.35,1.69,42.19,0.05,1.18,0.00,0.43,0.00,1.00,0.00,0.00,0.91,0.93,0.0001,0.0014,     0,0,0,0.02,99.98,0.00,N/A,0.02,0.05,210.35,0.43,10.65,0.00,0.00,0.00,0.53,0.00,1.00,0.00,0.00,0.85,0.67,0.0008,0.0067,     0,0,0,0.07,99.93,0.00,N/A,0.08,0.15,210.35,0.53,13.23,0.00,0.01,0.00,0.42,0.00,1.00,0.00,0.00,0.67,0.95,0.0001,0.0003,     0,0,0,0.22,99.78,0.00,N/A,0.19,0.46,210.35,0.42,10.40,0.00,0.02,0.00,0.46,0.00,1.00,0.00,0.00,0.96,0.90,0.0001,0.0019,     0,0,0,0.02,99.98,0.00,N/A,0.02,0.04,210.35,0.46,11.40,0.00,0.00,0.01,0.34,0.02,0.72,0.00,0.03,0.96,0.28,0.0008,0.0212,     0,0,0,2.61,97.39,0.00,N/A,1.33,3.97,210.35,0.34,8.39,0.01,0.16,0.00,0.39,0.00,0.43,0.00,0.00,0.42,0.92,0.0006,0.0015,     0,0,0,0.06,99.94,0.00,N/A,0.02,0.06,210.35,0.39,9.85,0.00,0.00,0.00,0.37,0.00,0.54,0.00,0.00,0.46,0.90,0.0007,0.0018,     0,0,0,0.05,99.95,0.00,N/A,0.02,0.05,210.35,0.37,9.32,0.00,0.00,0.00,0.40,0.00,0.43,0.00,0.00,0.96,0.81,0.0001,0.0037,     0,0,0,0.06,99.94,0.00,N/A,0.02,0.06,210.35,0.40,10.03,0.00,0.00,0.00,0.50,0.00,0.51,0.00,0.00,0.83,0.67,0.0009,0.0067,     0,0,0,0.16,99.84,0.00,N/A,0.09,0.17,210.35,0.50,12.40,0.00,0.01,0.00,0.46,0.00,0.44,0.00,0.00,0.77,0.66,0.0014,0.0065,     0,0,0,0.11,99.89,0.00,N/A,0.05,0.10,210.35,0.46,11.50,0.00,0.01,0.00,0.46,0.00,0.42,0.00,0.00,0.63,0.66,0.0020,0.0073,     0,0,0,0.16,99.84,0.00,N/A,0.07,0.14,210.35,0.46,11.56,0.00,0.01,0.00,0.63,0.00,0.87,0.00,0.00,0.78,0.50,0.0014,0.0075,     0,0,0,0.20,99.80,0.00,N/A,0.23,0.37,210.35,0.63,15.70,0.00,0.03,
2024-03-21,21:06:37.579,0.00,0.76,0.01,0.91,0.01,0.07,0.92,0.50,0.0004,0.0051,0.00,0.00,-2147483648,0.00,0.00,13.85,18.28,209.56,0.76,18.93,0.00,0.10,0.59,0.74,1.52,0.60,99.40,0.00,100.00,0.00,0.00,0.00,0.00,-nan,0.08,0.01,0.92,0.01,1.00,0.00,0.04,0.91,0.58,0.0003,0.0033,     0,0,0,0.00,0.00,-2147483648,0.00,0.00,N/A,11.92,12.97,209.56,0.92,22.97,0.01,0.18,0.00,0.36,0.00,0.74,0.00,0.03,0.95,0.35,0.0009,0.0165,     0,0,0,0.00,0.00,-2147483648,0.00,0.00,N/A,1.93,5.31,209.56,0.36,9.08,0.00,0.03,0.22,0.21,  0%,  0%,0.11,0.05,  0%,  0%,0.40,0.52,  0%,  0%,0.34,0.26,  0%,  0%,0.77,99.23,0.00,100.00,0.00,0 ,0.00%,  0%,0.16,0.27,  0,0.00,0.00,0.00,0.00,0.00 ,0.00 ,-nan ,-nan ,0.09,0.08,0.01,0.29,0.03,1.00,0.00,0.03,0.93,0.27,0.0013,0.0182,     0,0,0,2.74,97.26,0.00,N/A,1.66,5.74,209.56,0.29,7.24,0.01,0.20,0.01,1.42,0.01,1.00,0.00,0.00,0.53,0.66,0.0002,0.0005,     0,0,0,0.86,99.14,0.00,N/A,2.54,1.79,209.56,1.42,35.44,0.01,0.30,0.00,1.20,0.00,1.00,0.00,0.00,0.66,0.60,0.0003,0.0012,     0,0,0,0.26,99.74,0.00,N/A,0.66,0.55,209.56,1.20,30.09,0.00,0.08,0.03,1.63,0.02,1.00,0.00,0.00,0.94,0.88,0.0000,0.0008,     0,0,0,1.94,98.06,0.00,N/A,6.60,4.05,209.56,1.63,40.75,0.03,0.79,0.00,0.41,0.00,1.00,0.00,0.00,0.81,0.90,0.0003,0.0020,     0,0,0,0.02,99.98,0.00,N/A,0.02,0.05,209.56,0.41,10.31,0.00,0.00,0.00,0.56,0.00,1.00,0.00,0.00,0.89,0.68,0.0005,0.0063,     0,0,0,0.07,99.93,0.00,N/A,0.08,0.14,209.56,0.56,13.98,0.00,0.01,0.00,0.51,0.00,1.00,0.00,0.00,0.52,0.93,0.0002,0.0005,     0,0,0,0.16,99.84,0.00,N/A,0.17,0.34,209.56,0.51,12.66,0.00,0.02,0.00,0.58,0.00,1.00,0.00,0.00,0.70,0.56,0.0016,0.0066,     0,0,0,0.14,99.86,0.00,N/A,0.18,0.30,209.56,0.58,14.60,0.00,0.02,0.01,0.32,0.02,0.75,0.00,0.03,0.96,0.27,0.0009,0.0208,     0,0,0,2.72,97.28,0.00,N/A,1.37,4.26,209.56,0.32,8.07,0.01,0.16,0.00,0.41,0.00,0.58,0.00,0.00,0.70,0.90,0.0004,0.0018,     0,0,0,0.04,99.96,0.00,N/A,0.02,0.05,209.56,0.41,10.37,0.00,0.00,0.00,0.48,0.00,0.75,0.00,0.00,0.82,0.69,0.0008,0.0056,     0,0,0,0.10,99.90,0.00,N/A,0.07,0.16,209.56,0.48,11.96,0.00,0.01,0.00,0.43,0.00,0.58,0.00,0.00,0.90,0.90,0.0001,0.0017,     0,0,0,0.04,99.96,0.00,N/A,0.02,0.05,209.56,0.43,10.73,0.00,0.00,0.00,0.49,0.00,0.70,0.00,0.00,0.84,0.69,0.0009,0.0063,     0,0,0,0.11,99.89,0.00,N/A,0.08,0.16,209.56,0.49,12.26,0.00,0.01,0.00,0.41,0.00,0.65,0.00,0.00,0.70,0.76,0.0012,0.0042,     0,0,0,0.08,99.92,0.00,N/A,0.04,0.11,209.56,0.41,10.27,0.00,0.01,0.00,0.44,0.00,0.60,0.00,0.00,0.78,0.76,0.0007,0.0038,     0,0,0,0.10,99.90,0.00,N/A,0.05,0.12,209.56,0.44,11.12,0.00,0.01,0.00,0.64,0.00,0.89,0.00,0.00,0.86,0.56,0.0009,0.0073,     0,0,0,0.21,99.79,0.00,N/A,0.26,0.40,209.56,0.64,15.99,0.00,0.03,
2024-03-21,21:06:37.680,0.00,0.71,0.00,0.91,0.00,0.07,0.93,0.48,0.0004,0.0060,0.00,0.00,-2147483648,0.00,0.00,11.63,16.40,210.15,0.71,17.73,0.00,0.09,0.64,0.63,1.67,0.54,99.46,0.00,100.00,0.00,0.00,0.00,0.00,-nan,0.09,0.01,0.88,0.01,1.00,0.00,0.04,0.91,0.55,0.0003,0.0039,     0,0,0,0.00,0.00,-2147483648,0.00,0.00,N/A,9.70,10.98,210.15,0.88,22.08,0.01,0.14,0.00,0.36,0.00,0.77,0.00,0.03,0.95,0.34,0.0009,0.0167,     0,0,0,0.00,0.00,-2147483648,0.00,0.00,N/A,1.93,5.42,210.15,0.36,8.90,0.00,0.03,0.12,0.26,  0%,  0%,0.16,0.10,  0%,  0%,0.43,0.65,  0%,  0%,0.35,0.23,  0%,  0%,0.65,99.35,0.00,100.00,0.00,0.00,0.42,99.58,0.00,100.00,0.00,0.00,0.00,0.00,0.00 ,0.00 ,-nan ,-nan ,0.08,0.10,0.01,0.32,0.03,1.00,0.00,0.03,0.92,0.28,0.0014,0.0181,     0,0,0,2.53,97.47,0.00,N/A,1.69,5.31,210.15,0.32,7.94,0.01,0.20,0.01,1.51,0.01,1.00,0.00,0.00,0.61,0.67,0.0001,0.0005,     0,0,0,0.59,99.41,0.00,N/A,1.88,1.25,210.15,1.51,37.69,0.01,0.22,0.00,0.50,0.00,1.00,0.00,0.00,0.78,0.70,0.0007,0.0060,     0,0,0,0.05,99.95,0.00,N/A,0.05,0.10,210.15,0.50,12.59,0.00,0.01,0.00,0.49,0.00,1.00,0.00,0.00,0.77,0.68,0.0011,0.0061,     0,0,0,0.07,99.93,0.00,N/A,0.07,0.15,210.15,0.49,12.19,0.00,0.01,0.00,0.44,0.00,1.00,0.00,0.00,0.88,0.91,0.0002,0.0015,     0,0,0,0.02,99.98,0.00,N/A,0.02,0.05,210.15,0.44,10.97,0.00,0.00,0.03,1.60,0.02,1.00,0.00,0.00,0.96,0.86,0.0000,0.0009,     0,0,0,1.69,98.31,0.00,N/A,5.70,3.56,210.15,1.60,40.03,0.03,0.68,0.00,0.49,0.00,1.00,0.00,0.00,0.76,0.94,0.0001,0.0004,     0,0,0,0.18,99.82,0.00,N/A,0.18,0.37,210.15,0.49,12.36,0.00,0.02,0.00,0.54,0.00,1.00,0.00,0.00,0.69,0.58,0.0016,0.0068,     0,0,0,0.09,99.91,0.00,N/A,0.11,0.20,210.15,0.54,13.53,0.00,0.01,0.01,0.32,0.02,0.82,0.00,0.03,0.96,0.27,0.0008,0.0207,     0,0,0,2.53,97.47,0.00,N/A,1.38,4.35,210.15,0.32,7.91,0.01,0.16,0.00,0.38,0.00,0.45,0.00,0.00,0.76,0.92,0.0003,0.0015,     0,0,0,0.06,99.94,0.00,N/A,0.02,0.06,210.15,0.38,9.44,0.00,0.00,0.00,0.41,0.00,0.58,0.00,0.00,0.66,0.80,0.0011,0.0035,     0,0,0,0.09,99.91,0.00,N/A,0.05,0.11,210.15,0.41,10.34,0.00,0.01,0.00,0.37,0.00,0.46,0.00,0.00,0.79,0.91,0.0002,0.0017,     0,0,0,0.06,99.94,0.00,N/A,0.02,0.06,210.15,0.37,9.34,0.00,0.00,0.00,0.52,0.00,0.55,0.00,0.00,0.86,0.66,0.0008,0.0068,     0,0,0,0.13,99.87,0.00,N/A,0.08,0.15,210.15,0.52,13.03,0.00,0.01,0.00,0.46,0.00,0.48,0.00,0.00,0.89,0.58,0.0010,0.0089,     0,0,0,0.23,99.77,0.00,N/A,0.11,0.23,210.15,0.46,11.59,0.00,0.01,0.00,0.47,0.00,0.67,0.00,0.00,0.84,0.72,0.0008,0.0053,     0,0,0,0.07,99.93,0.00,N/A,0.05,0.10,210.15,0.47,11.68,0.00,0.01,0.00,0.64,0.00,0.88,0.00,0.00,0.82,0.52,0.0012,0.0073,     0,0,0,0.20,99.80,0.00,N/A,0.23,0.37,210.15,0.64,15.91,0.00,0.03,
2024-03-21,21:06:37.779,0.00,0.81,0.01,0.89,0.00,0.07,0.93,0.53,0.0003,0.0049,0.00,0.00,-2147483648,0.00,0.00,13.84,17.10,209.83,0.81,20.24,0.00,0.10,0.60,0.34,1.11,0.57,99.43,0.00,100.00,0.00,0.00,0.00,0.00,-nan,0.08,0.01,0.99,0.01,1.00,0.00,0.04,0.91,0.62,0.0002,0.0030,     0,0,0,0.00,0.00,-2147483648,0.00,0.00,N/A,11.99,12.06,209.83,0.99,24.84,0.01,0.18,0.00,0.37,0.00,0.70,0.00,0.03,0.95,0.34,0.0009,0.0170,     0,0,0,0.00,0.00,-2147483648,0.00,0.00,N/A,1.86,5.04,209.83,0.37,9.21,0.00,0.03,0.14,0.13,  0%,  0%,0.25,0.08,  0%,  0%,0.25,0.40,  0%,  0%,0.26,0.19,  0%,  0%,0.72,99.28,0.00,100.00,0.00,0.00,0.43,99.57,0.00,100.00,0.00,0.00,0.00,0.00,0.00 ,0.00 ,-nan ,-nan ,0.08,0.08,0.01,0.33,0.02,1.00,0.00,0.03,0.93,0.27,0.0013,0.0185,     0,0,0,2.38,97.62,0.00,N/A,1.64,5.00,209.83,0.33,8.18,0.01,0.20,0.01,1.48,0.01,1.00,0.00,0.00,0.56,0.67,0.0001,0.0005,     0,0,0,0.90,99.10,0.00,N/A,2.79,1.89,209.83,1.48,36.94,0.01,0.33,0.00,0.47,0.00,1.00,0.00,0.00,0.78,0.70,0.0008,0.0058,     0,0,0,0.06,99.94,0.00,N/A,0.06,0.14,209.83,0.47,11.70,0.00,0.01,0.00,0.52,0.00,1.00,0.00,0.00,0.82,0.69,0.0007,0.0064,     0,0,0,0.07,99.93,0.00,N/A,0.08,0.15,209.83,0.52,13.07,0.00,0.01,0.00,0.37,0.00,1.00,0.00,0.00,0.93,0.92,0.0001,0.0014,     0,0,0,0.03,99.97,0.00,N/A,0.02,0.06,209.83,0.37,9.26,0.00,0.00,0.03,1.68,0.02,1.00,0.00,0.00,0.95,0.93,0.0000,0.0004,     0,0,0,2.01,97.99,0.00,N/A,7.07,4.21,209.83,1.68,42.04,0.03,0.85,0.00,0.49,0.00,1.00,0.00,0.00,0.60,0.92,0.0002,0.0006,     0,0,0,0.20,99.80,0.00,N/A,0.20,0.41,209.83,0.49,12.31,0.00,0.02,0.00,0.56,0.00,1.00,0.00,0.00,0.67,0.59,0.0017,0.0065,     0,0,0,0.10,99.90,0.00,N/A,0.11,0.20,209.83,0.56,14.01,0.00,0.01,0.01,0.33,0.02,0.72,0.00,0.03,0.96,0.27,0.0008,0.0210,     0,0,0,2.74,97.26,0.00,N/A,1.36,4.11,209.83,0.33,8.29,0.01,0.16,0.00,0.39,0.00,0.54,0.00,0.00,0.54,0.90,0.0006,0.0017,     0,0,0,0.05,99.95,0.00,N/A,0.02,0.05,209.83,0.39,9.75,0.00,0.00,0.00,0.46,0.00,0.68,0.00,0.00,0.52,0.74,0.0018,0.0049,     0,0,0,0.07,99.93,0.00,N/A,0.05,0.10,209.83,0.46,11.57,0.00,0.01,0.00,0.40,0.00,0.54,0.00,0.00,0.73,0.91,0.0003,0.0017,     0,0,0,0.05,99.95,0.00,N/A,0.02,0.05,209.83,0.40,9.94,0.00,0.00,0.00,0.49,0.00,0.73,0.00,0.00,0.85,0.69,0.0008,0.0062,     0,0,0,0.10,99.90,0.00,N/A,0.08,0.16,209.83,0.49,12.34,0.00,0.01,0.00,0.43,0.00,0.62,0.00,0.00,0.84,0.69,0.0008,0.0057,     0,0,0,0.09,99.91,0.00,N/A,0.05,0.11,209.83,0.43,10.82,0.00,0.01,0.00,0.44,0.00,0.62,0.00,0.00,0.86,0.73,0.0007,0.0052,     0,0,0,0.09,99.91,0.00,N/A,0.05,0.11,209.83,0.44,11.07,0.00,0.01,0.00,0.68,0.00,0.66,0.00,0.00,0.84,0.51,0.0010,0.0073,     0,0,0,0.25,99.75,0.00,N/A,0.23,0.34,209.83,0.68,16.88,0.00,0.03,
2024-03-21,21:06:37.880,0.00,0.73,0.00,0.91,0.01,0.07,0.92,0.51,0.0004,0.0060,0.00,0.00,-2147483648,0.00,0.00,11.69,16.12,210.29,0.73,18.13,0.00,0.09,0.66,0.52,2.38,0.53,99.47,0.00,100.00,0.00,0.00,0.00,0.00,-nan,0.08,0.01,0.89,0.01,1.00,0.00,0.04,0.91,0.60,0.0003,0.0038,     0,0,0,0.00,0.00,-2147483648,0.00,0.00,N/A,9.70,10.85,210.29,0.89,22.34,0.01,0.14,0.00,0.38,0.00,0.77,0.00,0.03,0.94,0.35,0.0010,0.0165,     0,0,0,0.00,0.00,-2147483648,0.00,0.00,N/A,1.99,5.27,210.29,0.38,9.45,0.00,0.03,0.11,0.14,  0%,  0%,0.24,0.17,  0%,  0%,0.24,0.38,  0%,  0%,0.98,0.78,  0%,  0%,0.65,99.35,0.00,100.00,0.00,0.00,0.41,99.59,0.00,100.00,0.00,0.00,0.00,0.00,0.00 ,0.00 ,-nan ,-nan ,0.08,0.08,0.01,0.33,0.02,1.00,0.00,0.03,0.92,0.27,0.0014,0.0185,     0,0,0,2.38,97.62,0.00,N/A,1.66,5.01,210.29,0.33,8.31,0.01,0.20,0.01,1.37,0.00,1.00,0.00,0.00,0.6,0.20,2,N/A,1.49,4.72,210.3,0,0,0.47,99.53,0.00,N/A,1.34,0.98,210.29,1.37,34.31,0.01,0.16,0.00,0.48,0.00,1.00,0.00,0.00,0.73,0.71,0.0010,0.0056,     0,0,0,0.05,99.95,0.00,N/A,0.05,0.10,210.29,0.48,11.94,0.00,0.01,0.00,0.50,0.00,1.00,0.00,0.00,0.84,0.68,0.0008,0.0065,     0,0,0,0.08,99.92,0.00,N/A,0.08,0.17,210.29,0.50,12.59,0.00,0.01,0.00,0.44,0.00,1.00,0.00,0.00,0.85,0.83,0.0003,0.0034,     0,0,0,0.03,99.97,0.00,N/A,0.03,0.06,210.29,0.44,11.10,0.00,0.00,0.03,1.66,0.02,1.00,0.00,0.00,0.96,0.93,0.0000,0.0004,     0,0,0,1.74,98.26,0.00,N/A,6.10,3.67,210.29,1.66,41.54,0.03,0.72,0.00,0.43,0.00,1.00,0.00,0.00,0.53,0.89,0.0003,0.0009,     0,0,0,0.27,99.73,0.00,N/A,0.25,0.57,210.29,0.43,10.77,0.00,0.03,0.00,0.63,0.00,1.00,0.00,0.00,0.67,0.58,0.0017,0.0067,     0,0,0,0.14,99.86,0.00,N/A,0.19,0.30,210.29,0.63,15.64,0.00,0.02,0.01,0.34,0.02,0.77,0.00,0.03,0.96,0.27,0.0008,0.0213,     0,0,0,2.45,97.55,0.00,N/A,1.34,3.99,210.29,0.34,8.42,0.01,0.16,0.00,0.38,0.00,0.60,0.00,0.00,0.58,0.89,0.0007,0.0018,     0,0,0,0.04,99.96,0.00,N/A,0.02,0.05,210.29,0.38,9.62,0.00,0.00,0.00,0.50,0.00,0.78,0.00,0.00,0.74,0.70,0.0010,0.0055,     0,0,0,0.10,99.90,0.00,N/A,0.08,0.16,210.29,0.50,12.38,0.00,0.01,0.00,0.45,0.00,0.81,0.00,0.00,0.13,0.67,0.0028,0.0035,     0,0,0,0.09,99.91,0.00,N/A,0.07,0.16,210.29,0.45,11.33,0.00,0.01,0.00,0.49,0.00,0.72,0.00,0.00,0.82,0.68,0.0010,0.0062,     0,0,0,0.11,99.89,0.00,N/A,0.08,0.16,210.29,0.49,12.37,0.00,0.01,0.00,0.43,0.00,0.77,0.00,0.00,0.91,0.60,0.0007,0.0082,     0,0,0,0.17,99.83,0.00,N/A,0.11,0.27,210.29,0.43,10.63,0.00,0.01,0.00,0.47,0.00,0.59,0.00,0.00,0.85,0.71,0.0007,0.0058,     0,0,0,0.09,99.91,0.00,N/A,0.05,0.11,210.29,0.47,11.70,0.00,0.01,0.00,0.63,0.00,0.89,0.00,0.00,0.77,0.51,0.0016,0.0077,     0,0,0,0.20,99.80,0.00,N/A,0.23,0.38,210.29,0.63,15.64,0.00,0.03,
2024-03-21,21:06:37.979,0.00,0.70,0.00,0.90,0.00,0.07,0.93,0.47,0.0004,0.0060,0.00,0.00,-2147483648,0.00,0.00,11.62,16.50,209.74,0.70,17.61,0.00,0.09,0.46,0.47,1.45,0.55,99.45,0.00,100.00,0.00,0.00,0.00,0.00,-nan,0.08,0.01,0.84,0.01,1.00,0.00,0.04,0.91,0.54,0.0004,0.0039,     0,0,0,0.00,0.00,-2147483648,0.00,0.00,N/A,9.76,11.59,209.74,0.84,21.06,0.01,0.15,0.00,0.38,0.00,0.73,0.00,0.03,0.95,0.34,0.0008,0.0169,     0,0,0,0.00,0.00,-2147483648,0.00,0.00,N/A,1.86,4.91,209.74,0.38,9.47,0.00,0.03,0.06,0.12,  0%,  0%,0.17,0.11,  0%,  0%,0.19,0.29,  0%,  0%,0.62,0.36,  0%,  0%,0.69,99.31,0.00,100.00,0.00,0.00,0.40,99.60,0.00,100.00,0.00,0.00,0.00,0.00,0.00 ,0.00 ,-nan ,-nan ,0.08,0.07,0.01,0.30,0.03,1.00,0.00,0.03,0.92,0.27,0.0014,0.0180,     0,0,0,2.71,97.29,0.00,N/A,1.71,5.68,209.74,0.30,7.52,0.01,0.20,0.01,1.50,0.01,1.00,0.00,0.00,0.58,0.64,0.0001,0.0005,     0,0,0,0.79,99.21,0.00,N/A,2.50,1.67,209.74,1.50,37.54,0.01,0.30,0.00,0.47,0.00,1.00,0.00,0.00,0.91,0.88,0.0002,0.0023,     0,0,0,0.02,99.98,0.00,N/A,0.02,0.04,209.74,0.47,11.85,0.00,0.00,0.00,0.49,0.00,1.00,0.00,0.00,0.83,0.68,0.0008,0.0064,     0,0,0,0.08,99.92,0.00,N/A,0.08,0.16,209.74,0.49,12.24,0.00,0.01,0.00,0.48,0.00,1.00,0.00,0.00,0.96,0.93,0.0000,0.0013,     0,0,0,0.02,99.98,0.00,N/A,0.02,0.04,209.74,0.48,12.09,0.00,0.00,0.02,1.58,0.02,1.00,0.00,0.00,0.95,0.87,0.0000,0.0008,     0,0,0,1.52,98.48,0.00,N/A,5.01,3.17,209.74,1.58,39.52,0.02,0.60,0.00,0.46,0.00,1.00,0.00,0.00,0.56,0.89,0.0004,0.0009,     0,0,0,0.25,99.75,0.00,N/A,0.24,0.53,209.74,0.46,11.53,0.00,0.03,0.00,0.59,0.00,1.00,0.00,0.00,0.64,0.55,0.0019,0.0068,     0,0,0,0.14,99.86,0.00,N/A,0.18,0.30,209.74,0.59,14.65,0.00,0.02,0.01,0.35,0.02,0.76,0.00,0.03,0.96,0.28,0.0008,0.0206,     0,0,0,2.50,97.50,0.00,N/A,1.38,3.99,209.74,0.35,8.66,0.01,0.16,0.00,0.39,0.00,0.54,0.00,0.00,0.45,0.89,0.0008,0.0019,     0,0,0,0.05,99.95,0.00,N/A,0.02,0.05,209.74,0.39,9.64,0.00,0.00,0.00,0.56,0.00,0.40,0.00,0.00,0.79,0.69,0.0008,0.0059,     0,0,0,0.17,99.83,0.00,N/A,0.08,0.14,209.74,0.56,14.09,0.00,0.01,0.00,0.39,0.00,0.53,0.00,0.00,0.82,0.89,0.0003,0.0020,     0,0,0,0.05,99.95,0.00,N/A,0.02,0.05,209.74,0.39,9.86,0.00,0.00,0.00,0.49,0.00,0.72,0.00,0.00,0.87,0.68,0.0007,0.0061,     0,0,0,0.11,99.89,0.00,N/A,0.08,0.16,209.74,0.49,12.27,0.00,0.01,0.00,0.34,0.00,0.45,0.00,0.00,0.69,0.89,0.0005,0.0018,     0,0,0,0.06,99.94,0.00,N/A,0.02,0.06,209.74,0.34,8.39,0.00,0.00,0.00,0.34,0.00,0.45,0.00,0.00,0.83,0.89,0.0003,0.0019,     0,0,0,0.06,99.94,0.00,N/A,0.02,0.06,209.74,0.34,8.39,0.00,0.00,0.00,0.61,0.00,0.85,0.00,0.00,0.81,0.52,0.0012,0.0075,     0,0,0,0.22,99.78,0.00,N/A,0.24,0.39,209.74,0.61,15.20,0.00,0.03,
2024-03-21,21:06:38.079,0.01,0.88,0.01,0.94,0.01,0.07,0.89,0.54,0.0004,0.0040,0.00,0.00,-2147483648,0.00,0.00,18.08,20.59,210.32,0.88,21.94,0.01,0.13,0.72,0.58,2.02,0.65,99.35,0.00,100.00,0.00,0.00,0.00,0.00,-nan,0.08,0.01,0.89,0.01,1.00,0.01,0.04,0.86,0.61,0.0005,0.0033,     0,0,0,0.00,0.00,-2147483648,0.00,0.00,N/A,12.23,13.69,210.32,0.89,22.34,0.01,0.18,0.00,0.85,0.00,0.83,0.00,0.03,0.94,0.39,0.0003,0.0055,     0,0,0,0.00,0.00,-2147483648,0.00,0.00,N/A,5.85,6.91,210.32,0.85,21.16,0.00,0.09,0.12,0.13,  0%,  0%,0.28,0.20,  0%,  0%,0.31,0.31,  0%,  0%,0.72,0.68,  0%,  0%,0.81,99.19,0.00,100.00,0.00,0.00,0.49,99.51,0.00,100.00,0.00,0.00,0.00,0.00,0.00 ,0.00 ,-nan ,-nan ,0.09,0.08,0.01,0.29,0.02,1.00,0.00,0.03,0.94,0.28,0.0011,0.0192,     0,0,0,2.44,97.56,0.00,N/A,1.51,5.14,210.32,0.29,7.33,0.01,0.18,0.00,0.47,0.00,1.00,0.00,0.00,0.79,0.59,0.0010,0.0071,     0,0,0,0.12,99.88,0.00,N/A,0.11,0.24,210.32,0.47,11.64,0.00,0.01,0.00,0.55,0.00,1.00,0.00,0.00,0.37,0.37,0.0014,0.0042,     0,0,0,0.34,99.66,0.00,N/A,0.40,0.72,210.32,0.55,13.78,0.00,0.05,0.00,0.49,0.00,1.00,0.00,0.00,0.85,0.68,0.0008,0.0065,     0,0,0,0.08,99.92,0.00,N/A,0.08,0.17,210.32,0.49,12.19,0.00,0.01,0.00,0.33,0.00,1.00,0.00,0.00,0.75,0.85,0.0006,0.0029,     0,0,0,0.04,99.96,0.00,N/A,0.02,0.07,210.32,0.33,8.24,0.00,0.00,0.04,1.68,0.02,1.00,0.00,0.00,0.98,0.90,0.0000,0.0006,     0,0,0,2.36,97.64,0.00,N/A,8.32,4.96,210.32,1.68,41.92,0.04,0.99,0.01,0.76,0.01,1.00,0.00,0.00,0.03,0.58,0.0017,0.0018,     0,0,0,1.11,98.89,0.00,N/A,1.76,2.33,210.32,0.76,18.93,0.01,0.21,0.00,0.42,0.00,1.00,0.00,0.00,0.87,0.89,0.0002,0.0020,     0,0,0,0.02,99.98,0.00,N/A,0.02,0.05,210.32,0.42,10.46,0.00,0.00,0.01,0.32,0.02,0.79,0.00,0.03,0.96,0.28,0.0008,0.0213,     0,0,0,2.45,97.55,0.00,N/A,1.32,4.06,210.32,0.32,8.12,0.01,0.16,0.00,0.36,0.00,0.57,0.00,0.00,0.55,0.92,0.0005,0.0014,     0,0,0,0.04,99.96,0.00,N/A,0.02,0.05,210.32,0.36,8.92,0.00,0.00,0.00,0.45,0.00,0.79,0.00,0.00,0.46,0.75,0.0008,0.0034,     0,0,0,0.06,99.94,0.00,N/A,0.04,0.10,210.32,0.45,11.17,0.00,0.01,0.00,0.40,0.00,0.58,0.00,0.00,0.88,0.84,0.0002,0.0034,     0,0,0,0.05,99.95,0.00,N/A,0.02,0.06,210.32,0.40,9.98,0.00,0.00,0.00,0.50,0.00,0.80,0.00,0.00,0.86,0.63,0.0009,0.0073,     0,0,0,0.10,99.90,0.00,N/A,0.09,0.17,210.32,0.50,12.46,0.00,0.01,0.02,1.88,0.01,0.98,0.00,0.00,0.74,0.69,0.0002,0.0006,     0,0,0,1.09,98.91,0.00,N/A,4.24,2.25,210.32,1.88,47.10,0.02,0.50,0.00,0.42,0.00,0.57,0.00,0.00,0.89,0.81,0.0003,0.0036,     0,0,0,0.05,99.95,0.00,N/A,0.02,0.06,210.32,0.42,10.51,0.00,0.00,0.00,0.55,0.00,0.71,0.00,0.00,0.82,0.57,0.0011,0.0065,     0,0,0,0.11,99.89,0.00,N/A,0.09,0.16,210.32,0.55,13.86,0.00,0.01,
2024-03-21,21:06:38.179,0.01,1.05,0.01,0.93,0.00,0.07,0.93,0.55,0.0002,0.0032,0.00,0.00,-2147483648,0.00,0.00,20.88,19.87,209.62,1.05,26.26,0.01,0.16,0.53,0.55,1.82,0.64,99.36,0.00,100.00,0.00,0.00,0.00,0.00,-nan,0.08,0.01,1.31,0.01,1.00,0.00,0.04,0.92,0.65,0.0001,0.0019,     0,0,0,0.00,0.00,-2147483648,0.00,0.00,N/A,19.13,14.65,209.62,1.31,32.65,0.01,0.29,0.00,0.33,0.00,0.77,0.00,0.03,0.94,0.33,0.0010,0.0176,     0,0,0,0.00,0.00,-2147483648,0.00,0.00,N/A,1.74,5.22,209.62,0.33,8.35,0.00,0.03,0.07,0.08,  0%,  0%,0.20,0.17,  0%,  0%,0.14,0.27,  0%,  0%,0.73,0.67,  0%,  0%,0.87,99.13,0.00,100.00,0.00,0.00,0.41,99.59,0.00,100.00,0.00,0.00,0.00,0.00,0.00 ,0.00 ,-nan ,-nan ,0.09,0.08,0.01,0.29,0.02,1.00,0.00,0.03,0.94,0.28,0.0012,0.0192,     0,0,0,2.45,97.55,0.00,N/A,1.50,5.13,209.62,0.29,7.28,0.01,0.18,0.01,1.48,0.01,1.00,0.00,0.00,0.54,0.62,0.0002,0.0005,     0,0,0,0.65,99.35,0.00,N/A,2.01,1.36,209.62,1.48,36.89,0.01,0.24,0.00,0.53,0.00,1.00,0.00,0.00,0.59,0.72,0.0012,0.0047,     0,0,0,0.06,99.94,0.00,N/A,0.07,0.13,209.62,0.53,13.14,0.00,0.01,0.00,0.99,0.00,1.00,0.00N/A,2.43,1,99.95,0.00,N/A,0.0,     0,0,0,0.18,99.82,0.00,N/A,0.37,0.37,209.62,0.99,24.85,0.00,0.04,0.00,0.51,0.00,1.00,0.00,0.00,0.88,0.72,0.0005,0.0056,     0,0,0,0.05,99.95,0.00,N/A,0.05,0.10,209.62,0.51,12.76,0.00,0.01,0.00,0.53,0.00,1.00,0.00,0.00,0.78,0.66,0.0011,0.0065,     0,0,0,0.07,99.93,0.00,N/A,0.08,0.15,209.62,0.53,13.25,0.00,0.01,0.04,1.58,0.02,1.00,0.00,0.00,0.96,0.93,0.0000,0.0005,     0,0,0,2.47,97.53,0.00,N/A,8.16,5.17,209.62,1.58,39.45,0.04,0.97,0.03,3.09,0.01,1.00,0.00,0.00,0.63,0.63,0.0000,0.0001,     0,0,0,1.07,98.93,0.00,N/A,6.91,2.24,209.62,3.09,77.13,0.03,0.82,0.01,0.31,0.02,0.79,0.00,0.03,0.96,0.27,0.0009,0.0208,     0,0,0,2.66,97.34,0.00,N/A,1.38,4.41,209.62,0.31,7.82,0.01,0.16,0.00,0.43,0.00,0.61,0.00,0.00,0.54,0.72,0.0019,0.0053,     0,0,0,0.09,99.91,0.00,N/A,0.05,0.12,209.62,0.43,10.87,0.00,0.01,0.00,0.45,0.00,0.67,0.00,0.00,0.48,0.74,0.0021,0.0048,     0,0,0,0.08,99.92,0.00,N/A,0.05,0.11,209.62,0.45,11.22,0.00,0.01,0.00,0.45,0.00,0.59,0.00,0.00,0.86,0.73,0.0006,0.0052,     0,0,0,0.09,99.91,0.00,N/A,0.05,0.11,209.62,0.45,11.32,0.00,0.01,0.00,0.45,0.00,0.73,0.00,0.00,0.81,0.64,0.0012,0.0069,     0,0,0,0.12,99.88,0.00,N/A,0.08,0.18,209.62,0.45,11.15,0.00,0.01,0.00,0.36,0.00,0.49,0.00,0.00,0.79,0.90,0.0003,0.0016,     0,0,0,0.05,99.95,0.00,N/A,0.02,0.06,209.62,0.36,8.91,0.00,0.00,0.00,0.36,0.00,0.49,0.00,0.00,0.84,0.90,0.0002,0.0017,     0,0,0,0.05,99.95,0.00,N/A,0.02,0.06,209.62,0.36,8.93,0.00,0.00,0.00,0.52,0.00,0.80,0.00,0.00,0.76,0.57,0.0013,0.0068,     0,0,0,0.11,99.89,0.00,N/A,0.10,0.18,209.62,0.52,13.03,0.00,0.01,
2024-03-21,21:06:38.280,0.00,0.71,0.01,0.90,0.00,0.07,0.93,0.54,0.0004,0.0054,0.00,0.00,-2147483648,0.00,0.00,12.21,17.11,209.98,0.71,17.84,0.00,0.09,0.84,0.56,1.91,0.56,99.44,0.00,100.00,0.00,0.00,0.00,0.00,-nan,0.09,0.01,0.88,0.01,1.00,0.00,0.04,0.92,0.63,0.0003,0.0034,     0,0,0,0.00,0.00,-2147483648,0.00,0.00,N/A,10.49,11.87,209.98,0.88,22.10,0.01,0.16,0.00,0.33,0.00,0.74,0.00,0.03,0.94,0.34,0.0010,0.0177,     0,0,0,0.00,0.00,-2147483648,0.00,0.00,N/A,1.72,5.24,209.98,0.33,8.19,0.00,0.03,0.30,0.26,  0%,  0%,0.18,0.11,  0%,  0%,0.43,0.40,  0%,  0%,0.62,0.46,  0%,  0%,0.71,99.29,0.00,100.00,0.00,0.00,0.42,99.58,0.00,100.00,0.00,0.00,0.00,0.00,0.00 ,0.00 ,-nan ,-nan ,0.08,0.09,0.01,0.28,0.03,1.00,0.00,0.03,0.94,0.28,0.0011,0.0192,     0,0,0,2.52,97.48,0.00,N/A,1.49,5.29,209.98,0.28,7.06,0.01,0.18,0.01,1.41,0.01,1.00,0.00,0.00,0.55,0.59,0.0002,0.0007,     0,0,0,0.50,99.50,0.00,N/A,1.49,1.06,209.98,1.41,35.27,0.01,0.18,0.00,0.49,0.00,1.00,0.00,0.00,0.77,0.70,0.0008,0.0057,     0,0,0,0.05,99.95,0.00,N/A,0.05,0.10,209.98,0.49,12.29,0.00,0.01,0.00,0.53,0.00,1.00,0.00,0.00,0.85,0.68,0.0008,0.0065,     0,0,0,0.07,99.93,0.00,N/A,0.08,0.15,209.98,0.53,13.25,0.00,0.01,0.00,0.49,0.00,1.00,0.00,0.00,0.87,0.73,0.0005,0.0051,     0,0,0,0.05,99.95,0.00,N/A,0.05,0.11,209.98,0.49,12.14,0.00,0.01,0.00,0.55,0.00,1.00,0.00,0.00,0.85,0.66,0.0008,0.0067,     0,0,0,0.07,99.93,0.00,N/A,0.08,0.14,209.98,0.55,13.79,0.00,0.01,0.03,1.62,0.02,1.00,0.00,0.00,0.98,0.93,0.0000,0.0004,     0,0,0,2.07,97.93,0.00,N/A,7.07,4.37,209.98,1.62,40.42,0.03,0.84,0.00,0.27,0.00,0.99,0.00,0.00,0.44,0.70,0.0033,0.0068,     0,0,0,0.31,99.69,0.00,N/A,0.17,0.64,209.98,0.27,6.78,0.00,0.02,0.01,0.31,0.02,0.76,0.00,0.03,0.96,0.28,0.0009,0.0205,     0,0,0,2.76,97.24,0.00,N/A,1.38,4.40,209.98,0.31,7.84,0.01,0.16,0.00,0.47,0.00,0.69,0.00,0.00,0.55,0.72,0.0018,0.0049,     0,0,0,0.09,99.91,0.00,N/A,0.06,0.13,209.98,0.47,11.75,0.00,0.01,0.00,0.45,0.00,0.63,0.00,0.00,0.83,0.73,0.0006,0.0053,     0,0,0,0.09,99.91,0.00,N/A,0.05,0.12,209.98,0.45,11.27,0.00,0.01,0.00,0.48,0.00,0.72,0.00,0.00,0.85,0.73,0.0006,0.0053,     0,0,0,0.07,99.93,0.00,N/A,0.05,0.11,209.98,0.48,11.97,0.00,0.01,0.00,0.48,0.00,0.69,0.00,0.00,0.84,0.66,0.0010,0.0066,     0,0,0,0.11,99.89,0.00,N/A,0.08,0.16,209.98,0.48,12.01,0.00,0.01,0.00,0.21,0.00,0.81,0.00,0.00,0.64,0.49,0.0043,0.0121,     0,0,0,0.11,99.89,0.00,N/A,0.04,0.19,209.98,0.21,5.36,0.00,0.00,0.00,0.38,0.00,0.62,0.00,0.00,0.56,0.93,0.0004,0.0013,     0,0,0,0.04,99.96,0.00,N/A,0.02,0.05,209.98,0.38,9.45,0.00,0.00,0.00,0.41,0.00,0.45,0.00,0.00,0.76,0.76,0.0012,0.0050,     0,0,0,0.09,99.91,0.00,N/A,0.03,0.08,209.98,0.41,10.21,0.00,0.00,
2024-03-21,21:06:38.381,0.00,0.74,0.01,0.94,0.01,0.07,0.88,0.52,0.0006,0.0054,0.00,0.00,-2147483648,0.00,0.00,13.89,18.79,210.16,0.74,18.48,0.00,0.10,0.85,0.27,3.26,0.60,99.40,0.00,100.00,0.00,0.00,0.00,0.00,-nan,0.08,0.01,0.93,0.01,1.00,0.01,0.04,0.86,0.57,0.0005,0.0038,     0,0,0,0.00,0.00,-2147483648,0.00,0.00,N/A,10.75,11.56,210.16,0.93,23.24,0.01,0.16,0.00,0.43,0.00,0.85,0.00,0.03,0.91,0.43,0.0009,0.0107,     0,0,0,0.00,0.00,-2147483648,0.00,0.00,N/A,3.14,7.23,210.16,0.43,10.87,0.00,0.05,0.19,0.09,  0%,  0%,0.32,0.24,  0%,  0%,0.15,0.28,  0%,  0%,1.42,1.42,  1%,  1%,0.69,99.31,0.00,100.00,0.00,0.00,0.51,99.49,0.00,100.00,0.00,0.00,0.00,0.00,0.00 ,0.00 ,-nan ,-nan ,0.08,0.07,0.01,0.32,0.02,1.00,0.00,0.03,0.94,0.28,0.0012,0.0199,     0,0,0,2.14,97.86,0.00,N/A,1.44,4.51,210.16,0.32,7.99,0.01,0.17,0.02,1.53,0.01,1.00,0.00,0.01,0.66,0.68,0.0005,0.0015,     0,0,0,1.25,98.75,0.00,N/A,4.04,2.64,210.16,1.53,38.15,0.02,0.48,0.00,0.37,0.00,1.00,0.00,0.00,0.39,0.54,0.0035,0.0084,     0,0,0,0.21,99.79,0.00,N/A,0.16,0.44,210.16,0.37,9.17,0.00,0.02,0.00,0.47,0.00,1.00,0.00,0.00,0.75,0.67,0.0013,0.0067,     0,0,0,0.08,99.92,0.00,N/A,0.08,0.16,210.16,0.47,11.75,0.00,0.01,0.00,0.48,0.00,1.00,0.00,0.00,0.77,0.71,0.0010,0.0056,     0,0,0,0.05,99.95,0.00,N/A,0.05,0.11,210.16,0.48,12.12,0.00,0.01,0.00,0.51,0.00,1.00,0.00,0.00,0.41,0.56,0.0028,0.0063,     0,0,0,0.18,99.82,0.00,N/A,0.19,0.37,210.16,0.51,12.70,0.00,0.02,0.01,1.30,0.01,1.00,0.00,0.00,0.81,0.87,0.0001,0.0007,     0,0,0,0.78,99.22,0.00,N/A,2.16,1.66,210.16,1.30,32.51,0.01,0.25,0.01,1.58,0.01,1.00,0.00,0.00,0.78,0.92,0.0001,0.0005,     0,0,0,0.79,99.21,0.00,N/A,2.64,1.66,210.16,1.58,39.60,0.01,0.31,0.01,0.31,0.02,0.82,0.00,0.03,0.96,0.28,0.0009,0.0208,     0,0,0,2.50,97.50,0.00,N/A,1.34,4.31,210.16,0.31,7.79,0.01,0.16,0.00,0.48,0.00,0.72,0.00,0.00,0.53,0.73,0.0016,0.0050,     0,0,0,0.10,99.90,0.00,N/A,0.07,0.15,210.16,0.48,11.97,0.00,0.01,0.00,0.47,0.01,0.96,0.00,0.00,0.34,0.57,0.0023,0.0036,     0,0,0,0.52,99.48,0.00,N/A,0.50,1.06,210.16,0.47,11.80,0.00,0.06,0.00,0.44,0.00,0.77,0.00,0.00,0.85,0.69,0.0008,0.0060,     0,0,0,0.07,99.93,0.00,N/A,0.05,0.11,210.16,0.44,11.01,0.00,0.01,0.00,0.42,0.00,0.72,0.00,0.00,0.72,0.70,0.0013,0.0059,     0,0,0,0.12,99.88,0.00,N/A,0.07,0.18,210.16,0.42,10.45,0.00,0.01,0.00,1.10,0.00,0.92,0.00,0.00,0.91,0.87,0.0001,0.0015,     0,0,0,0.30,99.70,0.00,N/A,0.63,0.57,210.16,1.10,27.47,0.00,0.07,0.00,0.55,0.00,0.93,0.00,0.00,0.62,0.62,0.0006,0.0031,     0,0,0,0.35,99.65,0.00,N/A,0.38,0.69,210.16,0.55,13.70,0.00,0.04,0.00,0.62,0.00,0.90,0.00,0.00,0.79,0.60,0.0012,0.0066,     0,0,0,0.08,99.92,0.00,N/A,0.10,0.16,210.16,0.62,15.46,0.00,0.01,
2024-03-21,21:06:38.480,0.01,0.77,0.01,0.97,0.01,0.08,0.87,0.67,0.0005,0.0042,0.00,0.00,-2147483648,0.00,0.00,17.99,23.46,210.19,0.77,19.17,0.01,0.13,2.54,0.58,8.40,0.72,99.28,0.00,100.00,0.00,0.00,0.00,0.00,-nan,0.08,0.01,0.80,0.01,1.00,0.01,0.04,0.85,0.70,0.0005,0.0039,     0,0,0,0.00,0.00,-2147483648,0.00,0.00,N/A,10.25,12.85,210.19,0.80,19.93,0.01,0.15,0.00,0.73,0.01,0.94,0.00,0.04,0.88,0.62,0.0005,0.0046,     0,0,0,0.00,0.00,-2147483648,0.00,0.00,N/A,7.75,10.61,210.19,0.73,18.25,0.00,0.12,0.14,0.17,  0%,  0%,1.21,1.01,  1%,  0%,1.57,1.40,  1%,  1%,2.66,2.77,  2%,  2%,0.77,99.23,0.00,100.00,0.00,0.00,0.67,99.33,0.00,100.00,0.00,0.00,0.00,0.00,0.00 ,0.00 ,-nan ,-nan ,0.08,0.08,0.01,0.32,0.02,1.00,0.00,0.03,0.95,0.28,0.0011,0.0203,     0,0,0,2.09,97.91,0.00,N/A,1.40,4.40,210.19,0.32,7.94,0.01,0.17,0.02,1.15,0.02,1.00,0.00,0.01,0.54,0.90,0.0005,0.0012,     0,0,0,1.76,98.24,0.00,N/A,4.20,3.66,210.19,1.15,28.67,0.02,0.50,0.00,0.64,0.00,1.00,0.00,0.00,0.35,0.58,0.0016,0.0042,     0,0,0,0.24,99.76,0.00,N/A,0.32,0.50,210.19,0.64,15.88,0.00,0.04,0.01,1.44,0.00,1.00,0.00,0.00,0.82,0.88,0.0001,0.0008,     0,0,0,0.40,99.60,0.00,N/A,1.21,0.84,210.19,1.44,35.89,0.01,0.14,0.00,0.44,0.00,1.00,0.00,0.00,0.56,0.71,0.0016,0.0057,     0,0,0,0.06,99.94,0.00,N/A,0.05,0.12,210.19,0.44,10.97,0.00,0.01,0.01,0.66,99.98,0.00     0,0,0,0.06,99.,0.0005,0.0012,     0,0,0,0.86,99.14,0.00,N/A,1.19,1.80,210.19,0.66,16.50,0.01,0.14,0.01,1.33,0.01,1.00,0.00,0.00,0.84,0.90,0.0001,0.0007,     0,0,0,0.65,99.35,0.00,N/A,1.78,1.33,210.19,1.33,33.26,0.01,0.22,0.00,0.54,0.00,1.00,0.00,0.00,0.43,0.63,0.0028,0.0065,     0,0,0,0.09,99.91,0.00,N/A,0.11,0.19,210.19,0.54,13.62,0.00,0.01,0.01,0.31,0.02,0.90,0.00,0.03,0.96,0.28,0.0008,0.0211,     0,0,0,2.17,97.83,0.00,N/A,1.30,4.14,210.19,0.31,7.85,0.01,0.15,0.00,0.36,0.00,0.87,0.00,0.00,0.38,0.68,0.0027,0.0060,     0,0,0,0.07,99.93,0.00,N/A,0.05,0.13,210.19,0.36,9.08,0.00,0.01,0.01,0.96,0.01,0.96,0.00,0.00,0.35,0.82,0.0002,0.0004,     0,0,0,1.18,98.82,0.00,N/A,2.29,2.38,210.19,0.96,24.02,0.01,0.27,0.00,0.84,0.00,0.97,0.00,0.00,0.72,0.68,0.0006,0.0027,     0,0,0,0.34,99.66,0.00,N/A,0.58,0.69,210.19,0.84,21.11,0.00,0.07,0.00,0.42,0.00,0.92,0.00,0.00,0.69,0.65,0.0019,0.0070,     0,0,0,0.09,99.91,0.00,N/A,0.08,0.18,210.19,0.42,10.42,0.00,0.01,0.00,0.46,0.00,0.98,0.00,0.00,0.17,0.52,0.0029,0.0047,     0,0,0,0.38,99.62,0.00,N/A,0.36,0.78,210.19,0.46,11.60,0.00,0.04,0.01,1.42,0.01,0.99,0.00,0.00,0.79,0.93,0.0002,0.0009,     0,0,0,1.01,98.99,0.00,N/A,2.99,2.10,210.19,1.42,35.60,0.01,0.36,0.00,0.48,0.00,0.96,0.00,0.00,0.29,0.60,0.0038,0.0064,     0,0,0,0.10,99.90,0.00,N/A,0.10,0.21,210.19,0.48,11.95,0.00,0.01,
2024-03-21,21:06:38.580,0.00,0.54,0.00,0.89,0.01,0.07,0.92,0.44,0.0007,0.0088,0.00,0.00,-2147483648,0.00,0.00,7.55,13.88,210.01,0.54,13.60,0.00,0.06,0.71,0.61,2.01,0.46,99.54,0.00,100.00,0.00,0.00,0.00,0.00,-nan,0.08,0.00,0.64,0.01,1.00,0.00,0.04,0.90,0.49,0.0006,0.0064,     0,0,0,0.00,0.00,-2147483648,0.00,0.00,N/A,5.70,8.95,210.01,0.64,15.92,0.00,0.08,0.00,0.38,0.00,0.75,0.00,0.03,0.94,0.37,0.0009,0.0161,     0,0,0,0.00,0.00,-2147483648,0.00,0.00,N/A,1.85,4.93,210.01,0.38,9.40,0.00,0.03,0.16,0.18,  0%,  0%,0.21,0.17,  0%,  0%,0.59,0.32,  0%,  0%,0.58,0.52,  0%,  0%,0.53,99.47,0.00,100.00,0.00,0.00,0.39,99.61,0.00,100.00,0.00,0.00,0.00,0.00,0.00 ,0.00 ,-nan ,-nan ,0.08,0.08,0.01,0.29,0.02,1.00,0.00,0.03,0.94,0.28,0.0012,0.0193,     0,0,0,2.45,97.55,0.00,N/A,1.51,5.15,210.01,0.29,7.31,0.01,0.18,0.00,0.45,0.00,1.00,0.00,0.00,0.56,0.61,0.0019,0.0062,     0,0,0,0.22,99.78,0.00,N/A,0.21,0.47,210.01,0.45,11.30,0.00,0.03,0.00,0.49,0.00,1.00,0.00,0.00,0.56,0.62,0.0019,0.0069,     0,0,0,0.12,99.88,0.00,N/A,0.12,0.25,210.01,0.49,12.37,0.00,0.01,0.01,1.33,0.00,1.00,0.00,0.00,0.89,0.69,0.0002,0.0020,     0,0,0,0.41,99.59,0.00,N/A,1.13,0.85,210.01,1.33,33.13,0.01,0.13,0.00,0.42,0.00,1.00,0.00,0.00,0.84,0.91,0.0002,0.0016,     0,0,0,0.03,99.97,0.00,N/A,0.02,0.06,210.01,0.42,10.44,0.00,0.00,0.01,1.52,0.01,1.00,0.00,0.00,0.81,0.84,0.0002,0.0010,     0,0,0,0.74,99.26,0.00,N/A,2.38,1.57,210.01,1.52,37.99,0.01,0.28,0.00,0.53,0.00,1.00,0.00,0.00,0.51,0.94,0.0002,0.0004,     0,0,0,0.20,99.80,0.00,N/A,0.22,0.42,210.01,0.53,13.13,0.00,0.03,0.00,0.54,0.00,1.00,0.00,0.00,0.52,0.57,0.0025,0.0067,     0,0,0,0.08,99.92,0.00,N/A,0.09,0.17,210.01,0.54,13.42,0.00,0.01,0.01,0.33,0.02,0.77,0.00,0.03,0.96,0.28,0.0008,0.0212,     0,0,0,2.44,97.56,0.00,N/A,1.30,3.94,210.01,0.33,8.22,0.01,0.15,0.00,0.42,0.00,0.58,0.00,0.00,0.96,0.82,0.0001,0.0037,     0,0,0,0.05,99.95,0.00,N/A,0.03,0.06,210.01,0.42,10.38,0.00,0.00,0.00,0.50,0.00,0.46,0.00,0.00,0.45,0.74,0.0022,0.0049,     0,0,0,0.12,99.88,0.00,N/A,0.06,0.12,210.01,0.50,12.60,0.00,0.01,0.00,0.43,0.00,0.58,0.00,0.00,0.81,0.82,0.0003,0.0037,     0,0,0,0.05,99.95,0.00,N/A,0.03,0.06,210.01,0.43,10.77,0.00,0.00,0.00,0.76,0.00,0.86,0.00,0.00,0.69,0.79,0.0007,0.0028,     0,0,0,0.18,99.82,0.00,N/A,0.24,0.32,210.01,0.76,18.90,0.00,0.03,0.00,0.49,0.00,0.67,0.00,0.00,0.73,0.74,0.0012,0.0052,     0,0,0,0.09,99.91,0.00,N/A,0.06,0.12,210.01,0.49,12.32,0.00,0.01,0.00,0.44,0.00,0.67,0.00,0.00,0.76,0.76,0.0011,0.0049,     0,0,0,0.08,99.92,0.00,N/A,0.05,0.12,210.01,0.44,11.10,0.00,0.01,0.00,0.49,0.00,0.75,0.00,0.00,0.44,0.59,0.0030,0.0064,     0,0,0,0.12,99.88,0.00,N/A,0.09,0.19,210.01,0.49,12.27,0.00,0.01,
2024-03-21,21:06:38.679,0.00,0.83,0.01,0.92,0.00,0.06,0.93,0.60,0.0003,0.0043,0.00,0.00,-2147483648,0.00,0.00,15.01,18.05,209.72,0.83,20.80,0.00,0.11,0.72,0.80,1.71,0.59,99.41,0.00,100.00,0.00,0.00,0.00,0.00,-nan,0.08,0.01,1.02,0.01,1.00,0.00,0.04,0.93,0.70,0.0002,0.0026,     0,0,0,0.00,0.00,-2147483648,0.00,0.00,N/A,13.37,13.13,209.72,1.02,25.45,0.01,0.20,0.00,0.33,0.00,0.75,0.00,0.03,0.94,0.35,0.0011,0.0180,     0,0,0,0.00,0.00,-2147483648,0.00,0.00,N/A,1.64,4.91,209.72,0.33,8.35,0.00,0.02,0.27,0.27,  0%,  0%,0.13,0.05,  0%,  0%,0.60,0.54,  0%,  0%,0.38,0.20,  0%,  0%,0.78,99.22,0.00,100.00,0.00,0.00,0.39,99.61,0.00,100.00,0.00,0.00,0.00,0.00,0.00 ,0.00 ,-nan ,-nan ,0.09,0.08,0.01,0.28,0.02,1.00,0.00,0.03,0.95,0.28,0.0010,0.0193,     0,0,0,2.48,97.52,0.00,N/A,1.46,5.19,209.72,0.28,7.01,0.01,0.17,0.00,0.45,0.00,1.00,0.00,0.00,0.68,0.63,0.0013,0.0059,     0,0,0,0.15,99.85,0.00,N/A,0.14,0.31,209.72,0.45,11.22,0.00,0.02,0.00,0.53,0.00,1.00,0.00,0.00,0.69,0.65,0.0014,0.0065,     0,0,0,0.12,99.88,0.00,N/A,0.14,0.26,209.72,0.53,13.25,0.00,0.02,0.00,0.52,0.00,1.00,0.00,0.00,0.75,0.68,0.0011,0.0063,     0,0,0,0.07,99.93,0.00,N/A,0.08,0.15,209.72,0.52,13.11,0.00,0.01,0.00,0.33,0.00,1.00,0.00,0.00,0.80,0.79,0.0007,0.0043,     0,0,0,0.04,99.96,0.00,N/A,0.03,0.08,209.72,0.33,8.30,0.00,0.00,0.05,1.68,0.03,1.00,0.00,0.00,0.96,0.94,0.0000,0.0004,     0,0,0,3.22,96.78,0.00,N/A,11.28,6.71,209.72,1.68,42.01,0.05,1.35,0.00,0.69,0.00,1.00,0.00,0.00,0.59,0.94,0.0002,0.0005,     0,0,0,0.12,99.88,0.00,N/A,0.17,0.25,209.72,0.69,17.14,0.00,0.02,0.00,0.45,0.00,1.00,0.00,0.00,0.69,0.62,0.0017,0.0073,     0,0,0,0.08,99.92,0.00,N/A,0.08,0.18,209.72,0.45,11.14,0.00,0.01,0.01,0.32,0.02,0.82,0.00,0.03,0.96,0.28,0.0008,0.0213,     0,0,0,2.34,97.66,0.00,N/A,1.29,4.04,209.72,0.32,7.99,0.01,0.15,0.00,0.39,0.00,0.43,0.00,0.00,0.68,0.89,0.0004,0.0022,     0,0,0,0.06,99.94,0.00,N/A,0.02,0.06,209.72,0.39,9.70,0.00,0.00,0.00,0.40,0.00,0.71,0.00,0.00,0.77,0.74,0.0008,0.0049,     0,0,0,0.10,99.90,0.00,N/A,0.06,0.15,209.72,0.40,10.01,0.00,0.01,0.00,0.38,0.00,0.43,0.00,0.00,0.77,0.89,0.0004,0.0021,     0,0,0,0.07,99.93,0.00,N/A,0.02,0.06,209.72,0.38,9.58,0.00,0.00,0.00,0.45,0.00,0.55,0.00,0.00,0.75,0.67,0.0014,0.0063,     0,0,0,0.13,99.87,0.00,N/A,0.07,0.15,209.72,0.45,11.35,0.00,0.01,0.00,0.34,0.00,0.46,0.00,0.00,0.37,0.57,0.0057,0.0096,     0,0,0,0.29,99.71,0.00,N/A,0.10,0.28,209.72,0.34,8.59,0.00,0.01,0.00,0.52,0.00,0.71,0.00,0.00,0.87,0.74,0.0006,0.0051,     0,0,0,0.07,99.93,0.00,N/A,0.06,0.11,209.72,0.52,13.10,0.00,0.01,0.00,0.36,0.00,0.47,0.00,0.00,0.58,0.82,0.0014,0.0035,     0,0,0,0.07,99.93,0.00,N/A,0.02,0.06,209.72,0.36,9.09,0.00,0.00,
2024-03-21,21:06:38.780,0.00,0.55,0.00,0.90,0.00,0.06,0.93,0.46,0.0006,0.0081,0.00,0.00,-2147483648,0.00,0.00,8.01,14.49,210.16,0.55,13.82,0.00,0.06,0.68,0.79,1.52,0.48,99.52,0.00,100.00,0.00,0.00,0.00,0.00,-nan,0.09,0.00,0.67,0.01,1.00,0.00,0.03,0.91,0.52,0.0005,0.0056,     0,0,0,0.00,0.00,-2147483648,0.00,0.00,N/A,6.24,9.32,210.16,0.67,16.74,0.00,0.09,0.00,0.34,0.00,0.76,0.00,0.03,0.94,0.35,0.0009,0.0170,     0,0,0,0.00,0.00,-2147483648,0.00,0.00,N/A,1.77,5.17,210.16,0.34,8.55,0.00,0.03,0.38,0.15,  0%,  0%,0.10,0.03,  0%,  0%,0.30,0.70,  0%,  0%,0.25,0.28,  0%,  0%,0.55,99.45,0.00,100.00,0.00,0.00,0.40,99.60,0.00,100.00,0.00,0.00,0.00,0.00,0.00 ,0.00 ,-nan ,-nan ,0.09,0.09,0.01,0.29,0.03,1.00,0.00,0.03,0.94,0.28,0.0011,0.0190,     0,0,0,2.50,97.50,0.00,N/A,1.50,5.26,210.16,0.29,7.13,0.01,0.18,0.00,1.38,0.00,1.00,0.00,0.00,0.63,0.66,0.0002,0.0007,     0,0,0,0.35,99.65,0.00,N/A,1.00,0.73,210.16,1.38,34.49,0.00,0.12,0.00,0.51,0.00,1.00,0.00,0.00,0.71,0.63,0.0013,0.0069,     0,0,0,0.11,99.89,0.00,N/A,0.12,0.24,210.16,0.51,12.84,0.00,0.01,0.00,0.52,0.00,1.00,0.00,0.00,0.73,0.72,0.0011,0.0056,     0,0,0,0.06,99.94,0.00,N/A,0.07,0.13,210.16,0.52,12.98,0.00,0.01,0.00,0.53,0.00,1.00,0.00,0.00,0.92,0.69,0.0004,0.0060,     0,0,0,0.06,99.94,0.00,N/A,0.07,0.13,210.16,0.53,13.13,0.00,0.01,0.01,1.63,0.01,1.00,0.00,0.00,0.96,0.93,0.0000,0.0005,     0,0,0,0.85,99.15,0.00,N/A,2.90,1.78,210.16,1.63,40.65,0.01,0.34,0.00,0.53,0.00,1.00,0.00,0.00,0.80,0.83,0.0003,0.0019,     0,0,0,0.25,99.75,0.00,N/A,0.28,0.53,210.16,0.53,13.15,0.00,0.03,0.00,0.58,0,0,,0.0010,     0,0,0,0,0.55,0.0021,0.0072,     0,0,0,0.25,99.75,0.00,N/A,0.31,0.53,210.16,0.58,14.53,0.00,0.04,0.01,0.31,0.02,0.76,0.00,0.03,0.96,0.28,0.0009,0.0208,     0,0,0,2.64,97.36,0.00,N/A,1.32,4.24,210.16,0.31,7.77,0.01,0.16,0.00,0.47,0.00,0.86,0.00,0.00,0.60,0.70,0.0019,0.0057,     0,0,0,0.09,99.91,0.00,N/A,0.07,0.16,210.16,0.47,11.73,0.00,0.01,0.00,0.48,0.00,0.79,0.00,0.00,0.78,0.68,0.0009,0.0060,     0,0,0,0.13,99.87,0.00,N/A,0.11,0.22,210.16,0.48,12.05,0.00,0.01,0.00,0.52,0.00,0.86,0.00,0.00,0.72,0.70,0.0014,0.0060,     0,0,0,0.09,99.91,0.00,N/A,0.08,0.16,210.16,0.52,13.04,0.00,0.01,0.00,0.50,0.00,0.62,0.00,0.00,0.88,0.71,0.0006,0.0060,     0,0,0,0.08,99.92,0.00,N/A,0.05,0.11,210.16,0.50,12.45,0.00,0.01,0.00,0.40,0.00,0.53,0.00,0.00,0.74,0.90,0.0004,0.0018,     0,0,0,0.05,99.95,0.00,N/A,0.02,0.05,210.16,0.40,10.05,0.00,0.00,0.00,0.38,0.00,0.53,0.00,0.00,0.81,0.89,0.0003,0.0018,     0,0,0,0.05,99.95,0.00,N/A,0.02,0.05,210.16,0.38,9.52,0.00,0.00,0.00,0.52,0.00,0.72,0.00,0.00,0.78,0.58,0.0011,0.0064,     0,0,0,0.12,99.88,0.00,N/A,0.09,0.18,210.16,0.52,12.98,0.00,0.01,
2024-03-21,21:06:38.880,0.01,0.94,0.01,0.93,0.01,0.07,0.92,0.61,0.0003,0.0037,0.00,0.00,-2147483648,0.00,0.00,20.08,21.31,210.16,0.94,23.56,0.01,0.15,0.83,0.58,2.10,0.68,99.32,0.00,100.00,0.00,0.00,0.00,0.00,-nan,0.09,0.01,1.13,0.01,1.00,0.00,0.04,0.90,0.69,0.0002,0.0024,     0,0,0,0.00,0.00,-2147483648,0.00,0.00,N/A,18.10,16.06,210.16,1.13,28.18,0.01,0.27,0.00,0.38,0.00,0.77,0.00,0.03,0.95,0.37,0.0008,0.0151,     0,0,0,0.00,0.00,-2147483648,0.00,0.00,N/A,1.98,5.26,210.16,0.38,9.43,0.00,0.03,0.32,0.23,  0%,  0%,0.20,0.08,  0%,  0%,0.57,0.53,  0%,  0%,0.51,0.48,  0%,  0%,0.95,99.05,0.00,100.00,0.00,0.00,0.40,99.60,0.00,100.00,0.00,0.00,0.00,0.00,0.00 ,0.00 ,-nan ,-nan ,0.08,0.10,0.01,0.31,0.02,1.00,0.00,0.03,0.95,0.27,0.0011,0.0197,     0,0,0,2.27,97.73,0.00,N/A,1.48,4.77,210.16,0.31,7.73,0.01,0.18,0.00,0.49,0.00,1.00,0.00,0.00,0.70,0.63,0.0012,0.0072,     0,0,0,0.11,99.89,0.00,N/A,0.11,0.22,210.16,0.49,12.27,0.00,0.01,0.02,1.88,0.01,1.00,0.00,0.00,0.73,0.88,0.0000,0.0003,     0,0,0,1.09,98.91,0.00,N/A,4.32,2.29,210.16,1.88,47.05,0.02,0.51,0.02,1.67,0.01,1.00,0.00,0.00,0.93,0.95,0.0000,0.0003,     0,0,0,1.22,98.78,0.00,N/A,4.32,2.58,210.16,1.67,41.78,0.02,0.51,0.00,0.48,0.00,1.00,0.00,0.00,0.78,0.73,0.0009,0.0052,     0,0,0,0.05,99.95,0.00,N/A,0.05,0.11,210.16,0.48,11.90,0.00,0.01,0.04,1.39,0.03,1.00,0.00,0.01,0.84,0.84,0.0002,0.0012,     0,0,0,2.52,97.48,0.00,N/A,7.37,5.30,210.16,1.39,34.78,0.04,0.88,0.00,0.64,0.00,1.00,0.00,0.00,0.74,0.83,0.0004,0.0019,     0,0,0,0.17,99.83,0.00,N/A,0.24,0.37,210.16,0.64,16.09,0.00,0.03,0.00,0.54,0.00,1.00,0.00,0.00,0.49,0.53,0.0028,0.0073,     0,0,0,0.20,99.80,0.00,N/A,0.22,0.41,210.16,0.54,13.56,0.00,0.03,0.01,0.31,0.02,0.77,0.00,0.03,0.96,0.28,0.0008,0.0208,     0,0,0,2.60,97.40,0.00,N/A,1.32,4.21,210.16,0.31,7.82,0.01,0.16,0.00,0.40,0.00,0.74,0.00,0.00,0.57,0.73,0.0019,0.0049,     0,0,0,0.08,99.92,0.00,N/A,0.05,0.12,210.16,0.40,10.11,0.00,0.01,0.00,0.44,0.00,0.81,0.00,0.00,0.76,0.66,0.0012,0.0067,     0,0,0,0.11,99.89,0.00,N/A,0.08,0.19,210.16,0.44,11.11,0.00,0.01,0.00,0.45,0.00,0.72,0.00,0.00,0.82,0.74,0.0008,0.0048,     0,0,0,0.07,99.93,0.00,N/A,0.05,0.11,210.16,0.45,11.21,0.00,0.01,0.00,0.98,0.00,0.90,0.00,0.00,0.86,0.80,0.0003,0.0023,     0,0,0,0.19,99.81,0.00,N/A,0.35,0.35,210.16,0.98,24.56,0.00,0.04,0.00,0.38,0.00,0.54,0.00,0.00,0.82,0.89,0.0003,0.0018,     0,0,0,0.05,99.95,0.00,N/A,0.02,0.05,210.16,0.38,9.56,0.00,0.00,0.00,0.37,0.00,0.55,0.00,0.00,0.80,0.90,0.0003,0.0019,     0,0,0,0.05,99.95,0.00,N/A,0.02,0.05,210.16,0.37,9.13,0.00,0.00,0.00,0.58,0.00,0.91,0.00,0.00,0.81,0.58,0.0011,0.0068,     0,0,0,0.09,99.91,0.00,N/A,0.10,0.17,210.16,0.58,14.47,0.00,0.01,
2024-03-21,21:06:38.980,0.00,0.87,0.01,0.92,0.00,0.07,0.93,0.60,0.0003,0.0042,0.00,0.00,-2147483648,0.00,0.00,15.54,17.88,211.61,0.87,21.73,0.00,0.12,0.39,0.30,1.01,0.58,99.42,0.00,100.00,0.00,0.00,0.00,0.00,-nan,0.07,0.01,1.07,0.01,1.00,0.00,0.04,0.92,0.70,0.0002,0.0026,     0,0,0,0.00,0.00,-2147483648,0.00,0.00,N/A,13.83,12.90,211.61,1.07,26.81,0.01,0.21,0.00,0.34,0.00,0.76,0.00,0.03,0.95,0.34,0.0009,0.0174,     0,0,0,0.00,0.00,-2147483648,0.00,0.00,N/A,1.71,4.98,211.61,0.34,8.60,0.00,0.03,0.07,0.18,  0%,  0%,0.10,0.04,  0%,  0%,0.22,0.33,  0%,  0%,0.26,0.20,  0%,  0%,0.77,99.23,0.00,100.00,0.00,0.00,0.39,99.61,0.00,100.00,0.00,0.00,0.00,0.00,0.00 ,0.00 ,-nan ,-nan ,0.08,0.07,0.01,0.31,0.02,1.00,0.00,0.03,0.95,0.28,0.0011,0.0197,     0,0,0,2.19,97.81,0.00,N/A,1.45,4.63,211.61,0.31,7.80,0.01,0.17,0.00,0.66,0.00,1.00,0.00,0.00,0.60,0.64,0.0009,0.0043,     0,0,0,0.14,99.86,0.00,N/A,0.20,0.29,211.61,0.66,16.60,0.00,0.02,0.00,0.44,0.00,1.00,0.00,0.00,0.67,0.67,0.0014,0.0064,     0,0,0,0.08,99.92,0.00,N/A,0.08,0.18,211.61,0.44,11.04,0.00,0.01,0.06,1.71,0.03,1.00,0.00,0.00,0.96,0.95,0.0000,0.0003,     0,0,0,3.24,96.76,0.00,N/A,11.54,6.77,211.61,1.71,42.64,0.06,1.38,0.00,0.41,0.00,1.00,0.00,0.00,0.82,0.70,0.0009,0.0060,     0,0,0,0.06,99.94,0.00,N/A,0.05,0.12,211.61,0.41,10.23,0.00,0.01,0.00,0.53,0.00,1.00,0.00,0.00,0.76,0.68,0.0012,0.0063,     0,0,0,0.07,99.93,0.00,N/A,0.08,0.15,211.61,0.53,13.13,0.00,0.01,0.00,0.64,0.00,1.00,0.00,0.00,0.65,0.83,0.0005,0.0021,     0,0,0,0.19,99.81,0.00,N/A,0.25,0.40,211.61,0.64,15.97,0.00,0.03,0.00,0.53,0.00,1.00,0.00,0.00,0.58,0.55,0.0022,0.0070,     0,0,0,0.17,99.83,0.00,N/A,0.19,0.36,211.61,0.53,13.27,0.00,0.02,0.01,0.31,0.02,0.80,0.00,0.03,0.96,0.28,0.0008,0.0209,     0,0,0,2.47,97.53,0.00,N/A,1.31,4.16,211.61,0.31,7.86,0.01,0.15,0.00,0.48,0.00,0.67,0.00,0.00,0.65,0.70,0.0017,0.0061,     0,0,0,0.09,99.91,0.00,N/A,0.06,0.12,211.61,0.48,12.06,0.00,0.01,0.00,0.53,0.00,0.41,0.00,0.00,0.84,0.64,0.0010,0.0069,     0,0,0,0.17,99.83,0.00,N/A,0.08,0.15,211.61,0.53,13.26,0.00,0.01,0.00,0.47,0.00,0.69,0.00,0.00,0.82,0.67,0.0008,0.0067,     0,0,0,0.08,99.92,0.00,N/A,0.06,0.12,211.61,0.47,11.64,0.00,0.01,0.00,0.50,0.00,0.77,0.00,0.00,0.85,0.68,0.0008,0.0063,     0,0,0,0.10,99.90,0.00,N/A,0.08,0.16,211.61,0.50,12.60,0.00,0.01,0.00,0.38,0.00,0.50,0.00,0.00,0.69,0.90,0.0004,0.0017,     0,0,0,0.05,99.95,0.00,N/A,0.02,0.05,211.61,0.38,9.39,0.00,0.00,0.00,0.37,0.00,0.49,0.00,0.00,0.78,0.87,0.0004,0.0023,     0,0,0,0.06,99.94,0.00,N/A,0.02,0.06,211.61,0.37,9.36,0.00,0.00,0.00,0.56,0.00,0.76,0.00,0.00,0.71,0.56,0.0018,0.0070,     0,0,0,0.10,99.90,0.00,N/A,0.09,0.16,211.61,0.56,14.01,0.00,0.01,
2024-03-21,21:06:39.080,0.00,0.78,0.00,0.92,0.00,0.07,0.94,0.53,0.0003,0.0054,0.00,0.00,-2147483648,0.00,0.00,12.26,15.69,210.16,0.78,19.53,0.00,0.09,0.35,0.23,1.67,0.51,99.49,0.00,100.00,0.00,0.00,0.00,0.00,-nan,0.08,0.01,0.97,0.01,0.99,0.00,0.04,0.93,0.62,0.0002,0.0035,     0,0,0,0.00,0.00,-2147483648,0.00,0.00,N/A,10.57,10.84,210.16,0.97,24.36,0.01,0.16,0.00,0.35,0.00,0.78,0.00,0.03,0.95,0.34,0.0008,0.0176,     0,0,0,0.00,0.00,-2147483648,0.00,0.00,N/A,1.69,4.84,210.16,0.35,8.71,0.00,0.03,0.08,0.10,  0%,  0%,0.11,0.06,  0%,  0%,0.16,0.31,  0%,  0%,0.63,0.57,  0%,  0%,0.65,99.35,0.00,100.00,0.00,0.00,0.37,99.63,0.00,100.00,0.00,0.00,0.00,0.00,0.00 ,0.00 ,-nan ,-nan ,0.08,0.08,0.01,0.32,0.02,1.00,0.00,0.03,0.95,0.27,0.0010,0.0200,     0,0,0,2.14,97.86,0.00,N/A,1.42,4.49,210.16,0.32,7.92,0.01,0.17,0.00,1.29,0.00,1.00,0.00,0.00,0.64,0.64,0.0002,0.0010,     0,0,0,0.34,99.66,0.00,N/A,0.93,0.72,210.16,1.29,32.16,0.00,0.11,0.00,0.53,0.00,0.63,0.00,0.00,0.68,0.65,0.0014,0.0068,     0,0,0,0.11,99.89,0.00,N/A,0.08,0.15,210.16,0.53,13.24,0.00,0.01,0.00,0.51,0.00,1.00,0.00,0.00,0.82,0.66,0.0010,0.0067,     0,0,0,0.08,99.92,0.00,N/A,0.08,0.16,210.16,0.51,12.67,0.00,0.01,0.00,0.42,0.00,1.00,0.00,0.00,0.86,0.70,0.0007,0.0058,     0,0,0,0.06,99.94,0.00,N/A,0.05,0.12,210.16,0.42,10.41,0.00,0.01,0.03,1.64,0.02,1.00,0.00,0.00,0.95,0.90,0.0000,0.0006,     0,0,0,1.77,98.23,0.00,N/A,6.13,3.75,210.16,1.64,40.90,0.03,0.73,0.01,1.47,0.01,1.00,0.00,0.00,0.94,0.92,0.0000,0.0006,     0,0,0,0.55,99.45,0.00,N/A,1.70,1.15,210.16,1.47,36.72,0.01,0.20,0.00,0.59,0.00,1.00,0.00,0.00,0.57,0.54,0.0023,0.0069,     0,0,0,0.14,99.86,0.00,N/A,0.18,0.30,210.16,0.59,14.73,0.00,0.02,0.01,0.32,0.02,0.81,0.00,0.03,0.96,0.28,0.0008,0.0213,     0,0,0,2.36,97.64,0.00,N/A,1.29,4.02,210.16,0.32,8.04,0.01,0.15,0.006,0.0204,     0,0,0,,0.00,0.57,0.74,0.0017,0.0045,     0,0,0,0.07,99.93,0.00,N/A,0.05,0.11,210.16,0.44,11.12,0.00,0.01,0.00,0.48,0.00,0.70,0.00,0.00,0.75,0.67,0.0013,0.0063,     0,0,0,0.11,99.89,0.00,N/A,0.08,0.17,210.16,0.48,12.08,0.00,0.01,0.00,0.48,0.00,0.71,0.00,0.00,0.81,0.74,0.0008,0.0048,     0,0,0,0.07,99.93,0.00,N/A,0.05,0.10,210.16,0.48,12.02,0.00,0.01,0.00,0.49,0.00,0.80,0.00,0.00,0.81,0.70,0.0009,0.0058,     0,0,0,0.10,99.90,0.00,N/A,0.08,0.17,210.16,0.49,12.22,0.00,0.01,0.00,0.38,0.00,0.53,0.00,0.00,0.83,0.88,0.0002,0.0019,     0,0,0,0.05,99.95,0.00,N/A,0.02,0.05,210.16,0.38,9.42,0.00,0.00,0.00,0.42,0.00,0.52,0.00,0.00,0.69,0.82,0.0006,0.0036,     0,0,0,0.05,99.95,0.00,N/A,0.02,0.05,210.16,0.42,10.54,0.00,0.00,0.00,0.55,0.00,0.60,0.00,0.00,0.86,0.57,0.0008,0.0063,     0,0,0,0.12,99.88,0.00,N/A,0.09,0.16,210.16,0.55,13.81,0.00,0.01,
2024-03-21,21:06:39.181,0.00,0.47,0.00,0.94,0.00,0.06,0.94,0.41,0.0007,0.0108,0.00,0.00,-2147483648,0.00,0.00,6.01,12.82,210.49,0.47,11.73,0.00,0.04,0.34,0.36,0.97,0.41,99.59,0.00,100.00,0.00,0.00,0.00,0.00,-nan,0.08,0.00,0.55,0.00,0.99,0.00,0.04,0.92,0.46,0.0006,0.0082,     0,0,0,0.00,0.00,-2147483648,0.00,0.00,N/A,4.30,7.77,210.49,0.55,13.83,0.00,0.06,0.00,0.34,0.00,0.86,0.00,0.03,0.96,0.34,0.0007,0.0173,     0,0,0,0.00,0.00,-2147483648,0.00,0.00,N/A,1.71,5.04,210.49,0.34,8.50,0.00,0.03,0.08,0.10,  0%,  0%,0.12,0.04,  0%,  0%,0.17,0.29,  0%,  0%,0.29,0.22,  0%,  0%,0.46,99.54,0.00,100.00,0.00,0.00,0.35,99.65,0.00,100.00,0.00,0.00,0.00,0.00,0.00 ,0.00 ,-nan ,-nan ,0.08,0.08,0.01,0.30,0.02,1.00,0.00,0.03,0.94,0.27,0.0011,0.0197,     0,0,0,2.29,97.71,0.00,N/A,1.47,4.82,210.49,0.30,7.61,0.01,0.17,0.00,0.39,0.00,1.00,0.00,0.00,0.69,0.60,0.0010,0.0057,     0,0,0,0.19,99.81,0.00,N/A,0.15,0.39,210.49,0.39,9.70,0.00,0.02,0.00,0.50,0.00,1.00,0.00,0.00,0.68,0.65,0.0014,0.0068,     0,0,0,0.08,99.92,0.00,N/A,0.08,0.16,210.49,0.50,12.56,0.00,0.01,0.00,0.46,0.00,1.00,0.00,0.00,0.83,0.64,0.0010,0.0075,     0,0,0,0.08,99.92,0.00,N/A,0.08,0.18,210.49,0.46,11.54,0.00,0.01,0.00,0.43,0.00,0.83,0.00,0.00,0.85,0.88,0.0002,0.0023,     0,0,0,0.03,99.97,0.00,N/A,0.03,0.06,210.49,0.43,10.85,0.00,0.00,0.00,0.50,0.00,1.00,0.00,0.00,0.81,0.67,0.0009,0.0065,     0,0,0,0.08,99.92,0.00,N/A,0.08,0.16,210.49,0.50,12.47,0.00,0.01,0.01,1.42,0.01,0.98,0.00,0.00,0.92,0.88,0.0001,0.0008,     0,0,0,0.70,99.30,0.00,N/A,2.07,1.45,210.49,1.42,35.61,0.01,0.25,0.00,0.62,0.00,1.00,0.00,0.00,0.56,0.49,0.0014,0.0053,     0,0,0,0.26,99.74,0.00,N/A,0.34,0.55,210.49,0.62,15.62,0.00,0.04,0.01,0.31,0.02,0.94,0.00,0.03,0.96,0.27,0.0008,0.0211,     0,0,0,2.15,97.85,0.00,N/A,1.30,4.24,210.49,0.31,7.69,0.01,0.15,0.00,0.38,0.00,0.55,0.00,0.00,0.85,0.90,0.0002,0.0018,     0,0,0,0.05,99.95,0.00,N/A,0.02,0.05,210.49,0.38,9.52,0.00,0.00,0.00,0.52,0.00,0.66,0.00,0.00,0.80,0.72,0.0008,0.0051,     0,0,0,0.14,99.86,0.00,N/A,0.10,0.19,210.49,0.52,12.94,0.00,0.01,0.00,0.35,0.00,0.58,0.00,0.00,0.77,0.90,0.0004,0.0019,     0,0,0,0.05,99.95,0.00,N/A,0.02,0.06,210.49,0.35,8.70,0.00,0.00,0.00,0.54,0.00,0.76,0.00,0.00,0.84,0.71,0.0007,0.0058,     0,0,0,0.10,99.90,0.00,N/A,0.09,0.16,210.49,0.54,13.57,0.00,0.01,0.00,0.46,0.00,0.61,0.00,0.00,0.89,0.71,0.0005,0.0054,     0,0,0,0.08,99.92,0.00,N/A,0.05,0.11,210.49,0.46,11.62,0.00,0.01,0.00,0.47,0.00,0.62,0.00,0.00,0.89,0.73,0.0005,0.0052,     0,0,0,0.08,99.92,0.00,N/A,0.05,0.11,210.49,0.47,11.71,0.00,0.01,0.00,0.66,0.00,0.43,0.00,0.00,0.88,0.58,0.0006,0.0061,     0,0,0,0.14,99.86,0.00,N/A,0.09,0.13,210.49,0.66,16.41,0.00,0.01,
2024-03-21,21:06:39.281,0.00,0.75,0.00,0.89,0.00,0.07,0.94,0.52,0.0003,0.0056,0.00,0.00,-2147483648,0.00,0.00,12.11,16.20,209.61,0.75,18.69,0.00,0.09,0.45,0.45,0.95,0.54,99.46,0.00,100.00,0.00,0.00,0.00,0.00,-nan,0.09,0.01,0.90,0.01,1.00,0.00,0.04,0.92,0.60,0.0003,0.0037,     0,0,0,0.00,0.00,-2147483648,0.00,0.00,N/A,10.43,11.59,209.61,0.90,22.48,0.01,0.16,0.00,0.37,0.00,0.70,0.00,0.03,0.95,0.35,0.0008,0.0175,     0,0,0,0.00,0.00,-2147483648,0.00,0.00,N/A,1.68,4.60,209.61,0.37,9.14,0.00,0.03,0.09,0.11,  0%,  0%,0.19,0.07,  0%,  0%,0.17,0.30,  0%,  0%,0.28,0.19,  0%,  0%,0.69,99.31,0.00,100.00,0.00,0.00,0.39,99.61,0.00,100.00,0.00,0.00,0.00,0.00,0.00 ,0.00 ,-nan ,-nan ,0.10,0.09,0.01,0.38,0.03,1.00,0.00,0.03,0.94,0.27,0.0008,0.0138,     0,0,0,2.73,97.27,0.00,N/A,2.16,5.71,209.61,0.38,9.46,0.01,0.26,0.01,1.39,0.00,1.00,0.00,0.00,0.74,0.65,0.0001,0.0008,     0,0,0,0.39,99.61,0.00,N/A,1.13,0.81,209.61,1.39,34.83,0.01,0.14,0.00,0.53,0.00,1.00,0.00,0.00,0.74,0.66,0.0011,0.0070,     0,0,0,0.07,99.93,0.00,N/A,0.08,0.15,209.61,0.53,13.20,0.00,0.01,0.00,0.52,0.00,1.00,0.00,0.00,0.85,0.66,0.0008,0.0068,     0,0,0,0.08,99.92,0.00,N/A,0.08,0.16,209.61,0.52,13.11,0.00,0.01,0.00,0.52,0.00,0.92,0.00,0.00,0.91,0.75,0.0004,0.0049,     0,0,0,0.05,99.95,0.00,N/A,0.05,0.10,209.61,0.52,12.94,0.00,0.01,0.00,0.56,0.00,1.00,0.00,0.00,0.88,0.71,0.0006,0.0058,     0,0,0,0.07,99.93,0.00,N/A,0.08,0.14,209.61,0.56,13.98,0.00,0.01,0.03,1.63,0.02,0.99,0.00,0.00,0.97,0.91,0.0000,0.0006,     0,0,0,1.93,98.07,0.00,N/A,6.59,4.05,209.61,1.63,40.67,0.03,0.78,0.00,0.54,0.00,1.00,0.00,0.00,0.61,0.49,0.0023,0.0073,     0,0,0,0.22,99.78,0.00,N/A,0.25,0.47,209.61,0.54,13.55,0.00,0.03,0.01,0.34,0.02,0.71,0.00,0.03,0.97,0.28,0.0007,0.0214,     0,0,0,2.51,97.49,0.00,N/A,1.27,3.75,209.61,0.34,8.48,0.01,0.15,0.00,0.46,0.00,0.68,0.00,0.00,0.50,0.74,0.0019,0.0050,     0,0,0,0.08,99.92,0.00,N/A,0.05,0.11,209.61,0.46,11.55,0.00,0.01,0.00,0.51,0.00,0.71,0.00,0.00,0.73,0.69,0.0012,0.0055,     0,0,0,0.13,99.87,0.00,N/A,0.10,0.19,209.61,0.51,12.80,0.00,0.01,0.00,0.46,0.00,0.66,0.00,0.00,0.83,0.73,0.0008,0.0050,     0,0,0,0.08,99.92,0.00,N/A,0.05,0.11,209.61,0.46,11.54,0.00,0.01,0.00,0.48,0.00,0.74,0.00,0.00,0.88,0.67,0.0007,0.0064,     0,0,0,0.11,99.89,0.00,N/A,0.08,0.16,209.61,0.48,12.12,0.00,0.01,0.00,0.37,0.00,0.47,0.00,0.00,0.81,0.89,0.0003,0.0018,     0,0,0,0.06,99.94,0.00,N/A,0.02,0.06,209.61,0.37,9.20,0.00,0.00,0.00,0.35,0.00,0.47,0.00,0.00,0.78,0.91,0.0003,0.0016,     0,0,0,0.06,99.94,0.00,N/A,0.02,0.06,209.61,0.35,8.86,0.00,0.00,0.00,0.56,0.00,0.76,0.00,0.00,0.82,0.57,0.0010,0.0065,     0,0,0,0.10,99.90,0.00,N/A,0.09,0.16,209.61,0.56,14.06,0.00,0.01,
2024-03-21,21:06:39.381,0.00,0.85,0.01,0.91,0.00,0.07,0.94,0.58,0.0002,0.0043,0.00,0.00,-2147483648,0.00,0.00,15.44,18.26,210.33,0.85,21.15,0.00,0.11,0.67,0.86,1.67,0.59,99.41,0.00,100.00,0.00,0.00,0.00,0.00,-nan,0.09,0.01,1.03,0.01,1.00,0.00,0.04,0.93,0.68,0.0002,0.0027,     0,0,0,0.00,0.00,-2147483648,0.00,0.00,N/A,13.76,13.32,210.33,1.03,25.82,0.01,0.20,0.00,0.34,0.00,0.74,0.00,0.03,0.95,0.35,0.0009,0.0174,     0,0,0,0.00,0.00,-2147483648,0.00,0.00,N/A,1.68,4.93,210.33,0.34,8.53,0.00,0.03,0.16,0.16,  0%,  0%,0.21,0.13,  0%,  0%,0.23,0.34,  0%,  0%,0.65,0.46,  0%,  0%,0.79,99.21,0.00,100.00,0.00,0.00,0.40,99.60,0.00,100.00,0.00,0.00,0.00,0.00,0.00 ,0.00 ,-nan ,-nan ,0.08,0.10,0.01,0.28,0.03,1.00,0.00,0.03,0.94,0.27,0.0011,0.0193,     0,0,0,2.51,97.49,0.00,N/A,1.50,5.29,210.33,0.28,7.11,0.01,0.18,0.01,1.49,0.01,1.00,0.00,0.00,0.66,0.62,0.0001,0.0006,     0,0,0,0.54,99.46,0.00,N/A,1.70,1.14,210.33,1.49,37.16,0.01,0.20,0.00,0.52,0.00,1.00,0.00,0.00,0.71,0.67,0.0011,0.0065,     0,0,0,0.07,99.93,0.00,N/A,0.08,0.15,210.33,0.52,12.97,0.00,0.01,0.00,0.52,0.00,1.00,0.00,0.00,0.86,0.66,0.0007,0.0069,     0,0,0,0.08,99.92,0.00,N/A,0.08,0.16,210.33,0.52,13.04,0.00,0.01,0.00,0.49,0.00,1.00,0.00,0.00,0.91,0.69,0.0005,0.0064,     0,0,0,0.05,99.95,0.00,N/A,0.05,0.11,210.33,0.49,12.30,0.00,0.01,0.00,0.56,0.00,1.00,0.00,0.00,0.86,0.69,0.0006,0.0062,     0,0,0,0.07,99.93,0.00,N/A,0.08,0.14,210.33,0.56,14.04,0.00,0.01,0.05,1.67,0.03,1.00,0.00,0.00,0.99,0.93,0.0000,0.0004,     0,0,0,2.89,97.11,0.00,N/A,10.16,6.10,210.33,1.67,41.68,0.05,1.20,0.00,0.43,0.00,1.00,0.00,0.00,0.63,0.58,0.0018,0.0060,     0,0,0,0.11,99.89,0.00,N/A,0.10,0.24,210.33,0.43,10.63,0.00,0.01,0.01,0.32,0.02,0.77,0.00,0.03,0.96,0.28,0.0008,0.0208,     0,0,0,2.58,97.42,0.00,N/A,1.31,4.16,210.33,0.32,7.89,0.01,0.16,0.00,0.45,0.00,0.63,0.00,0.00,0.52,0.75,0.0021,0.0048,     0,0,0,0.09,99.91,0.00,N/A,0.05,0.12,210.33,0.45,11.20,0.00,0.01,0.00,0.50,0.00,0.43,0.00,0.00,0.78,0.74,0.0008,0.0054,     0,0,0,0.10,99.90,0.00,N/A,0.05,0.09,210.33,0.50,12.61,0.00,,0.00,     0,0,0,0.00.63,0.00,0.00,0.84,0.74,,209.70,0.36,9.05,0.00,0.00,0.00,0.56,0.00,0.75,0.00,0.00,0.76,0.55,0.0015,0.0070,     0,0,0,0.10,99.90,0.00,N/A,0.09,0.16,209.70,0.56,13.96,0.00,0.01,
2024-03-21,21:06:39.380,0.00,0.68,0.00,0.88,0.00,0.06,0.94,0.46,0.0004,0.0065,0.00,0.00,-2147483648,0.00,0.00,9.84,14.36,210.22,0.68,17.12,0.00,0.07,0.61,0.69,1.51,0.48,99.52,0.00,100.00,0.00,0.00,0.00,0.00,-nan,0.09,0.00,0.83,0.01,1.00,0.00,0.04,0.92,0.54,0.0003,0.0042,     0,0,0,0.00,0.00,-2147483648,0.00,0.00,N/A,8.29,10.05,210.22,0.83,20.64,0.00,0.12,0.00,0.36,0.00,0.70,0.00,0.03,0.96,0.32,0.0008,0.0189,     0,0,0,0.00,0.00,-2147483648,0.00,0.00,N/A,1.54,4.32,210.22,0.36,8.93,0.00,0.02,0.24,0.25,  0%,  0%,0.10,0.03,  0%,  0%,0.47,0.59,  0%,  0%,0.26,0.18,  0%,  0%,0.60,99.40,0.00,100.00,0.00,0.00,0.37,99.63,0.00,100.00,0.00,0.00,0.00,0.00,0.00 ,0.00 ,-nan ,-nan ,0.08,0.10,0.01,0.31,0.02,1.00,0.00,0.03,0.94,0.27,0.0012,0.0187,     0,0,0,2.45,97.55,0.00,N/A,1.60,5.14,210.22,0.31,7.79,0.01,0.19,0.00,1.44,0.00,1.00,0.00,0.00,0.70,0.79,0.0001,0.0006,     0,0,0,0.17,99.83,0.00,N/A,0.53,0.36,210.22,1.44,36.03,0.00,0.06,0.00,0.41,0.00,1.00,0.00,0.00,0.78,0.69,0.0010,0.0060,     0,0,0,0.06,99.94,0.00,N/A,0.05,0.12,210.22,0.41,10.16,0.00,0.01,0.00,0.51,0.00,1.00,0.00,0.00,0.93,0.79,0.0002,0.0041,     0,0,0,0.02,99.98,0.00,N/A,0.02,0.05,210.22,0.51,12.73,0.00,0.00,0.00,0.75,0.00,1.00,0.00,0.00,0.92,0.86,0.0001,0.0023,     0,0,0,0.13,99.87,0.00,N/A,0.20,0.26,210.22,0.75,18.70,0.00,0.02,0.00,0.55,0.00,1.00,0.00,0.00,0.99,0.80,0.0000,0.0046,     0,0,0,0.03,99.97,0.00,N/A,0.03,0.05,210.22,0.55,13.82,0.00,0.00,0.02,1.55,0.01,1.00,0.00,0.00,0.91,0.91,0.0000,0.0005,     0,0,0,1.36,98.64,0.00,N/A,4.40,2.85,210.22,1.55,38.66,0.02,0.53,0.01,1.21,0.01,1.00,0.00,0.00,0.71,0.60,0.0002,0.0011,     0,0,0,0.58,99.42,0.00,N/A,1.47,1.21,210.22,1.21,30.26,0.01,0.17,0.01,0.34,0.02,0.73,0.00,0.03,0.97,0.27,0.0007,0.0217,     0,0,0,2.46,97.54,0.00,N/A,1.29,3.77,210.22,0.34,8.53,0.01,0.15,0.00,0.38,0.00,0.48,0.00,0.00,0.86,0.91,0.0002,0.0016,     0,0,0,0.05,99.95,0.00,N/A,0.02,0.05,210.22,0.38,9.39,0.00,0.00,0.00,0.54,0.00,0.50,0.00,0.00,0.68,0.74,0.0010,0.0053,     0,0,0,0.09,99.91,0.00,N/A,0.05,0.09,210.22,0.54,13.48,0.00,0.01,0.00,0.40,0.00,0.49,0.00,0.00,0.79,0.88,0.0003,0.0022,     0,0,0,0.05,99.95,0.00,N/A,0.02,0.05,210.22,0.40,9.90,0.00,0.00,0.00,0.40,0.00,0.50,0.00,0.00,0.71,0.88,0.0004,0.0021,     0,0,0,0.05,99.95,0.00,N/A,0.02,0.06,210.22,0.40,10.01,0.00,0.00,0.00,0.37,0.00,0.50,0.00,0.00,0.88,0.88,0.0002,0.0021,     0,0,0,0.06,99.94,0.00,N/A,0.02,0.06,210.22,0.37,9.36,0.00,0.00,0.00,0.39,0.00,0.49,0.00,0.00,0.77,0.88,0.0004,0.0022,     0,0,0,0.06,99.94,0.00,N/A,0.02,0.06,210.22,0.39,9.66,0.00,0.00,0.00,0.57,0.00,0.70,0.00,0.00,0.75,0.55,0.0015,0.0070,     0,0,0,0.11,99.89,0.00,N/A,0.10,0.17,210.22,0.57,14.15,0.00,0.01,
2024-03-21,21:06:39.480,0.00,0.62,0.00,0.88,0.00,0.06,0.94,0.45,0.0005,0.0075,0.00,0.00,-2147483648,0.00,0.00,8.52,13.67,209.95,0.62,15.59,0.00,0.06,0.37,0.39,1.05,0.46,99.54,0.00,100.00,0.00,0.00,0.00,0.00,-nan,0.08,0.00,0.76,0.01,1.00,0.00,0.04,0.92,0.52,0.0004,0.0051,     0,0,0,0.00,0.00,-2147483648,0.00,0.00,N/A,6.95,9.19,209.95,0.76,18.91,0.00,0.10,0.00,0.35,0.00,0.71,0.00,0.03,0.96,0.33,0.0008,0.0184,     0,0,0,0.00,0.00,-2147483648,0.00,0.00,N/A,1.57,4.48,209.95,0.35,8.78,0.00,0.02,0.11,0.13,  0%,  0%,0.09,0.03,  0%,  0%,0.26,0.37,  0%,  0%,0.24,0.18,  0%,  0%,0.55,99.45,0.00,100.00,0.00,0.00,0.38,99.62,0.00,100.00,0.00,0.00,0.00,0.00,0.00 ,0.00 ,-nan ,-nan ,0.08,0.08,0.01,0.31,0.02,1.00,0.00,0.03,0.93,0.27,0.0013,0.0188,     0,0,0,2.48,97.52,0.00,N/A,1.61,5.21,209.95,0.31,7.72,0.01,0.19,0.00,1.59,0.00,1.00,0.00,0.00,0.60,0.82,0.0001,0.0003,     0,0,0,0.19,99.81,0.00,N/A,0.64,0.40,209.95,1.59,39.86,0.00,0.08,0.00,1.31,0.00,0.99,0.00,0.00,0.66,0.62,0.0002,0.0009,     0,0,0,0.30,99.70,0.00,N/A,0.83,0.63,209.95,1.31,32.78,0.00,0.10,0.00,0.46,0.00,1.00,0.00,0.00,0.89,0.72,0.0004,0.0058,     0,0,0,0.03,99.97,0.00,N/A,0.03,0.06,209.95,0.46,11.42,0.00,0.00,0.00,0.47,0.00,1.00,0.00,0.00,0.95,0.76,0.0002,0.0052,     0,0,0,0.03,99.97,0.00,N/A,0.03,0.07,209.95,0.47,11.68,0.00,0.00,0.00,0.52,0.00,1.00,0.00,0.00,0.93,0.75,0.0003,0.0061,     0,0,0,0.03,99.97,0.00,N/A,0.03,0.06,209.95,0.52,13.00,0.00,0.00,0.02,1.46,0.01,1.00,0.00,0.00,0.93,0.90,0.0000,0.0007,     0,0,0,1.18,98.82,0.00,N/A,3.61,2.47,209.95,1.46,36.57,0.02,0.43,0.00,0.60,0.00,1.00,0.00,0.00,0.70,0.56,0.0016,0.0070,     0,0,0,0.14,99.86,0.00,N/A,0.18,0.29,209.95,0.60,15.05,0.00,0.02,0.01,0.33,0.02,0.76,0.00,0.03,0.96,0.27,0.0008,0.0214,     0,0,0,2.44,97.56,0.00,N/A,1.30,3.90,209.95,0.33,8.36,0.01,0.16,0.00,0.37,0.00,0.45,0.00,0.00,0.85,0.91,0.0002,0.0015,     0,0,0,0.06,99.94,0.00,N/A,0.02,0.05,209.95,0.37,9.15,0.00,0.00,0.00,0.45,0.00,0.61,0.00,0.00,0.74,0.73,0.0007,0.0050,     0,0,0,0.09,99.91,0.00,N/A,0.05,0.11,209.95,0.45,11.16,0.00,0.01,0.00,0.43,0.00,0.56,0.00,0.00,0.60,0.87,0.0006,0.0020,     0,0,0,0.08,99.92,0.00,N/A,0.04,0.09,209.95,0.43,10.87,0.00,0.00,0.00,0.43,0.00,0.48,0.00,0.00,0.90,0.83,0.0002,0.0037,     0,0,0,0.06,99.94,0.00,N/A,0.03,0.06,209.95,0.43,10.86,0.00,0.00,0.00,0.39,0.00,0.47,0.00,0.00,0.84,0.88,0.0003,0.0022,     0,0,0,0.06,99.94,0.00,N/A,0.02,0.06,209.95,0.39,9.72,0.00,0.00,0.00,0.33,0.00,0.51,0.00,0.00,0.78,0.87,0.0004,0.0024,     0,0,0,0.06,99.94,0.00,N/A,0.02,0.06,209.95,0.33,8.36,0.00,0.00,0.00,0.64,0.00,0.41,0.00,0.00,0.83,0.60,0.0009,0.0060,     0,0,0,0.16,99.84,0.00,N/A,0.09,0.14,209.95,0.64,15.99,0.00,0.01,
2024-03-21,21:06:39.581,0.00,0.76,0.01,0.93,0.01,0.07,0.92,0.61,0.0004,0.0046,0.00,0.00,-2147483648,0.00,0.00,14.98,19.67,210.17,0.76,19.05,0.00,0.11,0.41,0.15,1.02,0.63,99.37,0.00,100.00,0.00,0.00,0.00,0.00,-nan,0.08,0.01,0.91,0.01,1.00,0.00,0.04,0.89,0.70,0.0003,0.0029,     0,0,0,0.00,0.00,-2147483648,0.00,0.00,N/A,13.24,14.55,210.17,0.91,22.75,0.01,0.20,0.00,0.34,0.00,0.77,0.00,0.03,0.95,0.33,0.0009,0.0171,     0,0,0,0.00,0.00,-2147483648,0.00,0.00,N/A,1.74,5.12,210.17,0.34,8.52,0.00,0.03,0.12,0.13,  0%,  0%,0.13,0.03,  0%,  0%,0.26,0.36,  0%,  0%,0.24,0.16,  0%,  0%,0.87,99.13,0.00,100.00,0.00,0.00,0.39,99.61,0.00,100.00,0.00,0.00,0.00,0.00,0.00 ,0.00 ,-nan ,-nan ,0.08,0.08,0.01,0.31,0.03,1.00,0.00,0.03,0.93,0.26,0.0012,0.0188,     0,0,0,2.50,97.50,0.00,N/A,1.61,5.26,210.17,0.31,7.64,0.01,0.19,0.00,0.55,0.01,1.00,0.00,0.00,0.42,0.91,0.0004,0.0012,     0,0,0,0.91,99.09,0.00,N/A,1.04,1.91,210.17,0.55,13.67,0.00,0.12,0.00,0.80,0.01,1.00,0.00,0.00,0.31,0.86,0.0011,0.0018,     0,0,0,0.56,99.44,0.00,N/A,0.94,1.17,210.17,0.80,20.03,0.00,0.11,0.01,1.64,0.00,1.00,0.00,0.00,0.97,0.92,0.0000,0.0005,     0,0,0,0.33,99.67,0.00,N/A,1.14,0.70,210.17,1.64,40.96,0.01,0.14,0.00,0.48,0.00,1.00,0.00,0.00,0.95,0.83,0.0001,0.0035,     0,0,0,0.03,99.97,0.00,N/A,0.03,0.06,210.17,0.48,12.03,0.00,0.00,0.00,0.54,0.00,1.00,0.00,0.00,0.91,0.80,0.0003,0.0041,     0,0,0,0.02,99.98,0.00,N/A,0.02,0.04,210.17,0.54,13.38,0.00,0.00,0.04,1.63,0.02,1.00,0.00,0.00,0.98,0.93,0.0000,0.0004,     0,0,0,2.40,97.60,0.00,N/A,8.24,5.05,210.17,1.63,40.81,0.04,0.98,0.00,0.59,0.00,1.00,0.00,0.00,0.61,0.56,0.0022,0.0073,     0,0,0,0.17,99.83,0.00,N/A,0.21,0.36,210.17,0.59,14.70,0.00,0.03,0.01,0.32,0.02,0.82,0.00,0.03,0.96,0.27,0.0008,0.0207,     0,0,0,2.50,97.50,0.00,N/A,1.36,4.33,210.17,0.32,7.89,0.01,0.16,0.00,0.45,0.00,0.58,0.00,0.00,0.93,0.80,0.0002,0.0038,     0,0,0,0.04,99.96,0.00,N/A,0.02,0.05,210.17,0.45,11.15,0.00,0.00,0.00,0.46,0.00,0.59,0.00,0.00,0.73,0.80,0.0007,0.0033,     0,0,0,0.09,99.91,0.00,N/A,0.05,0.11,210.17,0.46,11.61,0.00,0.01,0.00,0.41,0.00,0.43,0.00,0.00,0.62,0.88,0.0006,0.0021,     0,0,0,0.07,99.93,0.00,N/A,0.03,0.06,210.17,0.41,10.22,0.00,0.00,0.00,0.29,0.00,0.59,0.00,0.00,0.43,0.80,0.0018,0.0036,     0,0,0,0.08,99.92,0.00,N/A,0.03,0.10,210.17,0.29,7.24,0.00,0.00,0.00,0.59,0.00,0.49,0.00,0.00,0.23,0.77,0.0016,0.0029,     0,0,0,0.12,99.88,0.00,N/A,0.07,0.12,210.17,0.59,14.85,0.00,0.01,0.00,0.39,0.00,0.43,0.00,0.00,0.80,0.86,0.0003,0.0029,     0,0,0,0.07,99.93,0.00,N/A,0.02,0.06,210.17,0.39,9.75,0.00,0.00,0.00,0.55,0.00,0.73,0.00,0.00,0.72,0.58,0.0012,0.0055,     0,0,0,0.18,99.82,0.00,N/A,0.15,0.28,210.17,0.55,13.85,0.00,0.02,
2024-03-21,21:06:39.681,0.00,0.69,0.00,0.92,0.,0.0006,0.,0,0,0.04,0,0,0.70,0.00,0.00,0.,0.0024,     0,0,0,0.05,99.95,0.00,N/A,0.02,0.05,210.59,0.37,9.18,0.00,0.00,0.00,0.55,0.00,0.73,0.00,0.00,0.86,0.57,0.0008,0.0065,     0,0,0,0.10,99.90,0.00,N/A,0.09,0.16,210.59,0.55,13.86,0.00,0.01,
2024-03-21,21:06:39.774,0.00,0.89,0.01,0.91,0.00,0.07,0.95,0.57,0.0002,0.0043,0.00,0.00,-2147483648,0.00,0.00,15.60,17.57,211.67,0.89,22.20,0.00,0.12,0.45,0.42,1.12,0.57,99.43,0.00,100.00,0.00,0.00,0.00,0.00,-nan,0.08,0.01,1.08,0.01,1.00,0.00,0.04,0.94,0.67,0.0001,0.0026,     0,0,0,0.00,0.00,-2147483648,0.00,0.00,N/A,13.98,12.89,211.67,1.08,27.11,0.01,0.21,0.00,0.35,0.00,0.72,0.00,0.03,0.96,0.33,0.0008,0.0183,     0,0,0,0.00,0.00,-2147483648,0.00,0.00,N/A,1.62,4.68,211.67,0.35,8.67,0.00,0.02,0.15,0.16,  0%,  0%,0.10,0.04,  0%,  0%,0.31,0.43,  0%,  0%,0.22,0.16,  0%,  0%,0.76,99.24,0.00,100.00,0.00,0.00,0.38,99.62,0.00,100.00,0.00,0.00,0.00,0.00,0.00 ,0.00 ,-nan ,-nan ,0.08,0.07,0.01,0.31,0.02,1.00,0.00,0.03,0.97,0.27,0.0007,0.0212,     0,0,0,1.99,98.01,0.00,N/A,1.32,4.21,211.67,0.31,7.84,0.01,0.16,0.00,1.36,0.00,1.00,0.00,0.00,0.64,0.65,0.0001,0.0006,     0,0,0,0.31,99.69,0.00,N/A,0.90,0.66,211.67,1.36,34.09,0.00,0.11,0.00,1.24,0.00,1.00,0.00,0.00,0.72,0.63,0.0002,0.0011,     0,0,0,0.30,99.70,0.00,N/A,0.79,0.63,211.67,1.24,31.11,0.00,0.09,0.05,1.71,0.03,1.00,0.00,0.00,0.98,0.92,0.0000,0.0005,     0,0,0,2.88,97.12,0.00,N/A,10.42,6.11,211.67,1.71,42.67,0.05,1.23,0.00,0.47,0.00,1.00,0.00,0.00,0.96,0.83,0.0001,0.0035,     0,0,0,0.03,99.97,0.00,N/A,0.03,0.06,211.67,0.47,11.71,0.00,0.00,0.00,0.50,0.00,1.00,0.00,0.00,0.93,0.90,0.0001,0.0018,     0,0,0,0.02,99.98,0.00,N/A,0.02,0.04,211.67,0.50,12.61,0.00,0.00,0.00,0.59,0.00,1.00,0.00,0.00,0.75,0.80,0.0005,0.0025,     0,0,0,0.20,99.80,0.00,N/A,0.24,0.42,211.67,0.59,14.70,0.00,0.03,0.00,0.33,0.00,1.00,0.00,0.00,0.58,0.53,0.0022,0.0066,     0,0,0,0.36,99.64,0.00,N/A,0.25,0.77,211.67,0.33,8.28,0.00,0.03,0.01,0.33,0.02,0.77,0.00,0.03,0.96,0.27,0.0008,0.0212,     0,0,0,2.48,97.52,0.00,N/A,1.34,4.04,211.67,0.33,8.26,0.01,0.16,0.00,0.34,0.00,0.44,0.00,0.00,0.77,0.89,0.0004,0.0019,     0,0,0,0.06,99.94,0.00,N/A,0.02,0.06,211.67,0.34,8.55,0.00,0.00,0.00,0.44,0.00,0.63,0.00,0.00,0.82,0.81,0.0004,0.0044,     0,0,0,0.05,99.95,0.00,N/A,0.03,0.06,211.67,0.44,10.95,0.00,0.00,0.00,0.49,0.00,0.54,0.00,0.00,0.80,0.72,0.0010,0.0051,     0,0,0,0.13,99.87,0.00,N/A,0.07,0.15,211.67,0.49,12.17,0.00,0.01,0.00,0.36,0.00,0.44,0.00,0.00,0.85,0.88,0.0002,0.0021,     0,0,0,0.06,99.94,0.00,N/A,0.02,0.06,211.67,0.36,9.05,0.00,0.00,0.00,0.44,0.00,0.43,0.00,0.00,0.73,0.89,0.0004,0.0018,     0,0,0,0.08,99.92,0.00,N/A,0.03,0.07,211.67,0.44,11.01,0.00,0.00,0.00,0.34,0.00,0.44,0.00,0.00,0.56,0.89,0.0007,0.0019,     0,0,0,0.06,99.94,0.00,N/A,0.02,0.06,211.67,0.34,8.54,0.00,0.00,0.00,0.53,0.00,0.67,0.00,0.00,0.87,0.57,0.0008,0.0066,     0,0,0,0.13,99.87,0.00,N/A,0.10,0.18,211.67,0.53,13.16,0.00,0.01,
2024-03-21,21:06:39.873,0.00,0.56,0.00,0.95,0.00,0.06,0.95,0.44,0.0004,0.0084,0.00,0.00,-2147483648,0.00,0.00,7.51,13.34,210.03,0.56,14.07,0.00,0.06,0.72,1.42,1.45,0.42,99.58,0.00,100.00,0.00,0.00,0.00,0.00,-nan,0.09,0.00,0.72,0.00,1.00,0.00,0.03,0.94,0.52,0.0003,0.0056,     0,0,0,0.00,0.00,-2147483648,0.00,0.00,N/A,5.77,8.00,210.03,0.72,18.03,0.00,0.09,0.00,0.33,0.00,0.88,0.00,0.03,0.95,0.33,0.0009,0.0177,     0,0,0,0.00,0.00,-2147483648,0.00,0.00,N/A,1.74,5.34,210.03,0.33,8.15,0.00,0.03,0.12,0.19,  0%,  0%,0.23,0.18,  0%,  0%,0.35,0.47,  0%,  0%,0.45,0.18,  0%,  0%,0.48,99.52,0.00,100.00,0.00,0.00,0.36,99.64,0.00,100.00,0.00,0.00,0.00,0.00,0.00 ,0.00 ,-nan ,-nan ,0.09,0.08,0.01,0.30,0.02,1.00,0.00,0.03,0.96,0.27,0.0008,0.0209,     0,0,0,2.17,97.83,0.00,N/A,1.35,4.56,210.03,0.30,7.43,0.01,0.16,0.00,1.28,0.00,1.00,0.00,0.00,0.55,0.60,0.0003,0.0009,     0,0,0,0.33,99.67,0.00,N/A,0.89,0.70,210.03,1.28,31.91,0.00,0.11,0.00,0.53,0.00,0.96,0.00,0.00,0.72,0.66,0.0013,0.0071,     0,0,0,0.08,99.92,0.00,N/A,0.09,0.16,210.03,0.53,13.19,0.00,0.01,0.01,1.65,0.01,1.00,0.00,0.00,0.96,0.94,0.0000,0.0004,     0,0,0,0.87,99.13,0.00,N/A,3.01,1.83,210.03,1.65,41.20,0.01,0.36,0.00,0.46,0.00,1.00,0.00,0.00,0.85,0.87,0.0003,0.0025,     0,0,0,0.03,99.97,0.00,N/A,0.03,0.06,210.03,0.46,11.46,0.00,0.00,0.00,0.50,0.00,1.00,0.00,0.00,0.90,0.88,0.0002,0.0020,     0,0,0,0.02,99.98,0.00,N/A,0.02,0.04,210.03,0.50,12.39,0.00,0.00,0.00,0.58,0.00,1.00,0.00,0.00,0.76,0.78,0.0005,0.0028,     0,0,0,0.23,99.77,0.00,N/A,0.28,0.48,210.03,0.58,14.44,0.00,0.03,0.00,0.59,0.00,1.00,0.00,0.00,0.67,0.58,0.0018,0.0071,     0,0,0,0.09,99.91,0.00,N/A,0.11,0.18,210.03,0.59,14.80,0.00,0.01,0.01,0.30,0.02,0.93,0.00,0.03,0.96,0.27,0.0009,0.0208,     0,0,0,2.32,97.68,0.00,N/A,1.38,4.53,210.03,0.30,7.61,0.01,0.16,0.00,0.34,0.00,0.54,0.00,0.00,0.75,0.86,0.0005,0.0027,     0,0,0,0.05,99.95,0.00,N/A,0.02,0.06,210.03,0.34,8.45,0.00,0.00,0.00,0.50,0.00,0.85,0.00,0.00,0.81,0.75,0.0007,0.0049,     0,0,0,0.06,99.94,0.00,N/A,0.05,0.10,210.03,0.50,12.57,0.00,0.01,0.00,0.52,0.00,0.72,0.00,0.00,0.84,0.67,0.0009,0.0066,     0,0,0,0.11,99.89,0.00,N/A,0.08,0.16,210.03,0.52,12.90,0.00,0.01,0.00,0.35,0.00,0.54,0.00,0.00,0.86,0.88,0.0002,0.0023,     0,0,0,0.05,99.95,0.00,N/A,0.02,0.06,210.03,0.35,8.87,0.00,0.00,0.00,0.36,0.00,0.68,0.00,0.00,0.86,0.59,0.0012,0.0085,     0,0,0,0.14,99.86,0.00,N/A,0.08,0.21,210.03,0.36,9.09,0.00,0.01,0.00,0.37,0.00,0.57,0.00,0.00,0.74,0.80,0.0005,0.0040,     0,0,0,0.05,99.95,0.00,N/A,0.02,0.06,210.03,0.37,9.18,0.00,0.00,0.00,0.56,0.00,0.73,0.00,0.00,0.87,0.60,0.0007,0.0064,     0,0,0,0.10,99.90,0.00,N/A,0.09,0.16,210.03,0.56,14.03,0.00,0.01,
2024-03-21,21:06:39.974,0.00,0.74,0.00,0.92,0.00,0.07,0.94,0.51,0.0004,0.0058,0.00,0.00,-2147483648,0.00,0.00,12.04,16.31,210.16,0.74,18.45,0.00,0.09,0.61,0.58,1.89,0.53,99.47,0.00,100.00,0.00,0.00,0.00,0.00,-nan,0.09,0.01,0.92,0.01,1.00,0.00,0.04,0.93,0.60,0.0003,0.0038,     0,0,0,0.00,0.00,-2147483648,0.00,0.00,N/A,10.32,11.17,210.16,0.92,23.11,0.01,0.15,0.00,0.33,0.00,0.78,0.00,0.03,0.95,0.33,0.0009,0.0178,     0,0,0,0.00,0.00,-2147483648,0.00,0.00,N/A,1.72,5.14,210.16,0.33,8.34,0.00,0.03,0.13,0.14,  0%,  0%,0.22,0.13,  0%,  0%,0.27,0.31,  0%,  0%,0.66,0.64,  0%,  0%,0.66,99.34,0.00,100.00,0.00,0.00,0.39,99.61,0.00,100.00,0.00,0.00,0.00,0.00,0.00 ,0.00 ,-nan ,-nan ,0.09,0.09,0.01,0.29,0.02,1.00,0.00,0.03,0.96,0.27,0.0008,0.0205,     0,0,0,2.22,97.78,0.00,N/A,1.38,4.67,210.16,0.29,7.36,0.01,0.16,0.02,1.56,0.01,1.00,0.00,0.00,0.91,0.83,0.0001,0.0010,     0,0,0,1.37,98.63,0.00,N/A,4.50,2.89,210.16,1.56,38.89,0.02,0.53,0.00,0.52,0.00,1.00,0.00,0.00,0.77,0.61,0.0012,0.0080,     0,0,0,0.10,99.90,0.00,N/A,0.11,0.21,210.16,0.52,12.93,0.00,0.01,0.02,1.69,0.01,1.00,0.00,0.00,0.99,0.91,0.0000,0.0005,     0,0,0,1.02,98.98,0.00,N/A,3.61,2.14,210.16,1.69,42.18,0.02,0.43,0.00,0.40,0.00,1.00,0.00,0.00,0.91,0.90,0.0001,0.0019,     0,0,0,0.02,99.98,0.00,N/A,0.02,0.05,210.16,0.40,9.96,0.00,0.00,0.00,0.53,0.00,1.00,0.00,0.00,0.97,0.90,0.0001,0.0017,     0,0,0,0.02,99.98,0.00,N/A,0.02,0.04,210.16,0.53,13.37,0.00,0.00,0.00,0.58,0.00,1.00,0.00,0.00,0.51,0.67,0.0012,0.0034,     0,0,0,0.35,99.65,0.00,N/A,0.42,0.73,210.16,0.58,14.47,0.00,0.05,0.00,0.62,0.00,1.00,0.00,0.00,0.69,0.53,0.0017,0.0073,     0,0,0,0.20,99.80,0.00,N/A,0.26,0.43,210.16,0.62,15.38,0.00,0.03,0.01,0.31,0.02,0.83,0.00,0.03,0.95,0.27,0.0010,0.0206,     0,0,0,2.53,97.47,0.00,N/A,1.40,4.44,210.16,0.31,7.85,0.01,0.17,0.00,0.39,0.00,0.46,0.00,0.00,0.84,0.81,0.0003,0.0039,     0,0,0,0.06,99.94,0.00,N/A,0.02,0.06,210.16,0.39,9.66,0.00,0.00,0.00,0.48,0.00,0.68,0.00,0.00,0.74,0.73,0.0008,0.0051,     0,0,0,0.07,99.93,0.00,N/A,0.05,0.11,210.16,0.48,11.99,0.00,0.01,0.00,0.51,0.00,0.55,0.00,0.00,0.83,0.68,0.0009,0.0061,     0,0,0,0.13,99.87,0.00,N/A,0.08,0.16,210.16,0.51,12.70,0.00,0.01,0.00,0.42,0.00,0.45,0.00,0.00,0.97,0.81,0.0001,0.0037,     0,0,0,0.06,99.94,0.00,N/A,0.02,0.06,210.16,0.42,10.43,0.00,0.00,0.00,0.46,0.00,0.44,0.00,0.00,0.59,0.80,0.0014,0.0041,     0,0,0,0.07,99.93,0.00,N/A,0.03,0.07,210.16,0.46,11.57,0.00,0.00,0.00,0.40,0.00,0.46,0.00,0.00,0.92,0.81,0.0003,0.0037,     0,0,0,0.06,99.94,0.00,N/A,0.02,0.06,210.16,0.40,10.05,0.00,0.00,0.00,0.45,0.00,0.74,0.00,0.00,0.88,0.56,0.0006,0.0063,     0,0,0,0.13,99.87,0.00,N/A,0.09,0.20,210.16,0.45,11.32,0.00,0.01,
20,0.87,0.,     0,0,,0,0,0.00,0.73,0.00,0.00,0.82,0.57,0.0010,0.0068,     0,0,0,0.12,99.88,0.00,N/A,0.10,0.18,207.86,0.53,13.32,0.00,0.01,
2024-03-21,21:06:40.080,0.00,0.83,0.01,0.91,0.00,0.07,0.95,0.55,0.0002,0.0048,0.00,0.00,-2147483648,0.00,0.00,14.39,17.42,209.93,0.83,20.65,0.00,0.11,0.45,0.44,1.30,0.57,99.43,0.00,100.00,0.00,0.00,0.00,0.00,-nan,0.08,0.01,1.01,0.01,1.00,0.00,0.04,0.94,0.64,0.0002,0.0031,     0,0,0,0.00,0.00,-2147483648,0.00,0.00,N/A,12.74,12.61,209.93,1.01,25.26,0.01,0.19,0.00,0.34,0.00,0.73,0.00,0.03,0.95,0.34,0.0008,0.0177,     0,0,0,0.00,0.00,-2147483648,0.00,0.00,N/A,1.65,4.81,209.93,0.34,8.56,0.00,0.02,0.12,0.19,  0%,  0%,0.10,0.04,  0%,  0%,0.35,0.47,  0%,  0%,0.28,0.20,  0%,  0%,0.75,99.25,0.00,100.00,0.00,0.00,0.39,99.61,0.00,100.00,0.00,0.00,0.00,0.00,0.00 ,0.00 ,-nan ,-nan ,0.08,0.08,0.01,0.29,0.02,1.00,0.00,0.03,0.95,0.27,0.0010,0.0192,     0,0,0,2.49,97.51,0.00,N/A,1.53,5.23,209.93,0.29,7.31,0.01,0.18,0.00,0.99,0.00,1.00,0.00,0.00,0.64,0.59,0.0005,0.0023,     0,0,0,0.24,99.76,0.00,N/A,0.50,0.50,209.93,0.99,24.73,0.00,0.06,0.00,0.48,0.00,0.94,0.00,0.00,0.83,0.70,0.0006,0.0060,     0,0,0,0.06,99.94,0.00,N/A,0.06,0.12,209.93,0.48,12.07,0.00,0.01,0.05,1.66,0.03,1.00,0.00,0.01,0.97,0.87,0.0000,0.0007,     0,0,0,2.98,97.02,0.00,N/A,10.35,6.25,209.93,1.66,41.42,0.05,1.23,0.00,0.41,0.00,1.00,0.00,0.00,0.86,0.93,0.0002,0.0013,     0,0,0,0.03,99.97,0.00,N/A,0.02,0.05,209.93,0.41,10.25,0.00,0.00,0.00,0.57,0.00,1.00,0.00,0.00,0.91,0.68,0.0004,0.0063,     0,0,0,0.07,99.93,0.00,N/A,0.08,0.14,209.93,0.57,14.20,0.00,0.01,0.00,0.68,0.00,1.00,0.00,0.00,0.46,0.90,0.0003,0.0008,     0,0,0,0.13,99.87,0.00,N/A,0.18,0.26,209.93,0.68,16.93,0.00,0.02,0.00,0.49,0.00,1.00,0.00,0.00,0.89,0.84,0.0002,0.0033,     0,0,0,0.02,99.98,0.00,N/A,0.02,0.05,209.93,0.49,12.36,0.00,0.00,0.01,0.32,0.02,0.77,0.00,0.03,0.96,0.28,0.0008,0.0210,     0,0,0,2.54,97.46,0.00,N/A,1.31,4.11,209.93,0.32,7.98,0.01,0.16,0.00,0.42,0.00,0.51,0.00,0.00,0.79,0.80,0.0006,0.0037,     0,0,0,0.06,99.94,0.00,N/A,0.03,0.06,209.93,0.42,10.57,0.00,0.00,0.00,0.33,0.00,0.46,0.00,0.00,0.73,0.89,0.0004,0.0023,     0,0,0,0.06,99.94,0.00,N/A,0.02,0.06,209.93,0.33,8.36,0.00,0.00,0.00,0.39,0.00,0.54,0.00,0.00,0.74,0.81,0.0005,0.0037,     0,0,0,0.06,99.94,0.00,N/A,0.03,0.06,209.93,0.39,9.72,0.00,0.00,0.00,0.52,0.00,0.81,0.00,0.00,0.82,0.70,0.0008,0.0055,     0,0,0,0.09,99.91,0.00,N/A,0.08,0.15,209.93,0.52,12.88,0.00,0.01,0.00,0.46,0.00,0.42,0.00,0.00,0.72,0.74,0.0011,0.0045,     0,0,0,0.11,99.89,0.00,N/A,0.05,0.10,209.93,0.46,11.52,0.00,0.01,0.00,0.46,0.00,0.43,0.00,0.00,0.75,0.79,0.0009,0.0039,     0,0,0,0.11,99.89,0.00,N/A,0.04,0.10,209.93,0.46,11.52,0.00,0.01,0.00,0.57,0.00,0.74,0.00,0.00,0.83,0.59,0.0010,0.0067,     0,0,0,0.11,99.89,0.00,N/A,0.10,0.17,209.93,0.57,14.34,0.00,0.01,
2024-03-21,21:06:40.180,0.00,0.83,0.00,0.87,0.00,0.07,0.94,0.54,0.0003,0.0049,0.00,0.00,-2147483648,0.00,0.00,13.70,16.59,210.11,0.83,20.65,0.00,0.10,0.74,0.50,1.62,0.56,99.44,0.00,100.00,0.00,0.00,0.00,0.00,-nan,0.08,0.01,1.02,0.01,0.96,0.00,0.04,0.94,0.63,0.0002,0.0030,     0,0,0,0.00,0.00,-2147483648,0.00,0.00,N/A,11.98,11.73,210.11,1.02,25.53,0.01,0.18,0.00,0.35,0.00,0.71,0.00,0.03,0.95,0.34,0.0008,0.0175,     0,0,0,0.00,0.00,-2147483648,0.00,0.00,N/A,1.72,4.85,210.11,0.35,8.85,0.00,0.03,0.12,0.14,  0%,  0%,0.36,0.12,  0%,  0%,0.21,0.44,  0%,  0%,0.59,0.38,  0%,  0%,0.72,99.28,0.00,100.00,0.00,0.00,0.41,99.59,0.00,100.00,0.00,0.00,0.00,0.00,0.00 ,0.00 ,-nan ,-nan ,0.08,0.08,0.01,0.31,0.02,0.92,0.00,0.03,0.95,0.27,0.0011,0.0197,     0,0,0,2.51,97.49,0.00,N/A,1.48,4.84,210.11,0.31,7.64,0.01,0.18,0.00,0.53,0.00,1.00,0.00,0.00,0.70,0.65,0.0011,0.0066,     0,0,0,0.09,99.91,0.00,N/A,0.10,0.18,210.11,0.53,13.14,0.00,0.01,0.00,0.45,0.00,1.00,0.00,0.00,0.71,0.71,0.0010,0.0058,     0,0,0,0.06,99.94,0.00,N/A,0.05,0.12,210.11,0.45,11.29,0.00,0.01,0.04,1.67,0.03,1.00,0.00,0.00,0.97,0.90,0.0000,0.0006,     0,0,0,2.50,97.50,0.00,N/A,8.78,5.26,210.11,1.67,41.78,0.04,1.05,0.00,0.51,0.00,1.00,0.00,0.00,0.80,0.75,0.0007,0.0047,     0,0,0,0.05,99.95,0.00,N/A,0.05,0.10,210.11,0.51,12.72,0.00,0.01,0.00,0.54,0.00,1.00,0.00,0.00,0.91,0.70,0.0004,0.0058,     0,0,0,0.04,99.96,0.00,N/A,0.05,0.09,210.11,0.54,13.47,0.00,0.01,0.00,0.62,0.00,1.00,0.00,0.00,0.63,0.79,0.0006,0.0023,     0,0,0,0.17,99.83,0.00,N/A,0.23,0.37,210.11,0.62,15.58,0.00,0.03,0.01,1.60,0.00,1.00,0.00,0.00,0.59,0.77,0.0001,0.0002,     0,0,0,0.37,99.63,0.00,N/A,1.24,0.77,210.11,1.60,40.10,0.01,0.15,0.01,0.33,0.02,0.72,0.00,0.03,0.96,0.27,0.0008,0.0212,     0,0,0,2.65,97.35,0.00,N/A,1.31,4.02,210.11,0.33,8.13,0.01,0.16,0.00,0.43,0.00,0.63,0.00,0.00,0.48,0.76,0.0020,0.0044,     0,0,0,0.08,99.92,0.00,N/A,0.05,0.11,210.11,0.43,10.85,0.00,0.01,0.00,0.37,0.00,0.49,0.00,0.00,0.88,0.91,0.0002,0.0017,     0,0,0,0.05,99.95,0.00,N/A,0.02,0.05,210.11,0.37,9.21,0.00,0.00,0.00,0.49,0.00,0.61,0.00,0.00,0.87,0.75,0.0006,0.0047,     0,0,0,0.08,99.92,0.00,N/A,0.05,0.10,210.11,0.49,12.22,0.00,0.01,0.00,0.47,0.00,0.69,0.00,0.00,0.81,0.75,0.0008,0.0047,     0,0,0,0.07,99.93,0.00,N/A,0.05,0.11,210.11,0.47,11.68,0.00,0.01,0.00,0.50,0.00,0.71,0.00,0.00,0.82,0.70,0.0009,0.0061,     0,0,0,0.10,99.90,0.00,N/A,0.07,0.14,210.11,0.50,12.53,0.00,0.01,0.00,0.45,0.00,0.72,0.00,0.00,0.91,0.69,0.0005,0.0062,     0,0,0,0.08,99.92,0.00,N/A,0.05,0.12,210.11,0.45,11.31,0.00,0.01,0.00,0.60,0.00,0.69,0.00,0.00,0.78,0.58,0.0013,0.0068,     0,0,0,0.13,99.87,0.00,N/A,0.12,0.19,210.11,0.60,15.07,0.00,0.01,
2024-03-21,21:06:40.280,0.00,0.68,0.00,0.91,0.00,0.06,0.95,0.44,0.0003,0.0068,0.00,0.00,-2147483648,0.00,0.00,9.54,14.09,209.87,0.68,16.93,0.00,0.07,0.70,0.62,2.37,0.46,99.54,0.00,100.00,0.00,0.00,0.00,0.00,-nan,0.08,0.00,0.83,0.01,1.00,0.00,0.04,0.94,0.50,0.0003,0.0045,     0,0,0,0.00,0.00,-2147483648,0.00,0.00,N/A,7.88,9.44,209.87,0.83,20.86,0.00,0.12,0.00,0.36,0.00,0.77,0.00,0.03,0.96,0.34,0.0008,0.0178,     0,0,0,0.00,0.00,-2147483648,0.00,0.00,N/A,1.66,4.64,209.87,0.36,8.94,0.00,0.02,0.13,0.17,  0%,  0%,0.21,0.19,  0%,  0%,0.35,0.40,  0%,  0%,0.82,0.81,  0%,  0%,0.56,99.44,0.00,100.00,0.00,0.00,0.36,99.64,0.00,100.00,0.00,0.00,0.00,0.00,0.00 ,0.00 ,-nan ,-nan ,0.08,0.07,0.01,0.31,0.02,1.00,0.00,0.03,0.95,0.26,0.0009,0.0200,     0,0,0,2.28,97.72,0.00,N/A,1.46,4.78,209.87,0.31,7.64,0.01,0.17,0.01,1.51,0.01,1.00,0.00,0.00,0.68,0.66,0.0001,0.0005,     0,0,0,0.87,99.13,0.00,N/A,2.76,1.83,209.87,1.51,37.74,0.01,0.33,0.00,0.51,0.00,0.82,0.00,0.00,0.76,0.71,0.0009,0.0062,     0,0,0,0.06,99.94,0.00,N/A,0.05,0.10,209.87,0.51,12.72,0.00,0.01,0.02,1.52,0.01,1.00,0.00,0.00,0.94,0.84,0.0001,0.0010,     0,0,0,1.03,98.97,0.00,N/A,3.27,2.15,209.87,1.52,37.94,0.02,0.39,0.00,0.42,0.00,1.00,0.00,0.00,0.43,0.80,0.0014,0.0031,     0,0,0,0.04,99.96,0.00,N/A,0.04,0.09,209.87,0.42,10.40,0.00,0.00,0.00,0.53,0.00,0.98,0.00,0.00,0.94,0.70,0.0002,0.0058,     0,0,0,0.07,99.93,0.00,N/A,0.08,0.15,209.87,0.53,13.30,0.00,0.01,0.00,0.67,0.00,1.00,0.00,0.00,0.56,0.92,0.0002,0.0006,     0,0,0,0.14,99.86,0.00,N/A,0.19,0.29,209.87,0.67,16.80,0.00,0.02,0.00,0.47,0.00,0.93,0.00,0.00,0.88,0.86,0.0001,0.0029,     0,0,0,0.02,99.98,0.00,N/A,0.02,0.05,209.87,0.47,11.86,0.00,0.00,0.01,0.33,0.02,0.80,0.00,0.03,0.97,0.28,0.0007,0.0213,     0,0,0,2.29,97.71,0.00,N/A,1.28,3.85,209.87,0.33,8.30,0.01,0.15,0.00,0.37,0.00,0.54,0.00,0.00,0.78,0.80,0.0005,0.0039,     0,0,0,0.06,99.94,0.00,N/A,0.02,0.07,209.87,0.37,9.34,0.00,0.00,0.00,0.43,0.00,0.65,0.00,0.00,0.85,0.89,0.0003,0.0020,     0,0,0,0.03,99.97,0.00,N/A,0.02,0.05,209.87,0.43,10.67,0.00,0.00,0.00,0.36,0.00,0.53,0.00,0.00,0.74,0.88,0.0005,0.0021,     0,0,0,0.05,99.95,0.00,N/A,0.02,0.06,209.87,0.36,9.08,0.00,0.00,0.00,0.45,0.00,0.79,0.00,0.00,0.83,0.62,0.0011,0.0072,     0,0,0,0.11,99.89,0.00,N/A,0.08,0.18,209.87,0.45,11.25,0.00,0.01,0.00,0.44,0.00,0.62,0.00,0.00,0.84,0.71,0.0008,0.0055,     0,0,0,0.08,99.92,0.00,N/A,0.05,0.11,209.87,0.44,10.99,0.00,0.01,0.00,0.44,0.00,0.63,0.00,0.00,0.84,0.71,0.0008,0.0054,     0,0,0,0.09,99.91,0.00,N/A,0.05,0.11,209.87,0.44,11.09,0.00,0.01,0.00,0.63,0.00,0.61,0.00,0.00,0.82,0.53,0.0011,0.0068,     0,0,0,0.17,99.83,0.00,N/A,0.14,0.22,209.87,0.63,15.72,0.00,0.02,
2024-03-21,21:06:40.380,0.00,0.69,0.00,0.88,0.00,0.06,0.95,0.46,0.0003,0.0066,0.00,0.00,-2147483648,0.,0.410.07,0.95,0,10210.05,0.69,17.22,0.00,0.07,0.51,0.99,1.79,0.47,99.53,0.00,100.00,0.00,0.00,0.00,0.00,-nan,0.08,0.00,0.84,0.01,1.00,0.00,0.03,0.93,0.54,0.0003,0.0043,     0,0,0,0.00,0.00,-2147483648,0.00,0.00,N/A,8.00,9.55,210.05,0.84,20.95,0.00,0.12,0.00,0.37,0.00,0.70,0.00,0.03,0.96,0.33,0.0007,0.0180,     0,0,0,0.00,0.00,-2147483648,0.00,0.00,N/A,1.61,4.41,210.05,0.37,9.14,0.00,0.02,0.06,0.13,  0%,  0%,0.19,0.13,  0%,  0%,0.19,0.28,  0%,  0%,0.67,0.64,  0%,  0%,0.57,99.43,0.00,100.00,0.00,0.00,0.37,99.63,0.00,100.00,0.00,0.00,0.00,0.00,0.00 ,0.00 ,-nan ,-nan ,0.08,0.08,0.01,0.30,0.02,1.00,0.00,0.03,0.94,0.27,0.0011,0.0197,     0,0,0,2.37,97.63,0.00,N/A,1.49,4.97,210.05,0.30,7.47,0.01,0.18,0.01,1.47,0.01,1.00,0.00,0.00,0.65,0.66,0.0001,0.0006,     0,0,0,0.54,99.46,0.00,N/A,1.67,1.13,210.05,1.47,36.82,0.01,0.20,0.00,0.41,0.00,0.97,0.00,0.00,0.77,0.73,0.0008,0.0053,     0,0,0,0.06,99.94,0.00,N/A,0.05,0.12,210.05,0.41,10.24,0.00,0.01,0.02,1.61,0.01,1.00,0.00,0.00,0.95,0.87,0.0000,0.0008,     0,0,0,1.33,98.67,0.00,N/A,4.49,2.80,210.05,1.61,40.14,0.02,0.53,0.00,0.47,0.00,0.95,0.00,0.00,0.95,0.84,0.0001,0.0034,     0,0,0,0.03,99.97,0.00,N/A,0.03,0.06,210.05,0.47,11.66,0.00,0.00,0.00,0.54,0.00,0.98,0.00,0.00,0.91,0.69,0.0004,0.0060,     0,0,0,0.07,99.93,0.00,N/A,0.08,0.15,210.05,0.54,13.55,0.00,0.01,0.00,0.65,0.00,0.97,0.00,0.00,0.56,0.92,0.0003,0.0008,     0,0,0,0.14,99.86,0.00,N/A,0.19,0.29,210.05,0.65,16.24,0.00,0.02,0.00,0.48,0.00,1.00,0.00,0.00,1.00,0.92,0.0000,0.0016,     0,0,0,0.02,99.98,0.00,N/A,0.02,0.04,210.05,0.48,12.00,0.00,0.00,0.01,0.35,0.02,0.72,0.00,0.03,0.97,0.28,0.0007,0.0214,     0,0,0,2.43,97.57,0.00,N/A,1.28,3.69,210.05,0.35,8.65,0.01,0.15,0.00,0.36,0.00,0.46,0.00,0.00,0.68,0.91,0.0004,0.0016,     0,0,0,0.06,99.94,0.00,N/A,0.02,0.06,210.05,0.36,8.98,0.00,0.00,0.00,0.37,0.00,0.50,0.00,0.00,0.50,0.92,0.0006,0.0015,     0,0,0,0.05,99.95,0.00,N/A,0.02,0.05,210.05,0.37,9.13,0.00,0.00,0.00,0.38,0.00,0.46,0.00,0.00,0.62,0.92,0.0005,0.0015,     0,0,0,0.06,99.94,0.00,N/A,0.02,0.05,210.05,0.38,9.49,0.00,0.00,0.00,0.47,0.00,0.52,0.00,0.00,0.84,0.71,0.0008,0.0053,     0,0,0,0.14,99.86,0.00,N/A,0.07,0.16,210.05,0.47,11.66,0.00,0.01,0.00,0.46,0.00,0.67,0.00,0.00,0.87,0.71,0.0007,0.0056,     0,0,0,0.07,99.93,0.00,N/A,0.05,0.10,210.05,0.46,11.52,0.00,0.01,0.00,0.47,0.00,0.67,0.00,0.00,0.87,0.74,0.0006,0.0050,     0,0,0,0.07,99.93,0.00,N/A,0.05,0.10,210.05,0.47,11.77,0.00,0.01,0.00,0.55,0.00,0.75,0.00,0.00,0.81,0.54,0.0011,0.0070,     0,0,0,0.12,99.88,0.00,N/A,0.10,0.19,210.05,0.55,13.63,0.00,0.01,
2024-03-21,21:06:40.480,0.00,0.85,0.01,0.92,0.00,0.06,0.95,0.59,0.0002,0.0044,0.00,0.00,-2147483648,0.00,0.00,14.58,17.25,210.02,0.85,21.14,0.00,0.11,0.40,0.25,1.17,0.56,99.44,0.00,100.00,0.00,0.00,0.00,0.00,-nan,0.09,0.01,1.03,0.01,0.99,0.00,0.03,0.94,0.69,0.0002,0.0027,     0,0,0,0.00,0.00,-2147483648,0.00,0.00,N/A,12.94,12.56,210.02,1.03,25.76,0.01,0.19,0.00,0.35,0.00,0.77,0.00,0.03,0.95,0.34,0.0008,0.0179,     0,0,0,0.00,0.00,-2147483648,0.00,0.00,N/A,1.64,4.69,210.02,0.35,8.76,0.00,0.02,0.08,0.09,  0%,  0%,0.16,0.07,  0%,  0%,0.15,0.29,  0%,  0%,0.41,0.33,  0%,  0%,0.75,99.25,0.00,100.00,0.00,0.00,0.36,99.64,0.00,100.00,0.00,0.00,0.00,0.00,0.00 ,0.00 ,-nan ,-nan ,0.10,0.07,0.01,0.28,0.03,1.00,0.00,0.03,0.94,0.27,0.0011,0.0191,     0,0,0,2.57,97.43,0.00,N/A,1.54,5.40,210.02,0.28,7.11,0.01,0.18,0.00,0.54,0.00,0.91,0.00,0.00,0.79,0.70,0.0009,0.0063,     0,0,0,0.08,99.92,0.00,N/A,0.08,0.15,210.02,0.54,13.52,0.00,0.01,0.00,0.49,0.00,0.87,0.00,0.00,0.64,0.69,0.0016,0.0063,     0,0,0,0.07,99.93,0.00,N/A,0.06,0.13,210.02,0.49,12.35,0.00,0.01,0.05,1.73,0.03,1.00,0.00,0.00,0.99,0.94,0.0000,0.0003,     0,0,0,3.02,96.98,0.00,N/A,10.90,6.31,210.02,1.73,43.21,0.05,1.30,0.00,0.50,0.00,1.00,0.00,0.00,0.90,0.76,0.0003,0.0047,     0,0,0,0.05,99.95,0.00,N/A,0.05,0.10,210.02,0.50,12.59,0.00,0.01,0.00,0.53,0.00,0.91,0.00,0.00,0.89,0.74,0.0004,0.0051,     0,0,0,0.05,99.95,0.00,N/A,0.05,0.09,210.02,0.53,13.33,0.00,0.01,0.00,0.71,0.00,1.00,0.00,0.00,0.76,0.83,0.0003,0.0019,     0,0,0,0.16,99.84,0.00,N/A,0.24,0.34,210.02,0.71,17.67,0.00,0.03,0.00,0.46,0.00,1.00,0.00,0.00,1.00,0.90,0.0000,0.0019,     0,0,0,0.02,99.98,0.00,N/A,0.02,0.04,210.02,0.46,11.51,0.00,0.00,0.01,0.33,0.02,0.79,0.00,0.03,0.96,0.28,0.0008,0.0213,     0,0,0,2.38,97.62,0.00,N/A,1.28,3.93,210.02,0.33,8.15,0.01,0.15,0.00,0.46,0.00,0.68,0.00,0.00,0.59,0.70,0.0015,0.0056,     0,0,0,0.08,99.92,0.00,N/A,0.05,0.12,210.02,0.46,11.43,0.00,0.01,0.00,0.35,0.00,0.46,0.00,0.00,0.61,0.91,0.0006,0.0017,     0,0,0,0.06,99.94,0.00,N/A,0.02,0.06,210.02,0.35,8.85,0.00,0.00,0.00,0.46,0.00,0.69,0.00,0.00,0.80,0.74,0.0009,0.0049,     0,0,0,0.07,99.93,0.00,N/A,0.05,0.11,210.02,0.46,11.52,0.00,0.01,0.00,0.45,0.00,0.60,0.00,0.00,0.85,0.73,0.0006,0.0050,     0,0,0,0.09,99.91,0.00,N/A,0.05,0.11,210.02,0.45,11.36,0.00,0.01,0.00,0.47,0.00,0.79,0.00,0.00,0.84,0.70,0.0008,0.0057,     0,0,0,0.06,99.94,0.00,N/A,0.05,0.10,210.02,0.47,11.84,0.00,0.01,0.00,0.47,0.00,0.80,0.00,0.00,0.86,0.71,0.0007,0.0055,     0,0,0,0.06,99.94,0.00,N/A,0.05,0.11,210.02,0.47,11.66,0.00,0.01,0.00,0.56,0.00,0.73,0.00,0.00,0.79,0.56,0.0012,0.0070,     0,0,0,0.11,99.89,0.00,N/A,0.09,0.17,210.02,0.56,14.12,0.00,0.01,
2024-03-21,21:06:40.581,0.01,0.91,0.01,0.98,0.01,0.09,0.87,0.65,0.0004,0.0034,0.00,0.00,-2147483648,0.00,0.00,25.85,28.41,210.02,0.91,22.75,0.01,0.19,2.50,1.08,7.45,0.86,99.14,0.00,100.00,0.00,0.00,0.00,0.00,-nan,0.09,0.01,0.96,0.01,1.00,0.00,0.04,0.89,0.63,0.0003,0.0031,     0,0,0,0.00,0.00,-2147483648,0.00,0.00,N/A,14.49,15.06,210.02,0.96,24.04,0.01,0.22,0.01,0.85,0.01,0.96,0.01,0.04,0.85,0.67,0.0006,0.0039,     0,0,0,0.00,0.00,-2147483648,0.00,0.00,N/A,11.36,13.34,210.02,0.85,21.29,0.01,0.17,0.55,0.29,  0%,  0%,0.77,0.89,  0%,  0%,2.01,2.11,  2%,  2%,1.60,1.73,  1%,  1%,0.90,99.10,0.00,100.00,0.00,0.00,0.83,99.17,0.00,100.00,0.00,0.00,0.00,0.00,0.00 ,0.00 ,-nan ,-nan ,0.08,0.10,0.01,0.41,0.03,1.00,0.00,0.03,0.93,0.27,0.0009,0.0132,     0,0,0,2.72,97.28,0.00,N/A,2.35,5.72,210.02,0.41,10.27,0.01,0.28,0.00,0.77,0.00,1.00,0.00,0.00,0.33,0.52,0.0020,0.0036,     0,0,0,0.24,99.76,0.00,N/A,0.39,0.50,210.02,0.77,19.19,0.00,0.05,0.00,0.52,0.00,1.00,0.00,0.00,0.76,0.72,0.0008,0.0058,     0,0,0,0.05,99.95,0.00,N/A,0.05,0.11,210.02,0.52,12.89,0.00,0.01,0.05,1.62,0.03,1.00,0.00,0.01,0.92,0.85,0.0001,0.0008,     0,0,0,3.27,96.73,0.00,N/A,11.13,6.87,210.02,1.62,40.49,0.05,1.33,0.00,0.42,0.00,1.00,0.00,0.00,0.56,0.72,0.0018,0.0060,     0,0,0,0.07,99.93,0.00,N/A,0.06,0.14,210.02,0.42,10.43,0.00,0.01,0.00,0.31,0.00,1.00,0.00,0.00,0.88,0.79,0.0003,0.0027,     0,0,0,0.10,99.90,0.00,N/A,0.06,0.20,210.02,0.31,7.85,0.00,0.01,0.00,0.29,0.01,1.00,0.00,0.00,0.41,0.75,0.0023,0.0043,     0,0,0,0.70,99.30,0.00,N/A,0.42,1.48,210.02,0.29,7.14,0.00,0.05,0.00,0.44,0.00,1.00,0.00,0.00,0.79,0.87,0.0004,0.0025,     0,0,0,0.02,99.98,0.00,N/A,0.02,0.04,210.02,0.44,11.07,0.00,0.00,0.01,0.30,0.02,0.92,0.00,0.03,0.96,0.27,0.0009,0.0209,     0,0,0,2.30,97.70,0.00,N/A,1.32,4.44,210.02,0.30,7.46,0.01,0.16,0.02,1.61,0.01,0.99,0.00,0.00,0.67,0.72,0.0005,0.0014,     0,0,0,1.01,98.99,0.00,N/A,3.38,2.11,210.02,1.61,40.13,0.02,0.40,0.00,0.88,0.00,0.97,0.00,0.00,0.67,0.62,0.0004,0.0019,     0,0,0,0.37,99.63,0.00,N/A,0.66,0.75,210.02,0.88,21.99,0.00,0.08,0.00,0.41,0.00,0.92,0.00,0.00,0.70,0.64,0.0017,0.0070,     0,0,0,0.07,99.93,0.00,N/A,0.06,0.14,210.02,0.41,10.31,0.00,0.01,0.00,0.52,0.00,0.90,0.00,0.00,0.79,0.74,0.0008,0.0047,     0,0,0,0.06,99.94,0.00,N/A,0.06,0.11,210.02,0.52,12.99,0.00,0.01,0.01,0.83,0.01,0.98,0.00,0.00,0.66,0.76,0.0010,0.0031,     0,0,0,0.73,99.27,0.00,N/A,1.25,1.51,210.02,0.83,20.72,0.01,0.15,0.01,1.42,0.01,0.99,0.00,0.00,0.58,0.95,0.0003,0.0007,     0,0,0,1.05,98.95,0.00,N/A,3.10,2.18,210.02,1.42,35.56,0.01,0.37,0.01,0.73,0.01,0.96,0.00,0.00,0.64,0.67,0.0009,0.0027,     0,0,0,1.05,98.95,0.00,N/A,1.54,2.12,210.02,0.73,18.23,0.01,0.18,
2024-03-21,21:06:40.681,0.00,0.75,0.01,0.95,0.01,0.07,0.91,0.63,0.0003,0.0041,0.00,0.00,-2147483648,0.00,0.00,16.88,22.39,211.87,0.75,18.85,0.00,0.12,2.70,0.48,5.91,0.70,99.30,0.00,100.00,0.00,0.00,0.00,0.00,-nan,0.08,0.01,0.77,0.01,0.96,0.00,0.04,0.93,0.64,0.0002,0.0035,     0,0,0,0.00,0.00,-2147483648,0.00,0.00,N/A,9.98,12.93,211.,0.03,0.00,0.00,,0,0.15,0.00,0.73,0.01,0.93,0.00,0.03,0.90,0.62,0.0005,0.0050,     0,0,0,0.00,0.00,-2147483648,0.00,0.00,N/A,6.90,9.46,211.87,0.73,18.22,0.00,0.10,0.30,0.71,  0%,  0%,0.96,0.73,  0%,  0%,1.28,1.04,  1%,  1%,1.53,2.06,  1%,  1%,0.80,99.20,0.00,100.00,0.00,0.00,0.60,99.40,0.00,100.00,0.00,0.00,0.00,0.00,0.00 ,0.00 ,-nan ,-nan ,0.08,0.07,0.01,0.28,0.02,1.00,0.00,0.03,0.95,0.27,0.0010,0.0203,     0,0,0,2.35,97.65,0.00,N/A,1.41,4.98,211.87,0.28,7.07,0.01,0.17,0.00,1.15,0.00,0.99,0.00,0.00,0.79,0.77,0.0002,0.0016,     0,0,0,0.43,99.57,0.00,N/A,1.02,0.89,211.87,1.15,28.72,0.00,0.12,0.00,0.40,0.00,1.00,0.00,0.00,0.66,0.88,0.0006,0.0022,     0,0,0,0.02,99.98,0.00,N/A,0.02,0.04,211.87,0.40,9.92,0.00,0.00,0.01,1.56,0.01,0.99,0.00,0.00,0.87,0.91,0.0001,0.0006,     0,0,0,0.53,99.47,0.00,N/A,1.73,1.11,211.87,1.56,39.04,0.01,0.20,0.02,1.65,0.01,0.88,0.00,0.00,0.93,0.94,0.0000,0.0004,     0,0,0,1.65,98.35,0.00,N/A,5.10,3.08,211.87,1.65,41.35,0.02,0.60,0.00,0.19,0.01,0.99,0.00,0.00,0.44,0.79,0.0011,0.0036,     0,0,0,1.09,98.91,0.00,N/A,0.43,2.29,211.87,0.19,4.72,0.00,0.05,0.00,0.52,0.00,0.82,0.00,0.00,0.52,0.89,0.0004,0.0011,     0,0,0,0.28,99.72,0.00,N/A,0.25,0.48,211.87,0.52,12.88,0.00,0.03,0.00,0.42,0.00,0.83,0.00,0.00,1.00,0.87,0.0000,0.0024,     0,0,0,0.02,99.98,0.00,N/A,0.02,0.04,211.87,0.42,10.42,0.00,0.00,0.01,0.30,0.02,0.91,0.00,0.03,0.96,0.28,0.0009,0.0206,     0,0,0,2.32,97.68,0.00,N/A,1.35,4.48,211.87,0.30,7.51,0.01,0.16,0.00,0.39,0.00,1.00,0.00,0.00,0.26,0.69,0.0024,0.0059,     0,0,0,0.07,99.93,0.00,N/A,0.05,0.14,211.87,0.39,9.63,0.00,0.01,0.01,1.40,0.01,0.93,0.00,0.00,0.71,0.91,0.0003,0.0010,     0,0,0,1.10,98.90,0.00,N/A,3.04,2.18,211.87,1.40,34.90,0.01,0.36,0.01,1.02,0.01,1.00,0.00,0.00,0.70,0.80,0.0003,0.0011,     0,0,0,1.03,98.97,0.00,N/A,2.23,2.17,211.87,1.02,25.61,0.01,0.26,0.00,0.42,0.00,0.88,0.00,0.00,0.66,0.70,0.0017,0.0057,     0,0,0,0.06,99.94,0.00,N/A,0.05,0.12,211.87,0.42,10.50,0.00,0.01,0.00,0.49,0.00,0.94,0.00,0.00,0.34,0.74,0.0023,0.0040,     0,0,0,0.08,99.92,0.00,N/A,0.08,0.15,211.87,0.49,12.22,0.00,0.01,0.00,0.51,0.00,0.95,0.00,0.00,0.63,0.59,0.0020,0.0061,     0,0,0,0.08,99.92,0.00,N/A,0.08,0.16,211.87,0.51,12.71,0.00,0.01,0.00,0.35,0.00,0.53,0.00,0.00,0.56,0.88,0.0008,0.0022,     0,0,0,0.05,99.95,0.00,N/A,0.02,0.05,211.87,0.35,8.80,0.00,0.00,
2024-03-21,21:06:40.780,0.00,0.74,0.00,0.91,0.00,0.07,0.93,0.50,0.0004,0.0055,0.00,0.00,-2147483648,0.00,0.00,11.98,16.23,208.10,0.74,18.46,0.00,0.09,0.57,0.33,1.43,0.54,99.46,0.00,100.00,0.00,0.00,0.00,0.00,-nan,0.08,0.01,0.93,0.01,1.00,0.00,0.03,0.94,0.57,0.0002,0.0037,     0,0,0,0.00,0.00,-2147483648,0.00,0.00,N/A,9.29,10.01,208.10,0.93,23.19,0.01,0.14,0.00,0.43,0.00,0.79,0.00,0.03,0.91,0.40,0.0010,0.0117,     0,0,0,0.00,0.00,-2147483648,0.00,0.00,N/A,2.70,6.22,208.10,0.43,10.84,0.00,0.04,0.07,0.09,  0%,  0%,0.28,0.14,  0%,  0%,0.16,0.33,  0%,  0%,0.56,0.39,  0%,  0%,0.60,99.40,0.00,100.00,0.00,0.00,0.47,99.53,0.00,100.00,0.00,0.00,0.00,0.00,0.00 ,0.00 ,-nan ,-nan ,0.08,0.09,0.01,0.31,0.02,1.00,0.00,0.03,0.95,0.25,0.0011,0.0202,     0,0,0,2.30,97.70,0.00,N/A,1.49,4.78,208.10,0.31,7.78,0.01,0.18,0.01,1.58,0.01,1.00,0.00,0.00,0.37,0.72,0.0001,0.0003,     0,0,0,0.58,99.42,0.00,N/A,1.91,1.21,208.10,1.58,39.54,0.01,0.23,0.00,0.29,0.00,0.95,0.00,0.00,0.82,0.90,0.0003,0.0018,     0,0,0,0.04,99.96,0.00,N/A,0.02,0.07,208.10,0.29,7.13,0.00,0.00,0.01,1.58,0.01,1.00,0.00,0.00,0.94,0.91,0.0000,0.0006,     0,0,0,0.57,99.43,0.00,N/A,1.85,1.18,208.10,1.58,39.39,0.01,0.22,0.02,1.60,0.01,1.00,0.00,0.00,0.95,0.90,0.0000,0.0006,     0,0,0,1.12,98.88,0.00,N/A,3.74,2.33,208.10,1.60,40.05,0.02,0.45,0.00,0.49,0.00,1.00,0.00,0.00,0.76,0.72,0.0010,0.0054,     0,0,0,0.05,99.95,0.00,N/A,0.05,0.10,208.10,0.49,12.32,0.00,0.01,0.00,0.70,0.00,1.00,0.00,0.00,0.70,0.83,0.0004,0.0018,     0,0,0,0.14,99.86,0.00,N/A,0.20,0.29,208.10,0.70,17.51,0.00,0.02,0.00,0.39,0.00,0.81,0.00,0.00,0.90,0.90,0.0002,0.0019,     0,0,0,0.03,99.97,0.00,N/A,0.02,0.05,208.10,0.39,9.82,0.00,0.00,0.01,0.31,0.02,0.78,0.00,0.03,0.96,0.28,0.0009,0.0208,     0,0,0,2.65,97.35,0.00,N/A,1.34,4.29,208.10,0.31,7.80,0.01,0.16,0.00,0.44,0.00,0.72,0.00,0.00,0.53,0.75,0.0020,0.0045,     0,0,0,0.07,99.93,0.00,N/A,0.05,0.11,208.10,0.44,11.01,0.00,0.01,0.00,0.44,0.00,0.48,0.00,0.00,0.85,0.83,0.0004,0.0033,     0,0,0,0.05,99.95,0.00,N/A,0.02,0.05,208.10,0.44,11.10,0.00,0.00,0.00,0.47,0.00,0.72,0.00,0.00,0.71,0.73,0.0014,0.0052,     0,0,0,0.07,99.93,0.00,N/A,0.05,0.11,208.10,0.47,11.76,0.00,0.01,0.00,0.47,0.00,0.77,0.00,0.00,0.76,0.71,0.0010,0.0056,     0,0,0,0.07,99.93,0.00,N/A,0.05,0.11,208.10,0.47,11.84,0.00,0.01,0.00,0.40,0.00,0.43,0.00,0.00,0.85,0.83,0.0002,0.0034,     0,0,0,0.07,99.93,0.00,N/A,0.03,0.06,208.10,0.40,10.07,0.00,0.00,0.00,0.45,0.00,0.42,0.00,0.00,0.70,0.83,0.0007,0.0031,     0,0,0,0.09,99.91,0.00,N/A,0.04,0.08,208.10,0.45,11.36,0.00,0.00,0.01,0.80,0.01,0.94,0.00,0.00,0.50,0.72,0.0010,0.0022,     0,0,0,0.71,99.29,0.00,N/A,1.12,1.40,208.10,0.80,19.99,0.01,0.13,
2024-03-21,21:06:40.880,0.00,0.86,0.01,0.93,0.00,0.06,0.94,0.55,0.0003,0.0044,0.00,0.00,-2147483648,0.00,0.00,14.53,16.99,210.03,0.86,21.38,0.00,0.11,2.11,1.16,3.49,0.54,99.46,0.00,100.00,0.00,0.00,0.00,0.00,-nan,0.08,0.01,1.05,0.01,1.00,0.00,0.04,0.93,0.64,0.0002,0.0028,     0,0,0,0.00,0.00,-2147483648,0.00,0.00,N/A,12.43,11.82,210.03,1.05,26.29,0.01,0.18,0.00,0.41,0.00,0.80,0.00,0.03,0.95,0.35,0.0008,0.0141,     0,0,0,0.00,0.00,-2147483648,0.00,0.00,N/A,2.10,5.17,210.03,0.41,10.14,0.00,0.03,0.07,0.08,  0%,  0%,0.92,1.04,  0%,  0%,0.14,0.26,  0%,  0%,1.59,1.49,  1%,  1%,0.70,99.30,0.00,100.00,0.00,0.00,0.38,99.62,0.00,100.00,0.00,0.00,0.00,0.00,0.00 ,0.00 ,-nan ,-nan ,0.08,0.09,0.01,0.50,0.03,1.00,0.00,0.03,0.94,0.27,0.0006,0.0110,     0,0,0,2.55,97.45,0.00,N/A,2.68,5.35,210.03,0.50,12.55,0.01,0.32,0.01,1.44,0.00,1.00,0.00,0.00,0.60,0.73,0.0001,0.0005,     0,0,0,0.44,99.56,0.00,N/A,1.32,0.92,210.03,1.44,35.92,0.01,0.16,0.00,0.48,0.00,0.94,0.00,0.00,0.77,0.71,0.0009,0.0058,     0,0,0,0.05,99.95,0.00,N/A,0.05,0.10,210.03,0.48,12.00,0.00,0.01,0.00,0.57,0.00,1.00,0.00,0.00,0.70,0.67,0.0013,0.0049,     0,0,0,0.17,99.83,0.00,N/A,0.20,0.35,210.03,0.57,14.15,0.00,0.02,0.04,1.70,0.02,1.00,0.00,0.00,0.97,0.94,0.0000,0.0004,     0,0,0,2.21,97.79,0.00,N/A,7.90,4.64,210.03,1.70,42.57,0.04,0.94,0.00,0.53,0.00,1.00,0.00,0.00,0.85,0.72,0.0006,0.0053,     0,0,0,0.05,99.95,0.00,N/A,0.05,0.09,210.03,0.53,13.33,0.00,0.01,0.00,0.64,0.00,1.00,0.00,0.00,0.75,0.84,0.0003,0.0016,     0,0,0,0.15,99.85,0.00,N/A,0.20,0.32,210.03,0.64,15.98,0.00,0.02,0.00,0.47,0.00,1.00,0.00,0.00,0.93,0.91,0.0001,0.0017,     0,0,0,0.02,99.98,0.00,N/A,0.02,0.04,210.03,0.47,11.86,0.00,0.00,0.01,0.31,0.02,0.82,0.00,0.03,0.96,0.28,0.0008,0.0212,     0,0,0,2.39,97.61,0.00,N/A,1.30,4.14,210.03,0.31,7.85,0.01,0.15,0.00,1.22,0.00,0.84,0.00,0.00,0.53,0.70,0.0004,0.0011,     0,0,0,0.24,99.76,0.00,N/A,0.51,0.42,210.03,1.22,30.55,0.00,0.06,0.00,0.40,0.00,0.57,0.00,0.00,0.88,0.83,0.0002,0.0034,     0,0,0,0.05,99.95,0.00,N/A,0.02,0.06,210.03,0.40,10.12,0.00,0.00,0.00,0.40,0.00,0.71,0.00,0.00,0.78,0.70,0.0011,0.0056,     0,0,0,0.08,99.92,0.00,N/A,0.05,0.12,210.03,0.40,9.98,0.00,0.01,0.00,0.46,0.00,0.75,0.00,0.00,0.63,0.71,0.0017,0.0058,     0,0,0,0.09,99.91,0.00,N/A,0.06,0.14,210.03,0.46,11.59,0.00,0.01,0.00,0.38,0.00,0.53,0.00,0.00,0.93,0.90,0.0001,0.0017,     0,0,0,0.05,99.95,0.00,N/A,0.02,0.05,210.03,0.38,9.57,0.00,0.00,0.00,0.51,0.00,0.52,0.00,0.00,0.61,0.91,0.0005,0.0016,     0,0,0,0.07,99.93,0.00,N/A,0.04,0.07,210.03,0.51,12.67,0.00,0.00,0.00,0.56,0.00,0.81,0.00,0.00,0.74,0.58,0.0015,0.0069,     0,0,0,0.10,99.90,0.00,N/A,0.10,0.17,210.03,0.56,14.08,0.00,0.01,
2024-03-21,21:06:40.980,0.00,0.84,0.01,0.92,0.00,0.07,0.93,0.56,0.0003,0.0044,0.00,0.00,-2147483648,0.00,0.00,15.07,17.99,209.98,0.84,20.94,0.00,0.11,0.81,0.93,2.01,0.59,99.41,0.00,100.00,0.00,0.00,0.00,0.00,-nan,0.08,0.01,0.99,0.01,0.99,0.00,0.04,0.92,0.66,0.0002,0.0029,     0,0,0,0.00,0.00,-2147483648,0.00,0.00,N/A,12.71,12.80,209.98,0.99,24.81,0.01,0.19,0.00,0.45,0.00,0.77,0.00,0.03,0.95,0.35,0.0007,0.0128,     0,0,0,0.00,0.00,-2147483648,0.00,0.00,N/A,2.36,5.19,209.98,0.45,11.37,0.00,0.04,0.28,0.30,  0%,  0%,0.13,0.09,  0%,  0%,0.75,0.42,  0%,  0%,0.47,0.38, ,100.0  0%,0.12, ,0,0.00,100.00,0.00,0.00,0.40,99.60,0.00,100.00,0.00,0.00,0.00,0.00,0.00 ,0.00 ,-nan ,-nan ,0.08,0.08,0.01,0.29,0.03,1.00,0.00,0.03,0.93,0.27,0.0013,0.0186,     0,0,0,2.73,97.27,0.00,N/A,1.65,5.73,209.98,0.29,7.19,0.01,0.20,0.01,1.48,0.00,0.99,0.00,0.00,0.50,0.70,0.0002,0.0005,     0,0,0,0.42,99.58,0.00,N/A,1.31,0.88,209.98,1.48,36.98,0.01,0.16,0.00,0.51,0.00,0.87,0.00,0.00,0.64,0.71,0.0013,0.0060,     0,0,0,0.06,99.94,0.00,N/A,0.05,0.11,209.98,0.51,12.69,0.00,0.01,0.03,1.69,0.02,1.00,0.00,0.00,0.95,0.95,0.0000,0.0003,     0,0,0,1.61,98.39,0.00,N/A,5.72,3.37,209.98,1.69,42.37,0.03,0.68,0.02,1.63,0.01,1.00,0.00,0.00,0.95,0.89,0.0000,0.0007,     0,0,0,1.09,98.91,0.00,N/A,3.71,2.27,209.98,1.63,40.85,0.02,0.44,0.00,0.54,0.00,0.92,0.00,0.00,0.84,0.71,0.0007,0.0057,     0,0,0,0.05,99.95,0.00,N/A,0.05,0.09,209.98,0.54,13.40,0.00,0.01,0.00,0.67,0.00,0.89,0.00,0.00,0.70,0.82,0.0005,0.0020,     0,0,0,0.16,99.84,0.00,N/A,0.21,0.31,209.98,0.67,16.81,0.00,0.02,0.00,0.40,0.00,0.93,0.00,0.00,0.95,0.88,0.0001,0.0024,     0,0,0,0.02,99.98,0.00,N/A,0.02,0.05,209.98,0.40,9.89,0.00,0.00,0.01,0.33,0.02,0.78,0.00,0.03,0.97,0.28,0.0007,0.0210,     0,0,0,2.38,97.62,0.00,N/A,1.29,3.89,209.98,0.33,8.28,0.01,0.15,0.00,1.36,0.00,0.91,0.00,0.00,0.57,0.73,0.0002,0.0007,     0,0,0,0.24,99.76,0.00,N/A,0.63,0.46,209.98,1.36,34.10,0.00,0.08,0.00,0.36,0.00,0.50,0.00,0.00,0.88,0.89,0.0002,0.0021,     0,0,0,0.05,99.95,0.00,N/A,0.02,0.05,209.98,0.36,8.88,0.00,0.00,0.00,0.47,0.00,0.73,0.00,0.00,0.84,0.72,0.0008,0.0053,     0,0,0,0.07,99.93,0.00,N/A,0.05,0.11,209.98,0.47,11.70,0.00,0.01,0.00,0.41,0.00,0.65,0.00,0.00,0.65,0.74,0.0015,0.0047,     0,0,0,0.08,99.92,0.00,N/A,0.04,0.10,209.98,0.41,10.23,0.00,0.01,0.00,0.36,0.00,0.47,0.00,0.00,0.89,0.90,0.0001,0.0016,     0,0,0,0.06,99.94,0.00,N/A,0.02,0.06,209.98,0.36,9.08,0.00,0.00,0.00,0.34,0.00,0.47,0.00,0.00,0.83,0.90,0.0003,0.0017,     0,0,0,0.06,99.94,0.00,N/A,0.02,0.05,209.98,0.34,8.54,0.00,0.00,0.00,0.63,0.00,0.75,0.00,0.00,0.76,0.54,0.0016,0.0073,     0,0,0,0.29,99.71,0.00,N/A,0.29,0.46,209.98,0.63,15.77,0.00,0.03,
2024-03-21,21:06:41.080,0.00,0.70,0.00,0.91,0.00,0.07,0.94,0.50,0.0004,0.0062,0.00,0.00,-2147483648,0.00,0.00,10.79,15.44,209.95,0.70,17.47,0.00,0.08,0.46,0.47,1.67,0.50,99.50,0.00,100.00,0.00,0.00,0.00,0.00,-nan,0.09,0.01,0.87,0.01,1.00,0.00,0.04,0.93,0.58,0.0003,0.0041,     0,0,0,0.00,0.00,-2147483648,0.00,0.00,N/A,9.02,10.43,209.95,0.87,21.63,0.01,0.13,0.00,0.35,0.00,0.77,0.00,0.03,0.95,0.35,0.0008,0.0169,     0,0,0,0.00,0.00,-2147483648,0.00,0.00,N/A,1.76,5.01,209.95,0.35,8.80,0.00,0.03,0.13,0.14,  0%,  0%,0.13,0.07,  0%,  0%,0.35,0.63,  0%,  0%,0.45,0.24,  0%,  0%,0.62,99.38,0.00,100.00,0.00,0.00,0.39,99.61,0.00,100.00,0.00,0.00,0.00,0.00,0.00 ,0.00 ,-nan ,-nan ,0.10,0.08,0.01,0.31,0.03,1.00,0.00,0.03,0.93,0.28,0.0012,0.0183,     0,0,0,2.61,97.39,0.00,N/A,1.68,5.47,209.95,0.31,7.66,0.01,0.20,0.00,0.65,0.00,1.00,0.00,0.00,0.75,0.71,0.0007,0.0044,     0,0,0,0.08,99.92,0.00,N/A,0.11,0.17,209.95,0.65,16.32,0.00,0.01,0.00,0.50,0.00,0.77,0.00,0.00,0.71,0.73,0.0009,0.0051,     0,0,0,0.06,99.94,0.00,N/A,0.05,0.10,209.95,0.50,12.44,0.00,0.01,0.03,1.67,0.02,1.00,0.00,0.00,0.98,0.87,0.0000,0.0007,     0,0,0,1.95,98.05,0.00,N/A,6.83,4.09,209.95,1.67,41.73,0.03,0.81,0.00,0.52,0.00,0.97,0.00,0.00,0.90,0.77,0.0004,0.0045,     0,0,0,0.05,99.95,0.00,N/A,0.05,0.10,209.95,0.52,12.90,0.00,0.01,0.00,0.56,0.00,1.00,0.00,0.00,0.81,0.74,0.0007,0.0049,     0,0,0,0.04,99.96,0.00,N/A,0.05,0.09,209.95,0.56,14.09,0.00,0.01,0.00,0.63,0.00,0.95,0.00,0.00,0.79,0.85,0.0002,0.0014,     0,0,0,0.18,99.82,0.00,N/A,0.23,0.36,209.95,0.63,15.85,0.00,0.03,0.00,0.53,0.00,1.00,0.00,0.00,1.00,0.90,0.0000,0.0018,     0,0,0,0.02,99.98,0.00,N/A,0.02,0.05,209.95,0.53,13.26,0.00,0.00,0.01,0.32,0.02,0.80,0.00,0.03,0.96,0.28,0.0007,0.0209,     0,0,0,2.45,97.55,0.00,N/A,1.30,4.11,209.95,0.32,7.89,0.01,0.15,0.00,0.45,0.00,0.63,0.00,0.00,0.65,0.71,0.0017,0.0055,     0,0,0,0.09,99.91,0.00,N/A,0.05,0.12,209.95,0.45,11.24,0.00,0.01,0.00,0.37,0.00,0.52,0.00,0.00,0.71,0.87,0.0005,0.0025,     0,0,0,0.05,99.95,0.00,N/A,0.02,0.05,209.95,0.37,9.35,0.00,0.00,0.00,0.49,0.00,0.62,0.00,0.00,0.80,0.73,0.0009,0.0053,     0,0,0,0.08,99.92,0.00,N/A,0.05,0.11,209.95,0.49,12.28,0.00,0.01,0.00,0.45,0.00,0.60,0.00,0.00,0.88,0.73,0.0005,0.0053,     0,0,0,0.09,99.91,0.00,N/A,0.05,0.11,209.95,0.45,11.29,0.00,0.01,0.00,0.37,0.00,0.52,0.00,0.00,0.67,0.86,0.0005,0.0025,     0,0,0,0.05,99.95,0.00,N/A,0.02,0.05,209.95,0.37,9.26,0.00,0.00,0.00,0.46,0.00,0.55,0.00,0.00,0.57,0.89,0.0006,0.0019,     0,0,0,0.06,99.94,0.00,N/A,0.03,0.07,209.95,0.46,11.55,0.00,0.00,0.00,0.61,0.00,0.86,0.00,0.00,0.78,0.52,0.0015,0.0071,     0,0,0,0.22,99.78,0.00,N/A,0.24,0.39,209.95,0.61,15.30,0.00,0.03,
2024-03-21,21:06:41.180,0.00,0.82,0.01,0.90,0.00,0.07,0.94,0.57,0.0003,0.0046,0.00,0.00,-2147483648,0.00,0.00,15.27,18.52,210.19,0.82,20.61,0.00,0.11,0.69,0.82,1.26,0.61,99.39,0.00,100.00,0.00,0.00,0.00,0.00,-nan,0.09,0.01,1.00,0.01,0.98,0.00,0.04,0.93,0.65,0.0002,0.0030,     0,0,0,0.00,0.00,-2147483648,0.00,0.00,N/A,13.56,13.59,210.19,1.00,24.95,0.01,0.20,0.00,0.35,0.00,0.74,0.00,0.03,0.95,0.34,0.0009,0.0173,     0,0,0,0.00,0.00,-2147483648,0.00,0.00,N/A,1.70,4.93,210.19,0.35,8.64,0.00,0.03,0.37,0.18,  0%,  0%,0.11,0.04,  0%,  0%,0.31,0.42,  0%,  0%,0.24,0.28,  0%,  0%,0.83,99.17,0.00,100.00,0.00,0.00,0.40,99.60,0.00,100.00,0.00,0.00,0.00,0.00,0.00 ,0.00 ,-nan ,-nan ,0.08,0.10,0.01,0.29,0.03,1.00,0.00,0.03,0.94,0.27,0.0011,0.0185,     0,0,0,2.60,97.40,0.00,N/A,1.60,5.46,210.19,0.29,7.35,0.01,0.19,0.04,1.61,0.03,0.98,0.00,0.01,0.95,0.90,0.0000,0.0006,     0,0,0,2.64,97.36,0.00,N/A,8.74,5.44,210.19,1.61,40.13,0.04,1.04,0.00,0.48,0.00,0.91,0.00,0.00,0.73,0.71,0.0009,0.0055,     0,0,0,0.05,99.95,0.00,N/A,0.05,0.10,210.19,0.48,12.09,0.00,0.01,0.01,1.41,0.01,0.96,0.00,0.00,0.89,0.76,0.0002,0.0014,     0,0,0,1.00,99.00,0.00,N/A,2.83,2.01,210.19,1.41,35.17,0.01,0.34,0.00,0.50,0.00,0.93,0.00,0.00,0.86,0.72,0.0006,0.0055,     0,0,0,0.05,99.95,0.00,N/A,0.05,0.10,210.19,0.50,12.40,0.00,0.01,0.00,0.55,0.00,0.80,0.00,0.00,0.89,0.72,0.0005,0.0057,     0,0,0,0.06,99.94,0.00,N/A,0.05,0.10,210.19,0.55,13.69,0.00,0.01,0.00,0.66,0.00,0.86,0.00,0.00,0.73,0.82,0.0005,0.0020,     0,0,0,0.18,99.82,0.00,N/A,0.22,0.33,210.19,0.66,16.58,0.00,0.03,0.00,0.41,0.00,0.80,0.00,0.00,1.00,0.91,0.0000,0.0018,     0,0,0,0.03,99.97,0.00,N/A,0.02,0.05,210.19,0.41,10.18,0.00,0.00,0.01,0.32,0.02,0.77,0.00,0.03,0.96,0.28,0.0008,0.0207,     0,0,0,2.57,97.43,0.00,N/A,1.31,4.15,210.19,0.32,7.92,0.01,0.16,0.00,0.44,0.00,0.66,0.00,0.00,0.53,0.75,0.0020,0.0047,     0,0,0,0.08,99.92,0.00,N/A,0.05,0.11,210.19,0.44,11.06,0.00,0.01,0.00,0.38,0.00,0.49,0.00,0.00,0.52,0.90,0.0007,0.0018,     0,0,0,0.05,99.95,0.00,N/A,0.02,0.05,210.19,0.38,9.43,0.00,0.00,0.00,0.48,0.00,0.65,0.00,0.00,0.85,0.73,0.0007,0.0052,     0,0,0,0.07,99.93,0.00,N/A,0.05,0.10,210.19,0.48,11.98,0.00,0.01,0.00,0.51,0.00,0.42,0.00,0.00,0.81,0.73,0.0009,0.0052,     0,0,0,0.11,99.89,0.00,N/A,0.05,0.10,210.19,0.51,12.83,0.00,0.01,0.00,0.36,0.00,0.51,0.00,0.00,0.64,0.87,0.0006,0.0022,     0,0,0,0.05,99.95,0.00,N/A,0.02,0.06,210.19,0.36,9.05,0.00,0.00,0.00,0.39,0.00,0.49,0.00,0.00,0.81,0.88,0.0003,0.0021,     0,0,0,0.06,99.94,0.00,N/A,0.03,0.06,210.19,0.39,9.70,0.00,0.00,0.00,0.59,0.00,0.81,0.00,0.00,0.76,0.54,0.0015,0.0077,     0,0,0,0.18,99.82,0.00,N/A,0.18,0.30,210.19,0.59,14.64,0.00,0.02,
2024-03-21,21:06:41.280,0.00,0.88,0.01,0.92,0.00,0.07,0.94,0.59,0.0002,0.0041,0.00,0.00,-2147483648,0.00,0.00,16.04,18.33,209.90,0.88,21.88,0.00,0.12,0.36,0.47,1.30,0.59,99.41,0.00,100.00,0.00,0.00,0.00,0.00,-nan,0.08,0.01,1.07,0.01,1.00,0.00,0.04,0.93,0.68,0.0002,0.0026,     0,0,0,0.00,0.00,-2147483648,0.00,0.00,N/A,14.34,13.40,209.90,1.07,26.75,0.01,0.21,0.00,0.34,0.00,0.76,0.00,0.03,0.95,0.34,0.0008,0.0173,     0,0,0,0.00,0.00,-2147483648,0.00,0.00,N/A,1.70,4.93,209.90,0.34,8.62,0.00,0.03,0.07,0.14,  0%,  0%,0.11,0.04,  0%,  0%,0.34,0.49,  0%,  0%,0.27,0.20,  0%,  0%,0.80,99.20,0.00,100.00,0.00,0.00,0.39,99.61,0.00,100.00,0.00,0.00,0.00,0.00,0.00 ,0.00 ,-nan ,-nan ,0.08,0.08,0.01,0.30,0.03,1.00,0.00,0.03,0.93,0.27,0.0012,0.0186,     0,0,0,2.55,97.45,0.00,N/A,1.61,5.36,209.90,0.30,7.52,0.01,0.19,0., ,0,2.53,97.,0.0,0.00,0.00,0.65,0.72,0.0001,0.0006,     0,0,0,0.28,99.72,0.00,N/A,0.85,0.58,209.90,1.45,36.30,0.00,0.10,0.00,0.51,0.00,1.00,0.00,0.00,0.77,0.70,0.0009,0.0061,     0,0,0,0.05,99.95,0.00,N/A,0.05,0.10,209.90,0.51,12.75,0.00,0.01,0.05,1.70,0.03,1.00,0.00,0.00,0.98,0.93,0.0000,0.0004,     0,0,0,3.21,96.79,0.00,N/A,11.46,6.73,209.90,1.70,42.55,0.05,1.37,0.00,0.50,0.00,0.97,0.00,0.00,0.89,0.73,0.0005,0.0052,     0,0,0,0.05,99.95,0.00,N/A,0.05,0.10,209.90,0.50,12.42,0.00,0.01,0.00,0.49,0.00,1.00,0.00,0.00,0.85,0.74,0.0006,0.0050,     0,0,0,0.05,99.95,0.00,N/A,0.05,0.10,209.90,0.49,12.36,0.00,0.01,0.00,0.71,0.00,0.98,0.00,0.00,0.69,0.83,0.0005,0.0022,     0,0,0,0.16,99.84,0.00,N/A,0.23,0.32,209.90,0.71,17.65,0.00,0.03,0.00,0.42,0.00,0.90,0.00,0.00,0.83,0.68,0.0006,0.0056,     0,0,0,0.05,99.95,0.00,N/A,0.04,0.09,209.90,0.42,10.44,0.00,0.00,0.01,0.32,0.02,0.78,0.00,0.03,0.96,0.28,0.0008,0.0208,     0,0,0,2.54,97.46,0.00,N/A,1.31,4.17,209.90,0.32,7.89,0.01,0.16,0.00,0.45,0.00,0.62,0.00,0.00,0.49,0.78,0.0018,0.0041,     0,0,0,0.09,99.91,0.00,N/A,0.05,0.11,209.90,0.45,11.27,0.00,0.01,0.00,0.38,0.00,0.47,0.00,0.00,0.85,0.84,0.0003,0.0034,     0,0,0,0.06,99.94,0.00,N/A,0.02,0.06,209.90,0.38,9.61,0.00,0.00,0.00,0.50,0.00,0.61,0.00,0.00,0.83,0.73,0.0008,0.0053,     0,0,0,0.08,99.92,0.00,N/A,0.05,0.11,209.90,0.50,12.42,0.00,0.01,0.00,0.45,0.00,0.61,0.00,0.00,0.82,0.70,0.0009,0.0057,     0,0,0,0.09,99.91,0.00,N/A,0.05,0.11,209.90,0.45,11.29,0.00,0.01,0.00,0.39,0.00,0.52,0.00,0.00,0.79,0.89,0.0003,0.0019,     0,0,0,0.05,99.95,0.00,N/A,0.02,0.05,209.90,0.39,9.80,0.00,0.00,0.00,0.47,0.00,0.49,0.00,0.00,0.53,0.85,0.0006,0.0029,     0,0,0,0.06,99.94,0.00,N/A,0.03,0.06,209.90,0.47,11.83,0.00,0.00,0.00,0.61,0.00,0.88,0.00,0.00,0.81,0.52,0.0012,0.0070,     0,0,0,0.14,99.86,0.00,N/A,0.16,0.25,209.90,0.61,15.32,0.00,0.02,
2024-03-21,21:06:41.381,0.00,0.78,0.01,0.89,0.00,0.07,0.93,0.51,0.0004,0.0052,0.00,0.00,-2147483648,0.00,0.00,13.14,16.85,210.00,0.78,19.50,0.00,0.10,0.29,0.26,0.83,0.56,99.44,0.00,100.00,0.00,0.00,0.00,0.00,-nan,0.08,0.01,0.97,0.01,0.95,0.00,0.04,0.92,0.59,0.0003,0.0034,     0,0,0,0.00,0.00,-2147483648,0.00,0.00,N/A,11.28,11.62,210.00,0.97,24.27,0.01,0.17,0.00,0.36,0.00,0.77,0.00,0.03,0.94,0.35,0.0010,0.0165,     0,0,0,0.00,0.00,-2147483648,0.00,0.00,N/A,1.86,5.23,210.00,0.36,8.91,0.00,0.03,0.07,0.08,  0%,  0%,0.11,0.03,  0%,  0%,0.14,0.25,  0%,  0%,0.26,0.18,  0%,  0%,0.72,99.28,0.00,100.00,0.00,0.00,0.40,99.60,0.00,100.00,0.00,0.00,0.00,0.00,0.00 ,0.00 ,-nan ,-nan ,0.08,0.07,0.01,0.32,0.02,0.90,0.00,0.03,0.94,0.27,0.0011,0.0194,     0,0,0,2.56,97.44,0.00,N/A,1.53,4.82,210.00,0.32,7.95,0.01,0.18,0.01,1.57,0.01,1.00,0.00,0.00,0.69,0.68,0.0001,0.0004,     0,0,0,0.64,99.36,0.00,N/A,2.12,1.35,210.00,1.57,39.23,0.01,0.25,0.00,0.50,0.00,0.97,0.00,0.00,0.73,0.69,0.0011,0.0062,     0,0,0,0.05,99.95,0.00,N/A,0.05,0.10,210.00,0.50,12.61,0.00,0.01,0.03,1.65,0.02,1.00,0.00,0.00,0.96,0.90,0.0000,0.0006,     0,0,0,1.98,98.02,0.00,N/A,6.88,4.16,210.00,1.65,41.33,0.03,0.82,0.00,0.52,0.00,1.00,0.00,0.00,0.85,0.72,0.0006,0.0058,     0,0,0,0.06,99.94,0.00,N/A,0.06,0.12,210.00,0.52,12.97,0.00,0.01,0.00,0.55,0.00,1.00,0.00,0.00,0.93,0.73,0.0003,0.0053,     0,0,0,0.04,99.96,0.00,N/A,0.05,0.09,210.00,0.55,13.63,0.00,0.01,0.00,0.61,0.00,1.00,0.00,0.00,0.38,0.59,0.0013,0.0036,     0,0,0,0.44,99.56,0.00,N/A,0.56,0.92,210.00,0.61,15.28,0.00,0.07,0.00,0.40,0.00,1.00,0.00,0.00,0.89,0.89,0.0002,0.0020,     0,0,0,0.02,99.98,0.00,N/A,0.02,0.05,210.00,0.40,9.89,0.00,0.00,0.01,0.32,0.02,0.78,0.00,0.03,0.96,0.28,0.0008,0.0210,     0,0,0,2.54,97.46,0.00,N/A,1.31,4.16,210.00,0.32,7.89,0.01,0.16,0.00,0.44,0.00,0.66,0.00,0.00,0.50,0.76,0.0020,0.0043,     0,0,0,0.08,99.92,0.00,N/A,0.05,0.11,210.00,0.44,10.99,0.00,0.01,0.00,0.33,0.00,0.53,0.00,0.00,0.71,0.90,0.0004,0.0018,     0,0,0,0.05,99.95,0.00,N/A,0.02,0.06,210.00,0.33,8.15,0.00,0.00,0.00,0.46,0.00,0.65,0.00,0.00,0.81,0.74,0.0009,0.0050,     0,0,0,0.08,99.92,0.00,N/A,0.05,0.11,210.00,0.46,11.55,0.00,0.01,0.00,0.46,0.00,0.62,0.00,0.00,0.87,0.72,0.0006,0.0051,     0,0,0,0.08,99.92,0.00,N/A,0.05,0.11,210.00,0.46,11.48,0.00,0.01,0.00,0.37,0.00,0.55,0.00,0.00,0.81,0.90,0.0003,0.0018,     0,0,0,0.05,99.95,0.00,N/A,0.02,0.05,210.00,0.37,9.26,0.00,0.00,0.00,0.46,0.00,0.53,0.00,0.00,0.78,0.77,0.0006,0.0045,     0,0,0,0.06,99.94,0.00,N/A,0.03,0.07,210.00,0.46,11.50,0.00,0.00,0.00,0.59,0.00,0.92,0.00,0.00,0.72,0.54,0.0017,0.0069,     0,0,0,0.29,99.71,0.00,N/A,0.33,0.56,210.00,0.59,14.75,0.00,0.04,
2024-03-21,21:06:41.481,0.00,0.65,0.00,0.89,0.00,0.07,0.92,0.45,0.0005,0.0070,0.00,0.00,-2147483648,0.00,0.00,9.24,14.26,210.03,0.65,16.19,0.00,0.07,0.42,0.43,1.24,0.48,99.52,0.00,100.00,0.00,0.00,0.00,0.00,-nan,0.08,0.00,0.79,0.01,0.97,0.00,0.04,0.90,0.52,0.0005,0.0047,     0,0,0,0.00,0.00,-2147483648,0.00,0.00,N/A,7.51,9.48,210.03,0.79,19.81,0.00,0.11,0.00,0.36,0.00,0.77,0.00,0.03,0.95,0.34,0.0009,0.0173,     0,0,0,0.00,0.00,-2147483648,0.00,0.00,N/A,1.73,4.79,210.03,0.36,9.03,0.00,0.03,0.09,0.21,  0%,  0%,0.09,0.04,  0%,  0%,0.27,0.42,  0%,  0%,0.29,0.26,  0%,  0%,0.58,99.42,0.00,100.00,0.00,0.00,0.37,99.63,0.00,100.00,0.00,0.00,0.00,0.00,0.00 ,0.00 ,-nan ,-nan ,0.08,0.08,0.01,0.33,0.02,1.00,0.00,0.03,0.93,0.27,0.0013,0.0190,     0,0,0,2.28,97.72,0.00,N/A,1.59,4.80,210.03,0.33,8.28,0.01,0.19,0.01,1.42,0.01,0.99,0.00,0.00,0.55,0.64,0.0002,0.0006,     0,0,0,0.77,99.23,0.00,N/A,2.26,1.59,210.03,1.42,35.46,0.01,0.27,0.00,0.45,0.00,0.85,0.00,0.00,0.67,0.72,0.0011,0.0056,     0,0,0,0.07,99.93,0.00,N/A,0.06,0.12,210.03,0.45,11.36,0.00,0.01,0.00,0.57,0.00,0.83,0.00,0.00,0.52,0.66,0.0017,0.0038,     0,0,0,0.42,99.58,0.00,N/A,0.42,0.73,210.03,0.57,14.19,0.00,0.05,0.00,0.49,0.00,0.86,0.00,0.00,0.90,0.74,0.0004,0.0049,     0,0,0,0.07,99.93,0.00,N/A,0.06,0.12,210.03,0.49,12.36,0.00,0.01,0.00,0.54,0.00,0.86,0.00,0.00,0.95,0.75,0.0002,0.0047,     0,0,0,0.05,99.95,0.00,N/A,0.05,0.09,210.03,0.54,13.42,0.00,0.01,0.00,0.69,0.00,0.80,0.00,0.00,0.75,0.83,0.0003,0.0019,     0,0,0,0.19,99.81,0.00,N/A,0.22,0.32,210.03,0.69,17.27,0.00,0.03,0.01,1.68,0.01,1.00,0.00,0.00,0.97,0.96,0.0000,0.0002,     0,0,0,0.80,99.20,0.00,N/A,2.86,1.70,210.03,1.68,42.05,0.01,0.34,0.01,0.33,0.02,0.80,0.00,0.03,0.96,0.28,0.0007,0.0213,     0,0,0,2.33,97.67,0.00,N/A,1.28,3.89,210.03,0.33,8.22,0.01,0.15,0.00,0.45,0.00,0.58,0.00,0.00,0.62,0.70,0.0018,0.0054,     0,0,0,0.09,99.91,0.00,N/A,0.05,0.11,210.03,0.45,11.25,0.00,0.01,0.00,0.36,0.00,0.46,0.00,0.00,0.77,0.90,0.0004,0.0019,     0,0,0,0.06,99.94,0.00,N/A,0.02,0.05,210.03,0.36,9.10,0.00,0.00,0.00,0.47,0.00,0.61,0.00,0.00,0.82,0.71,0.0009,0.0056,     0,0,0,0.09,99.91,0.00,N/A,0.05,0.11,210.03,0.47,11.86,0.00,0.01,0.00,0.46,0.00,0.78,0.00,0.00,0.73,0.81,0.0009,0.0035,     0,0,0,0.06,99.94,0.00,N/A,0.05,0.10,210.03,0.46,11.59,0.00,0.01,0.00,0.40,0.00,0.54,0.00,0.00,0.66,0.73,0.0009,0.0046,     0,0,0,0.07,99.93,0.00,N/A,0.03,0.08,210.03,0.40,9.89,0.00,0.00,0.00,0.35,0.00,0.47,0.00,0.00,0.77,0.90,0.0003,0.0018,     0,0,0,0.06,99.94,0.00,N/A,0.02,0.06,210.03,0.35,8.81,0.00,0.00,0.00,0.60,0.00,0.94,0.00,0.00,0.79,0.52,0.0013,0.0071,     0,0,0,0.20,99.80,0.00,N/A,0.23,0.39,210.03,0.60,14.95,0.00,0.03,
2024-03-21,21:06:41.581,0.00,0.66,0.00,0.89,0.00,0.06,0.94,0.51,0.0004,0.0066,0.00,0.00,-2147483648,0.00,0.00,9.71,14.80,209.92,0.66,16.41,0.00,0.07,0.35,0.45,1.04,0.49,99.51,0.00,100.00,0.00,0.00,0.00,0.00,-nan,0.08,0.00,0.79,0.01,0.98,0.00,0.03,0.92,0.59,0.0003,0.0043,     0,0,0,0.00,0.00,-2147483648,0.00,0.00,N/A,8.02,10.10,209.92,0.79,19.86,0.00,0.12,0.00,0.36,0.00,0.75,0.00,0.03,0.96,0.34,0.0008,0.0174,     0,0,0,0.00,0.00,-2147483648,0.00,0.00,N/A,1.69,4.70,209.92,0.36,8.99,0.00,0.03,0.08,0.09,  0%,  0%,0.12,0.06,  0%,  0%,0.16,0.27,  0%,  0%,0.35,0.26,  0%,  0%,0.61,99.39,0.00,100.00,0.00,0.00,0.37,99.63,0.00,100.00,0.00,0.00,0.00,0.00,0.00 ,0.00 ,-nan ,-nan ,0.08,0.08,0.01,0.31,0.02,0.97,0.00,0.03,0.94,0.29,0.0011,0.0189,     0,0,0,2.45,97.55,0.00,N/A,1.52,4.99,209.92,0.31,7.64,0.01,0.18,0.01,1.41,0.00,0.99,0.00,0.00,0.72,0.87,0.0002,0.0007,     0,0,0,0.49,99.51,0.00,N/A,1.45,1.03,209.92,1.41,35.21,0.01,0.17,0.00,0.46,0.00,1.00,0.00,0.00,0.80,0.67,0.0009,0.0067,     0,0,0,0.06,99.94,0.00,N/A,0.06,0.12,209.92,0.46,11.61,0.00,0.0,0,     0,0,0,,0,0.93,0.00,0.00,0.79,0.72,0.0009,0.0055,     0,0,0,0.05,99.95,0.00,N/A,0.05,0.10,209.92,0.52,12.93,0.00,0.01,0.00,0.51,0.00,0.91,0.00,0.00,0.90,0.74,0.0004,0.0049,     0,0,0,0.05,99.95,0.00,N/A,0.05,0.10,209.92,0.51,12.75,0.00,0.01,0.00,0.54,0.00,0.94,0.00,0.00,0.91,0.72,0.0004,0.0050,     0,0,0,0.06,99.94,0.00,N/A,0.06,0.11,209.92,0.54,13.54,0.00,0.01,0.00,0.32,0.00,0.97,0.00,0.00,0.53,0.77,0.0018,0.0043,     0,0,0,0.45,99.55,0.00,N/A,0.29,0.92,209.92,0.32,8.00,0.00,0.03,0.02,1.67,0.01,1.00,0.00,0.00,0.98,0.91,0.0000,0.0006,     0,0,0,1.30,98.70,0.00,N/A,4.53,2.72,209.92,1.67,41.64,0.02,0.54,0.01,0.33,0.02,0.78,0.00,0.03,0.96,0.28,0.0007,0.0211,     0,0,0,2.41,97.59,0.00,N/A,1.29,3.93,209.92,0.33,8.22,0.01,0.15,0.00,0.44,0.00,0.63,0.00,0.00,0.58,0.73,0.0018,0.0049,     0,0,0,0.09,99.91,0.00,N/A,0.05,0.12,209.92,0.44,11.03,0.00,0.01,0.00,0.42,0.00,0.49,0.00,0.00,0.88,0.81,0.0003,0.0040,     0,0,0,0.05,99.95,0.00,N/A,0.02,0.05,209.92,0.42,10.44,0.00,0.00,0.00,0.49,0.00,0.62,0.00,0.00,0.88,0.74,0.0006,0.0049,     0,0,0,0.08,99.92,0.00,N/A,0.05,0.11,209.92,0.49,12.24,0.00,0.01,0.00,0.48,0.00,0.65,0.00,0.00,0.83,0.72,0.0007,0.0051,     0,0,0,0.08,99.92,0.00,N/A,0.05,0.11,209.92,0.48,11.91,0.00,0.01,0.00,0.37,0.00,0.50,0.00,0.00,0.74,0.92,0.0003,0.0014,     0,0,0,0.05,99.95,0.00,N/A,0.02,0.05,209.92,0.37,9.33,0.00,0.00,0.00,0.41,0.00,0.49,0.00,0.00,0.95,0.83,0.0001,0.0032,     0,0,0,0.06,99.94,0.00,N/A,0.02,0.06,209.92,0.41,10.34,0.00,0.00,0.00,0.65,0.00,0.84,0.00,0.00,0.84,0.54,0.0009,0.0068,     0,0,0,0.15,99.85,0.00,N/A,0.17,0.27,209.92,0.65,16.22,0.00,0.02,
2024-03-21,21:06:41.680,0.00,0.75,0.00,0.90,0.00,0.06,0.96,0.54,0.0002,0.0054,0.00,0.00,-2147483648,0.00,0.00,10.86,14.38,210.02,0.75,18.87,0.00,0.08,0.44,0.54,0.94,0.48,99.52,0.00,100.00,0.00,0.00,0.00,0.00,-nan,0.09,0.01,0.93,0.01,1.00,0.00,0.03,0.95,0.64,0.0002,0.0033,     0,0,0,0.00,0.00,-2147483648,0.00,0.00,N/A,9.36,10.08,210.02,0.93,23.23,0.01,0.14,0.00,0.35,0.00,0.73,0.00,0.03,0.96,0.34,0.0007,0.0187,     0,0,0,0.00,0.00,-2147483648,0.00,0.00,N/A,1.49,4.31,210.02,0.35,8.67,0.00,0.02,0.09,0.12,  0%,  0%,0.15,0.08,  0%,  0%,0.21,0.29,  0%,  0%,0.26,0.17,  0%,  0%,0.60,99.40,0.00,100.00,0.00,0.00,0.35,99.65,0.00,100.00,0.00,0.00,0.00,0.00,0.00 ,0.00 ,-nan ,-nan ,0.10,0.08,0.01,0.28,0.02,1.00,0.00,0.03,0.95,0.30,0.0010,0.0194,     0,0,0,2.37,97.63,0.00,N/A,1.39,4.98,210.02,0.28,6.95,0.01,0.16,0.01,1.57,0.00,1.00,0.00,0.00,0.93,0.51,0.0001,0.0010,     0,0,0,0.35,99.65,0.00,N/A,1.14,0.73,210.02,1.57,39.26,0.01,0.14,0.00,0.34,0.00,1.00,0.00,0.00,1.00,0.89,0.0000,0.0019,     0,0,0,0.03,99.97,0.00,N/A,0.02,0.06,210.02,0.34,8.44,0.00,0.00,0.00,0.55,0.00,1.00,0.00,0.00,0.96,0.82,0.0001,0.0038,     0,0,0,0.02,99.98,0.00,N/A,0.02,0.04,210.02,0.55,13.83,0.00,0.00,0.00,0.54,0.00,1.00,0.00,0.00,0.94,0.76,0.0002,0.0049,     0,0,0,0.05,99.95,0.00,N/A,0.06,0.10,210.02,0.54,13.54,0.00,0.01,0.00,0.52,0.00,1.00,0.00,0.00,1.00,0.91,0.0000,0.0017,     0,0,0,0.02,99.98,0.00,N/A,0.02,0.04,210.02,0.52,12.95,0.00,0.00,0.00,0.69,0.00,1.00,0.00,0.00,0.82,0.85,0.0002,0.0016,     0,0,0,0.13,99.87,0.00,N/A,0.19,0.28,210.02,0.69,17.24,0.00,0.02,0.03,1.70,0.02,1.00,0.00,0.00,0.99,0.95,0.0000,0.0003,     0,0,0,1.84,98.16,0.00,N/A,6.52,3.84,210.02,1.70,42.42,0.03,0.78,0.01,0.34,0.02,0.76,0.00,0.03,0.97,0.28,0.0007,0.0214,     0,0,0,2.36,97.64,0.00,N/A,1.27,3.78,210.02,0.34,8.39,0.01,0.15,0.00,0.47,0.00,0.66,0.00,0.00,0.78,0.71,0.0007,0.0058,     0,0,0,0.08,99.92,0.00,N/A,0.05,0.11,210.02,0.47,11.73,0.00,0.01,0.00,0.37,0.00,0.57,0.00,0.00,0.90,0.93,0.0001,0.0014,     0,0,0,0.04,99.96,0.00,N/A,0.02,0.05,210.02,0.37,9.36,0.00,0.00,0.00,0.50,0.00,0.64,0.00,0.00,0.82,0.75,0.0008,0.0048,     0,0,0,0.08,99.92,0.00,N/A,0.05,0.10,210.02,0.50,12.54,0.00,0.01,0.00,0.33,0.00,0.47,0.00,0.00,0.66,0.85,0.0008,0.0029,     0,0,0,0.06,99.94,0.00,N/A,0.02,0.06,210.02,0.33,8.37,0.00,0.00,0.00,0.31,0.00,0.50,0.00,0.00,0.87,0.86,0.0003,0.0025,     0,0,0,0.06,99.94,0.00,N/A,0.02,0.06,210.02,0.31,7.63,0.00,0.00,0.00,0.52,0.00,0.44,0.00,0.00,0.67,0.82,0.0005,0.0032,     0,0,0,0.08,99.92,0.00,N/A,0.04,0.08,210.02,0.52,13.01,0.00,0.00,0.00,0.37,0.00,0.55,0.00,0.00,0.61,0.90,0.0007,0.0019,     0,0,0,0.05,99.95,0.00,N/A,0.02,0.05,210.02,0.37,9.24,0.00,0.00,
2024-03-21,21:06:41.781,0.00,0.59,0.00,0.90,0.00,0.06,0.93,0.53,0.0004,0.0061,0.00,0.00,-2147483648,0.00,0.00,9.79,16.49,210.16,0.59,14.84,0.00,0.07,0.38,0.55,1.19,0.54,99.46,0.00,100.00,0.00,0.00,0.00,0.00,-nan,0.09,0.00,0.71,0.01,0.97,0.00,0.03,0.91,0.62,0.0003,0.0039,     0,0,0,0.00,0.00,-2147483648,0.00,0.00,N/A,8.08,11.37,210.16,0.71,17.76,0.00,0.12,0.00,0.33,0.00,0.78,0.00,0.03,0.94,0.34,0.0009,0.0166,     0,0,0,0.00,0.00,-2147483648,0.00,0.00,N/A,1.71,5.12,210.16,0.33,8.37,0.00,0.03,0.13,0.10,  0%,  0%,0.11,0.04,  0%,  0%,0.16,0.29,  0%,  0%,0.39,0.35,  0%,  0%,0.70,99.30,0.00,100.00,0.00,0.00,0.39,99.61,0.00,100.00,0.00,0.00,0.00,0.00,0.00 ,0.00 ,-nan ,-nan ,0.08,0.10,0.01,0.28,0.02,1.00,0.00,0.03,0.95,0.31,0.0009,0.0193,     0,0,0,2.29,97.71,0.00,N/A,1.37,4.82,210.16,0.28,7.10,0.01,0.16,0.00,1.28,0.00,1.00,0.00,0.00,0.46,0.63,0.0003,0.0008,     0,0,0,0.29,99.71,0.00,N/A,0.78,0.61,210.16,1.28,32.08,0.00,0.09,0.00,0.45,0.00,0.64,0.00,0.00,0.93,0.88,0.0001,0.0024,     0,0,0,0.04,99.96,0.00,N/A,0.02,0.05,210.16,0.45,11.18,0.00,0.00,0.00,0.45,0.00,1.00,0.00,0.00,0.40,0.59,0.0026,0.0050,     0,0,0,0.28,99.72,0.00,N/A,0.27,0.59,210.16,0.45,11.36,0.00,0.03,0.00,0.55,0.00,1.00,0.00,0.00,0.52,0.63,0.0011,0.0042,     0,0,0,0.19,99.81,0.00,N/A,0.22,0.41,210.16,0.55,13.78,0.00,0.03,0.00,0.48,0.00,1.00,0.00,0.00,0.85,0.81,0.0004,0.0038,     0,0,0,0.02,99.98,0.00,N/A,0.02,0.05,210.16,0.48,11.92,0.00,0.00,0.00,0.30,0.01,1.00,0.00,0.00,0.64,0.85,0.0005,0.0017,     0,0,0,0.98,99.02,0.00,N/A,0.61,2.05,210.16,0.30,7.49,0.00,0.07,0.02,1.71,0.01,0.88,0.00,0.00,0.95,0.97,0.0000,0.0002,     0,0,0,1.49,98.51,0.00,N/A,4.77,2.80,210.16,1.71,42.67,0.02,0.56,0.01,0.31,0.02,0.79,0.00,0.03,0.96,0.29,0.0008,0.0206,     0,0,0,2.61,97.39,0.00,N/A,1.33,4.32,210.16,0.31,7.67,0.01,0.16,0.00,0.45,0.00,0.75,0.00,0.00,0.42,0.74,0.0021,0.0048,     0,0,0,0.07,99.93,0.00,N/A,0.05,0.11,210.16,0.45,11.29,0.00,0.01,0.00,0.52,0.00,0.79,0.00,0.00,0.42,0.76,0.0006,0.0019,     0,0,0,0.11,99.89,0.00,N/A,0.09,0.18,210.16,0.52,12.88,0.00,0.01,0.00,0.49,0.00,0.74,0.00,0.00,0.77,0.77,0.0008,0.0043,     0,0,0,0.06,99.94,0.00,N/A,0.05,0.10,210.16,0.49,12.35,0.00,0.01,0.00,0.40,0.00,0.67,0.00,0.00,0.72,0.87,0.0006,0.0024,     0,0,0,0.04,99.96,0.00,N/A,0.02,0.06,210.16,0.40,10.11,0.00,0.00,0.00,0.55,0.00,0.84,0.00,0.00,0.09,0.73,0.0015,0.0017,     0,0,0,0.14,99.86,0.00,N/A,0.13,0.24,210.16,0.55,13.77,0.00,0.02,0.00,0.32,0.00,0.55,0.00,0.00,0.75,0.90,0.0003,0.0018,     0,0,0,0.05,99.95,0.00,N/A,0.02,0.05,210.16,0.32,8.02,0.00,0.00,0.00,0.40,0.00,0.53,0.00,0.00,0.84,0.79,0.0006,0.0045,     0,0,0,0.05,99.95,0.00,N/A,0.02,0.06,210.16,0.40,9.89,0.00,0.00,
2024-03-21,21:06:41.881,0.00,0.64,0.00,0.84,0.00,0.06,0.96,0.46,0.0003,0.0070,0.00,0.00,-2147483648,0.00,0.00,8.33,12.99,211.88,0.64,16.04,0.00,0.06,0.76,1.15,1.69,0.45,99.55,0.00,100.00,0.00,0.00,0.00,0.00,-nan,0.08,0.00,0.80,0.01,0.95,0.00,0.03,0.95,0.54,0.0002,0.0045,     0,0,0,0.00,0.00,-2147483648,0.00,0.00,N/A,6.87,8.55,211.88,0.80,20.08,0.00,0.10,0.00,0.33,0.00,0.70,0.00,0.03,0.96,0.33,0.0007,0.0187,     0,0,0,0.00,0.00,-2147483648,0.00,0.00,N/A,1.46,4.44,211.88,0.33,8.25,0.00,0.02,0.27,0.35,  0%,  0%,0.10,0.03,  0%,  0%,0.66,0.54,  0%,  0%,0.27,0.22,  0%,  0%,0.53,99.47,0.00,100.00,0.00,0.00,0.38,99.62,0.00,100.00,0.00,0.00,0.00,0.00,0.00 ,0.00 ,-nan ,-nan ,0.08,0.07,0.01,0.28,0.02,1.00,0.00,0.03,0.95,0.31,0.0009,0.0195,     0,0,0,2.27,97.73,0.00,N/A,1.36,4.82,211.88,0.28,7.06,0.01,0.16,0.01,1.54,0.00,1.00,0.00,0.00,0.57,0.77,0.0001,0.0003,     0,0,0,0.40,99.60,0.00,N/A,1.30,0.84,211.88,1.54,38.56,0.01,0.15,0.00,0.30,0.00,0.95,0.00,0.00,0.88,0.88,0.0003,0.0023,     0,0,0,0.03,99.97,0.00,N/A,0.02,0.06,211.88,0.30,7.44,0.00,0.00,0.00,0.40,0.00,0.94,0.00,0.00,0.83,0.88,0.0003,0.0022,     0,0,0,0.02,99.98,0.00,N/A,0.02,0.05,211.88,0.40,10.00,0.00,0.00,0.00,0.47,0.00,1.00,0.00,0.00,0.92,0.94,0.0001,0.0012,     0,0,0,0.02,99.98,0.00,N/A,0.02,0.05,211.88,0.47,11.82,0.00,0.00,,0.0004,0.00,9,0.93,0.00,0.00,0.86,0.88,0.0003,0.0022,     0,0,0,0.02,99.98,0.00,N/A,0.02,0.05,211.88,0.43,10.65,0.00,0.00,0.00,0.64,0.00,1.00,0.00,0.00,0.75,0.95,0.0001,0.0004,     0,0,0,0.12,99.88,0.00,N/A,0.17,0.26,211.88,0.64,16.07,0.00,0.02,0.02,1.63,0.01,0.84,0.00,0.00,0.98,0.85,0.0000,0.0009,     0,0,0,1.36,98.64,0.00,N/A,3.96,2.42,211.88,1.63,40.87,0.02,0.47,0.01,0.32,0.02,0.72,0.00,0.03,0.96,0.29,0.0008,0.0206,     0,0,0,2.66,97.34,0.00,N/A,1.31,4.06,211.88,0.32,8.07,0.01,0.15,0.00,0.38,0.00,0.54,0.00,0.00,0.77,0.91,0.0003,0.0016,     0,0,0,0.04,99.96,0.00,N/A,0.02,0.05,211.88,0.38,9.39,0.00,0.00,0.00,0.43,0.00,0.46,0.00,0.00,0.72,0.83,0.0005,0.0033,     0,0,0,0.06,99.94,0.00,N/A,0.02,0.05,211.88,0.43,10.81,0.00,0.00,0.00,0.39,0.00,0.53,0.00,0.00,0.82,0.91,0.0003,0.0016,     0,0,0,0.04,99.96,0.00,N/A,0.02,0.05,211.88,0.39,9.73,0.00,0.00,0.00,0.42,0.00,0.58,0.00,0.00,0.93,0.83,0.0001,0.0035,     0,0,0,0.05,99.95,0.00,N/A,0.02,0.06,211.88,0.42,10.51,0.00,0.00,0.00,0.40,0.00,0.46,0.00,0.00,0.96,0.82,0.0001,0.0037,     0,0,0,0.06,99.94,0.00,N/A,0.02,0.06,211.88,0.40,9.98,0.00,0.00,0.00,0.40,0.00,0.46,0.00,0.00,0.79,0.90,0.0003,0.0017,     0,0,0,0.06,99.94,0.00,N/A,0.02,0.06,211.88,0.40,10.02,0.00,0.00,0.00,0.41,0.00,0.56,0.00,0.00,0.73,0.93,0.0003,0.0015,     0,0,0,0.04,99.96,0.00,N/A,0.02,0.05,211.88,0.41,10.28,0.00,0.00,
2024-03-21,21:06:41.981,0.00,0.77,0.00,0.86,0.00,0.06,0.96,0.52,0.0002,0.0053,0.00,0.00,-2147483648,0.00,0.00,11.34,14.70,208.00,0.77,19.29,0.00,0.09,0.79,1.06,1.55,0.51,99.49,0.00,100.00,0.00,0.00,0.00,0.00,-nan,0.08,0.01,0.95,0.01,0.96,0.00,0.03,0.95,0.61,0.0001,0.0033,     0,0,0,0.00,0.00,-2147483648,0.00,0.00,N/A,9.89,10.40,208.00,0.95,23.79,0.01,0.15,0.00,0.34,0.00,0.69,0.00,0.03,0.96,0.33,0.0007,0.0188,     0,0,0,0.00,0.00,-2147483648,0.00,0.00,N/A,1.45,4.30,208.00,0.34,8.42,0.00,0.02,0.43,0.23,  0%,  0%,0.10,0.03,  0%,  0%,0.43,0.65,  0%,  0%,0.27,0.20,  0%,  0%,0.65,99.35,0.00,100.00,0.00,0.00,0.37,99.63,0.00,100.00,0.00,0.00,0.00,0.00,0.00 ,0.00 ,-nan ,-nan ,0.09,0.08,0.01,0.30,0.02,0.92,0.00,0.03,0.96,0.31,0.0008,0.0198,     0,0,0,2.33,97.67,0.00,N/A,1.33,4.44,208.00,0.30,7.49,0.01,0.16,0.01,1.07,0.01,1.00,0.00,0.00,0.32,0.53,0.0001,0.0009,     0,0,0,0.65,99.35,0.00,N/A,1.46,1.36,208.00,1.07,26.75,0.01,0.17,0.00,0.48,0.00,0.84,0.00,0.00,0.88,0.91,0.0001,0.0018,     0,0,0,0.02,99.98,0.00,N/A,0.02,0.04,208.00,0.48,11.93,0.00,0.00,0.00,0.44,0.00,1.00,0.00,0.00,0.88,0.88,0.0002,0.0023,     0,0,0,0.02,99.98,0.00,N/A,0.02,0.05,208.00,0.44,10.88,0.00,0.00,0.00,0.45,0.00,0.95,0.00,0.00,0.87,0.85,0.0002,0.0031,     0,0,0,0.03,99.97,0.00,N/A,0.03,0.06,208.00,0.45,11.19,0.00,0.00,0.00,0.42,0.00,1.00,0.00,0.00,0.75,0.83,0.0004,0.0028,     0,0,0,0.04,99.96,0.00,N/A,0.04,0.09,208.00,0.42,10.47,0.00,0.00,0.00,0.68,0.00,0.94,0.00,0.00,0.62,0.87,0.0004,0.0013,     0,0,0,0.15,99.85,0.00,N/A,0.20,0.30,208.00,0.68,17.11,0.00,0.02,0.03,1.68,0.02,1.00,0.00,0.00,0.99,0.89,0.0000,0.0006,     0,0,0,1.95,98.05,0.00,N/A,6.80,4.06,208.00,1.68,41.89,0.03,0.82,0.01,0.33,0.02,0.72,0.00,0.03,0.96,0.29,0.0008,0.0208,     0,0,0,2.60,97.40,0.00,N/A,1.30,3.91,208.00,0.33,8.30,0.01,0.16,0.00,0.42,0.00,0.49,0.00,0.00,0.80,0.81,0.0004,0.0038,     0,0,0,0.05,99.95,0.00,N/A,0.02,0.05,208.00,0.42,10.48,0.00,0.00,0.00,0.36,0.00,0.46,0.00,0.00,0.72,0.90,0.0005,0.0018,     0,0,0,0.06,99.94,0.00,N/A,0.02,0.05,208.00,0.36,8.92,0.00,0.00,0.00,0.38,0.00,0.49,0.00,0.00,0.89,0.89,0.0002,0.0020,     0,0,0,0.05,99.95,0.00,N/A,0.02,0.05,208.00,0.38,9.46,0.00,0.00,0.00,0.34,0.00,0.68,0.00,0.00,0.80,0.92,0.0003,0.0016,     0,0,0,0.04,99.96,0.00,N/A,0.02,0.06,208.00,0.34,8.54,0.00,0.00,0.00,0.35,0.00,0.44,0.00,0.00,0.77,0.87,0.0004,0.0023,     0,0,0,0.06,99.94,0.00,N/A,0.02,0.06,208.00,0.35,8.64,0.00,0.00,0.00,0.45,0.00,0.43,0.00,0.00,0.75,0.89,0.0004,0.0020,     0,0,0,0.07,99.93,0.00,N/A,0.03,0.07,208.00,0.45,11.30,0.00,0.00,0.00,0.39,0.00,0.46,0.00,0.00,0.90,0.83,0.0003,0.0037,     0,0,0,0.06,99.94,0.00,N/A,0.02,0.06,208.00,0.39,9.64,0.00,0.00,
2024-03-21,21:06:42.080,0.00,0.89,0.00,0.89,0.00,0.06,0.95,0.59,0.0002,0.0041,0.00,0.00,-2147483648,0.00,0.00,14.54,16.33,210.03,0.89,22.26,0.00,0.11,0.30,0.48,1.09,0.54,99.46,0.00,100.00,0.00,0.00,0.00,0.00,-nan,0.09,0.01,1.09,0.01,0.99,0.00,0.03,0.94,0.69,0.0001,0.0025,     0,0,0,0.00,0.00,-2147483648,0.00,0.00,N/A,13.09,12.05,210.03,1.09,27.17,0.01,0.19,0.00,0.34,0.00,0.70,0.00,0.03,0.96,0.33,0.0007,0.0189,     0,0,0,0.00,0.00,-2147483648,0.00,0.00,N/A,1.44,4.28,210.03,0.34,8.43,0.00,0.02,0.06,0.08,  0%,  0%,0.12,0.04,  0%,  0%,0.14,0.46,  0%,  0%,0.29,0.20,  0%,  0%,0.72,99.28,0.00,100.00,0.00,0.00,0.37,99.63,0.00,100.00,0.00,0.00,0.00,0.00,0.00 ,0.00 ,-nan ,-nan ,0.08,0.09,0.01,0.31,0.02,1.00,0.00,0.03,0.96,0.30,0.0008,0.0201,     0,0,0,2.05,97.95,0.00,N/A,1.31,4.30,210.03,0.31,7.63,0.01,0.16,0.01,1.35,0.00,0.99,0.00,0.00,0.67,0.68,0.0001,0.0005,     0,0,0,0.47,99.53,0.00,N/A,1.32,0.98,210.03,1.35,33.71,0.01,0.16,0.00,0.45,0.00,0.69,0.00,0.00,0.88,0.89,0.0002,0.0020,     0,0,0,0.03,99.97,0.00,N/A,0.02,0.04,210.03,0.45,11.34,0.00,0.00,0.00,0.49,0.00,0.99,0.00,0.00,0.51,0.61,0.0021,0.0051,     0,0,0,0.28,99.72,0.00,N/A,0.29,0.59,210.03,0.49,12.15,0.00,0.03,0.00,0.42,0.00,0.90,0.00,0.00,0.96,0.84,0.0001,0.0034,     0,0,0,0.03,99.97,0.00,N/A,0.03,0.06,210.03,0.42,10.45,0.00,0.00,0.00,0.55,0.00,0.86,0.00,0.00,0.96,0.74,0.0001,0.0056,     0,0,0,0.03,99.97,0.00,N/A,0.03,0.05,210.03,0.55,13.63,0.00,0.00,0.00,0.71,0.00,0.93,0.00,0.00,0.69,0.88,0.0003,0.0011,     0,0,0,0.14,99.86,0.00,N/A,0.20,0.28,210.03,0.71,17.80,0.00,0.02,0.05,1.72,0.03,1.00,0.00,0.00,1.00,0.94,0.0000,0.0004,     0,0,0,2.74,97.26,0.00,N/A,9.90,5.75,210.03,1.72,43.05,0.05,1.18,0.01,0.33,0.02,0.73,0.00,0.03,0.96,0.29,0.0007,0.0209,     0,0,0,2.53,97.47,0.00,N/A,1.28,3.88,210.03,0.33,8.28,0.01,0.15,0.00,0.36,0.00,0.47,0.00,0.00,0.80,0.89,0.0003,0.0019,     0,0,0,0.05,99.95,0.00,N/A,0.02,0.05,210.03,0.36,9.08,0.00,0.00,0.00,0.36,0.00,0.46,0.00,0.00,0.82,0.91,0.0003,0.0017,     0,0,0,0.05,99.95,0.00,N/A,0.02,0.05,210.03,0.36,9.08,0.00,0.00,0.00,0.37,0.00,0.46,0.00,0.00,0.93,0.90,0.0001,0.0018,     0,0,0,0.05,99.95,0.00,N/A,0.02,0.05,210.03,0.37,9.19,0.00,0.00,0.00,0.39,0.00,0.55,0.00,0.00,0.58,0.79,0.0009,0.0044,     0,0,0,0.05,99.95,0.00,N/A,0.02,0.06,210.03,0.39,9.75,0.00,0.00,0.00,0.39,0.00,0.52,0.00,0.00,0.86,0.80,0.0004,0.0040,     0,0,0,0.05,99.95,0.00,N/A,0.02,0.06,210.03,0.39,9.77,0.00,0.00,0.00,0.47,0.00,0.46,0.00,0.00,0.60,0.88,0.0006,0.0021,     0,0,0,0.07,99.93,0.00,N/A,0.03,0.07,210.03,0.47,11.71,0.00,0.00,0.00,0.41,0.00,0.48,0.00,0.00,0.74,0.89,0.0005,0.0020,     0,0,0,0.06,99.94,0.00,N/A,0.02,0.06,210.03,0.41,10.32,0.00,0.00,
2024-03-21,21:06:42.182,0.00,0.90,0.00,0.91,0.00,0.06,0.96,0.61,0.0002,0.0040,0.00,0.00,-2147483648,0.00,0.00,14.67,16.22,212.56,0.90,22.62,0.00,0.11,0.28,0.75,1.07,0.53,99.47,0.00,100.00,0.00,0.00,0.00,0.00,-nan,0.08,0.01,1.12,0.01,1.00,0.00,0.03,0.96,0.71,0.0001,0.0024,     0,0,0,0.00,0.00,-2147483648,0.00,0.00,N/A,13.23,11.80,212.56,1.12,28.03,0.01,0.19,0.00,0.33,0.00,0.73,0.00,0.03,0.96,0.33,0.0007,0.0190,     0,0,0,0.00,0.00,-2147483648,0.00,0.00,N/A,1.44,4.42,212.56,0.33,8.16,0.00,0.02,0.06,0.08,  0%,  0%,0.11,0.04,  0%,  0%,0.14,0.51,  0%,  0%,0.24,0.17,  0%,  0%,0.70,99.30,0.00,100.00,0.00,0.00,0.36,99.64,0.00,100.00,0.00,0.00,0.00,0.00,0.00 ,0.00 ,-nan ,-nan ,0.08,0.08,0.01,0.29,0.02,1.00,0.00,0.03,0.96,0.30,0.0008,0.0198,     0,0,0,2.16,97.84,0.00,N/A,1.35,4.60,212.56,0.29,7.31,0.01,0.16,0.00,1.45,0.00,1.00,0.00,0.00,0.69,0.83,0.0001,0.0005,     0,0,0,0.11,99.89,0.00,N/A,0.34,0.24,212.56,1.45,36.24,0.00,0.04,0.00,0.42,0.00,0.69,0.00,0.00,1.00,0.91,0.0000,0.0016,     0,0,0,0.04,99.96,0.00,N/A,0.02,0.05,212.56,0.42,10.41,0.00,0.00,0.00,0.50,0.00,1.00,0.00,0.00,1.00,0.90,0.0000,0.0018,     0,0,0,0.02,99.98,0.00,N/A,0.02,0.04,212.56,0.50,12.50,0.00,0.00,0.00,0.49,0.00,1.00,0.00,0.00,0.96,0.84,0.0001,0.0034,     0,0,0,0.02,99.98,0.00,N/A,0.03,0.05,212.56,0.49,12.31,0.00,0.00,0.00,0.51,0.00,1.00,0.00,0.00,0.93,0.89,0.0001,0.0020,     0,0,0,0.02,99.98,0.00,N/A,0.02,0.04,212.56,0.51,12.80,0.00,0.00,0.00,0.77,0.00,1.00,0.00,0.00,0.75,0.90,0.0002,0.0010,     0,0,0,0.13,99.87,0.00,N/A,0.21,0.27,212.56,0.77,19.17,0.00,0.0.0002,0.0006, ,0,1.00,0.00,0.00,0.99,0.93,0.0000,0.0004,     0,0,0,3.05,96.95,0.00,N/A,11.25,6.51,212.56,1.73,43.19,0.05,1.32,0.01,0.32,0.02,0.76,0.00,0.03,0.96,0.29,0.0008,0.0208,     0,0,0,2.52,97.48,0.00,N/A,1.30,4.05,212.56,0.32,8.05,0.01,0.15,0.00,0.44,0.00,0.51,0.00,0.00,0.87,0.85,0.0002,0.0030,     0,0,0,0.05,99.95,0.00,N/A,0.02,0.05,212.56,0.44,11.10,0.00,0.00,0.00,0.38,0.00,0.49,0.00,0.00,0.72,0.91,0.0004,0.0017,     0,0,0,0.05,99.95,0.00,N/A,0.02,0.05,212.56,0.38,9.53,0.00,0.00,0.00,0.40,0.00,0.53,0.00,0.00,0.65,0.95,0.0003,0.0010,     0,0,0,0.04,99.96,0.00,N/A,0.02,0.05,212.56,0.40,9.95,0.00,0.00,0.00,0.35,0.00,0.44,0.00,0.00,0.78,0.89,0.0004,0.0020,     0,0,0,0.06,99.94,0.00,N/A,0.02,0.05,212.56,0.35,8.86,0.00,0.00,0.00,0.35,0.00,0.57,0.00,0.00,0.90,0.90,0.0002,0.0017,     0,0,0,0.05,99.95,0.00,N/A,0.02,0.05,212.56,0.35,8.70,0.00,0.00,0.00,0.36,0.00,0.57,0.00,0.00,0.88,0.84,0.0001,0.0033,     0,0,0,0.05,99.95,0.00,N/A,0.02,0.06,212.56,0.36,9.10,0.00,0.00,0.00,0.33,0.00,0.46,0.00,0.00,0.79,0.89,0.0003,0.0021,     0,0,0,0.06,99.94,0.00,N/A,0.02,0.06,212.56,0.33,8.36,0.00,0.00,
2024-03-21,21:06:42.282,0.00,0.84,0.00,0.91,0.00,0.06,0.96,0.58,0.0002,0.0046,0.00,0.00,-2147483648,0.00,0.00,12.41,14.80,211.25,0.84,20.97,0.00,0.09,0.30,0.43,0.83,0.48,99.52,0.00,100.00,0.00,0.00,0.00,0.00,-nan,0.09,0.01,1.04,0.01,0.99,0.00,0.03,0.96,0.69,0.0001,0.0027,     0,0,0,0.00,0.00,-2147483648,0.00,0.00,N/A,10.99,10.59,211.25,1.04,25.95,0.01,0.16,0.00,0.34,0.00,0.75,0.00,0.03,0.96,0.33,0.0007,0.0191,     0,0,0,0.00,0.00,-2147483648,0.00,0.00,N/A,1.42,4.21,211.25,0.34,8.42,0.00,0.02,0.07,0.08,  0%,  0%,0.11,0.04,  0%,  0%,0.14,0.23,  0%,  0%,0.26,0.20,  0%,  0%,0.63,99.37,0.00,100.00,0.00,0.00,0.33,99.67,0.00,100.00,0.00,0.00,0.00,0.00,0.00 ,0.00 ,-nan ,-nan ,0.10,0.08,0.01,0.29,0.02,1.00,0.00,0.03,0.96,0.31,0.0008,0.0194,     0,0,0,2.27,97.73,0.00,N/A,1.37,4.79,211.25,0.29,7.16,0.01,0.16,0.00,1.46,0.00,1.00,0.00,0.00,0.69,0.79,0.0001,0.0006,     0,0,0,0.12,99.88,0.00,N/A,0.36,0.24,211.25,1.46,36.55,0.00,0.04,0.00,0.50,0.00,0.82,0.00,0.00,1.00,0.92,0.0000,0.0015,     0,0,0,0.02,99.98,0.00,N/A,0.02,0.04,211.25,0.50,12.61,0.00,0.00,0.00,0.48,0.00,1.00,0.00,0.00,0.94,0.89,0.0001,0.0022,     0,0,0,0.02,99.98,0.00,N/A,0.02,0.04,211.25,0.48,12.05,0.00,0.00,0.00,0.47,0.00,0.76,0.00,0.00,1.00,0.85,0.0000,0.0031,     0,0,0,0.03,99.97,0.00,N/A,0.03,0.05,211.25,0.47,11.72,0.00,0.00,0.00,0.61,0.00,1.00,0.00,0.00,0.96,0.83,0.0001,0.0031,     0,0,0,0.02,99.98,0.00,N/A,0.03,0.05,211.25,0.61,15.27,0.00,0.00,0.00,0.74,0.00,0.82,0.00,0.00,0.72,0.92,0.0001,0.0007,     0,0,0,0.15,99.85,0.00,N/A,0.19,0.25,211.25,0.74,18.50,0.00,0.02,0.04,1.75,0.02,1.00,0.00,0.00,0.99,0.95,0.0000,0.0003,     0,0,0,2.45,97.55,0.00,N/A,8.98,5.12,211.25,1.75,43.83,0.04,1.07,0.01,0.33,0.02,0.79,0.00,0.03,0.97,0.29,0.0007,0.0210,     0,0,0,2.31,97.69,0.00,N/A,1.28,3.84,211.25,0.33,8.31,0.01,0.15,0.00,0.37,0.00,0.49,0.00,0.00,0.73,0.91,0.0003,0.0016,     0,0,0,0.05,99.95,0.00,N/A,0.02,0.05,211.25,0.37,9.22,0.00,0.00,0.00,0.45,0.00,0.51,0.00,0.00,0.94,0.82,0.0001,0.0036,     0,0,0,0.05,99.95,0.00,N/A,0.02,0.05,211.25,0.45,11.31,0.00,0.00,0.00,0.39,0.00,0.49,0.00,0.00,0.94,0.82,0.0002,0.0038,     0,0,0,0.05,99.95,0.00,N/A,0.02,0.06,211.25,0.39,9.81,0.00,0.00,0.00,0.36,0.00,0.46,0.00,0.00,0.86,0.89,0.0003,0.0021,     0,0,0,0.06,99.94,0.00,N/A,0.02,0.05,211.25,0.36,9.12,0.00,0.00,0.00,0.39,0.00,0.54,0.00,0.00,0.81,0.91,0.0003,0.0017,     0,0,0,0.04,99.96,0.00,N/A,0.02,0.05,211.25,0.39,9.78,0.00,0.00,0.00,0.37,0.00,0.53,0.00,0.00,0.80,0.92,0.0003,0.0015,     0,0,0,0.04,99.96,0.00,N/A,0.02,0.05,211.25,0.37,9.14,0.00,0.00,0.00,0.36,0.00,0.50,0.00,0.00,0.61,0.90,0.0006,0.0020,     0,0,0,0.05,99.95,0.00,N/A,0.02,0.05,211.25,0.36,9.02,0.00,0.00,
2024-03-21,21:06:42.382,0.00,0.86,0.01,0.90,0.00,0.06,0.95,0.61,0.0002,0.0040,0.00,0.00,-2147483648,0.00,0.00,15.06,17.56,208.15,0.86,21.44,0.00,0.11,0.31,0.46,1.20,0.58,99.42,0.00,100.00,0.00,0.00,0.00,0.00,-nan,0.09,0.01,1.05,0.01,0.96,0.00,0.03,0.94,0.71,0.0001,0.0024,     0,0,0,0.00,0.00,-2147483648,0.00,0.00,N/A,13.60,12.97,208.15,1.05,26.22,0.01,0.20,0.00,0.32,0.00,0.76,0.00,0.03,0.96,0.33,0.0008,0.0188,     0,0,0,0.00,0.00,-2147483648,0.00,0.00,N/A,1.45,4.58,208.15,0.32,7.93,0.00,0.02,0.07,0.10,  0%,  0%,0.11,0.04,  0%,  0%,0.17,0.32,  0%,  0%,0.39,0.33,  0%,  0%,0.81,99.19,0.00,100.00,0.00,0.00,0.36,99.64,0.00,100.00,0.00,0.00,0.00,0.00,0.00 ,0.00 ,-nan ,-nan ,0.08,0.11,0.01,0.28,0.02,1.00,0.00,0.03,0.96,0.31,0.0008,0.0192,     0,0,0,2.39,97.61,0.00,N/A,1.38,4.97,208.15,0.28,6.94,0.01,0.17,0.03,1.57,0.02,0.88,0.00,0.00,0.95,0.92,0.0000,0.0005,     0,0,0,1.98,98.02,0.00,N/A,5.74,3.65,208.15,1.57,39.28,0.03,0.69,0.00,0.50,0.00,0.85,0.00,0.00,0.97,0.87,0.0001,0.0023,     0,0,0,0.02,99.98,0.00,N/A,0.02,0.04,208.15,0.50,12.43,0.00,0.00,0.00,0.54,0.00,0.98,0.00,0.00,0.58,0.61,0.0018,0.0049,     0,0,0,0.25,99.75,0.00,N/A,0.28,0.52,208.15,0.54,13.40,0.00,0.03,0.00,0.49,0.00,0.85,0.00,0.00,0.97,0.83,0.0001,0.0036,     0,0,0,0.03,99.97,0.00,N/A,0.03,0.05,208.15,0.49,12.35,0.00,0.00,0.00,0.50,0.00,0.84,0.00,0.00,0.96,0.81,0.0001,0.0039,     0,0,0,0.03,99.97,0.00,N/A,0.02,0.05,208.15,0.50,12.51,0.00,0.00,0.00,0.67,0.00,0.93,0.00,0.00,0.82,0.93,0.0001,0.0006,     0,0,0,0.13,99.87,0.00,N/A,0.17,0.26,208.15,0.67,16.79,0.00,0.02,0.03,1.74,0.02,1.00,0.00,0.00,0.99,0.95,0.0000,0.0003,     0,0,0,1.63,98.37,0.00,N/A,5.97,3.43,208.15,1.74,43.45,0.03,0.71,0.01,0.31,0.02,0.80,0.00,0.03,0.96,0.29,0.0008,0.0206,     0,0,0,2.53,97.47,0.00,N/A,1.32,4.21,208.15,0.31,7.82,0.01,0.16,0.00,0.35,0.00,0.44,0.00,0.00,0.77,0.89,0.0004,0.0019,     0,0,0,0.06,99.94,0.00,N/A,0.02,0.06,208.15,0.35,8.77,0.00,0.00,0.00,0.39,0.00,0.50,0.00,0.00,0.86,0.90,0.0002,0.0019,     0,0,0,0.05,99.95,0.00,N/A,0.02,0.05,208.15,0.39,9.73,0.00,0.00,0.00,0.36,0.00,0.44,0.00,0.00,0.66,0.90,0.0006,0.0019,     0,0,0,0.06,99.94,0.00,N/A,0.02,0.05,208.15,0.36,9.06,0.00,0.00,0.00,0.36,0.00,0.55,0.00,0.00,0.79,0.89,0.0004,0.0021,     0,0,0,0.05,99.95,0.00,N/A,0.02,0.05,208.15,0.36,8.98,0.00,0.00,0.00,0.37,0.00,0.49,0.00,0.00,0.57,0.90,0.0006,0.0016,     0,0,0,0.05,99.95,0.00,N/A,0.02,0.05,208.15,0.37,9.22,0.00,0.00,0.00,0.38,0.00,0.48,0.00,0.00,0.88,0.81,0.0002,0.0040,     0,0,0,0.06,99.94,0.00,N/A,0.02,0.06,208.15,0.38,9.53,0.00,0.00,0.00,0.37,0.00,0.54,0.00,0.00,0.84,0.89,0.0003,0.0021,     0,0,0,0.04,99.96,0.00,N/A,0.02,0.05,208.15,0.37,9.23,0.00,0.00,
2024-03-21,21:06:42.481,0.00,0.69,0.00,0.89,0.00,0.06,0.96,0.53,0.0003,0.0059,0.00,0.00,-2147483648,0.00,0.00,9.50,13.83,210.09,0.69,17.18,0.00,0.07,0.29,0.40,1.01,0.46,99.54,0.00,100.00,0.00,0.00,0.00,0.00,-nan,0.08,0.00,0.87,0.01,0.99,0.00,0.03,0.95,0.63,0.0002,0.0036,     0,0,0,0.00,0.00,-2147483648,0.00,0.00,N/A,8.05,9.24,210.09,0.87,21.77,0.00,0.12,0.00,0.32,0.00,0.74,0.00,0.03,0.96,0.33,0.0008,0.0187,     0,0,0,0.00,0.00,-2147483648,0.00,0.00,N/A,1.46,4.59,210.09,0.32,7.93,0.00,0.02,0.07,0.08,  0%,  0%,0.10,0.04,  0%,  0%,0.14,0.27,  0%,  0%,0.29,0.32,  0%,  0%,0.56,99.44,0.00,100.00,0.00,0.00,0.37,99.63,0.00,100.00,0.00,0.00,0.00,0.00,0.00 ,0.00 ,-nan ,-nan ,0.08,0.08,0.01,0.27,0.02,1.00,0.00,0.03,0.95,0.29,0.0009,0.0196,     0,0,0,2.42,97.58,0.00,N/A,1.38,5.09,210.09,0.27,6.79,0.01,0.16,0.00,1.37,0.00,0.97,0.00,0.00,0.67,0.81,0.0002,0.0006,     0,0,0,0.14,99.86,0.00,N/A,0.38,0.28,210.09,1.37,34.32,0.00,0.05,0.02,1.74,0.01,1.00,0.00,0.00,0.99,0.96,0.0000,0.0002,     0,0,0,1.20,98.80,0.00,N/A,4.38,2.52,210.09,1.74,43.53,0.02,0.52,0.00,0.48,0.00,0.83,0.00,0.00,0.94,0.91,0.0001,0.0015,     0,0,0,0.02,99.98,0.00,N/A,0.02,0.04,210.09,0.48,12.11,0.00,0.00,0.00,0.40,0.00,0.82,0.00,0.00,0.86,0.89,0.0002,0.0019,     0,0,0,0.03,99.97,0.00,N/A,0.02,0.05,210.09,0.40,10.04,0.00,0.00,0.00,0.46,0.00,0.84,0.00,0.00,1.00,0.90,0.0000,0.0020,     0,0,0,0.02,99.98,0.00,N/A,0.02,0.04,210.09,0.46,11.59,0.00,0.00,0.00,0.72,0.00,0.86,0.00,0.00,0.59,0.89,0.0003,0.0010,     0,0,0,0.14,99.86,0.00,N/A,0.18,0.24,210.09,0.72,17.96,0.00,0.02,0.01,1.71,0.00,0.99,0.00,0.00,0.99,0.96,0.0000,0.0003,     0,0,0,0.47,99.53,0.00,N/A,1.66,0.97,210.09,1.71,42.70,0.01,0.20,0.01,0.31,0.02,0.78,0.00,0.03,0.96,0.29,0.0008,0.0205,     0,0,0,2.59,97.41,0.00,N/A,1.32,4.22,210.09,0.31,7.81,0.01,0.16,0.00,0.0211,     0.,0.00,0.00,0.78,0.90,0.0003,0.0017,     0,0,0,0.05,99.95,0.00,N/A,0.02,0.06,210.09,0.36,8.98,0.00,0.00,0.00,0.40,0.00,0.46,0.00,0.00,0.54,0.91,0.0006,0.0018,     0,0,0,0.05,99.95,0.00,N/A,0.02,0.05,210.09,0.40,9.90,0.00,0.00,0.00,0.36,0.00,0.50,0.00,0.00,0.90,0.90,0.0002,0.0017,     0,0,0,0.05,99.95,0.00,N/A,0.02,0.05,210.09,0.36,9.11,0.00,0.00,0.00,0.39,0.00,0.49,0.00,0.00,0.77,0.88,0.0004,0.0022,     0,0,0,0.05,99.95,0.00,N/A,0.02,0.05,210.09,0.39,9.65,0.00,0.00,0.00,0.37,0.00,0.54,0.00,0.00,0.82,0.89,0.0003,0.0019,     0,0,0,0.05,99.95,0.00,N/A,0.02,0.05,210.09,0.37,9.23,0.00,0.00,0.00,0.36,0.00,0.53,0.00,0.00,0.79,0.90,0.0003,0.0018,     0,0,0,0.05,99.95,0.00,N/A,0.02,0.05,210.09,0.36,9.11,0.00,0.00,0.00,0.35,0.00,0.50,0.00,0.00,0.76,0.92,0.0003,0.0016,     0,0,0,0.05,99.95,0.00,N/A,0.02,0.05,210.09,0.35,8.70,0.00,0.00,
2024-03-21,21:06:42.582,0.00,0.77,0.00,0.85,0.00,0.06,0.96,0.55,0.0002,0.0049,0.00,0.00,-2147483648,0.00,0.00,11.54,15.07,210.29,0.77,19.14,0.00,0.09,0.73,1.09,1.64,0.53,99.47,0.00,100.00,0.00,0.00,0.00,0.00,-nan,0.08,0.01,0.98,0.01,0.96,0.00,0.03,0.96,0.65,0.0001,0.0029,     0,0,0,0.00,0.00,-2147483648,0.00,0.00,N/A,9.99,10.19,210.29,0.98,24.53,0.01,0.15,0.00,0.32,0.00,0.69,0.00,0.03,0.96,0.33,0.0007,0.0178,     0,0,0,0.00,0.00,-2147483648,0.00,0.00,N/A,1.54,4.88,210.29,0.32,7.90,0.00,0.02,0.10,0.13,  0%,  0%,0.32,0.17,  0%,  0%,0.25,0.29,  0%,  0%,0.76,0.34,  0%,  0%,0.63,99.37,0.00,100.00,0.00,0.00,0.42,99.58,0.00,100.00,0.00,0.00,0.00,0.00,0.00 ,0.00 ,-nan ,-nan ,0.09,0.08,0.01,0.30,0.02,1.00,0.00,0.03,0.96,0.31,0.0008,0.0198,     0,0,0,2.12,97.88,0.00,N/A,1.34,4.46,210.29,0.30,7.49,0.01,0.16,0.01,1.07,0.01,1.00,0.00,0.00,0.79,0.73,0.0000,0.0003,     0,0,0,0.60,99.40,0.00,N/A,1.36,1.27,210.29,1.07,26.73,0.01,0.16,0.03,1.75,0.02,0.91,0.00,0.00,0.99,0.95,0.0000,0.0003,     0,0,0,2.10,97.90,0.00,N/A,7.03,4.01,210.29,1.75,43.77,0.03,0.83,0.00,0.56,0.00,1.00,0.00,0.00,0.93,0.74,0.0002,0.0052,     0,0,0,0.03,99.97,0.00,N/A,0.03,0.06,210.29,0.56,13.91,0.00,0.00,0.00,0.49,0.00,0.88,0.00,0.00,0.70,0.87,0.0006,0.0020,     0,0,0,0.03,99.97,0.00,N/A,0.03,0.06,210.29,0.49,12.27,0.00,0.00,0.00,0.53,0.00,1.00,0.00,0.00,0.96,0.81,0.0001,0.0038,     0,0,0,0.02,99.98,0.00,N/A,0.03,0.05,210.29,0.53,13.14,0.00,0.00,0.00,0.71,0.00,0.86,0.00,0.00,0.63,0.92,0.0002,0.0007,     0,0,0,0.13,99.87,0.00,N/A,0.17,0.24,210.29,0.71,17.76,0.00,0.02,0.00,0.41,0.00,0.78,0.00,0.00,1.00,0.90,0.0000,0.0018,     0,0,0,0.03,99.97,0.00,N/A,0.02,0.05,210.29,0.41,10.26,0.00,0.00,0.01,0.32,0.02,0.69,0.00,0.03,0.96,0.29,0.0008,0.0207,     0,0,0,2.82,97.18,0.00,N/A,1.31,4.08,210.29,0.32,8.05,0.01,0.16,0.00,0.40,0.00,0.55,0.00,0.00,0.95,0.92,0.0000,0.0014,     0,0,0,0.05,99.95,0.00,N/A,0.02,0.05,210.29,0.40,10.04,0.00,0.00,0.00,0.36,0.00,0.46,0.00,0.00,0.60,0.90,0.0005,0.0018,     0,0,0,0.05,99.95,0.00,N/A,0.02,0.05,210.29,0.36,9.08,0.00,0.00,0.00,0.44,0.00,0.55,0.00,0.00,0.98,0.82,0.0000,0.0033,     0,0,0,0.04,99.96,0.00,N/A,0.02,0.05,210.29,0.44,11.06,0.00,0.00,0.00,0.20,0.00,0.95,0.00,0.00,0.81,0.89,0.0001,0.0005,     0,0,0,0.24,99.76,0.00,N/A,0.09,0.47,210.29,0.20,5.04,0.00,0.01,0.00,0.43,0.00,0.47,0.00,0.00,0.84,0.84,0.0004,0.0026,     0,0,0,0.07,99.93,0.00,N/A,0.03,0.06,210.29,0.43,10.86,0.00,0.00,0.00,0.42,0.00,0.48,0.00,0.00,0.71,0.90,0.0003,0.0017,     0,0,0,0.06,99.94,0.00,N/A,0.02,0.06,210.29,0.42,10.45,0.00,0.00,0.00,0.35,0.00,0.49,0.00,0.00,0.71,0.91,0.0004,0.0018,     0,0,0,0.05,99.95,0.00,N/A,0.02,0.05,210.29,0.35,8.79,0.00,0.00,
2024-03-21,21:06:42.682,0.00,0.93,0.00,0.89,0.00,0.06,0.95,0.61,0.0002,0.0038,0.00,0.00,-2147483648,0.00,0.00,15.41,16.61,210.11,0.93,23.20,0.00,0.11,0.57,0.91,2.72,0.55,99.45,0.00,100.00,0.00,0.00,0.00,0.00,-nan,0.08,0.01,1.13,0.01,0.98,0.00,0.03,0.95,0.72,0.0001,0.0022,     0,0,0,0.00,0.00,-2147483648,0.00,0.00,N/A,13.99,12.35,210.11,1.13,28.32,0.01,0.21,0.00,0.33,0.00,0.71,0.00,0.03,0.96,0.33,0.0007,0.0191,     0,0,0,0.00,0.00,-2147483648,0.00,0.00,N/A,1.42,4.26,210.11,0.33,8.35,0.00,0.02,0.09,0.16,  0%,  0%,0.20,0.12,  0%,  0%,0.21,0.45,  0%,  0%,0.98,1.07,  0%,  0%,0.75,99.25,0.00,100.00,0.00,0.00,0.36,99.64,0.00,100.00,0.00,0.00,0.00,0.00,0.00 ,0.00 ,-nan ,-nan ,0.07,0.08,0.01,0.30,0.02,1.00,0.00,0.03,0.96,0.31,0.0007,0.0199,     0,0,0,2.07,97.93,0.00,N/A,1.32,4.35,210.11,0.30,7.57,0.01,0.16,0.01,1.51,0.00,1.00,0.00,0.00,0.67,0.61,0.0001,0.0005,     0,0,0,0.40,99.60,0.00,N/A,1.29,0.85,210.11,1.51,37.78,0.01,0.15,0.05,1.74,0.03,0.98,0.00,0.00,0.99,0.97,0.0000,0.0002,     0,0,0,3.05,96.95,0.00,N/A,10.89,6.24,210.11,1.74,43.60,0.05,1.30,0.00,0.50,0.00,1.00,0.00,0.00,0.54,0.59,0.0019,0.0050,     0,0,0,0.26,99.74,0.00,N/A,0.27,0.54,210.11,0.50,12.46,0.00,0.03,0.00,0.45,0.00,0.75,0.00,0.00,0.89,0.84,0.0002,0.0033,     0,0,0,0.04,99.96,0.00,N/A,0.03,0.06,210.11,0.45,11.34,0.00,0.00,0.00,0.46,0.00,1.00,0.00,0.00,0.86,0.92,0.0002,0.0016,     0,0,0,0.02,99.98,0.00,N/A,0.02,0.04,210.11,0.46,11.55,0.00,0.00,0.00,0.73,0.00,0.84,0.00,0.00,0.73,0.91,0.0001,0.0008,     0,0,0,0.13,99.87,0.00,N/A,0.17,0.23,210.11,0.73,18.30,0.00,0.02,0.00,0.43,0.00,0.61,0.00,0.00,0.62,0.96,0.0002,0.0007,     0,0,0,0.03,99.97,0.00,N/A,0.02,0.04,210.11,0.43,10.69,0.00,0.00,0.01,0.33,0.02,0.74,0.00,0.03,0.96,0.29,0.0007,0.0210,     0,0,0,2.52,97.48,0.00,N/A,1.28,3.89,210.11,0.33,8.26,0.01,0.15,0.00,0.35,0.00,0.47,0.00,0.00,0.73,0.89,0.0004,0.0019,     0,0,0,0.05,99.95,0.00,N/A,0.02,0.05,210.11,0.35,8.84,0.00,0.00,0.00,0.42,0.00,0.59,0.00,0.00,0.70,0.91,0.0003,0.0017,     0,0,0,0.04,99.96,0.00,N/A,0.02,0.05,210.11,0.42,10.58,0.00,0.00,0.00,0.36,0.00,0.46,0.00,0.00,0.94,0.89,0.0001,0.0020,     0,0,0,0.05,99.95,0.00,N/A,0.02,0.05,210.11,0.36,9.04,0.00,0.00,0.00,0.37,0.00,0.54,0.00,0.00,0.87,0.90,0.0002,0.0019,     0,0,0,0.04,99.96,0.00,N/A,0.02,0.05,210.11,0.37,9.36,0.00,0.00,0.00,0.35,0.00,0.50,0.00,0.00,0.74,0.89,0.0004,0.0021,     0,0,0,0.05,99.95,0.00,N/A,0.02,0.05,210.11,0.35,8.76,0.00,0.00,0.00,0.41,0.00,0.48,0.00,0.00,0.69,0.90,0.0004,0.0019,     0,0,0,0.06,99.94,0.00,N/A,0.02,0.06,210.11,0.41,10.15,0.00,0.00,0.00,0.34,0.00,0.47,0.00,0.00,0.72,0.91,0.0004,0.0017,     0,0,0,0.05,99.95,0.00,N/A,0.02,0.05,210.11,0.34,8.50,0.00,0.00,
2024-03-21,21:06:42.782,0.01,0.95,0.01,0.97,0.01,0.07,0.90,0.70,0.0003,0.0030,0.00,0.00,-2147483648,0.00,0.00,22.92,24.15,209.53,0.95,23.72,0.01,0.17,1.15,0.39,5.53,0.74,99.26,0.00,100.00,0.00,0.00,0.00,0.00,-nan,0.08,0.01,1.05,0.01,0.99,0.00,0.03,0.91,0.70,0.0002,0.0022,     0,0,0,0.00,0.00,-2147483648,0.00,0.00,N/A,15.05,14.29,209.53,1.05,26.33,0.01,0.22,0.00,0.80,0.01,0.94,0.00,0.03,0.90,0.70,0.0004,0.0044,     0,0,0,0.00,0.00,-2147483648,0.00,0.00,N/A,7.86,9.86,209.53,0.80,19.93,0.00,0.12,0.11,0.27,  0%,  0%,0.46,0.31,  0%,  0%,1.18,1.36,  1%,  1%,1.44,1.55,  1%,  1%,0.86,99.14,0.00,100.00,0.00,0.00,0.63,99.37,0.00,100.00,0.00,0.00,0.00,0.00,0.00 ,0.00 ,-nan ,-nan ,0.08,0.08,0.01,0.30,0.02,1.00,0.00,0.03,0.93,0.28,0.0012,0.0188,     0,0,0,2.37,97.63,0.00,N/A,1.51,4.97,209.53,0.30,7.61,0.01,0.18,0.01,1.14,0.01,1.00,0.00,0.00,0.37,0.86,0.0002,0.0003,     0,0,0,1.13,98.87,0.00,N/A,2.70,2.38,209.53,1.14,28.42,0.01,0.32,0.05,1.63,0.03,0.98,0.00,0.00,0.82,0.94,0.0001,0.0003,     0,0,0,3.13,96.87,0.00,N/A,10.56,6.46,209.53,1.63,40.86,0.05,1.26,0.00,0.48,0.00,1.00,0.00,0.00,0.85,0.89,0.0002,0.0019,     0,0,0,0.02,99.98,0.00,N/A,0.02,0.04,209.53,0.48,11.94,0.00,0.00,0.00,0.43,0.00,0.91,0.00,0.00,0.95,0.85,0.0001,0.0031,     0,0,0,0.04,99.96,0.00,N/A,0.03,0.07,209.53,0.43,10.78,0.00,0.00,0.00,0.51,0.00,1.00,0.00,0.00,0.71,0.90,0.0004,0.0019,     0,0,0,0.02,99.98,0.00,N/A,0.02,0.04,209.53,0.51,12.75,0.00,0.00,0.00,0.65,0.00,0.87,0.00,0.00,0.54,0.89,0.0003,0.0010,     0,0,0,0.15,99.85,0.00,N/A,0.18,0.28,209.53,0.65,16.22,0.00,0.02,0.00,0.42,0.00,0.84,0.00,0.00,0.82,0.89,0.0003,0.0023,     0,0,0,0.02,99.98,0.00,N/A,0.02,0.04,209.53,0.42,10.60,0.00,0.00,0.01,0.31,0.02,0.90,0.00,0.03,0.96,0.29,0.0008,0.0205,     0,0,0,2.27,97.73,0.00,N/A,1.31,4.26,209.53,0.31,7.66,0.01,0.16,0.00,0.38,0.00,0.66,0.00,0.00,0.69,0.89,0.0006,0.0020,     0,0,0,0.04,99.96,0.00,N/A,0.02,0.05,209.53,0.38,9.58,0.00,0.00,0.03,1.35,0.02,1.00,0.00,0.00,0.76,0.93,0.0002,0.0009,     0,0,0,2.01,97.99,0.00,N/A,5.68,4.21,209.53,1.35,33.72,0.03,0.68,0.,     0,0,0,0.04,,0.00,0.00,0.69,0.68,0.0005,0.0033,     0,N/A,0.03,0.07,209.40,0.40,9.94,0.00,0.00,0.00,0.35,0.00,0.47,0.00,0.00,0.61,0.90,0.0005,0.0018,     0,0,0,0.06,99.94,0.00,N/A,0.02,0.05,209.40,0.35,8.77,0.00,0.00,
2024-03-21,21:06:42.790,0.01,0.97,0.01,0.98,0.01,0.08,0.87,0.74,0.0004,0.0029,0.00,0.00,-2147483648,0.00,0.00,26.50,27.44,210.12,0.97,24.14,0.01,0.20,1.09,0.54,3.37,0.83,99.17,0.00,100.00,0.00,0.00,0.00,0.00,-nan,0.08,0.01,1.07,0.01,0.99,0.00,0.04,0.88,0.75,0.0002,0.0022,     0,0,0,0.00,0.00,-2147483648,0.00,0.00,N/A,17.04,15.86,210.12,1.07,26.86,0.01,0.25,0.01,0.82,0.01,0.96,0.01,0.04,0.86,0.72,0.0006,0.0041,     0,0,0,0.00,0.00,-2147483648,0.00,0.00,N/A,9.46,11.58,210.12,0.82,20.42,0.01,0.14,0.18,0.20,  0%,  0%,0.46,0.25,  0%,  0%,1.25,1.37,  1%,  1%,0.59,0.16,  0%,  0%,0.95,99.05,0.00,100.00,0.00,0.00,0.71,99.29,0.00,100.00,0.00,0.00,0.00,0.00,0.00 ,0.00 ,-nan ,-nan ,0.08,0.08,0.01,0.31,0.02,1.00,0.00,0.03,0.94,0.27,0.0011,0.0199,     0,0,0,2.22,97.78,0.00,N/A,1.45,4.67,210.12,0.31,7.75,0.01,0.17,0.00,0.46,0.00,1.00,0.00,0.00,0.42,0.77,0.0020,0.0049,     0,0,0,0.04,99.96,0.00,N/A,0.03,0.07,210.12,0.46,11.51,0.00,0.00,0.05,1.71,0.03,0.98,0.00,0.00,0.94,0.96,0.0000,0.0002,     0,0,0,3.06,96.94,0.00,N/A,10.89,6.36,210.12,1.71,42.78,0.05,1.29,0.00,0.47,0.00,1.00,0.00,0.00,0.97,0.89,0.0001,0.0022,     0,0,0,0.02,99.98,0.00,N/A,0.02,0.04,210.12,0.47,11.84,0.00,0.00,0.01,1.24,0.01,1.00,0.00,0.00,0.57,0.90,0.0005,0.0011,     0,0,0,1.00,99.00,0.00,N/A,2.62,2.11,210.12,1.24,31.05,0.01,0.31,0.00,0.47,0.00,1.00,0.00,0.00,0.88,0.89,0.0002,0.0021,     0,0,0,0.02,99.98,0.00,N/A,0.02,0.04,210.12,0.47,11.65,0.00,0.00,0.00,0.64,0.00,0.92,0.00,0.00,0.74,0.84,0.0004,0.0017,     0,0,0,0.16,99.84,0.00,N/A,0.19,0.30,210.12,0.64,15.89,0.00,0.02,0.01,0.81,0.01,1.00,0.00,0.00,0.46,0.82,0.0006,0.0012,     0,0,0,1.08,98.92,0.00,N/A,1.82,2.26,210.12,0.81,20.14,0.01,0.22,0.01,0.30,0.02,0.93,0.00,0.03,0.96,0.28,0.0009,0.0208,     0,0,0,2.23,97.77,0.00,N/A,1.31,4.34,210.12,0.30,7.55,0.01,0.16,0.00,0.43,0.00,0.60,0.00,0.00,0.72,0.73,0.0012,0.0054,     0,0,0,0.06,99.94,0.00,N/A,0.03,0.07,210.12,0.43,10.83,0.00,0.00,0.02,1.16,0.02,1.00,0.00,0.01,0.69,0.87,0.0004,0.0015,     0,0,0,2.00,98.00,0.00,N/A,4.88,4.20,210.12,1.16,29.06,0.02,0.58,0.00,0.39,0.00,0.73,0.00,0.00,0.69,0.86,0.0008,0.0030,     0,0,0,0.03,99.97,0.00,N/A,0.02,0.05,210.12,0.39,9.84,0.00,0.00,0.00,0.39,0.00,0.75,0.00,0.00,0.76,0.84,0.0007,0.0034,     0,0,0,0.03,99.97,0.00,N/A,0.02,0.05,210.12,0.39,9.86,0.00,0.00,0.00,0.36,0.00,0.73,0.00,0.00,0.80,0.86,0.0004,0.0026,     0,0,0,0.03,99.97,0.00,N/A,0.02,0.05,210.12,0.36,8.98,0.00,0.00,0.00,0.65,0.00,0.97,0.00,0.00,0.44,0.68,0.0014,0.0028,     0,0,0,0.35,99.65,0.00,N/A,0.46,0.72,210.12,0.65,16.17,0.00,0.06,0.01,1.29,0.01,0.99,0.00,0.00,0.55,0.93,0.0004,0.0010,     0,0,0,1.01,98.99,0.00,N/A,2.71,2.10,210.12,1.29,32.27,0.01,0.32,
2024-03-21,21:06:42.885,0.01,0.74,0.01,0.98,0.01,0.08,0.88,0.59,0.0005,0.0044,0.00,0.00,-2147483648,0.00,0.00,17.58,23.86,209.85,0.74,18.42,0.01,0.13,3.17,1.03,6.01,0.73,99.27,0.00,100.00,0.00,0.00,0.00,0.00,-nan,0.09,0.01,0.78,0.01,1.00,0.00,0.04,0.87,0.58,0.0005,0.0040,     0,0,0,0.00,0.00,-2147483648,0.00,0.00,N/A,9.96,12.80,209.85,0.78,19.45,0.01,0.15,0.00,0.69,0.01,0.95,0.00,0.04,0.89,0.59,0.0005,0.0050,     0,0,0,0.00,0.00,-2147483648,0.00,0.00,N/A,7.62,11.06,209.85,0.69,17.22,0.00,0.11,0.75,0.76,  0%,  0%,0.83,0.83,  1%,  1%,1.10,1.18,  0%,  1%,1.77,1.95,  2%,  2%,0.77,99.23,0.00,100.00,0.00,0.00,0.70,99.30,0.00,100.00,0.00,0.00,0.00,0.00,0.00 ,0.00 ,-nan ,-nan ,0.08,0.10,0.01,0.33,0.02,1.00,0.00,0.03,0.92,0.28,0.0014,0.0190,     0,0,0,2.22,97.78,0.00,N/A,1.54,4.66,209.85,0.33,8.26,0.01,0.18,0.01,0.72,0.01,1.00,0.00,0.00,0.42,0.91,0.0001,0.0004,     0,0,0,1.12,98.88,0.00,N/A,1.69,2.35,209.85,0.72,18.01,0.01,0.20,0.03,1.31,0.02,1.00,0.00,0.01,0.80,0.80,0.0002,0.0013,     0,0,0,1.99,98.01,0.00,N/A,5.43,4.15,209.85,1.31,32.67,0.03,0.65,0.00,0.37,0.00,0.89,0.00,0.00,0.64,0.87,0.0008,0.0028,     0,0,0,0.03,99.97,0.00,N/A,0.02,0.05,209.85,0.37,9.32,0.00,0.00,0.00,0.51,0.00,0.88,0.00,0.00,0.63,0.78,0.0007,0.0034,     0,0,0,0.07,99.93,0.00,N/A,0.07,0.13,209.85,0.51,12.86,0.00,0.01,0.00,0.37,0.00,0.89,0.00,0.00,0.75,0.89,0.0004,0.0023,     0,0,0,0.03,99.97,0.00,N/A,0.02,0.05,209.85,0.37,9.25,0.00,0.00,0.00,0.50,0.00,1.00,0.00,0.00,0.71,0.85,0.0004,0.0016,     0,0,0,0.25,99.75,0.00,N/A,0.26,0.52,209.85,0.50,12.50,0.00,0.03,0.00,1.06,0.00,1.00,0.00,0.00,0.50,0.75,0.0008,0.0022,     0,0,0,0.42,99.58,0.00,N/A,0.93,0.88,209.85,1.06,26.50,0.00,0.11,0.01,0.30,0.02,0.96,0.00,0.03,0.96,0.28,0.0009,0.0198,     0,0,0,2.32,97.68,0.00,N/A,1.39,4.64,209.85,0.30,7.50,0.01,0.17,0.00,0.37,0.00,0.59,0.00,0.00,0.79,0.89,0.0003,0.0023,     0,0,0,0.04,99.96,0.00,N/A,0.02,0.05,209.85,0.37,9.18,0.00,0.00,0.01,1.00,0.01,0.95,0.00,0.00,0.61,0.81,0.0006,0.0015,     0,0,0,1.38,98.62,0.00,N/A,2.76,2.76,209.85,1.00,24.97,0.01,0.33,0.01,0.94,0.01,0.97,0.00,0.00,0.76,0.75,0.0004,0.0019,     0,0,0,0.66,99.34,0.00,N/A,1.25,1.34,209.85,0.94,23.40,0.01,0.15,0.01,0.91,0.01,0.97,0.00,0.00,0.81,0.75,0.0003,0.0020,     0,0,0,0.58,99.42,0.00,N/A,1.01,1.11,209.85,0.91,22.68,0.01,0.13,0.01,1.10,0.00,0.96,0.00,0.00,0.83,0.86,0.0003,0.0017,     0,0,0,0.51,99.49,0.00,N/A,1.14,1.04,209.85,1.10,27.42,0.01,0.14,0.00,0.47,0.00,0.61,0.00,0.00,0.61,0.87,0.0007,0.0025,     0,0,0,0.05,99.95,0.00,N/A,0.03,0.07,209.85,0.47,11.76,0.00,0.00,0.00,0.39,0.00,0.73,0.00,0.00,0.69,0.91,0.0005,0.0016,     0,0,0,0.03,99.97,0.00,N/A,0.02,0.05,209.85,0.39,9.78,0.00,0.00,
2024-03-21,21:06:42.984,0.00,0.52,0.00,0.85,0.00,0.06,0.94,0.43,0.0006,0.0096,0.00,0.00,-2147483648,0.00,0.00,6.35,12.16,210.17,0.52,13.04,0.00,0.05,0.42,0.51,1.32,0.43,99.57,0.00,100.00,0.00,0.00,0.00,0.00,-nan,0.08,0.00,0.63,0.00,0.95,0.00,0.03,0.92,0.49,0.0005,0.0069,     0,0,0,0.00,0.00,-2147483648,0.00,0.00,N/A,4.77,7.52,210.17,0.63,15.86,0.00,0.07,0.00,0.34,0.00,0.72,0.00,0.03,0.96,0.34,0.0008,0.0181,     0,0,0,0.00,0.00,-2147483648,0.00,0.00,N/A,1.58,4.65,210.17,0.34,8.48,0.00,0.02,0.09,0.10,  0%,  0%,0.16,0.06,  0%,  0%,0.17,0.30,  0%,  0%,0.41,0.44,  0%,  0%,0.47,99.53,0.00,100.00,0.00,0.00,0.39,99.61,0.00,100.00,0.00,0.00,0.00,0.00,0.00 ,0.00 ,-nan ,-nan ,0.08,0.09,0.01,0.36,0.02,0.94,0.00,0.03,0.94,0.28,0.0010,0.0161,     0,0,0,2.56,97.44,0.00,N/A,1.82,5.06,210.17,0.36,9.00,0.01,0.22,0.00,0.47,0.00,1.00,0.00,0.00,0.79,0.69,0.0010,0.0062,     0,0,0,0.05,99.95,0.00,N/A,0.05,0.10,210.17,0.47,11.72,0.00,0.01,0.00,1.42,0.00,0.99,0.00,0.00,0.97,0.88,0.0000,0.0008,     0,0,0,0.30,99.70,0.00,N/A,0.88,0.62,210.17,1.42,35.41,0.00,0.10,0.00,0.49,0.00,1.00,0.00,0.00,0.82,0.71,0.0008,0.0058,     0,0,0,0.05,99.95,0.00,N/A,0.05,0.10,210.17,0.49,12.32,0.00,0.01,0.00,0.50,0.00,1.00,0.00,0.00,0.87,0.84,0.0003,0.0033,     0,0,0,0.05,99.95,0.00,N/A,0.05,0.10,210.17,0.50,12.53,0.00,0.01,0.00,0.51,0.00,1.00,0.00,0.00,0.86,0.75,0.0005,0.0050,     0,0,0,0.04,99.96,0.00,N/A,0.05,0.09,210.17,0.51,12.81,0.00,0.01,0.00,0.73,0.00,0.89,0.00,0.00,0.74,0.95,0.0001,0.0005,     0,0,0,0.11,99.89,0.00,N/A,0.15,0.20,210.17,0.73,18.27,0.00,0.02,0.01,1.39,0.01,0.99,0.00,0.00,0.66,0.87,0.0003,0.0010,     0,0,0,0.60,99.40,0.00,N/A,1.73,1.24,210.17,1.39,34.85,0.01,0.21,0.01,0.32,0.02,0.74,0.00,0.03,0.96,0.28,0.0008,0.0211,     0,0,0,2.58,97.42,0.00,N/A,1.30,4.03,210.17,0.32,8.06,0.01,0.15,0.00,0.48,0.00,0.42,0.00,0.00,0.84,0.84,0.0003,0.0033,     0,0,0,0.09,99.91,0.00,N/A,0.04,0.08,210.17,0.48,12.06,0.00,0.00,0.00,0.38,0.00,0.49,0.00,0.00,0.79,0.89,0.0003,0.0019,     0,0,0,0.05,99.95,0.00,N/A,0.02,0.05,210.17,0.38,9.53,0.00,0.00,0.00,0.46,0.00,0.71,0.00,0.00,0.74,0.82,0.0008,0.0036,     0,0,0,0.07,99.93,0.00,N/A,0.05,0.10,210.17,0.46,11.56,0.00,0.01,0.00,0.44,0.00,0.71,0.00,0.00,0.81,0.72,0.0009,0.0055,     0,0,0,0.07,99.93,0.00,N/A,0.05,0.11,210.17,0.44,11.08,0.00,0.01,0.00,0.45,0.00,0.71,0.00,0.00,0.83,0.74,0.0008,0.0053,     0,0,0,0.07,99.93,0.00,N/A,0.05,0.11,210.17,0.45,11.18,0.00,0.01,0.00,0.47,0.00,0.69,0.00,0.00,0.86,0.78,0.0006,0.0045,     0,0,0,0.07,99.93,0.00,N/A,0.05,0.11,210.17,0.47,11.79,0.00,0.01,0.00,0.40,0.00,0.43,0.00,0.00,0.68,0.88,0.0006,0.0022,     0,0,0,0.07,99.93,0.00,N/A,0.03,0.06,210.17,0.40,10.00,0.00,0.00,
2024-03-21,21:06:4,0.0016,0.02,0.50,0.00,0.00,0.42,0.,0,0.06,99.94,0.00,N/A,0.02,0.06,210.22,0.31,7.83,0.00,0.00,0.00,0.59,0.00,0.70,0.00,0.00,0.72,0.68,0.0010,0.0052,     0,0,0,0.11,99.89,0.00,N/A,0.10,0.17,210.22,0.59,14.69,0.00,0.01,
2024-03-21,21:06:43.177,0.00,0.53,0.00,0.85,0.00,0.06,0.96,0.45,0.0004,0.0093,0.00,0.00,-2147483648,0.00,0.00,5.99,11.31,210.00,0.53,13.26,0.00,0.04,0.28,0.36,1.01,0.39,99.61,0.00,100.00,0.00,0.00,0.00,0.00,-nan,0.08,0.00,0.65,0.00,1.00,0.00,0.03,0.95,0.53,0.0003,0.0062,     0,0,0,0.00,0.00,-2147483648,0.00,0.00,N/A,4.54,6.96,210.00,0.65,16.29,0.00,0.07,0.00,0.34,0.00,0.69,0.00,0.03,0.96,0.33,0.0008,0.0189,     0,0,0,0.00,0.00,-2147483648,0.00,0.00,N/A,1.46,4.34,210.00,0.34,8.39,0.00,0.02,0.06,0.11,  0%,  0%,0.08,0.03,  0%,  0%,0.22,0.34,  0%,  0%,0.25,0.19,  0%,  0%,0.41,99.59,0.00,100.00,0.00,0.00,0.37,99.63,0.00,100.00,0.00,0.00,0.00,0.00,0.00 ,0.00 ,-nan ,-nan ,0.08,0.08,0.01,0.29,0.02,1.00,0.00,0.03,0.96,0.29,0.0009,0.0201,     0,0,0,2.23,97.77,0.00,N/A,1.35,4.67,210.00,0.29,7.22,0.01,0.16,0.00,0.51,0.00,1.00,0.00,0.00,0.97,0.88,0.0001,0.0022,     0,0,0,0.02,99.98,0.00,N/A,0.02,0.04,210.00,0.51,12.86,0.00,0.00,0.01,1.70,0.01,1.00,0.00,0.00,1.00,0.96,0.0000,0.0002,     0,0,0,0.81,99.19,0.00,N/A,2.88,1.69,210.00,1.70,42.54,0.01,0.34,0.00,0.50,0.00,1.00,0.00,0.00,0.95,0.93,0.0001,0.0015,     0,0,0,0.02,99.98,0.00,N/A,0.02,0.03,210.00,0.50,12.54,0.00,0.00,0.00,0.43,0.00,1.00,0.00,0.00,0.97,0.92,0.0000,0.0016,     0,0,0,0.02,99.98,0.00,N/A,0.02,0.05,210.00,0.43,10.74,0.00,0.00,0.00,0.52,0.00,1.00,0.00,0.00,0.96,0.90,0.0001,0.0020,     0,0,0,0.02,99.98,0.00,N/A,0.02,0.04,210.00,0.52,13.03,0.00,0.00,0.00,0.55,0.00,1.00,0.00,0.00,0.56,0.87,0.0004,0.0012,     0,0,0,0.19,99.81,0.00,N/A,0.22,0.40,210.00,0.55,13.78,0.00,0.03,0.00,0.38,0.00,1.00,0.00,0.00,0.97,0.90,0.0001,0.0020,     0,0,0,0.02,99.98,0.00,N/A,0.02,0.05,210.00,0.38,9.40,0.00,0.00,0.01,0.33,0.02,0.74,0.00,0.03,0.96,0.29,0.0008,0.0209,     0,0,0,2.54,97.46,0.00,N/A,1.29,3.91,210.00,0.33,8.25,0.01,0.15,0.00,0.39,0.00,0.43,0.00,0.00,0.86,0.82,0.0003,0.0039,     0,0,0,0.07,99.93,0.00,N/A,0.02,0.06,210.00,0.39,9.87,0.00,0.00,0.00,0.43,0.00,0.46,0.00,0.00,0.96,0.81,0.0001,0.0043,     0,0,0,0.06,99.94,0.00,N/A,0.03,0.06,210.00,0.43,10.64,0.00,0.00,0.00,0.35,0.00,0.50,0.00,0.00,0.93,0.91,0.0001,0.0019,     0,0,0,0.05,99.95,0.00,N/A,0.02,0.05,210.00,0.35,8.78,0.00,0.00,0.00,0.34,0.00,0.44,0.00,0.00,0.82,0.89,0.0004,0.0023,     0,0,0,0.06,99.94,0.00,N/A,0.02,0.05,210.00,0.34,8.50,0.00,0.00,0.00,0.38,0.00,0.44,0.00,0.00,0.93,0.80,0.0003,0.0044,     0,0,0,0.07,99.93,0.00,N/A,0.02,0.06,210.00,0.38,9.39,0.00,0.00,0.00,0.42,0.00,0.41,0.00,0.00,0.50,0.76,0.0015,0.0043,     0,0,0,0.10,99.90,0.00,N/A,0.04,0.09,210.00,0.42,10.50,0.00,0.00,0.00,0.37,0.00,0.50,0.00,0.00,0.68,0.90,0.0005,0.0019,     0,0,0,0.05,99.95,0.00,N/A,0.02,0.05,210.00,0.37,9.28,0.00,0.00,
2024-03-21,21:06:43.277,0.00,0.79,0.00,0.90,0.00,0.06,0.96,0.57,0.0002,0.0051,0.00,0.00,-2147483648,0.00,0.00,11.17,14.14,210.24,0.79,19.75,0.00,0.08,0.26,0.29,0.81,0.47,99.53,0.00,100.00,0.00,0.00,0.00,0.00,-nan,0.08,0.01,0.99,0.01,1.00,0.00,0.03,0.96,0.68,0.0001,0.0030,     0,0,0,0.00,0.00,-2147483648,0.00,0.00,N/A,9.69,9.80,210.24,0.99,24.71,0.01,0.14,0.00,0.34,0.00,0.73,0.00,0.03,0.96,0.33,0.0008,0.0188,     0,0,0,0.00,0.00,-2147483648,0.00,0.00,N/A,1.48,4.34,210.24,0.34,8.55,0.00,0.02,0.07,0.09,  0%,  0%,0.08,0.03,  0%,  0%,0.15,0.28,  0%,  0%,0.21,0.17,  0%,  0%,0.58,99.42,0.00,100.00,0.00,0.00,0.35,99.65,0.00,100.00,0.00,0.00,0.00,0.00,0.00 ,0.00 ,-nan ,-nan ,0.08,0.08,0.01,0.29,0.02,1.00,0.00,0.03,0.96,0.29,0.0008,0.0202,     0,0,0,2.19,97.81,0.00,N/A,1.34,4.61,210.24,0.29,7.28,0.01,0.16,0.00,0.54,0.00,1.00,0.00,0.00,1.00,0.84,0.0000,0.0033,     0,0,0,0.02,99.98,0.00,N/A,0.02,0.04,210.24,0.54,13.42,0.00,0.00,0.04,1.74,0.02,1.00,0.00,0.00,0.99,0.97,0.0000,0.0002,     0,0,0,2.19,97.81,0.00,N/A,8.04,4.61,210.24,1.74,43.60,0.04,0.96,0.00,0.45,0.00,1.00,0.00,0.00,0.97,0.91,0.0001,0.0020,     0,0,0,0.02,99.98,0.00,N/A,0.02,0.04,210.24,0.45,11.33,0.00,0.00,0.00,0.30,0.00,1.00,0.00,0.00,0.86,0.90,0.0002,0.0018,     0,0,0,0.03,99.97,0.00,N/A,0.02,0.07,210.24,0.30,7.41,0.00,0.00,0.00,0.32,0.00,1.00,0.00,0.00,0.95,0.89,0.0001,0.0021,     0,0,0,0.03,99.97,0.00,N/A,0.02,0.06,210.24,0.32,8.12,0.00,0.00,0.00,0.63,0.00,1.00,0.00,0.00,0.71,0.90,0.0002,0.0009,     0,0,0,0.16,99.84,0.00,N/A,0.21,0.33,210.24,0.63,15.71,0.00,0.02,0.00,0.50,0.00,1.00,0.00,0.00,1.00,0.92,0.0000,0.0015,     0,0,0,0.02,99.98,0.00,N/A,0.02,0.04,210.24,0.50,12.61,0.00,0.00,0.01,0.33,0.02,0.77,0.00,0.03,0.96,0.28,0.0008,0.0212,     0,0,0,2.40,97.60,0.00,N/A,1.28,3.86,210.24,0.33,8.31,0.01,0.15,0.00,0.34,0.00,0.47,0.00,0.00,0.83,0.90,0.0003,0.0019,     0,0,0,0.05,99.95,0.00,N/A,0.02,0.05,210.24,0.34,8.62,0.00,0.00,0.00,0.37,0.00,0.53,0.00,0.00,0.70,0.90,0.0005,0.0018,     0,0,0,0.05,99.95,0.00,N/A,0.02,0.05,210.24,0.37,9.35,0.00,0.00,0.00,0.33,0.00,0.43,0.00,0.00,0.88,0.87,0.0003,0.0025,     0,0,0,0.06,99.94,0.00,N/A,0.02,0.06,210.24,0.33,8.20,0.00,0.00,0.00,0.35,0.00,0.49,0.00,0.00,0.97,0.90,0.0001,0.0019,     0,0,0,0.05,99.95,0.00,N/A,0.02,0.05,210.24,0.35,8.77,0.00,0.00,0.00,0.34,0.00,0.49,0.00,0.00,0.85,0.89,0.0002,0.0021,     0,0,0,0.05,99.95,0.00,N/A,0.02,0.05,210.24,0.34,8.59,0.00,0.00,0.00,0.40,0.00,0.45,0.00,0.00,0.61,0.88,0.0007,0.0022,     0,0,0,0.06,99.94,0.00,N/A,0.02,0.06,210.24,0.40,10.01,0.00,0.00,0.00,0.56,0.00,0.76,0.00,0.00,0.75,0.70,0.0009,0.0045,     0,0,0,0.09,99.91,0.00,N/A,0.08,0.15,210.24,0.56,13.96,0.00,0.01,
2024-03-21,21:06:43.378,0.00,0.79,0.00,0.90,0.00,0.06,0.96,0.55,0.0002,0.0053,0.00,0.00,-2147483648,0.00,0.00,10.87,13.83,209.85,0.79,19.64,0.00,0.08,0.30,0.42,1.40,0.46,99.54,0.00,100.00,0.00,0.00,0.00,0.00,-nan,0.09,0.01,0.98,0.01,1.00,0.00,0.03,0.95,0.66,0.0001,0.0032,     0,0,0,0.00,0.00,-2147483648,0.00,0.00,N/A,9.38,9.59,209.85,0.98,24.46,0.01,0.14,0.00,0.35,0.00,0.73,0.00,0.03,0.96,0.34,0.0007,0.0186,     0,0,0,0.00,0.00,-2147483648,0.00,0.00,N/A,1.49,4.25,209.85,0.35,8.77,0.00,0.02,0.08,0.07,  0%,  0%,0.11,0.04,  0%,  0%,0.12,0.73,  0%,  0%,0.26,0.29,  0%,  0%,0.57,99.43,0.00,100.00,0.00,0.00,0.35,99.65,0.00,100.00,0.00,0.00,0.00,0.00,0.00 ,0.00 ,-nan ,-nan ,0.09,0.09,0.01,0.30,0.02,1.00,0.00,0.03,0.96,0.29,0.0008,0.0206,     0,0,0,2.07,97.93,0.00,N/A,1.31,4.34,209.85,0.30,7.54,0.01,0.16,0.00,0.62,0.00,1.00,0.00,0.00,0.98,0.75,0.0001,0.0059,     0,0,0,0.02,99.98,0.00,N/A,0.03,0.05,209.85,0.62,15.61,0.00,0.00,0.04,1.74,0.02,1.00,0.00,0.00,1.00,0.97,0.0000,0.0002,     0,0,0,2.02,97.98,0.00,N/A,7.40,4.26,209.85,1.74,43.45,0.04,0.88,0.00,0.74,0.00,1.00,0.00,0.00,0.38,0.40,0.0007,0.0030,     0,0,0,0.23,99.77,0.00,N/A,0.35,0.48,209.85,0.74,18.59,0.00,0.04,0.00,0.45,0.00,1.00,0.00,0.00,0.67,0.87,0.0006,0.0024,     0,0,0,0.03,99.97,0.00,N/A,0.03,0.07,209.85,0.45,11.26,0.00,0.00,0.00,0.51,0.00,1.00,0.00,0.00,1.00,0.89,0.0000,0.0021,     0,0,0,0.02,99.98,0.00,N/A,0.02,0.04,209.85,0.51,12.66,0.00,0.00,0.00,0.67,0.00,1.00,0.00,0.00,0.57,0.88,0.0004,0.0011,     0,0,0,0.15,99.85,0.00,N/A,0.21,0.32,209.85,0.67,16.73,0.00,0.03,0.00,0.48,0.00,1.00,0.00,0.00,0.88,0.91,0.0002,0.0017,     0,0,0,0.02,99.98,0.00,N/A,0.02,0.04,209.85,0.48,12.11,0.00,0.00,0.01,0.34,0.02,0.76,0.00,0.03,0.97,0.29,0.0007,0.0212,     0,0,0,2.36,97.64,0.00,N/A,1.27,3.75,209.85,0.34,8.48,0.01,0.15,0.00,0.39,0.00,0.46,0.00,0.00,0.71,0.83,0.0005,0.0039,     0,0,0,0.06,99.94,0.00,N/A,0.02,0.06,209.85,0.39,9.65,0.00,0.00,0.00,0.46,0.00,0.55,0.00,0.00,0.68,0.84,0.0005,0.0036,     0,0,0,0.05,99.95,0.00,N/A,0.02,0.05,209.85,0.46,11.42,0.00,0.00,0.00,0.36,0.00,0.51,0.00,0.00,0.92,0.86,0.0002,0.0028,     0,0,0,0.05,99.95,0.00,N/A,0.02,0.05,209.85,0.36,8.91,0.00,0.00,0.00,0.38,0.00,0.49,0.00,0.00,0.92,0.81,0.0003,0.0043,     0,0,0,0.06,99.94,0.00,N/A,0.02,0.06,209.85,0.38,9.47,0.00,0.00,0.00,0.36,0.00,0.52,0.00,0.00,0.87,0.80,0.0004,0.0043,     0,0,0,0.06,99.94,0.00,N/A,0.02,0.06,209.85,0.36,9.11,0.00,0.00,0.00,0.36,0.00,0.49,0.00,0.00,0.60,0.88,0.0007,0.0021,     0,0,0,0.06,99.94,0.00,N/A,0.02,0.06,209.85,0.36,9.06,0.00,0.00,0.00,0.57,0.00,0.69,0.00,0.00,0.75,0.72,0.0008,0.0043,     0,0,0,0.10,99.90,0.00,N/A,0.08,0.15,209.85,0.57,14.14,0.00,0.01,
2024-03-21,21:06:43.477,0.00,0.60,0,0.0016,  ,210,0.00,0.80,0.89,0.0003,0.0021,     0,0,0,0.06,99.94,0.00,N/A,0.02,0.05,210.22,0.34,8.39,0.00,0.00,
2024-03-21,21:06:43.482,0.00,0.65,0.00,0.89,0.00,0.06,0.96,0.51,0.0003,0.0068,0.00,0.00,-2147483648,0.00,0.00,8.24,12.61,210.29,0.65,16.33,0.00,0.06,0.34,0.52,1.11,0.42,99.58,0.00,100.00,0.00,0.00,0.00,0.00,-nan,0.09,0.00,0.82,0.00,1.00,0.00,0.03,0.96,0.61,0.0002,0.0042,     0,0,0,0.00,0.00,-2147483648,0.00,0.00,N/A,6.80,8.32,210.29,0.82,20.44,0.00,0.10,0.00,0.33,0.00,0.73,0.00,0.03,0.96,0.33,0.0007,0.0191,     0,0,0,0.00,0.00,-2147483648,0.00,0.00,N/A,1.43,4.29,210.29,0.33,8.35,0.00,0.02,0.06,0.09,  0%,  0%,0.13,0.05,  0%,  0%,0.15,0.41,  0%,  0%,0.33,0.22,  0%,  0%,0.49,99.51,0.00,100.00,0.00,0.00,0.35,99.65,0.00,100.00,0.00,0.00,0.00,0.00,0.00 ,0.00 ,-nan ,-nan ,0.10,0.08,0.01,0.29,0.02,1.00,0.00,0.03,0.96,0.30,0.0008,0.0194,     0,0,0,2.31,97.69,0.00,N/A,1.38,4.86,210.29,0.29,7.13,0.01,0.16,0.00,1.40,0.00,1.00,0.00,0.00,0.66,0.82,0.0002,0.0006,     0,0,0,0.10,99.90,0.00,N/A,0.30,0.21,210.29,1.40,35.06,0.00,0.04,0.02,1.74,0.01,1.00,0.00,0.00,0.99,0.97,0.0000,0.0002,     0,0,0,1.33,98.67,0.00,N/A,4.85,2.79,210.29,1.74,43.46,0.02,0.58,0.00,0.40,0.00,1.00,0.00,0.00,0.94,0.86,0.0001,0.0024,     0,0,0,0.02,99.98,0.00,N/A,0.02,0.05,210.29,0.40,9.95,0.00,0.00,0.00,0.44,0.00,1.00,0.00,0.00,0.81,0.92,0.0002,0.0015,     0,0,0,0.02,99.98,0.00,N/A,0.02,0.05,210.29,0.44,10.97,0.00,0.00,0.00,0.46,0.00,1.00,0.00,0.00,0.90,0.81,0.0002,0.0040,     0,0,0,0.02,99.98,0.00,N/A,0.02,0.05,210.29,0.46,11.42,0.00,0.00,0.00,0.71,0.00,1.00,0.00,0.00,0.87,0.90,0.0001,0.0009,     0,0,0,0.12,99.88,0.00,N/A,0.18,0.25,210.29,0.71,17.73,0.00,0.02,0.00,0.46,0.00,1.00,0.00,0.00,0.49,0.83,0.0013,0.0031,     0,0,0,0.03,99.97,0.00,N/A,0.03,0.06,210.29,0.46,11.42,0.00,0.00,0.01,0.33,0.02,0.77,0.00,0.03,0.96,0.29,0.0007,0.0210,     0,0,0,2.41,97.59,0.00,N/A,1.28,3.88,210.29,0.33,8.23,0.01,0.15,0.00,0.41,0.00,0.48,0.00,0.00,0.85,0.83,0.0003,0.0035,     0,0,0,0.05,99.95,0.00,N/A,0.02,0.06,210.29,0.41,10.34,0.00,0.00,0.00,0.41,0.00,0.46,0.00,0.00,0.65,0.78,0.0011,0.0038,     0,0,0,0.07,99.93,0.00,N/A,0.03,0.07,210.29,0.41,10.25,0.00,0.00,0.00,0.42,0.00,0.49,0.00,0.00,0.93,0.82,0.0002,0.0037,     0,0,0,0.05,99.95,0.00,N/A,0.02,0.05,210.29,0.42,10.38,0.00,0.00,0.00,0.32,0.00,0.53,0.00,0.00,0.85,0.85,0.0003,0.0029,     0,0,0,0.05,99.95,0.00,N/A,0.02,0.06,210.29,0.32,8.02,0.00,0.00,0.00,0.37,0.00,0.49,0.00,0.00,0.70,0.89,0.0004,0.0019,     0,0,0,0.05,99.95,0.00,N/A,0.02,0.05,210.29,0.37,9.15,0.00,0.00,0.00,0.39,0.00,0.48,0.00,0.00,0.90,0.84,0.0002,0.0036,     0,0,0,0.05,99.95,0.00,N/A,0.02,0.05,210.29,0.39,9.75,0.00,0.00,0.00,0.35,0.00,0.53,0.00,0.00,0.80,0.79,0.0005,0.0041,     0,0,0,0.06,99.94,0.00,N/A,0.02,0.06,210.29,0.35,8.71,0.00,0.00,
2024-03-21,21:06:43.582,0.00,0.78,0.00,0.90,0.00,0.06,0.95,0.57,0.0003,0.0048,0.00,0.00,-2147483648,0.00,0.00,12.21,15.70,209.58,0.78,19.44,0.00,0.09,0.58,0.92,1.37,0.52,99.48,0.00,100.00,0.00,0.00,0.00,0.00,-nan,0.09,0.01,0.97,0.01,1.00,0.00,0.03,0.94,0.67,0.0002,0.0029,     0,0,0,0.00,0.00,-2147483648,0.00,0.00,N/A,10.75,11.10,209.58,0.97,24.22,0.01,0.16,0.00,0.32,0.00,0.73,0.00,0.03,0.96,0.33,0.0008,0.0188,     0,0,0,0.00,0.00,-2147483648,0.00,0.00,N/A,1.46,4.61,209.58,0.32,7.94,0.00,0.02,0.20,0.23,  0%,  0%,0.11,0.04,  0%,  0%,0.31,0.46,  0%,  0%,0.32,0.28,  0%,  0%,0.66,99.34,0.00,100.00,0.00,0.00,0.38,99.62,0.00,100.00,0.00,0.00,0.00,0.00,0.00 ,0.00 ,-nan ,-nan ,0.08,0.10,0.01,0.28,0.02,1.00,0.00,0.03,0.95,0.30,0.0009,0.0196,     0,0,0,2.36,97.64,0.00,N/A,1.38,4.95,209.58,0.28,6.99,0.01,0.17,0.00,1.28,0.00,1.00,0.00,0.00,0.74,0.72,0.0001,0.0008,     0,0,0,0.16,99.84,0.00,N/A,0.44,0.34,209.58,1.28,31.92,0.00,0.05,0.04,1.75,0.02,1.00,0.00,0.00,0.99,0.96,0.0000,0.0002,     0,0,0,2.29,97.71,0.00,N/A,8.40,4.80,209.58,1.75,43.72,0.04,1.00,0.00,0.47,0.00,1.00,0.00,0.00,0.55,0.58,0.0022,0.0057,     0,0,0,0.26,99.74,0.00,N/A,0.26,0.54,209.58,0.47,11.82,0.00,0.03,0.00,0.51,0.00,1.00,0.00,0.00,0.98,0.83,0.0000,0.0035,     0,0,0,0.02,99.98,0.00,N/A,0.03,0.05,209.58,0.51,12.68,0.00,0.00,0.00,0.55,0.00,1.00,0.00,0.00,0.98,0.83,0.0000,0.0036,     0,0,0,0.02,99.98,0.00,N/A,0.02,0.04,209.58,0.55,13.69,0.00,0.00,0.00,0.66,0.00,1.00,0.00,0.00,0.64,0.87,0.0003,0.0011,     0,0,0,0.15,99.85,0.00,N/A,0.21,0.31,209.58,0.66,16.54,0.00,0.02,0.00,0.33,0.00,1.00,0.00,0.00,0.94,0.92,0.0001,0.0015,     0,0,0,0.03,99.97,0.00,N/A,0.02,0.06,209.58,0.33,8.18,0.00,0.00,0.01,0.31,0.02,0.77,0.00,0.03,0.96,0.29,0.0008,0.0206,     0,0,0,2.59,97.41,0.00,N/A,1.31,4.19,209.58,0.31,7.83,0.01,0.16,0.00,0.34,0.00,0.44,0.00,0.00,0.72,0.87,0.0005,0.0023,     0,0,0,0.06,99.94,0.00,N/A,0.02,0.06,209.58,0.34,8.55,0.00,0.00,0.00,0.39,0.00,0.48,0.00,0.00,0.86,0.81,0.0004,0.0039,     0,0,0,0.06,99.94,0.00,N/A,0.02,0.06,209.58,0.39,9.72,0.00,0.00,0.00,0.37,0.00,0.43,0.00,0.00,0.84,0.87,0.0003,0.0025,     0,0,0,0.06,99.94,0.00,N/A,0.02,0.06,209.58,0.37,9.26,0.00,0.00,0.00,0.36,0.00,0.60,0.00,0.00,0.70,0.81,0.0009,0.0031,     0,0,0,0.06,99.94,0.00,N/A,0.03,0.08,209.58,0.36,8.88,0.00,0.00,0.00,0.39,0.00,0.44,0.00,0.00,0.91,0.89,0.0001,0.0020,     0,0,0,0.06,99.94,0.00,N/A,0.02,0.06,209.58,0.39,9.64,0.00,0.00,0.00,0.34,0.00,0.44,0.00,0.00,0.83,0.90,0.0003,0.0018,     0,0,0,0.06,99.94,0.00,N/A,0.02,0.06,209.58,0.34,8.47,0.00,0.00,0.00,0.38,0.00,0.59,0.00,0.00,0.88,0.91,0.0002,0.0016,     0,0,0,0.04,99.96,0.00,N/A,0.02,0.05,209.58,0.38,9.42,0.00,0.00,
2024-03-21,21:06:43.682,0.00,0.70,0.00,0.87,0.00,0.06,0.96,0.50,0.0003,0.0063,0.00,0.00,-2147483648,0.00,0.00,8.85,12.65,209.91,0.70,17.49,0.00,0.07,0.43,0.70,0.95,0.43,99.57,0.00,100.00,0.00,0.00,0.00,0.00,-nan,0.08,0.00,0.90,0.00,0.98,0.00,0.03,0.96,0.60,0.0002,0.0038,     0,0,0,0.00,0.00,-2147483648,0.00,0.00,N/A,7.39,8.24,209.91,0.90,22.43,0.00,0.11,0.00,0.33,0.00,0.72,0.00,0.03,0.96,0.33,0.0007,0.0187,     0,0,0,0.00,0.00,-2147483648,0.00,0.00,N/A,1.47,4.42,209.91,0.33,8.30,0.00,0.02,0.19,0.09,  0%,  0%,0.11,0.04,  0%,  0%,0.14,0.27,  0%,  0%,0.30,0.23,  0%,  0%,0.50,99.50,0.00,100.00,0.00,0.00,0.37,99.63,0.00,100.00,0.00,0.00,0.00,0.00,0.00 ,0.00 ,-nan ,-nan ,0.08,0.08,0.01,0.31,0.02,1.00,0.00,0.03,0.96,0.31,0.0008,0.0199,     0,0,0,2.07,97.93,0.00,N/A,1.33,4.34,209.91,0.31,7.65,0.01,0.16,0.01,1.63,0.00,1.00,0.00,0.00,0.83,0.73,0.0000,0.0003,     0,0,0,0.37,99.63,0.00,N/A,1.27,0.78,209.91,1.63,40.75,0.01,0.15,0.02,1.72,0.01,0.94,0.00,0.00,0.98,0.96,0.0000,0.0002,     0,0,0,1.31,98.69,0.00,N/A,4.48,2.60,209.91,1.72,43.03,0.02,0.53,0.00,0.43,0.00,1.00,0.00,0.00,0.78,0.90,0.0002,0.0018,     0,0,0,0.02,99.98,0.00,N/A,0.02,0.04,209.91,0.43,10.65,0.00,0.00,0.00,0.50,0.00,1.00,0.00,0.00,0.97,0.85,0.0001,0.0035,     0,0,0,0.02,99.98,0.00,N/A,0.02,0.05,209.91,0.50,12.54,0.00,0.00,0.00,0.52,0.00,1.00,0.00,0.00,0.96,0.81,0.0001,0.0041,     0,0,0,0.02,99.98,0.00,N/A,0.02,0.04,209.91,0.52,12.89,0.00,0.00,0.00,0.65,0.00,1.00,0.00,0.00,0.71,0.90,0.0002,0.0009,     0,0,0,0.16,99.84,0.00,N/A,0.22,0.34,209.91,0.65,16.17,0.00,0.03,0.00,0.50,0.00,1.00,0.00,0.00,0.82,0.93,0.0002,0.0013,     0,0,0,0.02,99.98,0.00,N/A,0.02,0.04,209.91,0.50,12.50,0.00,0.00,0.01,0.33,0.02,0.76,0.00,0.03,0.96,0.29,0.0008,0.0207,     0,0,0,2.52,97.48,0.00,N/A,1.30,4.01,209.91,0.33,8.13,0.01,0.16,0.00,0.36,0.00,0.51,0.00,0.00,0.62,0.89,0.0005,0.0020,     0,0,0,0.05,99.95,0.00,N/A,0.02,0.05,209.91,0.36,8.88,0.00,0.00,0.00,0.38,0.00,0.49,0.00,0.00,0.62,0.88,0.0007,0.0022,     0,0,0,0.05,99.95,0.00,N/A,0.02,0.05,209.91,0.38,9.54,0.00,0.00,0.00,0.37,0.00,0.50,0.00,0.00,0.95,0.89,0.0001,0.0020,     0,0,0,0.05,99.95,0.00,N/A,0.02,0.05,209.91,0.37,9.35,0.00,0.00,0.00,0.49,0.00,0.51,0.00,0.00,0.27,0.86,0.0013,0.0022,     0,0,0,0.07,99.93,0.00,N/A,0.04,0.07,209.91,0.49,12.16,0.00,0.00,0.00,0.37,0.00,0.43,0.00,0.00,0.81,0.79,0.0005,0.0042,     0,0,0,0.07,99.93,0.00,N/A,0.02,0.06,209.91,0.37,9.16,0.00,0.00,0.00,0.43,0.00,0.43,0.00,0.00,0.80,0.86,0.0002,0.0028,     0,0,0,0.07,99.93,0.00,N/A,0.03,0.06,209.91,0.43,10.69,0.00,0.00,0.00,0.36,0.00,0.58,0.00,0.00,0.78,0.92,0.0003,0.0015,     0,0,0,0.04,99.96,0.00,N/A,0.02,0.05,209.91,0.36,9.09,0.00,0.00,
2024-03-21,21:06:43.781,0.00,0.77,0.00,0.91,0.00,0.06,0.95,0.50,0.0003,0.0054,0.00,0.00,-2147483648,0.00,0.00,11.74,15.16,210.17,0.77,19.36,0,,0.00,0.,0.0,0.48,0.81,0.49,99.51,0.00,100.00,0.00,0.00,0.00,0.00,-nan,0.08,0.01,0.97,0.01,1.00,0.00,0.04,0.94,0.58,0.0002,0.0035,     0,0,0,0.00,0.00,-2147483648,0.00,0.00,N/A,10.28,10.59,210.17,0.97,24.27,0.01,0.15,0.00,0.32,0.00,0.76,0.00,0.03,0.96,0.33,0.0008,0.0189,     0,0,0,0.00,0.00,-2147483648,0.00,0.00,N/A,1.46,4.57,210.17,0.32,7.99,0.00,0.02,0.07,0.09,  0%,  0%,0.10,0.03,  0%,  0%,0.14,0.24,  0%,  0%,0.25,0.19,  0%,  0%,0.63,99.37,0.00,100.00,0.00,0.00,0.36,99.64,0.00,100.00,0.00,0.00,0.00,0.00,0.00 ,0.00 ,-nan ,-nan ,0.08,0.08,0.01,0.33,0.02,1.00,0.00,0.03,0.94,0.28,0.0010,0.0169,     0,0,0,2.42,97.58,0.00,N/A,1.70,5.08,210.17,0.33,8.36,0.01,0.20,0.00,1.72,0.00,1.00,0.00,0.00,0.81,0.91,0.0000,0.0001,     0,0,0,0.27,99.73,0.00,N/A,0.99,0.58,210.17,1.72,42.90,0.00,0.12,0.03,1.64,0.02,1.00,0.00,0.01,0.98,0.84,0.0000,0.0009,     0,0,0,2.13,97.87,0.00,N/A,7.30,4.44,210.17,1.64,41.08,0.03,0.87,0.00,0.50,0.00,1.00,0.00,0.00,0.82,0.91,0.0002,0.0016,     0,0,0,0.02,99.98,0.00,N/A,0.02,0.04,210.17,0.50,12.55,0.00,0.00,0.00,0.38,0.00,1.00,0.00,0.00,0.89,0.91,0.0002,0.0018,     0,0,0,0.03,99.97,0.00,N/A,0.02,0.05,210.17,0.38,9.49,0.00,0.00,0.00,0.51,0.00,1.00,0.00,0.00,1.00,0.93,0.0000,0.0015,     0,0,0,0.02,99.98,0.00,N/A,0.02,0.03,210.17,0.51,12.79,0.00,0.00,0.00,0.67,0.00,1.00,0.00,0.00,0.59,0.92,0.0002,0.0007,     0,0,0,0.16,99.84,0.00,N/A,0.22,0.33,210.17,0.67,16.75,0.00,0.03,0.00,0.49,0.00,1.00,0.00,0.00,1.00,0.89,0.0000,0.0020,     0,0,0,0.02,99.98,0.00,N/A,0.02,0.04,210.17,0.49,12.19,0.00,0.00,0.01,0.31,0.02,0.79,0.00,0.03,0.96,0.29,0.0008,0.0207,     0,0,0,2.53,97.47,0.00,N/A,1.32,4.20,210.17,0.31,7.83,0.01,0.16,0.00,0.39,0.00,0.52,0.00,0.00,0.45,0.92,0.0006,0.0014,     0,0,0,0.04,99.96,0.00,N/A,0.02,0.05,210.17,0.39,9.81,0.00,0.00,0.00,0.45,0.00,0.58,0.00,0.00,0.68,0.92,0.0004,0.0014,     0,0,0,0.04,99.96,0.00,N/A,0.02,0.05,210.17,0.45,11.27,0.00,0.00,0.00,0.44,0.00,0.51,0.00,0.00,0.82,0.84,0.0003,0.0033,     0,0,0,0.05,99.95,0.00,N/A,0.02,0.05,210.17,0.44,11.02,0.00,0.00,0.00,0.39,0.00,0.49,0.00,0.00,0.78,0.83,0.0004,0.0034,     0,0,0,0.06,99.94,0.00,N/A,0.02,0.06,210.17,0.39,9.76,0.00,0.00,0.00,0.37,0.00,0.58,0.00,0.00,0.82,0.88,0.0003,0.0021,     0,0,0,0.04,99.96,0.00,N/A,0.02,0.05,210.17,0.37,9.17,0.00,0.00,0.00,0.34,0.00,0.57,0.00,0.00,0.86,0.89,0.0003,0.0022,     0,0,0,0.04,99.96,0.00,N/A,0.02,0.05,210.17,0.34,8.58,0.00,0.00,0.00,0.36,0.00,0.49,0.00,0.00,0.76,0.80,0.0004,0.0040,     0,0,0,0.06,99.94,0.00,N/A,0.02,0.06,210.17,0.36,9.10,0.00,0.00,
2024-03-21,21:06:43.881,0.00,0.86,0.00,0.90,0.00,0.06,0.96,0.57,0.0002,0.0045,0.00,0.00,-2147483648,0.00,0.00,12.79,14.82,209.77,0.86,21.58,0.00,0.10,0.49,0.83,1.72,0.49,99.51,0.00,100.00,0.00,0.00,0.00,0.00,-nan,0.08,0.01,1.07,0.01,1.00,0.00,0.03,0.95,0.68,0.0001,0.0027,     0,0,0,0.00,0.00,-2147483648,0.00,0.00,N/A,11.36,10.62,209.77,1.07,26.73,0.01,0.17,0.00,0.34,0.00,0.71,0.00,0.03,0.96,0.33,0.0007,0.0191,     0,0,0,0.00,0.00,-2147483648,0.00,0.00,N/A,1.43,4.19,209.77,0.34,8.52,0.00,0.02,0.07,0.30,  0%,  0%,0.10,0.04,  0%,  0%,0.55,0.69,  0%,  0%,0.29,0.19,  0%,  0%,0.63,99.37,0.00,100.00,0.00,0.00,0.35,99.65,0.00,100.00,0.00,0.00,0.00,0.00,0.00 ,0.00 ,-nan ,-nan ,0.08,0.08,0.01,0.32,0.02,1.00,0.00,0.03,0.97,0.29,0.0007,0.0207,     0,0,0,1.93,98.07,0.00,N/A,1.29,4.05,209.77,0.32,8.00,0.01,0.15,0.01,1.55,0.00,1.00,0.00,0.00,0.77,0.67,0.0001,0.0004,     0,0,0,0.39,99.61,0.00,N/A,1.27,0.82,209.77,1.55,38.69,0.01,0.15,0.04,1.74,0.02,1.00,0.00,0.00,0.99,0.97,0.0000,0.0002,     0,0,0,2.27,97.73,0.00,N/A,8.28,4.77,209.77,1.74,43.44,0.04,0.99,0.00,0.46,0.00,1.00,0.00,0.00,0.56,0.59,0.0022,0.0056,     0,0,0,0.26,99.74,0.00,N/A,0.25,0.54,209.77,0.46,11.59,0.00,0.03,0.00,0.43,0.00,1.00,0.00,0.00,0.89,0.87,0.0003,0.0028,     0,0,0,0.03,99.97,0.00,N/A,0.02,0.05,209.77,0.43,10.69,0.00,0.00,0.00,0.54,0.00,1.00,0.00,0.00,0.96,0.91,0.0000,0.0015,     0,0,0,0.02,99.98,0.00,N/A,0.02,0.04,209.77,0.54,13.41,0.00,0.00,0.00,0.64,0.00,1.00,0.00,0.00,0.62,0.92,0.0002,0.0008,     0,0,0,0.15,99.85,0.00,N/A,0.20,0.32,209.77,0.64,15.89,0.00,0.02,0.00,0.46,0.00,1.00,0.00,0.00,0.73,0.89,0.0004,0.0021,     0,0,0,0.02,99.98,0.00,N/A,0.02,0.04,209.77,0.46,11.48,0.00,0.00,0.01,0.34,0.02,0.75,0.00,0.03,0.96,0.29,0.0007,0.0211,     0,0,0,2.42,97.58,0.00,N/A,1.28,3.80,209.77,0.34,8.41,0.01,0.15,0.00,0.39,0.00,0.46,0.00,0.00,0.77,0.82,0.0004,0.0036,     0,0,0,0.06,99.94,0.00,N/A,0.02,0.06,209.77,0.39,9.84,0.00,0.00,0.00,0.43,0.00,0.51,0.00,0.00,0.90,0.83,0.0003,0.0035,     0,0,0,0.05,99.95,0.00,N/A,0.02,0.05,209.77,0.43,10.83,0.00,0.00,0.00,0.36,0.00,0.46,0.00,0.00,0.97,0.91,0.0001,0.0018,     0,0,0,0.05,99.95,0.00,N/A,0.02,0.05,209.77,0.36,8.88,0.00,0.00,0.00,0.34,0.00,0.46,0.00,0.00,0.84,0.90,0.0003,0.0019,     0,0,0,0.06,99.94,0.00,N/A,0.02,0.06,209.77,0.34,8.49,0.00,0.00,0.00,0.34,0.00,0.44,0.00,0.00,0.89,0.88,0.0002,0.0022,     0,0,0,0.06,99.94,0.00,N/A,0.02,0.06,209.77,0.34,8.50,0.00,0.00,0.00,0.42,0.00,0.43,0.00,0.00,0.62,0.90,0.0004,0.0019,     0,0,0,0.08,99.92,0.00,N/A,0.03,0.07,209.77,0.42,10.44,0.00,0.00,0.00,0.39,0.00,0.58,0.00,0.00,0.74,0.90,0.0004,0.0019,     0,0,0,0.04,99.96,0.00,N/A,0.02,0.05,209.77,0.39,9.70,0.00,0.00,
2024-03-21,21:06:43.982,0.00,0.73,0.00,0.91,0.00,0.06,0.96,0.54,0.0002,0.0054,0.00,0.00,-2147483648,0.00,0.00,10.78,14.83,210.01,0.73,18.17,0.00,0.08,0.36,0.25,0.87,0.48,99.52,0.00,100.00,0.00,0.00,0.00,0.00,-nan,0.08,0.01,0.90,0.01,1.00,0.00,0.03,0.95,0.64,0.0002,0.0033,     0,0,0,0.00,0.00,-2147483648,0.00,0.00,N/A,9.16,10.18,210.01,0.90,22.49,0.01,0.14,0.00,0.35,0.00,0.76,0.00,0.03,0.96,0.33,0.0007,0.0172,     0,0,0,0.00,0.00,-2147483648,0.00,0.00,N/A,1.62,4.65,210.01,0.35,8.72,0.00,0.02,0.08,0.08,  0%,  0%,0.15,0.05,  0%,  0%,0.13,0.26,  0%,  0%,0.28,0.20,  0%,  0%,0.61,99.39,0.00,100.00,0.00,0.00,0.36,99.64,0.00,100.00,0.00,0.00,0.00,0.00,0.00 ,0.00 ,-nan ,-nan ,0.08,0.08,0.01,0.28,0.02,1.00,0.00,0.03,0.95,0.31,0.0009,0.0195,     0,0,0,2.29,97.71,0.00,N/A,1.37,4.81,210.01,0.28,7.10,0.01,0.16,0.01,1.63,0.00,1.00,0.00,0.00,0.86,0.73,0.0000,0.0003,     0,0,0,0.37,99.63,0.00,N/A,1.27,0.78,210.01,1.63,40.80,0.01,0.15,0.03,1.72,0.02,1.00,0.00,0.00,0.98,0.94,0.0000,0.0003,     0,0,0,1.59,98.41,0.00,N/A,5.75,3.35,210.01,1.72,42.94,0.03,0.68,0.00,0.49,0.00,1.00,0.00,0.00,0.96,0.76,0.0002,0.0056,     0,0,0,0.03,99.97,0.00,N/A,0.03,0.06,210.01,0.49,12.20,0.00,0.00,0.00,0.76,0.00,1.00,0.00,0.00,0.79,0.68,0.0003,0.0036,     0,0,0,0.07,99.93,0.00,N/A,0.12,0.15,210.01,0.76,18.88,0.00,0.01,0.00,0.47,0.00,1.00,0.00,0.00,0.96,0.79,0.0000,0.0027,     0,0,0,0.06,99.94,0.00,N/A,0.06,0.13,210.01,0.47,11.77,0.00,0.01,0.00,0.64,0.00,1.00,0.00,0.00,0.72,0.94,0.0001,0.0009,     0,0,0,0.41,99.59,0.00,N/A,0.55,0.86,210.01,0.64,15.89,0.00,0.07,0.00,0.50,0.00,1.00,0.00,0.00,0.96,0.91,0.0001,0.0019,     0,0,0,0.02,99.98,0.00,N/A,0.02,0.04,210.01,0.50,12.52,0.00,0.00,0.01,0.34,0.02,0.79,0.00,0.03,0.96,0.29,0.0007,0.0201,     0,0,0,2.43,97.57,0.00,N/A,1.36,4.05,210.01,0.34,8.38,0.01,0.16,0.00,0.34,0.00,0.55,0.00,0.00,0.41,0.91,0.0009,0.0017,     0,0,0,0.05,99.95,0.00,N/A,0.02,0.05,210.01,0.34,8.40,0.00,0.00,0.00,0.52,0.00,0.81,0.00,0.00,0.37,0.71,0.0004,0.0017,     0,0,0,0.16,99.84,0.00,N/A,0.14,0.27,210.01,0.52,12.96,0.00,0.02,0.00,0.35,0.00,0.54,0.00,0.00,0.81,0.91,0.0003,0.0016,     0,0,0,0.05,99.95,0.00,N/A,0.02,0.05,210.01,0.35,8.76,0.00,0.00,0.00,0.39,0.00,0.48,0.00,0.00,0.90,0.80,0.0002,0.0039,     0,0,0,0.06,99.94,0.00,N/A,0.02,0.06,210.01,0.39,9.74,0.00,0.00,0.00,0.40,0.00,0.48,0.00,0.00,0.79,0.81,0.0003,0.0036,     0,0,0,0.05,99.95,0.00,N/A,0.02,0.06,210.01,0.40,9.94,0.00,0.00,0.00,0.40,0.00,0.48,0.00,0.00,0.44,0.92,0.0007,0.0015,     0,0,0,0.06,99.94,0.00,N/A,0.02,0.06,210.01,0.40,9.95,0.00,0.00,0.00,0.39,0.00,0.51,0.00,0.00,0.82,0.78,0.0003,0.0044,     0,0,0,0.05,99.95,0.00,N/A,0.02,0.06,210.01,0.39,9.66,0.00,0.00,
2024-03-21,21:06:44.081,0.00,0.72,0.00,0.89,0.00,0.06,0.96,0.51,0.0002,0.0059,0.00,0.00,-2147483648,0.00,0.00,9.70,13.41,209.98,0.72,18.08,0.00,0.07,0.36,0.49,0.90,0.45,99.55,0.00,100.00,0.00,0.00,0.00,0.00,-nan,0.09,0.00,0.90,0.01,1.00,0.00,0.03,0.95,0.61,0.0002,0.0036,     0,0,0,0.00,0.00,-2147483648,0.00,0.00,N/A,8.29,9.25,209.98,0.90,22.39,0.00,0.12,0.00,0.34,0.00,0.72,0.00,0.03,0.96,0,-214,209.,0.0192,     0,0,0,0.00,0.00,-2147483648,0.00,0.00,N/A,1.41,4.16,209.98,0.34,8.48,0.00,0.02,0.05,0.09,  0%,  0%,0.14,0.07,  0%,  0%,0.15,0.30,  0%,  0%,0.27,0.18,  0%,  0%,0.55,99.45,0.00,100.00,0.00,0.00,0.34,99.66,0.00,100.00,0.00,0.00,0.00,0.00,0.00 ,0.00 ,-nan ,-nan ,0.10,0.07,0.01,0.28,0.02,1.00,0.00,0.03,0.95,0.31,0.0009,0.0194,     0,0,0,2.30,97.70,0.00,N/A,1.37,4.83,209.98,0.28,7.08,0.01,0.16,0.00,1.66,0.00,1.00,0.00,0.00,0.57,0.90,0.0000,0.0001,     0,0,0,0.29,99.71,0.00,N/A,1.02,0.61,209.98,1.66,41.54,0.00,0.12,0.03,1.68,0.02,1.00,0.00,0.00,0.98,0.92,0.0000,0.0005,     0,0,0,1.60,98.40,0.00,N/A,5.63,3.35,209.98,1.68,42.04,0.03,0.67,0.00,0.51,0.00,1.00,0.00,0.00,0.87,0.81,0.0003,0.0039,     0,0,0,0.02,99.98,0.00,N/A,0.02,0.05,209.98,0.51,12.82,0.00,0.00,0.00,0.46,0.00,1.00,0.00,0.00,0.88,0.89,0.0002,0.0021,     0,0,0,0.03,99.97,0.00,N/A,0.03,0.06,209.98,0.46,11.48,0.00,0.00,0.00,0.55,0.00,1.00,0.00,0.00,0.93,0.84,0.0001,0.0035,     0,0,0,0.02,99.98,0.00,N/A,0.02,0.04,209.98,0.55,13.71,0.00,0.00,0.00,0.64,0.00,1.00,0.00,0.00,0.69,0.90,0.0002,0.0008,     0,0,0,0.13,99.87,0.00,N/A,0.18,0.28,209.98,0.64,15.97,0.00,0.02,0.00,0.47,0.00,1.00,0.00,0.00,0.84,0.90,0.0002,0.0019,     0,0,0,0.02,99.98,0.00,N/A,0.02,0.04,209.98,0.47,11.71,0.00,0.00,0.01,0.34,0.02,0.74,0.00,0.03,0.97,0.29,0.0007,0.0211,     0,0,0,2.43,97.57,0.00,N/A,1.27,3.80,209.98,0.34,8.39,0.01,0.15,0.00,0.36,0.00,0.49,0.00,0.00,0.48,0.92,0.0007,0.0015,     0,0,0,0.05,99.95,0.00,N/A,0.02,0.05,209.98,0.36,9.00,0.00,0.00,0.00,0.43,0.00,0.60,0.00,0.00,0.67,0.91,0.0004,0.0017,     0,0,0,0.04,99.96,0.00,N/A,0.02,0.05,209.98,0.43,10.63,0.00,0.00,0.00,0.41,0.00,0.49,0.00,0.00,0.84,0.81,0.0003,0.0037,     0,0,0,0.05,99.95,0.00,N/A,0.02,0.05,209.98,0.41,10.15,0.00,0.00,0.00,0.35,0.00,0.46,0.00,0.00,0.75,0.90,0.0004,0.0020,     0,0,0,0.05,99.95,0.00,N/A,0.02,0.05,209.98,0.35,8.77,0.00,0.00,0.00,0.38,0.00,0.58,0.00,0.00,0.88,0.88,0.0002,0.0021,     0,0,0,0.04,99.96,0.00,N/A,0.02,0.05,209.98,0.38,9.61,0.00,0.00,0.00,0.37,0.00,0.59,0.00,0.00,1.00,0.91,0.0000,0.0017,     0,0,0,0.04,99.96,0.00,N/A,0.02,0.05,209.98,0.37,9.14,0.00,0.00,0.00,0.35,0.00,0.50,0.00,0.00,0.70,0.90,0.0004,0.0019,     0,0,0,0.05,99.95,0.00,N/A,0.02,0.05,209.98,0.35,8.70,0.00,0.00,
2024-03-21,21:06:44.182,0.00,0.79,0.00,0.91,0.00,0.06,0.95,0.56,0.0002,0.0046,0.00,0.00,-2147483648,0.00,0.00,12.90,16.26,209.84,0.79,19.83,0.00,0.10,0.46,0.77,1.19,0.53,99.47,0.00,100.00,0.00,0.00,0.00,0.00,-nan,0.09,0.01,0.98,0.01,1.00,0.00,0.03,0.94,0.66,0.0002,0.0028,     0,0,0,0.00,0.00,-2147483648,0.00,0.00,N/A,11.43,11.64,209.84,0.98,24.54,0.01,0.17,0.00,0.32,0.00,0.75,0.00,0.03,0.96,0.33,0.0008,0.0187,     0,0,0,0.00,0.00,-2147483648,0.00,0.00,N/A,1.47,4.62,209.84,0.32,7.95,0.00,0.02,0.20,0.10,  0%,  0%,0.12,0.04,  0%,  0%,0.16,0.31,  0%,  0%,0.38,0.34,  0%,  0%,0.69,99.31,0.00,100.00,0.00,0.00,0.37,99.63,0.00,100.00,0.00,0.00,0.00,0.00,0.00 ,0.00 ,-nan ,-nan ,0.08,0.11,0.01,0.28,0.02,1.00,0.00,0.03,0.95,0.31,0.0009,0.0193,     0,0,0,2.34,97.66,0.00,N/A,1.37,4.91,209.84,0.28,7.00,0.01,0.16,0.01,1.52,0.00,1.00,0.00,0.00,0.68,0.69,0.0001,0.0004,     0,0,0,0.40,99.60,0.00,N/A,1.28,0.84,209.84,1.52,38.12,0.01,0.15,0.04,1.70,0.02,1.00,0.00,0.00,0.99,0.93,0.0000,0.0004,     0,0,0,2.31,97.69,0.00,N/A,8.28,4.88,209.84,1.70,42.42,0.04,0.98,0.00,0.46,0.00,1.00,0.00,0.00,0.54,0.57,0.0025,0.0058,     0,0,0,0.25,99.75,0.00,N/A,0.24,0.53,209.84,0.46,11.40,0.00,0.03,0.00,0.48,0.00,1.00,0.00,0.00,0.97,0.83,0.0001,0.0036,     0,0,0,0.02,99.98,0.00,N/A,0.02,0.05,209.84,0.48,12.12,0.00,0.00,0.00,0.42,0.00,1.00,0.00,0.00,0.91,0.90,0.0002,0.0020,     0,0,0,0.02,99.98,0.00,N/A,0.02,0.04,209.84,0.42,10.60,0.00,0.00,0.00,0.54,0.00,1.00,0.00,0.00,0.66,0.92,0.0001,0.0005,     0,0,0,0.16,99.84,0.00,N/A,0.19,0.35,209.84,0.54,13.58,0.00,0.02,0.00,0.50,0.00,1.00,0.00,0.00,0.97,0.89,0.0000,0.0021,     0,0,0,0.02,99.98,0.00,N/A,0.02,0.04,209.84,0.50,12.56,0.00,0.00,0.01,0.31,0.02,0.79,0.00,0.03,0.96,0.29,0.0008,0.0205,     0,0,0,2.56,97.44,0.00,N/A,1.32,4.23,209.84,0.31,7.79,0.01,0.16,0.00,0.42,0.00,0.48,0.00,0.00,0.65,0.85,0.0005,0.0030,     0,0,0,0.05,99.95,0.00,N/A,0.02,0.05,209.84,0.42,10.47,0.00,0.00,0.00,0.44,0.00,0.59,0.00,0.00,0.91,0.90,0.0002,0.0020,     0,0,0,0.05,99.95,0.00,N/A,0.03,0.06,209.84,0.44,10.94,0.00,0.00,0.00,0.37,0.00,0.49,0.00,0.00,0.52,0.93,0.0005,0.0014,     0,0,0,0.05,99.95,0.00,N/A,0.02,0.05,209.84,0.37,9.23,0.00,0.00,0.00,0.39,0.00,0.46,0.00,0.00,0.96,0.80,0.0001,0.0042,     0,0,0,0.06,99.94,0.00,N/A,0.02,0.06,209.84,0.39,9.63,0.00,0.00,0.00,0.36,0.00,0.50,0.00,0.00,0.73,0.89,0.0004,0.0020,     0,0,0,0.05,99.95,0.00,N/A,0.02,0.05,209.84,0.36,8.88,0.00,0.00,0.00,0.39,0.00,0.48,0.00,0.00,0.90,0.88,0.0002,0.0021,     0,0,0,0.06,99.94,0.00,N/A,0.02,0.06,209.84,0.39,9.83,0.00,0.00,0.00,0.36,0.00,0.47,0.00,0.00,0.84,0.93,0.0002,0.0014,     0,0,0,0.05,99.95,0.00,N/A,0.02,0.05,209.84,0.36,8.89,0.00,0.00,
2024-03-21,21:06:44.281,0.00,0.63,0.00,0.88,0.00,0.06,0.96,0.49,0.0003,0.0070,0.00,0.00,-2147483648,0.00,0.00,8.21,13.05,210.11,0.63,15.73,0.00,0.06,0.67,1.02,1.83,0.44,99.56,0.00,100.00,0.00,0.00,0.00,0.00,-nan,0.08,0.00,0.79,0.01,1.00,0.00,0.03,0.96,0.58,0.0002,0.0045,     0,0,0,0.00,0.00,-2147483648,0.00,0.00,N/A,6.75,8.58,210.11,0.79,19.67,0.00,0.10,0.00,0.33,0.00,0.72,0.00,0.03,0.96,0.33,0.0007,0.0187,     0,0,0,0.00,0.00,-2147483648,0.00,0.00,N/A,1.46,4.47,210.11,0.33,8.19,0.00,0.02,0.23,0.31,  0%,  0%,0.10,0.03,  0%,  0%,0.69,0.67,  0%,  0%,0.26,0.21,  0%,  0%,0.51,99.49,0.00,100.00,0.00,0.00,0.37,99.63,0.00,100.00,0.00,0.00,0.00,0.00,0.00 ,0.00 ,-nan ,-nan ,0.08,0.08,0.01,0.28,0.02,1.00,0.00,0.03,0.96,0.30,0.0009,0.0196,     0,0,0,2.30,97.70,0.00,N/A,1.37,4.82,210.11,0.28,7.08,0.01,0.16,0.00,0.41,0.00,1.00,0.00,0.00,0.86,0.88,0.0002,0.0022,     0,0,0,0.02,99.98,0.00,N/A,0.02,0.04,210.11,0.41,10.36,0.00,0.00,0.02,1.67,0.01,1.00,0.00,0.00,0.98,0.89,0.0000,0.0006,     0,0,0,1.46,98.54,0.00,N/A,5.09,3.05,210.11,1.67,41.67,0.02,0.61,0.00,0.47,0.00,1.00,0.00,0.00,0.98,0.79,0.0001,0.0045,     0,0,0,0.02,99.98,0.00,N/A,0.02,0.05,210.11,0.47,11.67,0.00,0.00,0.00,0.41,0.00,1.00,0.00,0.00,0.72,0.90,0.0004,0.0018,     0,0,0,0.02,99.98,0.00,N/A,0.02,0.05,210.11,0.41,10.35,0.00,0.00,0.00,0.46,0.00,1.00,0.00,0.00,0.92,0.91,0.0001,0.0018,     0,0,0,0.02,99.98,0.00,N/A,0.02,0.04,210.11,0.46,11.38,0.00,0.00,0.00,0.41,0.00,1.00,0.00,0.00,0.76,0.94,0.0001,0.0004,     0,0,0,0.23,99.77,0.00,N/A,0.20,0.48,210.11,0.41,10.25,0.00,0.02,0.00,0.50,0.00,1.00,0.00,0.00,0.77,0.90,0.0003,0.0017,     0,0,0,0.02,99.98,0.00,N/A,0.02,0.04,210.11,0.50,12.58,0.00,0.00,0.01,0.32,0.02,0.75,0.00,0.03,0.96,0.29,0.0008,0.0207,     0,0,0,2.58,97.42,0.00,N/A,1.31,4.07,210.11,0.32,8.04,0.01,0.16,0.00,0.38,0.00,0.57,0.00,0.00,0.71,0.93,0.0003,0.0013,     0,0,0,0.04,99.96,0.00,N/A,0.02,0.05,210.11,0.38,9.55,0.00,0.00,0.00,0.44,0.00,0.43,0.00,0.00,0.75,0.90,0.0004,0.0018,     0,0,0,0.08,99.92,0.00,N/A,0.03,0.07,210.11,0.44,11.00,0.00,0.00,0.00,0.39,0.00,0.58,0.00,0.00,0.81,0.92,0.0003,0.0015,     0,0,0,0.04,99.96,0.00,N/A,0.02,0.05,210.11,0.39,9.74,0.00,0.00,0.00,0.34,0.00,0.57,0.00,0.00,0.85,0.89,0.0003,0.0022,     0,0,0,0.05,99.95,0.00,N/A,0.02,0.05,210.11,0.34,8.43,0.00,0.00,0.00,0.36,0.00,0.50,0.00,0.00,0.83,0.88,0.0004,0.0023,     0,0,0,0.05,99.95,0.00,N/A,0.02,0.05,210.11,0.36,8.90,0.00,0.00,0.00,0.44,0.00,0.52,0.00,0.00,0.68,0.89,0.0005,0.0020,     0,0,0,0.06,99.94,0.00,N/A,0.03,0.07,210.11,0.44,10.98,0.00,0.00,0.00,0.34,0.00,0.49,0.00,0.00,0.84,0.92,0.0002,0.0017,     0,0,0,0.05,99.95,0.00,N/A,0.02,0.05,210.11,0.34,8.46,0.00,0.00,
2024-03-21,21:06:44.381,0.00,0.77,0.00,0.90,0.00,0.06,0.96,0.55,0.0002,0.0052,0.00,0.00,-2147483648,0.00,0.00,10.94,14.23,210.01,0.77,19.23,0.00,0.08,0.56,0.48,1.59,0.47,99.53,0.00,100.00,0.00,0.00,0.00,0.00,-nan,0.08,0.01,0.97,0.01,1.00,0.00,0.03,0.96,0.66,0.0001,0.0031,     0,0,0,0.00,0.00,-2147483648,0.00,0.00,N/A,9.48,9.74,210.01,0.97,24.33,0.01,0.14,0.00,0.33,0.00,0.73,0.00,0.03,0.96,0.33,0.0008,0.0188,     0,0,0,0.00,0.00,-2147483648,0.00,0.00,N/A,1.46,4.49,210.01,0.33,8.15,0.00,0.02,0.15,0.27,  0%,  0%,0.10,0.03,  0%,  0%,0.45,0.66,  0%,  0%,0.27,0.20,  0%,  0%,0.58,99.42,0.00,100.00,0.00,0.00,0.36,99.64,0.00,100.00,0.00,0.00,,10,  ,0.29,0. ,0.00 ,-nan ,-nan ,0.08,0.08,0.01,0.29,0.02,1.00,0.00,0.03,0.96,0.31,0.0008,0.0196,     0,0,0,2.22,97.78,0.00,N/A,1.35,4.66,210.01,0.29,7.26,0.01,0.16,0.00,1.52,0.00,1.00,0.00,0.00,0.45,0.83,0.0001,0.0003,     0,0,0,0.17,99.83,0.00,N/A,0.54,0.35,210.01,1.52,37.99,0.00,0.06,0.02,1.72,0.01,1.00,0.00,0.00,0.99,0.95,0.0000,0.0003,     0,0,0,1.40,98.60,0.00,N/A,5.05,2.94,210.01,1.72,42.91,0.02,0.60,0.00,0.37,0.00,1.00,0.00,0.00,0.97,0.89,0.0001,0.0020,     0,0,0,0.02,99.98,0.00,N/A,0.02,0.05,210.01,0.37,9.17,0.00,0.00,0.00,0.43,0.00,1.00,0.00,0.00,0.82,0.91,0.0003,0.0018,     0,0,0,0.02,99.98,0.00,N/A,0.02,0.05,210.01,0.43,10.69,0.00,0.00,0.00,0.40,0.00,1.00,0.00,0.00,0.81,0.90,0.0003,0.0021,     0,0,0,0.02,99.98,0.00,N/A,0.02,0.05,210.01,0.40,10.09,0.00,0.00,0.00,0.63,0.00,1.00,0.00,0.00,0.48,0.89,0.0003,0.0010,     0,0,0,0.12,99.88,0.00,N/A,0.16,0.26,210.01,0.63,15.64,0.00,0.02,0.01,1.69,0.01,1.00,0.00,0.00,0.99,0.96,0.0000,0.0003,     0,0,0,0.65,99.35,0.00,N/A,2.31,1.37,210.01,1.69,42.21,0.01,0.28,0.01,0.32,0.02,0.76,0.00,0.03,0.96,0.29,0.0008,0.0207,     0,0,0,2.56,97.44,0.00,N/A,1.31,4.10,210.01,0.32,7.99,0.01,0.16,0.00,0.43,0.00,0.52,0.00,0.00,0.50,0.90,0.0008,0.0019,     0,0,0,0.05,99.95,0.00,N/A,0.02,0.05,210.01,0.43,10.67,0.00,0.00,0.00,0.42,0.00,0.64,0.00,0.00,0.87,0.85,0.0004,0.0028,     0,0,0,0.05,99.95,0.00,N/A,0.03,0.07,210.01,0.42,10.45,0.00,0.00,0.00,0.40,0.00,0.52,0.00,0.00,0.91,0.88,0.0002,0.0022,     0,0,0,0.04,99.96,0.00,N/A,0.02,0.05,210.01,0.40,9.93,0.00,0.00,0.00,0.38,0.00,0.60,0.00,0.00,0.85,0.91,0.0002,0.0017,     0,0,0,0.04,99.96,0.00,N/A,0.02,0.05,210.01,0.38,9.40,0.00,0.00,0.00,0.37,0.00,0.46,0.00,0.00,0.85,0.87,0.0002,0.0022,     0,0,0,0.06,99.94,0.00,N/A,0.02,0.06,210.01,0.37,9.25,0.00,0.00,0.00,0.41,0.00,0.45,0.00,0.00,0.62,0.89,0.0006,0.0021,     0,0,0,0.06,99.94,0.00,N/A,0.02,0.06,210.01,0.41,10.25,0.00,0.00,0.00,0.35,0.00,0.49,0.00,0.00,0.62,0.92,0.0005,0.0014,     0,0,0,0.05,99.95,0.00,N/A,0.02,0.05,210.01,0.35,8.69,0.00,0.00,
2024-03-21,21:06:44.481,0.00,0.84,0.00,0.90,0.00,0.06,0.95,0.54,0.0002,0.0044,0.00,0.00,-2147483648,0.00,0.00,13.87,16.50,210.11,0.84,21.03,0.00,0.10,0.32,0.14,1.06,0.54,99.46,0.00,100.00,0.00,0.00,0.00,0.00,-nan,0.08,0.01,1.02,0.01,1.00,0.00,0.03,0.94,0.64,0.0002,0.0028,     0,0,0,0.00,0.00,-2147483648,0.00,0.00,N/A,12.43,12.21,210.11,1.02,25.44,0.01,0.18,0.00,0.34,0.00,0.70,0.00,0.03,0.96,0.33,0.0007,0.0190,     0,0,0,0.00,0.00,-2147483648,0.00,0.00,N/A,1.44,4.28,210.11,0.34,8.43,0.00,0.02,0.08,0.09,  0%,  0%,0.12,0.04,  0%,  0%,0.17,0.42,  0%,  0%,0.27,0.20,  0%,  0%,0.73,99.27,0.00,100.00,0.00,0.00,0.36,99.64,0.00,100.00,0.00,0.00,0.00,0.00,0.00 ,0.00 ,-nan ,-nan ,0.08,0.07,0.01,0.30,0.02,1.00,0.00,0.03,0.96,0.29,0.0007,0.0201,     0,0,0,2.15,97.85,0.00,N/A,1.34,4.52,210.11,0.30,7.40,0.01,0.16,0.01,1.46,0.01,1.00,0.00,0.00,0.64,0.67,0.0001,0.0004,     0,0,0,0.83,99.17,0.00,N/A,2.56,1.75,210.11,1.46,36.44,0.01,0.30,0.00,0.39,0.00,1.00,0.00,0.00,0.81,0.86,0.0005,0.0028,     0,0,0,0.02,99.98,0.00,N/A,0.02,0.05,210.11,0.39,9.73,0.00,0.00,0.00,0.43,0.00,1.00,0.00,0.00,0.49,0.58,0.0024,0.0058,     0,0,0,0.28,99.72,0.00,N/A,0.26,0.60,210.11,0.43,10.81,0.00,0.03,0.03,1.66,0.02,1.00,0.00,0.00,0.97,0.88,0.0000,0.0007,     0,0,0,1.79,98.21,0.00,N/A,6.23,3.76,210.11,1.66,41.45,0.03,0.74,0.00,0.56,0.00,1.00,0.00,0.00,0.92,0.77,0.0002,0.0053,     0,0,0,0.02,99.98,0.00,N/A,0.03,0.05,210.11,0.56,13.88,0.00,0.00,0.00,0.50,0.00,1.00,0.00,0.00,0.53,0.89,0.0003,0.0008,     0,0,0,0.20,99.80,0.00,N/A,0.21,0.43,210.11,0.50,12.41,0.00,0.03,0.01,1.69,0.01,1.00,0.00,0.00,0.99,0.97,0.0000,0.0002,     0,0,0,0.50,99.50,0.00,N/A,1.78,1.06,210.11,1.69,42.18,0.01,0.21,0.01,0.33,0.02,0.74,0.00,0.03,0.96,0.29,0.0008,0.0210,     0,0,0,2.49,97.51,0.00,N/A,1.28,3.86,210.11,0.33,8.29,0.01,0.15,0.00,0.38,0.00,0.49,0.00,0.00,0.75,0.89,0.0004,0.0021,     0,0,0,0.06,99.94,0.00,N/A,0.02,0.06,210.11,0.38,9.56,0.00,0.00,0.00,0.39,0.00,0.56,0.00,0.00,0.92,0.80,0.0003,0.0037,     0,0,0,0.07,99.93,0.00,N/A,0.03,0.08,210.11,0.39,9.70,0.00,0.00,0.00,0.41,0.00,0.50,0.00,0.00,0.89,0.80,0.0003,0.0039,     0,0,0,0.05,99.95,0.00,N/A,0.02,0.06,210.11,0.41,10.17,0.00,0.00,0.00,0.40,0.00,0.46,0.00,0.00,0.92,0.79,0.0003,0.0043,     0,0,0,0.06,99.94,0.00,N/A,0.02,0.06,210.11,0.40,9.99,0.00,0.00,0.00,0.36,0.00,0.49,0.00,0.00,0.85,0.91,0.0002,0.0016,     0,0,0,0.05,99.95,0.00,N/A,0.02,0.05,210.11,0.36,8.98,0.00,0.00,0.00,0.35,0.00,0.49,0.00,0.00,0.95,0.92,0.0001,0.0014,     0,0,0,0.05,99.95,0.00,N/A,0.02,0.05,210.11,0.35,8.75,0.00,0.00,0.00,0.43,0.00,0.45,0.00,0.00,0.78,0.82,0.0005,0.0035,     0,0,0,0.07,99.93,0.00,N/A,0.03,0.06,210.11,0.43,10.71,0.00,0.00,
2024-03-21,21:06:44.582,0.00,0.61,0.00,0.91,0.00,0.06,0.95,0.45,0.0004,0.0070,0.00,0.00,-2147483648,0.00,0.00,8.40,13.70,209.81,0.61,15.33,0.00,0.06,0.27,0.64,0.82,0.45,99.55,0.00,100.00,0.00,0.00,0.00,0.00,-nan,0.08,0.00,0.76,0.01,1.00,0.00,0.03,0.94,0.53,0.0003,0.0044,     0,0,0,0.00,0.00,-2147483648,0.00,0.00,N/A,6.87,9.06,209.81,0.76,18.95,0.00,0.10,0.00,0.33,0.00,0.77,0.00,0.03,0.96,0.33,0.0008,0.0184,     0,0,0,0.00,0.00,-2147483648,0.00,0.00,N/A,1.54,4.64,209.81,0.33,8.28,0.00,0.02,0.06,0.08,  0%,  0%,0.10,0.03,  0%,  0%,0.14,0.28,  0%,  0%,0.24,0.17,  0%,  0%,0.54,99.46,0.00,100.00,0.00,0.00,0.36,99.64,0.00,100.00,0.00,0.00,0.00,0.00,0.00 ,0.00 ,-nan ,-nan ,0.08,0.08,0.01,0.28,0.02,1.00,0.00,0.03,0.96,0.31,0.0009,0.0193,     0,0,0,2.34,97.66,0.00,N/A,1.37,4.91,209.81,0.28,6.98,0.01,0.16,0.01,1.46,0.01,1.00,0.00,0.00,0.63,0.67,0.0001,0.0005,     0,0,0,0.78,99.22,0.00,N/A,2.38,1.63,209.81,1.46,36.59,0.01,0.28,0.00,0.45,0.00,1.00,0.00,0.00,1.00,0.90,0.0000,0.0018,     0,0,0,0.02,99.98,0.00,N/A,0.02,0.04,209.81,0.45,11.30,0.00,0.00,0.00,0.49,0.00,1.00,0.00,0.00,0.78,0.66,0.0011,0.0064,     0,0,0,0.10,99.90,0.00,N/A,0.10,0.20,209.81,0.49,12.37,0.00,0.01,0.01,1.62,0.01,1.00,0.00,0.00,0.93,0.93,0.0000,0.0005,     0,0,0,0.78,99.22,0.00,N/A,2.66,1.64,209.81,1.62,40.55,0.01,0.32,0.00,0.48,0.00,1.00,0.00,0.00,0.85,0.65,0.0008,0.0062,     0,0,0,0.10,99.90,0.00,N/A,0.10,0.20,209.81,0.48,12.02,0.00,0.01,0.00,0.54,0.00,1.00,0.00,0.00,0.52,0.84,0.0005,0.0015,     0,0,0,0.19,99.81,0.00,N/A,0.22,0.40,209.81,0.54,13.62,0.00,0.03,0.00,0.52,0.00,1.00,0.00,0.00,0.84,0.91,0.0002,0.0018,     0,0,0,0.02,99.98,0.00,N/A,0.02,0.04,209.81,0.52,12.92,0.00,0.00,0.01,0.32,0.02,0.80,0.00,0.03,0.96,0.28,0.0008,0.0210,     0,0,0,2.44,97.56,0.00,N/A,1.30,4.07,209.81,0.32,7.99,0.01,0.16,0.00,0.34,0.00,0.51,0.00,0.00,0.56,0.88,0.0007,0.0025,     0,0,0,0.06,99.94,0.00,N/A,0.02,0.06,209.81,0.34,8.43,0.00,0.00,0.00,0.39,0.00,0.57,0.00,0.00,0.89,0.83,0.0003,0.0031,     0,0,0,0.07,99.93,0.00,N/A,0.03,0.08,209.81,0.39,9.67,0.00,0.00,0.00,0.32,0.00,0.50,0.00,0.00,0.84,0.86,0.0004,0.0027,     0,0,0,0.06,99.94,0.00,N/A,0.02,0.06,209.81,0.32,8.06,0.00,0.00,0.00,0.48,0.00,0.80,0.00,0.00,0.83,0.66,0.0010,0.0060,     0,0,0,0.13,99.87,0.00,N/A,0.10,0.21,209.81,0.48,12.00,0.00,0.01,0.00,0.43,0.00,0.58,0.00,0.00,0.87,0.90,0.0002,0.0017,     0,0,0,0.04,99.96,0.00,N/A,0.02,0.05,209.81,0.43,10.67,0.00,0.00,0.00,0.43,0.00,0.57,0.00,0.00,0.69,0.91,0.0004,0.0016,     0,0,0,0.04,99.96,0.00,N/A,0.02,0.05,209.81,0.43,10.82,0.00,0.00,0.00,0.34,0.00,0.46,0.00,0.00,1.00,0.91,0.0000,0.0017,     0,0,0,0.06,99.94,0.00,N/A,0.02,0.05,209.81,0.34,8.51,0.00,0.00,
2024-03-21,21:06:44.681,0.00,0.59,0.00,0.91,0.00,0.06,0.95,0.46,0.0004,0.0075,0.00,0.00,-2147483648,0.00,0.00,7.99,13.44,209.89,0.59,14.86,0.00,0.06,0.30,0.38,0.83,0.44,99.56,0.00,100.00,0.00,0.00,0.00,0.00,-nan,0.09,0.00,0.72,0.01,1.00,0.00,0.03,0.94,0.53,0.0003,0.0049,     0,0,0,0.00,0.00,-2147483648,0.00,0.00,N/A,6.41,8.93,209.89,0.72,17.94,0.00,0.10,0.00,0.35,0.00,0.76,0.00,0.03,0.96,0.34,0.0008,0.0182,     0,0,0,0.00,0.00,-2147483648,0.00,0.00,N/A,1.58,4.51,209.89,0.35,8.76,0.00,0.02,0.07,0.08,  0%,  0%,0.12,0.04,  0%,  0%,0.15,0.23,  0%,  0%,0.26,0.19,  0%,  0%,0.53,99.47,0.00,100.00,0.00,0.00,0.35,99.65,0.00,100.00,0.00,0.00,0.00,0.00,0.00 ,0.00 ,-nan ,-nan ,0.10,0.08,0.01,0.28,0.02,1.00,0.00,0.03,0.95,0.30,0.0009,0.0193,     0,0,0,2.39,97.61,0.00,N/A,1.38,5.02,209.89,0.28,6.90,0.01,0.16,0.01,1.42,0.00,1.00,0.00,0.00,0.77,0.72,0.0001,0.0004,     0,0,0,0.44,99.56,0.00,N/A,     0.93,0.90,0,1.42,35.52,0.01,0.16,0.00,1.59,0.00,1.00,0.00,0.00,0.98,0.94,0.0000,0.0004,     0,0,0,0.21,99.79,0.00,N/A,0.70,0.44,209.89,1.59,39.65,0.00,0.08,0.00,0.51,0.00,1.00,0.00,0.00,0.82,0.71,0.0006,0.0056,     0,0,0,0.06,99.94,0.00,N/A,0.07,0.13,209.89,0.51,12.86,0.00,0.01,0.01,1.52,0.01,1.00,0.00,0.00,0.94,0.85,0.0001,0.0009,     0,0,0,0.81,99.19,0.00,N/A,2.58,1.70,209.89,1.52,38.03,0.01,0.31,0.00,0.47,0.00,1.00,0.00,0.00,0.84,0.76,0.0006,0.0045,     0,0,0,0.04,99.96,0.00,N/A,0.04,0.09,209.89,0.47,11.79,0.00,0.00,0.00,0.52,0.00,1.00,0.00,0.00,0.71,0.76,0.0007,0.0028,     0,0,0,0.28,99.72,0.00,N/A,0.31,0.59,209.89,0.52,12.91,0.00,0.04,0.00,0.44,0.00,1.00,0.00,0.00,0.97,0.89,0.0001,0.0021,     0,0,0,0.02,99.98,0.00,N/A,0.02,0.04,209.89,0.44,10.94,0.00,0.00,0.01,0.33,0.02,0.82,0.00,0.03,0.97,0.28,0.0007,0.0215,     0,0,0,2.23,97.77,0.00,N/A,1.27,3.81,209.89,0.33,8.33,0.01,0.15,0.00,0.45,0.00,0.69,0.00,0.00,0.58,0.67,0.0021,0.0064,     0,0,0,0.13,99.87,0.00,N/A,0.08,0.18,209.89,0.45,11.33,0.00,0.01,0.00,0.40,0.00,0.62,0.00,0.00,0.80,0.84,0.0006,0.0031,     0,0,0,0.06,99.94,0.00,N/A,0.03,0.08,209.89,0.40,9.90,0.00,0.00,0.00,0.49,0.00,0.68,0.00,0.00,0.86,0.71,0.0007,0.0056,     0,0,0,0.11,99.89,0.00,N/A,0.08,0.16,209.89,0.49,12.32,0.00,0.01,0.00,0.51,0.00,0.42,0.00,0.00,0.74,0.80,0.0009,0.0037,     0,0,0,0.11,99.89,0.00,N/A,0.05,0.10,209.89,0.51,12.83,0.00,0.01,0.00,0.38,0.00,0.45,0.00,0.00,0.63,0.82,0.0007,0.0033,     0,0,0,0.06,99.94,0.00,N/A,0.02,0.06,209.89,0.38,9.50,0.00,0.00,0.00,0.40,0.00,0.45,0.00,0.00,0.86,0.81,0.0004,0.0041,     0,0,0,0.07,99.93,0.00,N/A,0.03,0.06,209.89,0.40,9.97,0.00,0.00,0.00,0.34,0.00,0.58,0.00,0.00,0.91,0.91,0.0001,0.0016,     0,0,0,0.04,99.96,0.00,N/A,0.02,0.05,209.89,0.34,8.52,0.00,0.00,
2024-03-21,21:06:44.782,0.00,0.66,0.00,0.92,0.00,0.07,0.93,0.49,0.0004,0.0061,0.00,0.00,-2147483648,0.00,0.00,10.80,16.28,210.17,0.66,16.59,0.00,0.08,0.33,0.50,1.02,0.53,99.47,0.00,100.00,0.00,0.00,0.00,0.00,-nan,0.09,0.01,0.81,0.01,1.00,0.00,0.04,0.92,0.57,0.0003,0.0040,     0,0,0,0.00,0.00,-2147483648,0.00,0.00,N/A,9.11,11.18,210.17,0.81,20.37,0.01,0.14,0.00,0.33,0.00,0.78,0.00,0.03,0.95,0.35,0.0009,0.0173,     0,0,0,0.00,0.00,-2147483648,0.00,0.00,N/A,1.70,5.10,210.17,0.33,8.31,0.00,0.03,0.07,0.11,  0%,  0%,0.11,0.04,  0%,  0%,0.19,0.34,  0%,  0%,0.27,0.22,  0%,  0%,0.66,99.34,0.00,100.00,0.00,0.00,0.39,99.61,0.00,100.00,0.00,0.00,0.00,0.00,0.00 ,0.00 ,-nan ,-nan ,0.08,0.10,0.01,0.28,0.02,1.00,0.00,0.03,0.95,0.31,0.0009,0.0192,     0,0,0,2.37,97.63,0.00,N/A,1.38,4.98,210.17,0.28,6.93,0.01,0.16,0.01,1.42,0.00,1.00,0.00,0.00,0.62,0.66,0.0001,0.0006,     0,0,0,0.43,99.57,0.00,N/A,1.28,0.91,210.17,1.42,35.39,0.01,0.15,0.02,1.63,0.01,1.00,0.00,0.00,0.95,0.88,0.0000,0.0007,     0,0,0,1.21,98.79,0.00,N/A,4.14,2.54,210.17,1.63,40.75,0.02,0.49,0.00,0.42,0.00,1.00,0.00,0.00,0.43,0.59,0.0027,0.0057,     0,0,0,0.33,99.67,0.00,N/A,0.29,0.69,210.17,0.42,10.39,0.00,0.03,0.01,1.28,0.01,1.00,0.00,0.00,0.92,0.68,0.0001,0.0021,     0,0,0,0.59,99.41,0.00,N/A,1.60,1.25,210.17,1.28,31.99,0.01,0.19,0.00,0.51,0.00,1.00,0.00,0.00,0.78,0.69,0.0009,0.0057,     0,0,0,0.07,99.93,0.00,N/A,0.07,0.14,210.17,0.51,12.66,0.00,0.01,0.00,0.51,0.00,1.00,0.00,0.00,0.77,0.79,0.0005,0.0027,     0,0,0,0.30,99.70,0.00,N/A,0.32,0.63,210.17,0.51,12.69,0.00,0.04,0.00,0.49,0.00,1.00,0.00,0.00,0.69,0.91,0.0005,0.0019,     0,0,0,0.02,99.98,0.00,N/A,0.02,0.04,210.17,0.49,12.19,0.00,0.00,0.01,0.31,0.02,0.81,0.00,0.03,0.96,0.27,0.0008,0.0210,     0,0,0,2.50,97.50,0.00,N/A,1.32,4.29,210.17,0.31,7.71,0.01,0.16,0.00,0.49,0.00,0.72,0.00,0.00,0.59,0.70,0.0020,0.0056,     0,0,0,0.14,99.86,0.00,N/A,0.10,0.21,210.17,0.49,12.14,0.00,0.01,0.00,0.41,0.00,0.53,0.00,0.00,0.86,0.79,0.0004,0.0041,     0,0,0,0.08,99.92,0.00,N/A,0.03,0.08,210.17,0.41,10.26,0.00,0.00,0.00,0.49,0.00,0.73,0.00,0.00,0.73,0.71,0.0011,0.0055,     0,0,0,0.13,99.87,0.00,N/A,0.10,0.20,210.17,0.49,12.29,0.00,0.01,0.00,0.51,0.00,0.70,0.00,0.00,0.72,0.80,0.0008,0.0035,     0,0,0,0.10,99.90,0.00,N/A,0.08,0.16,210.17,0.51,12.68,0.00,0.01,0.00,0.35,0.00,0.50,0.00,0.00,0.91,0.90,0.0002,0.0019,     0,0,0,0.05,99.95,0.00,N/A,0.02,0.05,210.17,0.35,8.83,0.00,0.00,0.00,0.35,0.00,0.50,0.00,0.00,0.82,0.91,0.0003,0.0018,     0,0,0,0.05,99.95,0.00,N/A,0.02,0.05,210.17,0.35,8.73,0.00,0.00,0.00,0.38,0.00,0.53,0.00,0.00,0.96,0.90,0.0001,0.0018,     0,0,0,0.05,99.95,0.00,N/A,0.02,0.05,210.17,0.38,9.44,0.00,0.00,
2024-03-21,21:06:44.883,0.00,0.75,0.00,0.91,0.00,0.06,0.93,0.49,0.0004,0.0050,0.00,0.00,-2147483648,0.00,0.00,12.61,16.70,210.10,0.75,18.87,0.00,0.09,0.39,0.40,0.91,0.54,99.46,0.00,100.00,0.00,0.00,0.00,0.00,-nan,0.08,0.01,0.98,0.01,0.95,0.00,0.03,0.93,0.57,0.0002,0.0030,     0,0,0,0.00,0.00,-2147483648,0.00,0.00,N/A,10.56,10.80,210.10,0.98,24.46,0.01,0.16,0.00,0.35,0.00,0.85,0.00,0.03,0.92,0.35,0.0011,0.0153,     0,0,0,0.00,0.00,-2147483648,0.00,0.00,N/A,2.05,5.91,210.10,0.35,8.66,0.00,0.03,0.14,0.09,  0%,  0%,0.12,0.03,  0%,  0%,0.16,0.27,  0%,  0%,0.27,0.21,  0%,  0%,0.67,99.33,0.00,100.00,0.00,0.00,0.41,99.59,0.00,100.00,0.00,0.00,0.00,0.00,0.00 ,0.00 ,-nan ,-nan ,0.08,0.08,0.01,0.30,0.02,0.90,0.00,0.03,0.96,0.31,0.0009,0.0200,     0,0,0,2.33,97.67,0.00,N/A,1.34,4.40,210.10,0.30,7.61,0.01,0.16,0.01,1.58,0.01,0.99,0.00,0.00,0.54,0.73,0.0001,0.0003,     0,0,0,0.76,99.24,0.00,N/A,2.52,1.60,210.10,1.58,39.44,0.01,0.30,0.00,0.48,0.00,1.00,0.00,0.00,0.90,0.82,0.0002,0.0035,     0,0,0,0.02,99.98,0.00,N/A,0.02,0.05,210.10,0.48,11.98,0.00,0.00,0.01,1.46,0.00,0.99,0.00,0.00,0.65,0.70,0.0001,0.0005,     0,0,0,0.43,99.57,0.00,N/A,1.31,0.90,210.10,1.46,36.51,0.01,0.16,0.02,1.62,0.01,1.00,0.00,0.00,0.95,0.94,0.0000,0.0004,     0,0,0,1.12,98.88,0.00,N/A,3.79,2.34,210.10,1.62,40.43,0.02,0.45,0.01,1.40,0.00,0.99,0.00,0.00,0.68,0.65,0.0001,0.0005,     0,0,0,0.42,99.58,0.00,N/A,1.21,0.87,210.10,1.40,34.98,0.01,0.14,0.00,0.59,0.00,1.00,0.00,0.00,0.56,0.68,0.0012,0.0038,     0,0,0,0.28,99.72,0.00,N/A,0.35,0.60,210.10,0.59,14.71,0.00,0.04,0.00,0.46,0.00,0.83,0.00,0.00,0.88,0.92,0.0002,0.0016,     0,0,0,0.02,99.98,0.00,N/A,0.02,0.04,210.10,0.46,11.59,0.00,0.00,0.01,0.30,0.02,0.87,0.00,0.03,0.96,0.27,0.0008,0.0210,     0,0,0,2.41,97.59,0.00,N/A,1.32,4.41,210.10,0.30,7.51,0.01,0.16,0.00,0.47,0.00,0.79,0.00,0.00,0.60,0.69,0.0019,0.0057,     0,0,0,0.13,99.87,0.00,N/A,0.10,0.22,210.10,0.47,11.68,0.00,0.01,0.00,0.49,0.00,0.92,0.00,0.00,0.42,0.51,0.0023,0.0044,     0,0,0,0.37,99.63,0.00,N/A,0.34,0.71,210.10,0.49,12.14,0.00,0.04,0.00,0.51,0.00,0.79,0.00,0.00,0.77,0.68,0.0012,0.0058,     0,0,0,0.12,99.88,0.00,N/A,0.11,0.21,210.10,0.51,12.82,0.00,0.01,0.00,0.44,0.00,0.69,0.00,0.00,0.76,0.80,0.0008,0.0036,     0,0,0,0.06,99.94,0.00,N/A,0.04,0.09,210.10,0.44,11.05,0.00,0.00,0.00,0.50,0.00,0.60,0.00,0.00,0.86,0.70,0.0007,0.0060,     0,0,0,0.09,99.91,0.00,N/A,0.05,0.11,210.10,0.50,12.42,0.00,0.01,0.00,0.48,0.00,0.62,0.00,0.00,0.88,0.67,0.0007,0.0066,     0,0,0,0.08,99.92,0.00,N/A,0.05,0.11,210.10,0.48,12.09,0.00,0.01,0.00,0.40,0.00,0.58,0.00,0.00,0.58,0.92,0.0005,0.0015,     0,0,0,0.04,99.96,0.00,N/A,0.02,0.05,210.10,0.40,9.97,0.00,0.00,
2024-03-21,21:06:44.985,0.01,0.80,0.01,0.98,0.01,0.08,0.86,0.64,0.0005,0.0037,0.00,0.00,-2147483648,0.00,0.00,23.22,28.93,210.00,0.80,20.07,0.01,0.17,4.17,0.68,10.10,0.88,99.12,0.00,100.00,0.00,0.00,0.00,0.00,-nan,0.08,0.01,0.89,0.01,1.00,0.01,0.04,0.85,0.69,0.0004,0.0031,     0,0,0,0.00,0.00,-2147483648,0.00,0.00,N/A,13.36,15.02,210.00,0.89,22.23,0.01,0.20,0.01,0.71,0.01,0.96,0.00,0.04,0.88,0.58,0.0005,0.0044,     0,0,0,0.00,0.00,-2147483648,0.00,0.00,N/A,9.86,13.90,210.00,0.71,17.73,0.01,0.15,0.12,0.44,  0%,  0%,1.97,1.65,  1%,  1%,1.82,1.82,  1%,  1%,3.55,2.91,  3%,  2%,0.90,99.10,0.00,100.00,0.00,0.00,0.86,99.14,0.00,100.00,0.00,0.00,0.00,0.00,0.00 ,0.00 ,-nan ,-nan ,0.08,0.07,0.01,0.43,0.03,1.00,0.00,0.03,0.95,0.40,0.0007,0.0127,     0,0,0,2.53,97.47,0.00,N/A,2.30,5.31,210.00,0.43,10.85,0.01,0.27,0.00,0.47,0.01,0.99,0.00,0.00,0.31,0.59,0.0019,0.0034,     0,0,0,0.69,99.31,0.00,N/A,0.67,1.44,210.00,0.47,11.72,0.00,0.08,0.01,1.38,0.01,1.00,0.00,0.00,0.67,0.90,0.0005,0.0014,     0,0,0,1.00,99.00,0.00,N/A,2.88,2.09,210.00,1.38,34.44,0.01,0.34,0.00,1.17,0.00,0.98,0.00,0.00,0.58,0.69,0.0003,0.0011,     0,0,0,0.28,990.0059, ,0.00,0.0,0.58,210.00,1.17,29.25,0.00,0.08,0.02,1.50,0.01,1.00,0.00,0.00,0.76,0.91,0.0001,0.0006,     0,0,0,1.22,98.78,0.00,N/A,3.85,2.57,210.00,1.50,37.43,0.02,0.46,0.00,0.91,0.00,0.98,0.00,0.00,0.56,0.66,0.0007,0.0020,     0,0,0,0.24,99.76,0.00,N/A,0.46,0.51,210.00,0.91,22.78,0.00,0.05,0.01,1.00,0.01,1.00,0.00,0.00,0.57,0.80,0.0003,0.0009,     0,0,0,1.19,98.81,0.00,N/A,2.48,2.48,210.00,1.00,25.07,0.01,0.30,0.00,0.49,0.00,1.00,0.00,0.00,0.86,0.84,0.0002,0.0031,     0,0,0,0.02,99.98,0.00,N/A,0.02,0.05,210.00,0.49,12.19,0.00,0.00,0.01,0.30,0.02,0.93,0.00,0.03,0.96,0.27,0.0009,0.0212,     0,0,0,2.30,97.70,0.00,N/A,1.33,4.47,210.00,0.30,7.41,0.01,0.16,0.00,0.63,0.00,0.97,0.00,0.00,0.48,0.60,0.0011,0.0033,     0,0,0,0.38,99.62,0.00,N/A,0.48,0.76,210.00,0.63,15.67,0.00,0.06,0.00,0.49,0.00,0.45,0.00,0.00,0.44,0.65,0.0029,0.0054,     0,0,0,0.12,99.88,0.00,N/A,0.06,0.12,210.00,0.49,12.26,0.00,0.01,0.00,0.52,0.00,0.98,0.00,0.00,0.63,0.59,0.0015,0.0047,     0,0,0,0.35,99.65,0.00,N/A,0.36,0.70,210.00,0.52,12.92,0.00,0.04,0.00,0.82,0.00,0.99,0.00,0.00,0.73,0.67,0.0006,0.0029,     0,0,0,0.45,99.55,0.00,N/A,0.77,0.94,210.00,0.82,20.47,0.00,0.09,0.02,1.04,0.02,1.00,0.00,0.00,0.62,0.83,0.0003,0.0010,     0,0,0,1.96,98.04,0.00,N/A,4.25,4.08,210.00,1.04,26.06,0.02,0.51,0.01,0.94,0.01,0.99,0.00,0.00,0.87,0.78,0.0002,0.0019,     0,0,0,1.36,98.64,0.00,N/A,2.60,2.77,210.00,0.94,23.41,0.01,0.32,0.00,0.33,0.00,0.59,0.00,0.00,0.77,0.92,0.0003,0.0015,     0,0,0,0.04,99.96,0.00,N/A,0.02,0.05,210.00,0.33,8.22,0.00,0.00,
2024-03-21,21:06:45.083,0.01,0.84,0.01,0.96,0.01,0.07,0.89,0.61,0.0004,0.0037,0.00,0.00,-2147483648,0.00,0.00,19.61,23.29,212.22,0.84,21.05,0.01,0.14,1.86,0.50,5.62,0.71,99.29,0.00,100.00,0.00,0.00,0.00,0.00,-nan,0.08,0.01,1.01,0.01,1.00,0.00,0.04,0.88,0.70,0.0003,0.0023,     0,0,0,0.00,0.00,-2147483648,0.00,0.00,N/A,17.67,17.50,212.22,1.01,25.25,0.01,0.26,0.00,0.33,0.00,0.87,0.00,0.03,0.91,0.35,0.0014,0.0163,     0,0,0,0.00,0.00,-2147483648,0.00,0.00,N/A,1.94,5.79,212.22,0.33,8.37,0.00,0.03,0.63,0.68,  0%,  0%,0.25,0.30,  0%,  0%,1.27,0.94,  1%,  1%,1.53,1.87,  1%,  1%,1.03,98.97,0.00,100.00,0.00,0.00,0.39,99.61,0.00,100.00,0.00,0.00,0.00,0.00,0.00 ,0.00 ,-nan ,-nan ,0.08,0.07,0.01,0.31,0.02,0.99,0.00,0.03,0.96,0.30,0.0008,0.0201,     0,0,0,2.00,98.00,0.00,N/A,1.30,4.19,212.22,0.31,7.79,0.01,0.15,0.01,0.95,0.01,1.00,0.00,0.00,0.32,0.61,0.0005,0.0012,     0,0,0,0.79,99.21,0.00,N/A,1.58,1.66,212.22,0.95,23.85,0.01,0.19,0.00,0.67,0.01,1.00,0.00,0.00,0.56,0.89,0.0005,0.0014,     0,0,0,0.60,99.40,0.00,N/A,0.85,1.26,212.22,0.67,16.77,0.00,0.10,0.01,1.00,0.01,1.00,0.00,0.00,0.45,0.56,0.0007,0.0017,     0,0,0,0.84,99.16,0.00,N/A,1.79,1.79,212.22,1.00,24.95,0.01,0.21,0.05,1.64,0.03,1.00,0.00,0.01,0.90,0.90,0.0001,0.0006,     0,0,0,3.25,96.75,0.00,N/A,11.37,6.94,212.22,1.64,40.97,0.05,1.33,0.00,0.62,0.00,1.00,0.00,0.00,0.61,0.64,0.0009,0.0037,     0,0,0,0.28,99.72,0.00,N/A,0.36,0.59,212.22,0.62,15.40,0.00,0.04,0.00,0.39,0.00,1.00,0.00,0.00,0.64,0.75,0.0007,0.0028,     0,0,0,0.45,99.55,0.00,N/A,0.37,0.96,212.22,0.39,9.67,0.00,0.04,0.00,0.44,0.00,1.00,0.00,0.00,0.79,0.90,0.0001,0.0009,     0,0,0,0.05,99.95,0.00,N/A,0.05,0.12,212.22,0.44,11.06,0.00,0.01,0.01,0.31,0.02,0.86,0.00,0.03,0.96,0.27,0.0008,0.0214,     0,0,0,2.29,97.71,0.00,N/A,1.30,4.19,212.22,0.31,7.73,0.01,0.15,0.00,0.38,0.00,0.96,0.00,0.00,0.25,0.63,0.0037,0.0063,     0,0,0,0.19,99.81,0.00,N/A,0.15,0.38,212.22,0.38,9.55,0.00,0.02,0.00,0.42,0.00,0.79,0.00,0.00,0.38,0.67,0.0019,0.0035,     0,0,0,0.14,99.86,0.00,N/A,0.09,0.23,212.22,0.42,10.49,0.00,0.01,0.00,0.40,0.00,0.96,0.00,0.00,0.58,0.61,0.0025,0.0069,     0,0,0,0.19,99.81,0.00,N/A,0.16,0.39,212.22,0.40,10.08,0.00,0.02,0.00,0.44,0.00,0.92,0.00,0.00,0.61,0.64,0.0023,0.0070,     0,0,0,0.15,99.85,0.00,N/A,0.13,0.29,212.22,0.44,11.07,0.00,0.01,0.00,0.37,0.00,0.91,0.00,0.00,0.68,0.64,0.0020,0.0073,     0,0,0,0.07,99.93,0.00,N/A,0.05,0.14,212.22,0.37,9.14,0.00,0.01,0.00,0.37,0.00,0.90,0.00,0.00,0.62,0.68,0.0019,0.0060,     0,0,0,0.07,99.93,0.00,N/A,0.05,0.13,212.22,0.37,9.28,0.00,0.01,0.00,0.40,0.00,0.49,0.00,0.00,0.67,0.92,0.0005,0.0018,     0,0,0,0.05,99.95,0.00,N/A,0.02,0.06,212.22,0.40,9.91,0.00,0.00,
2024-03-21,21:06:45.182,0.00,0.79,0.01,0.92,0.00,0.07,0.93,0.55,0.0003,0.0047,0.00,0.00,-2147483648,0.00,0.00,14.15,17.82,208.30,0.79,19.86,0.00,0.11,1.32,1.65,2.59,0.58,99.42,0.00,100.00,0.00,0.00,0.00,0.00,-nan,0.08,0.01,0.98,0.01,0.99,0.00,0.04,0.92,0.65,0.0002,0.0029,     0,0,0,0.00,0.00,-2147483648,0.00,0.00,N/A,12.28,12.58,208.30,0.98,24.42,0.01,0.18,0.00,0.36,0.00,0.78,0.00,0.03,0.93,0.35,0.0011,0.0169,     0,0,0,0.00,0.00,-2147483648,0.00,0.00,N/A,1.87,5.24,208.30,0.36,8.91,0.00,0.03,0.78,0.16,  0%,  0%,0.11,0.27,  0%,  0%,0.26,0.36,  0%,  0%,0.99,0.99,  0%,  0%,0.76,99.24,0.00,100.00,0.00,0.00,0.40,99.60,0.00,100.00,0.00,0.00,0.00,0.00,0.00 ,0.00 ,-nan ,-nan ,0.08,0.08,0.01,0.28,0.02,1.00,0.00,0.03,0.96,0.31,0.0009,0.0195,     0,0,0,2.31,97.69,0.00,N/A,1.36,4.82,208.30,0.28,7.06,0.01,0.16,0.00,0.82,0.00,0.98,0.00,0.00,0.47,0.66,0.0005,0.0014,     0,0,0,0.43,99.57,0.00,N/A,0.73,0.89,208.30,0.82,20.54,0.00,0.09,0.03,1.68,0.02,1.00,0.00,0.00,0.96,0.88,0.0000,0.0007,     0,0,0,1.76,98.24,0.00,N/A,6.22,3.70,208.30,1.68,41.99,0.03,0.74,0.00,0.52,0.00,0.91,0.00,0.00,0.57,0.64,0.0015,0.0051,     0,0,0,0.16,99.84,0.00,N/A,0.16,0.31,208.30,0.52,12.93,0.00,0.02,0.02,1.58,0.01,1.00,0.00,0.00,0.81,0.92,0.0001,0.0004,     0,0,0,1.05,98.95,0.00,N/A,3.43,2.17,208.30,1.58,39.53,0.02,0.41,0.00,0.48,0.00,0.92,0.00,0.00,0.65,0.66,0.0016,0.0064,     0,0,0,0.13,99.87,0.00,N/A,0.12,0.26,208.30,0.48,11.89,0.00,0.01,0.00,0.63,0.00,0.90,0.00,0.00,0.66,0.78,0.0008,0.0030,     0,0,0,0.21,99.79,0.00,N/A,0.25,0.39,208.30,0.63,15.75,0.00,0.03,0.00,0.49,0.00,1.00,0.00,0.00,1.00,0.91,0.0000,0.0017,     0,0,0,0.02,99.98,0.00,N/A,0.02,0.04,208.30,0.49,12.36,0.00,0.00,0.01,0.33,0.02,0.77,0.00,0.03,0.96,0.26,0.0008,0.0215,     0,0,0,2.48,97.52,0.00,N/A,1.30,3.98,208.30,0.33,8.16,0.01,0.16,0.00,0.42,0.00,0.85,0.00,0.00,0.45,0.67,0.0027,0.0064,     0,0,0,0.11,99.89,0.00,N/A,0.08,0.20,208.30,0.42,10.52,0.00,0.01,0.00,0.33,0.00,0.47,0.00,0.00,0.96,0.91,0.0001,0.0018,     0,0,0,0.05,99.95,0.00,N/A,0.02,0.05,208.30,0.33,8.30,0.00,0.00,0.00,0.46,0.00,0.84,0.00,0.00,0.75,0.67,0.0015,0.0063,     0,0,0,0.10,99.90,0.00,N/A,0.08,0.17,208.30,0.46,11.38,0.00,0.01,0.00,0.53,0.00,0.86,0.00,0.00,0.85,0.66,0.0009,0.0061,     0,0,0,0.12,99.88,0.00,N/A,0.11,0.21,208.30,0.53,13.20,0.00,0.01,0.00,0.46,0.00,0.89,0.00,0.00,0.70,0.61,0.0019,0.0072,     0,0,0,0.16,99.84,0.00,N/A,0.13,0.29,208.30,0.46,11.38,0.00,0.02,0.00,0.45,0.00,0.89,0.00,0.00,0.72,0.61,0.0019,0.0072,     0,0,0,0.16,99.84,0.00,N/A,0.13,0.29,208.30,0.45,11.24,0.00,0.02,0.00,0.36,0.00,0.50,0.00,0.00,0.50,0.91,0.0007,0.0018,     0,0,0,0.05,99.95,0.00,N/A,0.02,0.05,208.30,0.36,8.95,0.00,0.00,
2024-03-21,21:06:45.282,0.01,0.85,0.01,0.94,0.01,0.07,0.92,0.59,0.0003,0.0041,0.00,0.00,-2147483648,0.00,0.00,16.77,19.66,209.53,0.85,21.33,0.01,0.13,0.56,0.63,0.98,0.62,99.38,0.00,100.00,0.00,0.00,0.00,0.00,-nan,0.09,0.01,1.03,0.01,0.99,0.00,0.03,0.93,0.67,0.0002,0.0026,     0,0,0,0.00,0.00,-2147483648,0.00,0.00,N/A,13.44,13.10,209.53,1.03,25.66,0.01,0.20,0.00,0.51,0.00,0.86,0.00,0.03,0.91,0.47,0.0009,0.0101,     0,0,0,0.00,0.00,-2147483648,0.00,0.00,N/A,3.33,6.57,209.53,0.51,12.68,0.00,0.05,0.33,0.10,  0%,  0%,0.10,0.04,  0%,  0%,0.18,0.30,  0%,  0%,0.29,0.22,  0%,  0%,0.79,99.21,0.00,100.00,0.00,0.00,0.46,99.54,0.00,100.00,0.00,0.00,0.00,0.00,0.00 ,0.00 ,-nan ,-nan ,0.10,0.08,0.01,0.29,0.02,1.00,0.00,0.03,0.96,0.31,0.0009,0.0196,     0,0,0,2.24,97.76,0.00,N/A,1.36,4.69,209.53,0.29,7.24,0.01,0.16,0.02,1.45,0.01,1.00,0.00,0.00,0.75,0.92,0.0001,0.0004,     0,0,0,1.38,98.62,0.00,N/A,4.18,2.88,209.53,1.45,36.19,0.02,0.50,0.03,1.70,0.02,0.97,0.00,0.00,0.99,0.92,0.0000,0.0004,     0,0,0,1.73,98.27,0.00,N/A,6.02,3.53,209.53,1.70,42.59,0.03,0.72,0.00,0.52,0.00,1.00,0.00,0.00,0.69,0.65,0.0012,0.0060,     0,0,0,0.11,99.89,0.00,N/A,0.12,0.23,209.53,0.52,12.90,0.00,0.01,0.01,1.36,0.00,1.00,0.00,0.00,0.65,0.61,0.0002,0.0008,     0,0,0,0.47,99.53,0.00,N/A,1.35,0.99,209.53,1.36,34.11,0.01,0.16,0.00,0.54,0.00,1.00,0.00,0.00,0.78,0.64,0.0011,0.0073,     0,0.0001,0.,0.00,0.86,N/A,0.13,0.25,209.53,0.54,13.46,0.00,0.02,0.00,0.60,0.00,1.00,0.00,0.00,0.68,0.78,0.0008,0.0031,     0,0,0,0.22,99.78,0.00,N/A,0.27,0.45,209.53,0.60,15.00,0.00,0.03,0.00,0.25,0.00,0.89,0.00,0.00,0.96,0.91,0.0001,0.0017,     0,0,0,0.04,99.96,0.00,N/A,0.02,0.07,209.53,0.25,6.31,0.00,0.00,0.01,0.32,0.02,0.88,0.00,0.03,0.96,0.27,0.0008,0.0217,     0,0,0,2.16,97.84,0.00,N/A,1.29,4.01,209.53,0.32,8.03,0.01,0.15,0.00,1.14,0.00,0.92,0.00,0.00,0.43,0.61,0.0004,0.0009,     0,0,0,0.44,99.56,0.00,N/A,0.97,0.85,209.53,1.14,28.59,0.00,0.12,0.00,0.79,0.00,0.81,0.00,0.00,0.19,0.87,0.0017,0.0031,     0,0,0,0.44,99.56,0.00,N/A,0.59,0.75,209.53,0.79,19.64,0.00,0.07,0.00,0.44,0.00,0.73,0.00,0.00,0.81,0.72,0.0009,0.0053,     0,0,0,0.11,99.89,0.00,N/A,0.07,0.16,209.53,0.44,11.05,0.00,0.01,0.00,0.51,0.00,0.83,0.00,0.00,0.86,0.62,0.0009,0.0073,     0,0,0,0.12,99.88,0.00,N/A,0.11,0.22,209.53,0.51,12.81,0.00,0.01,0.00,0.54,0.00,0.76,0.00,0.00,0.78,0.68,0.0011,0.0061,     0,0,0,0.16,99.84,0.00,N/A,0.14,0.26,209.53,0.54,13.48,0.00,0.02,0.00,0.51,0.00,0.78,0.00,0.00,0.82,0.62,0.0011,0.0071,     0,0,0,0.16,99.84,0.00,N/A,0.14,0.27,209.53,0.51,12.82,0.00,0.02,0.00,0.37,0.00,0.53,0.00,0.00,0.86,0.92,0.0002,0.0015,     0,0,0,0.05,99.95,0.00,N/A,0.02,0.05,209.53,0.37,9.34,0.00,0.00,
2024-03-21,21:06:45.381,0.00,0.72,0.01,0.91,0.01,0.07,0.92,0.50,0.0004,0.0052,0.00,0.00,-2147483648,0.00,0.00,13.44,18.56,209.80,0.72,18.10,0.00,0.10,1.10,1.59,2.44,0.61,99.39,0.00,100.00,0.00,0.00,0.00,0.00,-nan,0.09,0.01,0.84,0.01,0.98,0.00,0.04,0.91,0.58,0.0003,0.0037,     0,0,0,0.00,0.00,-2147483648,0.00,0.00,N/A,10.35,12.29,209.80,0.84,21.05,0.01,0.15,0.00,0.49,0.00,0.79,0.00,0.03,0.94,0.36,0.0006,0.0102,     0,0,0,0.00,0.00,-2147483648,0.00,0.00,N/A,3.09,6.27,209.80,0.49,12.32,0.00,0.05,0.51,0.43,  0%,  0%,0.12,0.04,  0%,  0%,0.98,0.93,  1%,  1%,0.31,0.23,  0%,  0%,0.75,99.25,0.00,100.00,0.00,0.00,0.47,99.53,0.00,100.00,0.00,0.00,0.00,0.00,0.00 ,0.00 ,-nan ,-nan ,0.08,0.10,0.01,0.28,0.02,0.98,0.00,0.03,0.95,0.30,0.0009,0.0193,     0,0,0,2.44,97.56,0.00,N/A,1.38,5.01,209.80,0.28,6.90,0.01,0.16,0.01,1.05,0.01,1.00,0.00,0.00,0.76,0.43,0.0003,0.0017,     0,0,0,0.89,99.11,0.00,N/A,1.96,1.87,209.80,1.05,26.27,0.01,0.23,0.03,1.62,0.02,0.96,0.00,0.00,0.95,0.88,0.0000,0.0007,     0,0,0,1.77,98.23,0.00,N/A,5.74,3.54,209.80,1.62,40.51,0.03,0.69,0.00,0.76,0.01,1.00,0.00,0.00,0.49,0.60,0.0011,0.0026,     0,0,0,0.51,99.49,0.00,N/A,0.81,1.07,209.80,0.76,18.90,0.00,0.10,0.00,0.43,0.00,1.00,0.00,0.00,0.80,0.72,0.0009,0.0054,     0,0,0,0.06,99.94,0.00,N/A,0.05,0.12,209.80,0.43,10.78,0.00,0.01,0.00,0.53,0.00,1.00,0.00,0.00,0.86,0.65,0.0007,0.0068,     0,0,0,0.14,99.86,0.00,N/A,0.15,0.29,209.80,0.53,13.16,0.00,0.02,0.00,0.64,0.00,1.00,0.00,0.00,0.64,0.82,0.0006,0.0023,     0,0,0,0.17,99.83,0.00,N/A,0.22,0.35,209.80,0.64,16.03,0.00,0.03,0.00,0.51,0.00,0.84,0.00,0.00,0.97,0.80,0.0001,0.0043,     0,0,0,0.02,99.98,0.00,N/A,0.02,0.04,209.80,0.51,12.66,0.00,0.00,0.01,0.31,0.02,0.83,0.00,0.03,0.95,0.28,0.0009,0.0203,     0,0,0,2.65,97.35,0.00,N/A,1.42,4.63,209.80,0.31,7.67,0.01,0.17,0.01,1.39,0.00,0.91,0.00,0.00,0.50,0.68,0.0002,0.0005,     0,0,0,0.50,99.50,0.00,N/A,1.32,0.95,209.80,1.39,34.83,0.01,0.16,0.00,0.40,0.00,0.43,0.00,0.00,0.65,0.88,0.0007,0.0025,     0,0,0,0.07,99.93,0.00,N/A,0.03,0.06,209.80,0.40,10.10,0.00,0.00,0.00,0.53,0.00,0.56,0.00,0.00,0.74,0.71,0.0013,0.0057,     0,0,0,0.13,99.87,0.00,N/A,0.08,0.15,209.80,0.53,13.22,0.00,0.01,0.00,0.60,0.00,0.41,0.00,0.00,0.81,0.63,0.0012,0.0071,     0,0,0,0.23,99.77,0.00,N/A,0.12,0.20,209.80,0.60,14.89,0.00,0.01,0.00,0.48,0.00,0.66,0.00,0.00,0.82,0.71,0.0008,0.0056,     0,0,0,0.08,99.92,0.00,N/A,0.05,0.11,209.80,0.48,12.10,0.00,0.01,0.00,0.45,0.00,0.65,0.00,0.00,0.83,0.70,0.0009,0.0057,     0,0,0,0.08,99.92,0.00,N/A,0.05,0.11,209.80,0.45,11.13,0.00,0.01,0.00,0.40,0.00,0.49,0.00,0.00,0.83,0.85,0.0003,0.0032,     0,0,0,0.06,99.94,0.00,N/A,0.03,0.06,209.80,0.40,10.01,0.00,0.00,
2024-03-21,21:06:45.487,0.00,0.79,0.00,0.92,0.00,0.07,0.95,0.55,0.0003,0.0050,0.00,0.00,-2147483648,0.00,0.00,13.17,16.64,210.28,0.79,19.79,0.00,0.10,0.69,0.67,2.34,0.54,99.46,0.00,100.00,0.00,0.00,0.00,0.00,-nan,0.08,0.01,1.00,0.01,0.99,0.00,0.03,0.94,0.65,0.0002,0.0030,     0,0,0,0.00,0.00,-2147483648,0.00,0.00,N/A,11.36,11.35,210.28,1.00,25.03,0.01,0.17,0.00,0.34,0.00,0.78,0.00,0.03,0.95,0.35,0.0009,0.0171,     0,0,0,0.00,0.00,-2147483648,0.00,0.00,N/A,1.81,5.30,210.28,0.34,8.55,0.00,0.03,0.19,0.37,  0%,  0%,0.10,0.03,  0%,  0%,0.81,1.13,  0%,  1%,0.24,0.16,  0%,  0%,0.67,99.33,0.00,100.00,0.00,0.00,0.40,99.60,0.00,100.00,0.00,0.00,0.00,0.00,0.00 ,0.00 ,-nan ,-nan ,0.08,0.08,0.01,0.29,0.02,1.00,0.00,0.03,0.96,0.30,0.0008,0.0199,     0,0,0,2.17,97.83,0.00,N/A,1.34,4.56,210.28,0.29,7.34,0.01,0.16,0.00,1.25,0.00,1.00,0.00,0.00,0.59,0.73,0.0002,0.0007,     0,0,0,0.30,99.70,0.00,N/A,0.79,0.63,210.28,1.25,31.15,0.00,0.09,0.04,1.68,0.02,1.00,0.00,0.00,0.98,0.91,0.0000,0.0006,     0,0,0,2.32,97.68,0.00,N/A,8.19,4.86,210.28,1.68,42.09,0.04,0.97,0.00,1.21,0.00,1.00,0.00,0.00,0.61,0.69,0.0003,0.0012,     0,0,0,0.22,99.78,0.00,N/A,0.56,0.46,210.28,1.21,30.36,0.00,0.07,0.00,0.51,0.00,0.95,0.00,0.00,0.74,0.65,0.0011,0.0067,     0,0,0,0.09,99.91,0.00,N/A,0.10,0.19,210.28,0.51,12.83,0.00,0.01,0.00,0.51,0.00,1.00,0.00,0.00,0.84,0.65,0.0009,0.0068,     0,0,0,0.08,99.92,0.00,N/A,0.08,0.17,210.28,0.51,12.76,0.00,0.01,0.00,0.65,0.00,0.95,0.00,0.00,0.76,0.78,0.0006,0.0030,     0,0,0,0.21,99.79,0.00,N/A,0.27,0.41,210.28,0.65,16.31,0.00,0.03,0.00,0.53,0.00,0.84,0.00,0.00,0.83,0.76,0.0004,0.0055,     0,0,0,0.03,99.97,0.00,N/A,0.03,0.05,210.28,0.53,13.14,0.00,0.00,0.01,0.31,0.02,0.79,0.00,0.03,0.96,0.27,0.0009,0.0210,     0,0,0,2.63,97.37,0.00,N/A,1.35,4.36,210.28,0.31,7.75,0.01,0.16,0.00,0.45,0.00,0.85,0.00,0.00,0.79,0.64,0.0011,0.0065,     0,0,0,0.11,99.89,0.00,N/A,0.09,0.20,210.28,0.45,11.27,0.00,0.01,0.00,0.47,0.00,0.52,0.00,0.00,0.67,0.89,0.0005,0.0024,     0,0,0,0.06,99.94,0.00,N/A,0.03,0.07,210.28,0.47,11.65,0.00,0.00,0.00,0.52,0.00,0.86,0.00,0.00,0.84,0.68,0.0008,0.0061,     0,0,0,0.11,99.89,0.00,N/A,0.11,0.20,210.28,0.52,12.92,0.00,0.01,0.00,0.47,0.00,0.65,0.00,0.00,0.91,0.69,0.0004,0.0058,     0,0,0,0.08,99.92,0.00,N/A,0.05,0.11,210.28,0.47,11.73,0.00,0.01,0.00,0.53,0.00,0.85,0.00,0.00,0.84,0.71,0.0008,0.0057,     0,0,0,0.08,99.92,0.00,N/A,0.08,0.15,210.28,0.53,13.15,0.00,0.01,0.00,0.53,0.00,0.83,0.00,0.00,0.86,0.66,0.0008,0.0068,     0,0,0,0.09,99.91,0.00,N/A,0.08,0.16,210.28,0.53,13.18,0.00,0.01,0.00,0.39,0.00,0.60,0.00,0.00,0.68,0.91,0.0004,0.0016,     0,0,0,0.04,99.96,0.00,N/A,0.02,0.05,210.28,0.39,9.71,0.00,0.00,
2024-03-21,21:06:45.582,0.00,0.69,0.00,0.88,0.00,0.06,0.93,0.51,0.0004,0.0058,0.00,0.00,-2147483648,0.00,0.00,10.72,15.50,210.08,0.69,17.30,0.00,0.08,0.38,0.25,1.59,0.52,99.48,0.00,100.00,0.00,0.00,0.00,0.00,-nan,0.08,0.01,0.88,0.01,0.95,0.00,0.03,0.93,0.61,0.0002,0.0035,     0,0,0,0.00,0.00,-2147483648,0.00,0.00,N/A,8.94,10.17,210.08,0.88,21.98,0.01,0.13,0.00,0.34,0.00,0.77,0.00,0.03,0.94,0.34,0.0011,0.0172,     0,0,0,0.00,0.00,-2147483648,0.00,0.00,N/A,1.79,5.33,210.08,0.34,8.38,0.00,0.03,0.07,0.09,  0%,  0%,0.12,0.09,  0%,  0%,0.16,0.59,  0%,  0%,0.44,0.39,  0%,  0%,0.64,99.36,0.00,100.00,0.00,0.00,0.41,99.59,0.00,100.00,0.00,0.00,0.00,0.00,0.00 ,0.00 ,-nan ,-nan ,0.08,0.08,0.01,0.29,0.02,1.00,0.00,0.03,0.96,0.29,0.0008,0.0201,     0,0,0,2.17,97.83,0.00,N/A,1.34,4.56,210.08,0.29,7.33,0.01,0.16,0.00,0.31,0.00,0.96,0.00,0.00,0.31,0.70,0.0014,0.0031,     0,0,0,0.21,99.79,0.00,N/A,0.13,0.41,210.08,0.31,7.67,0.00,0.02,0.03,1.69,0.02,0.89,0.00,0.00,0.97,0.95,0.0000,0.0003,     0,0,0,1.76,98.24,0.00,N/A,5.62,3.32,210.08,1.69,42.34,0.03,0.67,0.00,0.72,0.00,0.95,0.00,0.00,0.70,0.68,0.0007,0.0032,     0,0,0,0.11,99.89,0.00,N/A,0.16,0.22,210.08,0.72,17.98,0.00,0.02,0.00,0.43,0.00,0.95,0.00,0.00,0.64,0.68,0.0016,0.0053,     0,0,0,0.10,99.90,0.00,N/A,0.09,0.20,210.08,0.43,10.75,0.00,0.01,0.01,1.43,0.00,0.98,0.00,0.00,0.53,0.66,0.0002,0.0005,     0,0,0,0.44,99.56,0.00,N/A,1.31,0.91,210.08,1.43,35.83,0.01,0.16,0.00,0.58,0.00,0.96,0.00,0.00,0.50,0.77,0.0011,0.0030,     0,0,0,0.24,99.76,0.00,N/A,0.28,0.49,210.08,0.58,14.39,0.00,0.03,0.00,0.37,0.00,0.88,0.00,0.00,0.90,0.89,0.0002,00.0008,0.005,0.31,0.0,99.97,0.00,N/A,0.02,0.05,210.08,0.37,9.13,0.00,0.00,0.01,0.31,0.02,0.82,0.00,0.03,0.96,0.27,0.0009,0.0208,     0,0,0,2.59,97.41,0.00,N/A,1.38,4.44,210.08,0.31,7.79,0.01,0.16,0.00,0.41,0.00,0.78,0.00,0.00,0.47,0.64,0.0029,0.0064,     0,0,0,0.15,99.85,0.00,N/A,0.10,0.25,210.08,0.41,10.20,0.00,0.01,0.00,0.40,0.00,0.52,0.00,0.00,0.81,0.89,0.0003,0.0021,     0,0,0,0.05,99.95,0.00,N/A,0.02,0.05,210.08,0.40,10.03,0.00,0.00,0.00,0.44,0.00,0.72,0.00,0.00,0.67,0.66,0.0019,0.0061,     0,0,0,0.16,99.84,0.00,N/A,0.11,0.24,210.08,0.44,11.03,0.00,0.01,0.00,0.48,0.00,0.44,0.00,0.00,0.76,0.68,0.0015,0.0068,     0,0,0,0.11,99.89,0.00,N/A,0.05,0.11,210.08,0.48,12.03,0.00,0.01,0.00,0.37,0.00,0.61,0.00,0.00,0.62,0.84,0.0011,0.0030,     0,0,0,0.05,99.95,0.00,N/A,0.02,0.06,210.08,0.37,9.18,0.00,0.00,0.00,0.36,0.00,0.61,0.00,0.00,0.76,0.89,0.0004,0.0020,     0,0,0,0.04,99.96,0.00,N/A,0.02,0.06,210.08,0.36,9.07,0.00,0.00,0.00,0.66,0.00,0.42,0.00,0.00,0.55,0.85,0.0008,0.0020,     0,0,0,0.14,99.86,0.00,N/A,0.08,0.12,210.08,0.66,16.43,0.00,0.01,
2024-03-21,21:06:45.681,0.01,0.92,0.01,0.92,0.00,0.07,0.93,0.62,0.0003,0.0038,0.00,0.00,-2147483648,0.00,0.00,18.23,19.85,209.66,0.92,22.95,0.01,0.14,0.53,0.23,1.84,0.64,99.36,0.00,100.00,0.00,0.00,0.00,0.00,-nan,0.08,0.01,1.11,0.01,0.98,0.00,0.04,0.92,0.72,0.0002,0.0023,     0,0,0,0.00,0.00,-2147483648,0.00,0.00,N/A,16.35,14.68,209.66,1.11,27.85,0.01,0.24,0.00,0.36,0.00,0.78,0.00,0.03,0.94,0.35,0.0009,0.0168,     0,0,0,0.00,0.00,-2147483648,0.00,0.00,N/A,1.88,5.18,209.66,0.36,9.07,0.00,0.03,0.19,0.10,  0%,  0%,0.15,0.08,  0%,  0%,0.18,1.05,  0%,  1%,0.41,0.21,  0%,  0%,0.89,99.11,0.00,100.00,0.00,0.00,0.39,99.61,0.00,100.00,0.00,0.00,0.00,0.00,0.00 ,0.00 ,-nan ,-nan ,0.08,0.08,0.01,0.31,0.02,0.96,0.00,0.03,0.96,0.30,0.0008,0.0202,     0,0,0,2.12,97.88,0.00,N/A,1.31,4.27,209.66,0.31,7.67,0.01,0.16,0.01,1.40,0.01,1.00,0.00,0.00,0.89,0.82,0.0001,0.0011,     0,0,0,0.84,99.16,0.00,N/A,2.45,1.75,209.66,1.40,34.96,0.01,0.29,0.04,1.65,0.03,1.00,0.00,0.00,0.97,0.92,0.0000,0.0005,     0,0,0,2.56,97.44,0.00,N/A,8.82,5.34,209.66,1.65,41.33,0.04,1.06,0.00,0.42,0.00,1.00,0.00,0.00,0.37,0.57,0.0032,0.0063,     0,0,0,0.36,99.64,0.00,N/A,0.32,0.75,209.66,0.42,10.53,0.00,0.04,0.01,1.65,0.01,0.99,0.00,0.00,0.86,0.95,0.0000,0.0003,     0,0,0,0.86,99.14,0.00,N/A,2.98,1.80,209.66,1.65,41.32,0.01,0.36,0.00,0.45,0.00,1.00,0.00,0.00,0.72,0.61,0.0016,0.0073,     0,0,0,0.12,99.88,0.00,N/A,0.11,0.25,209.66,0.45,11.20,0.00,0.01,0.00,0.71,0.00,0.93,0.00,0.00,0.53,0.72,0.0005,0.0023,     0,0,0,0.24,99.76,0.00,N/A,0.33,0.46,209.66,0.71,17.75,0.00,0.04,0.00,0.47,0.00,0.83,0.00,0.00,0.96,0.90,0.0001,0.0017,     0,0,0,0.02,99.98,0.00,N/A,0.02,0.04,209.66,0.47,11.82,0.00,0.00,0.01,0.33,0.02,0.79,0.00,0.03,0.96,0.27,0.0008,0.0211,     0,0,0,2.42,97.58,0.00,N/A,1.34,4.02,209.66,0.33,8.36,0.01,0.16,0.00,0.44,0.00,0.69,0.00,0.00,0.60,0.70,0.0021,0.0056,     0,0,0,0.08,99.92,0.00,N/A,0.05,0.12,209.66,0.44,10.98,0.00,0.01,0.00,0.36,0.00,0.50,0.00,0.00,0.64,0.92,0.0005,0.0015,     0,0,0,0.05,99.95,0.00,N/A,0.02,0.05,209.66,0.36,8.96,0.00,0.00,0.00,0.48,0.00,0.70,0.00,0.00,0.86,0.70,0.0008,0.0061,     0,0,0,0.08,99.92,0.00,N/A,0.05,0.11,209.66,0.48,11.91,0.00,0.01,0.00,0.47,0.00,0.77,0.00,0.00,0.80,0.63,0.0012,0.0069,     0,0,0,0.10,99.90,0.00,N/A,0.08,0.17,209.66,0.47,11.81,0.00,0.01,0.00,0.48,0.00,0.89,0.00,0.00,0.73,0.63,0.0014,0.0059,     0,0,0,0.26,99.74,0.00,N/A,0.23,0.49,209.66,0.48,11.93,0.00,0.03,0.00,0.47,0.00,0.74,0.00,0.00,0.82,0.65,0.0011,0.0066,     0,0,0,0.11,99.89,0.00,N/A,0.08,0.17,209.66,0.47,11.78,0.00,0.01,0.00,0.37,0.00,0.47,0.00,0.00,0.69,0.89,0.0006,0.0021,     0,0,0,0.05,99.95,0.00,N/A,0.02,0.05,209.66,0.37,9.19,0.00,0.00,
2024-03-21,21:06:45.782,0.00,0.64,0.00,0.83,0.00,0.06,0.94,0.49,0.0004,0.0070,0.00,0.00,-2147483648,0.00,0.00,8.97,14.10,210.07,0.64,15.91,0.00,0.07,0.42,0.46,4.13,0.51,99.49,0.00,100.00,0.00,0.00,0.00,0.00,-nan,0.08,0.00,0.71,0.01,0.91,0.00,0.03,0.94,0.57,0.0003,0.0051,     0,0,0,0.00,0.00,-2147483648,0.00,0.00,N/A,6.29,8.87,210.07,0.71,17.72,0.00,0.09,0.00,0.51,0.00,0.71,0.00,0.03,0.94,0.35,0.0006,0.0114,     0,0,0,0.00,0.00,-2147483648,0.00,0.00,N/A,2.68,5.22,210.07,0.51,12.83,0.00,0.04,0.07,0.15,  0%,  0%,0.13,0.07,  0%,  0%,0.28,0.43,  0%,  0%,1.68,1.74,  1%,  1%,0.58,99.42,0.00,100.00,0.00,0.00,0.44,99.56,0.00,100.00,0.00,0.00,0.00,0.00,0.00 ,0.00 ,-nan ,-nan ,0.08,0.07,0.01,0.29,0.02,0.91,0.00,0.03,0.96,0.30,0.0008,0.0197,     0,0,0,2.47,97.53,0.00,N/A,1.36,4.70,210.07,0.29,7.21,0.01,0.16,0.00,0.57,0.00,1.00,0.00,0.00,0.64,0.66,0.0005,0.0019,     0,0,0,0.36,99.64,0.00,N/A,0.43,0.76,210.07,0.57,14.30,0.00,0.05,0.00,0.49,0.00,1.00,0.00,0.00,0.76,0.62,0.0012,0.0069,     0,0,0,0.10,99.90,0.00,N/A,0.10,0.20,210.07,0.49,12.18,0.00,0.01,0.00,0.50,0.00,0.99,0.00,0.00,0.66,0.64,0.0016,0.0069,     0,0,0,0.11,99.89,0.00,N/A,0.11,0.22,210.07,0.50,12.39,0.00,0.01,0.02,1.66,0.01,0.88,0.00,0.00,0.96,0.94,0.0000,0.0004,     0,0,0,1.26,98.74,0.00,N/A,3.92,2.36,210.07,1.66,41.61,0.02,0.46,0.00,0.54,0.00,0.98,0.00,0.00,0.86,0.65,0.0007,0.0067,     0,0,0,0.10,99.90,0.00,N/A,0.12,0.21,210.07,0.54,13.54,0.00,0.01,0.00,0.60,0.00,0.90,0.00,0.00,0.69,0.79,0.0007,0.0028,     0,0,0,0.20,99.80,0.00,N/A,0.22,0.37,210.07,0.60,15.12,0.00,0.03,0.00,0.52,0.00,1.00,0.00,0.00,0.99,0.77,0.0000,0.0052,     0,0,0,0.03,99.97,0.00,N/A,0.03,0.05,210.07,0.52,13.04,0.00,0.00,0.01,0.35,0.02,0.70,0.00,0.03,0.97,0.27,0.0007,0.0214,     0,0,0,2.49,97.51,0.00,N/A,1.30,3.68,210.07,0.35,8.83,0.01,0.15,0.00,1.24,0.00,0.94,0.00,0.00,0.33,0.55,0.0005,0.0008,     0,0,0,0.43,99.57,0.00,N/A,1.04,0.84,210.07,1.24,30.90,0.00,0.12,0.00,0.46,0.00,0.49,0.00,0.00,0.46,0.91,0.0005,0.0017,     0,0,0,0.06,99.94,0.00,N/A,0.03,0.06,210.07,0.46,11.50,0.00,0.00,0.00,0.48,0.00,0.77,0.00,0.00,0.85,0.69,0.0008,0.0060,     0,0,0,0.10,99.90,0.00,N/A,0.08,0.16,210.07,0.48,11.93,0.00,0.01,0.00,0.53,0.00,0.77,0.00,0.00,0.84,0.66,0.0009,0.0064,     0,0,0,0.13,99.87,0.00,N/A,0.11,0.21,210.07,0.53,13.21,0.00,0.01,0.00,0.49,0.00,0.44,0.00,0.00,0.79,0.72,0.0009,0.0057,     0,0,0,0.12,99.88,0.00,N/A,0.05,0.11,210.07,0.49,12.26,0.00,0.01,0.00,0.48,0.00,0.43,0.00,0.00,0.80,0.72,0.0010,0.0054,     0,0,0,0.12,99.88,0.00,N/A,0.05,0.11,210.07,0.48,11.93,0.00,0.01,0.00,0.35,0.00,0.46,0.00,0.00,0.79,0.91,0.0003,0.0017,     0,0,0,0.06,99.94,0.00,N/A,0.02,0.05,210.07,0.35,8.75,0.00,0.00,
2024-03-21,21:06:45.882,0.00,0.59,0.00,0.85,0.00,0.06,0.94,0.48,0.0004,0.0075,0.00,0.00,-2147483648,0.00,0.00,8.37,14.14,210.50,0.59,14.79,0.00,0.06,0.34,0.33,1.03,0.49,99.51,0.00,100.00,0.00,0.00,0.00,0.00,-nan,0.09,0.00,0.71,0.01,0.98,0.00,0.03,0.93,0.56,0.0003,0.0049,     0,0,0,0.00,0.00,-2147483648,0.00,0.00,N/A,6.66,9.42,210.50,0.71,17.67,0.00,0.10,0.00,0.36,0.00,0.68,0.00,0.03,0.95,0.35,0.0008,0.0177,     0,0,0,0.00,0.00,-2147483648,0.00,0.00,N/A,1.71,4.72,210.50,0.36,9.05,0.00,0.03,0.07,0.10,  0%,  0%,0.12,0.05,  0%,  0%,0.16,0.28,  0%,  0%,0.39,0.20,  0%,  0%,0.57,99.43,0.00,100.00,0.00,0.00,0.42,99.58,0.00,100.00,0.00,0.00,0.00,0.00,0.00 ,0.00 ,-nan ,-nan ,0.10,0.08,0.01,0.28,0.02,1.00,0.00,0.03,0.95,0.30,0.0009,0.0193,     0,0,0,2.40,97.60,0.00,N/A,1.39,5.06,210.50,0.28,6.88,0.01,0.17,0.00,1.02,0.00,0.99,0.00,0.00,0.68,0.65,0.0002,0.0010,     0,0,0,0.46,99.54,0.00,N/A,0.98,0.96,210.50,1.02,25.50,0.00,0.12,0.00,0.50,0.00,1.00,0.00,0.00,0.75,0.62,0.0012,0.0067,     0,0,0,0.11,99.89,0.00,N/A,0.12,0.24,210.50,0.50,12.42,0.00,0.01,0.00,0.48,0.00,0.96,0.00,0.00,0.63,0.63,0.0020,0.0072,     0,0,0,0.14,99.86,0.00,N/A,0.14,0.29,210.50,0.48,12.10,0.00,0.02,0.02,1.63,0.01,0.95,0.00,0.00,0.92,0.92,0.0000,0.0005,     0,0,0,1.13,98.87,0.00,N/A,3.67,2.26,210.50,1.63,40.63,0.02,0.44,0.00,0.48,0.00,0.96,0.00,0.00,0.78,0.62,0.0012,0.0073,     0,0,0,0.14,99.86,0.00,N/A,0.14,0.29,210.50,0.48,12.11,0.00,0.02,0.00,0.68,0.00,0.88,0.00,0.00,0.78,0.88,0.0002,0.0012,     0,0,0,0.15,99.85,0.00,N/A,0.19,0.27,210.50,0.68,16.97,0.00,0.02,0.00,0.56,0.00,0.85,0.00,0.00,0.89,0.78,0.0004,0.0048,     0,0,0,0.03,99.97,0.00,N/A,0.03,0.05,210.50,0.56,14.06,0.00,0.00,0.01,0.33,0.02,0.72,0.00,0.03,0.96,0.27,0.0008,0.0215,     0,0,0,2.57,97.43,0.00,N/A,1.30,3.92,210.50,0.33,8.29,0.01,0.15,0.00,0.49,0.00,0.43,0.00,0.00,0.55,0.74,0.00.0006,0.001,0.01,0.0,0.10,99.90,0.00,N/A,0.04,0.09,210.50,0.49,12.16,0.00,0.01,0.00,0.46,0.00,0.45,0.00,0.00,0.75,0.91,0.0003,0.0017,     0,0,0,0.06,99.94,0.00,N/A,0.03,0.06,210.50,0.46,11.46,0.00,0.00,0.00,0.50,0.00,0.42,0.00,0.00,0.80,0.74,0.0007,0.0056,     0,0,0,0.10,99.90,0.00,N/A,0.05,0.09,210.50,0.50,12.48,0.00,0.01,0.00,0.59,0.00,0.41,0.00,0.00,0.84,0.66,0.0009,0.0067,     0,0,0,0.22,99.78,0.00,N/A,0.11,0.19,210.50,0.59,14.67,0.00,0.01,0.00,0.51,0.00,0.74,0.00,0.00,0.81,0.71,0.0009,0.0056,     0,0,0,0.10,99.90,0.00,N/A,0.08,0.16,210.50,0.51,12.84,0.00,0.01,0.00,0.50,0.00,0.75,0.00,0.00,0.89,0.65,0.0007,0.0065,     0,0,0,0.10,99.90,0.00,N/A,0.08,0.16,210.50,0.50,12.38,0.00,0.01,0.00,0.39,0.00,0.44,0.00,0.00,0.71,0.81,0.0005,0.0038,     0,0,0,0.07,99.93,0.00,N/A,0.02,0.06,210.50,0.39,9.82,0.00,0.00,
2024-03-21,21:06:45.981,0.01,0.93,0.01,0.87,0.00,0.06,0.94,0.62,0.0002,0.0035,0.00,0.00,-2147483648,0.00,0.00,18.33,19.78,209.53,0.93,23.17,0.01,0.14,1.14,1.78,2.16,0.68,99.32,0.00,100.00,0.00,0.00,0.00,0.00,-nan,0.08,0.01,1.14,0.01,0.89,0.00,0.03,0.93,0.72,0.0001,0.0021,     0,0,0,0.00,0.00,-2147483648,0.00,0.00,N/A,16.55,14.54,209.53,1.14,28.46,0.01,0.25,0.00,0.34,0.00,0.81,0.00,0.03,0.94,0.35,0.0009,0.0171,     0,0,0,0.00,0.00,-2147483648,0.00,0.00,N/A,1.78,5.24,209.53,0.34,8.51,0.00,0.03,0.23,0.29,  0%,  0%,0.35,0.27,  0%,  0%,0.33,0.32,  0%,  0%,0.80,0.71,  0%,  0%,0.98,99.02,0.00,100.00,0.00,0.00,0.38,99.62,0.00,100.00,0.00,0.00,0.00,0.00,0.00 ,0.00 ,-nan ,-nan ,0.08,0.09,0.01,0.29,0.02,0.92,0.00,0.03,0.96,0.30,0.0009,0.0197,     0,0,0,2.47,97.53,0.00,N/A,1.36,4.75,209.53,0.29,7.18,0.01,0.16,0.01,1.43,0.00,0.98,0.00,0.00,0.65,0.69,0.0001,0.0005,     0,0,0,0.46,99.54,0.00,N/A,1.34,0.94,209.53,1.43,35.64,0.01,0.16,0.01,1.40,0.00,1.00,0.00,0.00,0.69,0.65,0.0002,0.0007,     0,0,0,0.46,99.54,0.00,N/A,1.36,0.97,209.53,1.40,35.08,0.01,0.16,0.00,0.60,0.00,0.44,0.00,0.00,0.48,0.58,0.0023,0.0054,     0,0,0,0.43,99.57,0.00,N/A,0.24,0.40,209.53,0.60,15.06,0.00,0.03,0.06,1.72,0.03,0.90,0.00,0.00,0.98,0.95,0.0000,0.0003,     0,0,0,3.67,96.33,0.00,N/A,11.91,6.92,209.53,1.72,43.03,0.06,1.42,0.00,0.49,0.00,0.81,0.00,0.00,0.92,0.70,0.0003,0.0059,     0,0,0,0.06,99.94,0.00,N/A,0.05,0.10,209.53,0.49,12.16,0.00,0.01,0.00,0.63,0.00,0.85,0.00,0.00,0.78,0.76,0.0006,0.0033,     0,0,0,0.23,99.77,0.00,N/A,0.26,0.41,209.53,0.63,15.71,0.00,0.03,0.00,0.51,0.00,1.00,0.00,0.00,0.94,0.81,0.0002,0.0037,     0,0,0,0.02,99.98,0.00,N/A,0.02,0.05,209.53,0.51,12.77,0.00,0.00,0.01,0.31,0.02,0.85,0.00,0.03,0.96,0.28,0.0009,0.0203,     0,0,0,2.50,97.50,0.00,N/A,1.40,4.47,209.53,0.31,7.84,0.01,0.17,0.00,0.51,0.00,0.76,0.00,0.00,0.57,0.65,0.0022,0.0062,     0,0,0,0.15,99.85,0.00,N/A,0.12,0.24,209.53,0.51,12.78,0.00,0.01,0.00,0.42,0.00,0.54,0.00,0.00,0.90,0.91,0.0001,0.0018,     0,0,0,0.04,99.96,0.00,N/A,0.02,0.05,209.53,0.42,10.42,0.00,0.00,0.00,0.55,0.00,0.70,0.00,0.00,0.87,0.65,0.0007,0.0066,     0,0,0,0.16,99.84,0.00,N/A,0.13,0.24,209.53,0.55,13.71,0.00,0.02,0.00,0.46,0.00,0.47,0.00,0.00,0.71,0.78,0.0010,0.0048,     0,0,0,0.07,99.93,0.00,N/A,0.03,0.07,209.53,0.46,11.44,0.00,0.00,0.00,0.46,0.00,0.55,0.00,0.00,0.78,0.80,0.0004,0.0047,     0,0,0,0.05,99.95,0.00,N/A,0.03,0.06,209.53,0.46,11.53,0.00,0.00,0.00,0.44,0.00,0.53,0.00,0.00,0.69,0.84,0.0006,0.0035,     0,0,0,0.05,99.95,0.00,N/A,0.02,0.06,209.53,0.44,10.97,0.00,0.00,0.00,0.41,0.00,0.56,0.00,0.00,0.48,0.90,0.0007,0.0020,     0,0,0,0.04,99.96,0.00,N/A,0.02,0.05,209.53,0.41,10.22,0.00,0.00,
2024-03-21,21:06:46.082,0.00,0.81,0.01,0.87,0.00,0.06,0.94,0.51,0.0003,0.0047,0.00,0.00,-2147483648,0.00,0.00,13.65,16.96,209.95,0.81,20.13,0.00,0.10,0.77,0.54,2.65,0.58,99.42,0.00,100.00,0.00,0.00,0.00,0.00,-nan,0.08,0.01,1.01,0.01,0.93,0.00,0.03,0.93,0.60,0.0002,0.0029,     0,0,0,0.00,0.00,-2147483648,0.00,0.00,N/A,11.89,11.75,209.95,1.01,25.29,0.01,0.18,0.00,0.34,0.00,0.76,0.00,0.03,0.94,0.35,0.0010,0.0171,     0,0,0,0.00,0.00,-2147483648,0.00,0.00,N/A,1.77,5.21,209.95,0.34,8.47,0.00,0.03,0.06,0.09,  0%,  0%,0.32,0.30,  0%,  0%,0.15,0.28,  0%,  0%,1.24,0.98,  1%,  0%,0.75,99.25,0.00,100.00,0.00,0.00,0.41,99.59,0.00,100.00,0.00,0.00,0.00,0.00,0.00 ,0.00 ,-nan ,-nan ,0.08,0.08,0.01,0.29,0.02,0.85,0.00,0.03,0.95,0.30,0.0009,0.0200,     0,0,0,2.58,97.42,0.00,N/A,1.35,4.61,209.95,0.29,7.31,0.01,0.16,0.01,1.43,0.00,1.00,0.00,0.00,0.62,0.69,0.0001,0.0005,     0,0,0,0.44,99.56,0.00,N/A,1.32,0.92,209.95,1.43,35.84,0.01,0.16,0.01,1.41,0.01,0.99,0.00,0.00,0.66,0.63,0.0001,0.0006,     0,0,0,0.63,99.37,0.00,N/A,1.86,1.32,209.95,1.41,35.28,0.01,0.22,0.01,1.48,0.00,1.00,0.00,0.00,0.69,0.61,0.0001,0.0006,     0,0,0,0.41,99.59,0.00,N/A,1.26,0.85,209.95,1.48,37.00,0.01,0.15,0.03,1.67,0.02,1.00,0.00,0.00,0.97,0.91,0.0000,0.0005,     0,0,0,1.65,98.35,0.00,N/A,5.76,3.46,209.95,1.67,41.64,0.03,0.69,0.00,0.53,0.00,0.98,0.00,0.00,0.87,0.66,0.0006,0.0065,     0,0,0,0.07,99.93,0.00,N/A,0.08,0.15,209.95,0.53,13.29,0.00,0.01,0.00,0.60,0.00,1.00,0.00,0.00,0.77,0.74,0.0007,0.0037,     0,0,0,0.19,99.81,0.00,N/A,0.24,0.40,209.95,0.60,14.99,0.00,0.03,0.00,0.47,0.00,0.81,0.00,0.00,1.00,0.84,0.0000,0.0032,     0,0,0,0.03,99.97,0.00,N/A,0.02,0.05,209.95,0.47,11.87,0.00,0.00,0.01,0.32,0.02,0.78,0.00,0.03,0.96,0.28,0.0009,0.0203,     0,0,0,2.71,97.29,0.00,N/A,1.40,4.42,209.95,0.32,7.92,0.01,0.17,0.00,0.48,0.00,0.81,0.00,0.00,0.52,0.65,0.0025,0.0058,     0,0,0,0.13,99.87,0.00,N/A,0.11,0.22,209.95,0.48,11.91,0.00,0.01,0.00,0.39,0.00,0.50,0.00,0.00,0.54,0.92,0.0006,0.0015,     0,0,0,0.05,99.95,0.00,N/A,0.02,0.05,209.95,0.39,9.64,0.00,0.00,0.00,0.53,0.00,0.78,0.00,0.00,0.84,0.68,0.0009,0.0061,     0,0,0,0.13,99.87,0.00,N/A,0.11,0.21,209.95,0.53,13.35,0.00,0.01,0.00,0.45,0.00,0.74,0.00,0.00,0.79,0.76,0.0009,0.0041,     0,0,0,0.09,99.91,0.00,N/A,0.06,0.14,209.95,0.45,11.19,0.00,0.01,0.00,0.40,0.00,0.54,0.00,0.00,0.69,0.90,0.0005,0.0020,     0,0,0,0.05,99.95,0.00,N/A,0.02,0.05,209.95,0.40,10.11,0.00,0.00,0.00,0.36,0.00,0.54,0.00,0.00,0.76,0.89,0.0004,0.0021,     0,0,0,0.05,99.95,0.00,N/A,0.02,0.05,209.95,0.36,9.09,0.00,0.00,0.00,0.38,0.00,0.54,0.00,0.00,0.80,0.91,0.0003,0.0016,     0,0,0,0.04,99.96,0.00,N/A,0.02,0.05,209.95,0.38,9.62,0.00,0.00,
2024-03-21,21:06:46.182,0.01,0.87,0.01,0.95,0.00,0.07,0.94,0.59,0.0002,0.0038,0.00,0.00,-2147483648,0.00,0.00,17.41,20.03,210.57,0.87,21.72,0.01,0.13,0.55,0.28,1.96,0.63,99.37,0.00,100.00,0.00,0.00,0.00,0.00,-nan,0.08,0.01,1.06,0.01,1.00,0.00,0.04,0.94,0.69,0.0001,0.0023,     0,0,0,0.00,0.00,-2147483648,0.00,0.00,N/A,15.54,14.60,210.57,1.06,26.62,0.01,0.23,0.00,0.34,0.00,0.84,0.00,0.03,0.94,0.34,0.0009,0.0166,     0,0,0,0.00,0.00,-2147483648,0.00,0.00,N/A,1.86,5.44,210.57,0.34,8.57,0.00,0.03,0.06,0.08,  0%,  0%,0.24,0.17,  0%,  0%,0.13,0.23,  0%,  0%,0.79,0.80,  0%,  0%,0.87,99.13,0.00,100.00,0.00,0.00,0.39,99.61,0.00,100.00,0.00,0.00,0.00,0.00,0.00 ,0.00 ,-nan ,-nan ,0.08,0.08,0.01,0.29,0.02,1.00,0.00,0.03,0.96,0.30,0.0009,0.0200,     0,0,0,2.17,97.83,0.00,N/A,1.34,4.57,210.57,0.29,7.31,0.01,0.16,0.01,1.65,0.01,1.00,0.00,0.00,0.61,0.74,0.0001,0.0002,     0,0,0,0.65,99.35,0.00,N/A,2.24,1.36,210.57,1.65,41.14,0.01,0.27,0.05,1.67,0.03,1.00,0.00,0.01,0.95,0.91,0.0000,0.0005,     0,0,0,3.10,96.90,0.00,N/A,10.92,6.54,210.57,1.67,41.78,0.05,1.29,0.00,0.52,0.00,1.00,0.00,0.00,0.67,0.63,0.0015,0.0072,     0,0,0,0.09,99.91,0.00,N/A,0.10,0.19,210.57,0.52,13.07,0.00,0.01,0.00,0.39,0.00,1.00,0.00,0.00,0.74,0.90,0.0003,0.0018,     0,0,0,0.49,99.51,0.00,N/A,0.40,1.04,210.57,0.39,9.64,0.00,0.05,0.00,0.69,0.00,1.00,0.00,0.00,0.90,0.66,0.0002,0.0031,     0,0,0,0.15,99.85,0.00,N/A,0.22,0.32,210.57,0.69,17.33,0.00,0.03,0.00,0.57,0.00,1.00,0.00,0.00,0.71,0.78,0.0006,0.0027,     0,0,0,0.26,99.74,0.00,N/A,0.31,0.54,210.57,0.57,14.30,0.00,0.04,0.00,0.44,0.00,0.72,0.00,0.00,0.85,0.91,0.0002,0.0018,     0,0,0,0.03,99.97,0.00,N/A,0.02,0.05,210.57,0.44,11.11,0.00,0.00,0.01,0.32,0.02,0.85,0.00,0.03,0.96,0.27,0.0009,0.0200,     0,0,0,2.53,97.47,0.00,N/A,1.43,4.54,210.57,0.32,7.89,0.01,0.17,0.00,0.47,0.00,0.90,0.00,0.00,0.65,0.67,0.0016,0.0060,     0,0,0,0.09,99.91,0.00,N/A,0.08,0.18,210.57,0.47,11.87,0.00,0.01,0.00,0.44,0.00,0.72,0.00,0.00,0.36,0.77,0.0011,0.0029,     0,0,0,0.09,99.91,0.00,N/A,0.06,0.14,210.57,0.44,11.07,0.00,0.01,0.00,0.52,0.00,0.87,0.00,0.000.0006,0.00313.75,0.00,0,     0,0,0,0.09,99.91,0.00,N/A,0.08,0.,209.97,0.44,10.94,0.00,0.01,0.00,0.54,0.00,0.83,0.00,0.00,0.83,0.50,0.0011,0.0074,     0,0,0,0.27,99.73,0.00,N/A,0.25,0.47,209.97,0.54,13.54,0.00,0.03,
2024-03-21,21:06:46.189,0.01,0.88,0.01,0.88,0.01,0.07,0.92,0.61,0.0003,0.0040,0.00,0.00,-2147483648,0.00,0.00,17.61,19.99,210.26,0.88,22.02,0.01,0.13,1.01,0.48,3.96,0.68,99.32,0.00,100.00,0.00,0.00,0.00,0.00,-nan,0.08,0.01,1.10,0.01,0.91,0.00,0.04,0.92,0.70,0.0002,0.0025,     0,0,0,0.00,0.00,-2147483648,0.00,0.00,N/A,15.59,14.12,210.26,1.10,27.61,0.01,0.23,0.00,0.34,0.00,0.81,0.00,0.03,0.91,0.35,0.0013,0.0157,     0,0,0,0.00,0.00,-2147483648,0.00,0.00,N/A,2.01,5.87,210.26,0.34,8.58,0.00,0.03,0.27,0.29,  0%,  0%,0.23,0.22,  0%,  0%,0.60,0.71,  0%,  0%,1.39,1.25,  1%,  1%,0.92,99.08,0.00,100.00,0.00,0.00,0.43,99.57,0.00,100.00,0.00,0.00,0.00,0.00,0.00 ,0.00 ,-nan ,-nan ,0.10,0.07,0.01,0.32,0.02,0.93,0.00,0.03,0.94,0.26,0.0012,0.0194,     0,0,0,2.54,97.46,0.00,N/A,1.56,4.95,210.26,0.32,7.89,0.01,0.19,0.00,1.18,0.00,0.97,0.00,0.00,0.39,0.66,0.0003,0.0009,     0,0,0,0.21,99.79,0.00,N/A,0.52,0.44,210.26,1.18,29.59,0.00,0.06,0.06,1.70,0.03,0.90,0.00,0.01,0.94,0.93,0.0000,0.0004,     0,0,0,3.76,96.24,0.00,N/A,12.11,7.12,210.26,1.70,42.51,0.06,1.44,0.00,1.28,0.00,0.98,0.00,0.00,0.69,0.92,0.0003,0.0012,     0,0,0,0.30,99.70,0.00,N/A,0.78,0.61,210.26,1.28,31.96,0.00,0.09,0.00,0.40,0.00,0.91,0.00,0.00,0.79,0.66,0.0012,0.0066,     0,0,0,0.06,99.94,0.00,N/A,0.05,0.12,210.26,0.40,10.09,0.00,0.01,0.00,0.53,0.00,0.94,0.00,0.00,0.84,0.72,0.0004,0.0035,     0,0,0,0.09,99.91,0.00,N/A,0.10,0.18,210.26,0.53,13.23,0.00,0.01,0.00,0.72,0.00,1.00,0.00,0.00,0.42,0.76,0.0003,0.0020,     0,0,0,0.22,99.78,0.00,N/A,0.33,0.47,210.26,0.72,17.96,0.00,0.04,0.00,0.61,0.00,0.68,0.00,0.00,0.72,0.57,0.0016,0.0073,     0,0,0,0.17,99.83,0.00,N/A,0.15,0.24,210.26,0.61,15.33,0.00,0.02,0.01,0.31,0.02,0.85,0.00,0.03,0.96,0.28,0.0008,0.0204,     0,0,0,2.46,97.54,0.00,N/A,1.36,4.38,210.26,0.31,7.79,0.01,0.16,0.00,0.48,0.00,0.73,0.00,0.00,0.60,0.70,0.0019,0.0056,     0,0,0,0.11,99.89,0.00,N/A,0.08,0.17,210.26,0.48,12.08,0.00,0.01,0.00,0.38,0.00,0.44,0.00,0.00,0.61,0.90,0.0006,0.0019,     0,0,0,0.06,99.94,0.00,N/A,0.02,0.06,210.26,0.38,9.41,0.00,0.00,0.00,0.55,0.00,0.46,0.00,0.00,0.69,0.74,0.0010,0.0048,     0,0,0,0.11,99.89,0.00,N/A,0.06,0.11,210.26,0.55,13.68,0.00,0.01,0.00,0.33,0.00,0.85,0.00,0.00,0.26,0.51,0.0045,0.0063,     0,0,0,0.39,99.61,0.00,N/A,0.23,0.70,210.26,0.33,8.16,0.00,0.03,0.00,0.47,0.00,0.45,0.00,0.00,0.67,0.81,0.0011,0.0036,     0,0,0,0.09,99.91,0.00,N/A,0.04,0.09,210.26,0.47,11.72,0.00,0.00,0.00,0.46,0.00,0.45,0.00,0.00,0.71,0.78,0.0011,0.0041,     0,0,0,0.09,99.91,0.00,N/A,0.04,0.09,210.26,0.46,11.52,0.00,0.00,0.00,0.63,0.00,0.92,0.00,0.00,0.83,0.55,0.0011,0.0072,     0,0,0,0.15,99.85,0.00,N/A,0.18,0.29,210.26,0.63,15.71,0.00,0.02,
2024-03-21,21:06:46.289,0.00,0.70,0.00,0.89,0.00,0.07,0.93,0.51,0.0004,0.0059,0.00,0.00,-2147483648,0.00,0.00,11.54,16.42,209.68,0.70,17.56,0.00,0.09,0.56,1.22,1.64,0.55,99.45,0.00,100.00,0.00,0.00,0.00,0.00,-nan,0.08,0.01,0.89,0.01,1.00,0.00,0.04,0.92,0.59,0.0003,0.0039,     0,0,0,0.00,0.00,-2147483648,0.00,0.00,N/A,9.65,10.79,209.68,0.89,22.37,0.01,0.14,0.00,0.33,0.00,0.74,0.00,0.03,0.94,0.35,0.0009,0.0163,     0,0,0,0.00,0.00,-2147483648,0.00,0.00,N/A,1.88,5.63,209.68,0.33,8.35,0.00,0.03,0.06,0.07,  0%,  0%,0.27,0.16,  0%,  0%,0.13,0.25,  0%,  0%,0.76,0.51,  1%,  0%,0.65,99.35,0.00,100.00,0.00,0.00,0.45,99.55,0.00,100.00,0.00,0.00,0.00,0.00,0.00 ,0.00 ,-nan ,-nan ,0.08,0.08,0.01,0.31,0.03,1.00,0.00,0.03,0.93,0.27,0.0013,0.0188,     0,0,0,2.53,97.47,0.00,N/A,1.63,5.31,209.68,0.31,7.66,0.01,0.19,0.00,1.30,0.00,0.99,0.00,0.00,0.48,0.64,0.0003,0.0007,     0,0,0,0.26,99.74,0.00,N/A,0.70,0.54,209.68,1.30,32.52,0.00,0.08,0.03,1.67,0.02,1.00,0.00,0.00,0.97,0.90,0.0000,0.0006,     0,0,0,1.96,98.04,0.00,N/A,6.85,4.10,209.68,1.67,41.75,0.03,0.82,0.00,0.41,0.00,0.98,0.00,0.00,0.80,0.67,0.0011,0.0063,     0,0,0,0.07,99.93,0.00,N/A,0.06,0.14,209.68,0.41,10.18,0.00,0.01,0.00,0.46,0.00,0.97,0.00,0.00,0.83,0.72,0.0007,0.0055,     0,0,0,0.05,99.95,0.00,N/A,0.05,0.11,209.68,0.46,11.57,0.00,0.01,0.00,0.46,0.00,0.97,0.00,0.00,0.83,0.72,0.0007,0.0056,     0,0,0,0.05,99.95,0.00,N/A,0.05,0.10,209.68,0.46,11.51,0.00,0.01,0.00,0.74,0.00,0.86,0.00,0.00,0.79,0.95,0.0001,0.0005,     0,0,0,0.11,99.89,0.00,N/A,0.15,0.20,209.68,0.74,18.42,0.00,0.02,0.00,0.61,0.00,1.00,0.00,0.00,0.66,0.53,0.0019,0.0070,     0,0,0,0.14,99.86,0.00,N/A,0.17,0.28,209.68,0.61,15.25,0.00,0.02,0.01,0.31,0.02,0.74,0.00,0.03,0.96,0.28,0.0008,0.0206,     0,0,0,2.74,97.26,0.00,N/A,1.33,4.27,209.68,0.31,7.81,0.01,0.16,0.00,0.46,0.00,0.78,0.00,0.00,0.49,0.71,0.0024,0.0056,     0,0,0,0.10,99.90,0.00,N/A,0.08,0.17,209.68,0.46,11.38,0.00,0.01,0.00,0.43,0.00,0.50,0.00,0.00,0.84,0.81,0.0003,0.0040,     0,0,0,0.06,99.94,0.00,N/A,0.03,0.06,209.68,0.43,10.84,0.00,0.00,0.00,0.47,0.00,0.61,0.00,0.00,0.78,0.75,0.0009,0.0048,     0,0,0,0.10,99.90,0.00,N/A,0.06,0.12,209.68,0.47,11.70,0.00,0.01,0.00,0.44,0.00,0.63,0.00,0.00,0.87,0.73,0.0006,0.0053,     0,0,0,0.08,99.92,0.00,N/A,0.05,0.11,209.68,0.44,10.94,0.00,0.01,0.00,0.48,0.00,0.60,0.00,0.00,0.87,0.73,0.0005,0.0053,     0,0,0,0.08,99.92,0.00,N/A,0.05,0.11,209.68,0.48,11.98,0.00,0.01,0.00,0.43,0.00,0.63,0.00,0.00,0.85,0.71,0.0008,0.0057,     0,0,0,0.08,99.92,0.00,N/A,0.05,0.11,209.68,0.43,10.82,0.00,0.01,0.00,0.35,0.00,0.92,0.00,0.00,0.76,0.48,0.0014,0.0067,     0,0,0,0.36,99.64,0.00,N/A,0.24,0.69,209.68,0.35,8.79,0.00,0.03,
2024-03-21,21:06:46.390,0.00,0.72,0.00,0.89,0.00,0.07,0.94,0.50,0.0004,0.0060,0.00,0.00,-2147483648,0.00,0.00,10.93,15.13,210.16,0.72,18.05,0.00,0.08,0.73,1.15,2.42,0.50,99.50,0.00,100.00,0.00,0.00,0.00,0.00,-nan,0.09,0.01,0.90,0.01,0.98,0.00,0.04,0.93,0.58,0.0002,0.0039,     0,0,0,0.00,0.00,-2147483648,0.00,0.00,N/A,9.19,10.19,210.16,0.90,22.53,0.01,0.14,0.00,0.35,0.00,0.76,0.00,0.03,0.95,0.35,0.0009,0.0170,     0,0,0,0.00,0.00,-2147483648,0.00,0.00,N/A,1.74,4.94,210.16,0.35,8.81,0.00,0.03,0.09,0.11,  0%,  0%,0.29,0.23,  0%,  0%,0.18,0.33,  0%,  0%,0.91,1.00,  1%,  1%,0.62,99.38,0.00,100.00,0.00,0.00,0.39,99.61,0.00,100.00,0.00,0.00,0.00,0.00,0.00 ,0.00 ,-nan ,-nan ,0.08,0.11,0.01,0.32,0.02,1.00,0.00,0.03,0.94,0.27,0.0011,0.0193,     0,0,0,2.30,97.70,0.00,N/A,1.55,4.83,210.16,0.32,8.00,0.01,0.18,0.00,1.32,0.00,0.83,0.00,0.00,0.54,0.66,0.0002,0.0006,     0,0,0,0.42,99.58,0.00,N/A,0.97,0.74,210.16,1.32,32.98,0.00,0.12,0.01,1.61,0.01,0.99,0.00,0.00,0.99,0.85,0.0000,0.0008,     0,0,0,0.84,99.16,0.00,N/A,2.81,1.75,210.16,1.61,40.17,0.01,0.33,0.02,1.64,0.01,0.98,0.00,0.00,0.93,0.95,0.0000,0.0003,     0,0,0,1.00,99.00,0.00,N/A,3.40,2.07,210.16,1.64,40.97,0.02,0.40,0.00,0.47,0.00,0.85,0.00,0.00,0.89,0.72,0.0005,0.0055,     0,0,0,0.06,99.94,0.00,N/A,0.05,0.10,210.16,0.47,11.78,0.00,0.01,0.00,0.47,0.00,0.85,0.00,0.00,0.85,0.72,0.0006,0.0056,     0,0,0,0.06,99.94,0.00,N/A,0.05,0.10,210.16,0.47,11.76,0.00,0.01,0.00,0.67,0.00,1.00,0.00,0.00,0.65,0.93,0.0002,0.0005,     0,0,0,0.14,99.86,0.00,N/A,0.19,0.28,210.16,0.67,16.78,0.00,0.02,0.00,0.56,0.00,0.97,0.00,0.00,0.73,0.54,0.0015,0.0071,     0,0,0,0.16,99.84,0.00,N/A,0.18,0.32,210.16,0.56,14.10,0.00,0.02,0.01,0.32,0.02,0.82,0.00,0.03,0.96,0.28,0.0008,0.0209,     0,0,0,2.39,97.61,0.00,N/A,1.31,4.10,210.16,0.32,7.97,0.01,0.16,0.00,0.49,0.00,0.56,0.00,0.00,0.52,0.72,0.0021,0.0052,     0,0,0,0.14,99.86,0.00,N/A,0.08,0.16,210.16,0.49,12.16,0.00,0.01,0.00,0.39,0.00,0.52,0.00,0.00,0.78,0.92,0.0002,0.0016,     0,0,0,0.05,99.95,0.00,N/A,0.02,0.05,210.16,0.39,9.82,0.00,0.00,0.00,0.54,0.00,0.52,0.00,0.00,0.47,0.66,0.0022,0.0047,     0,0,0,0.17,99.83,0.00,N/A,0.10,0.19,210.16,0.54,13.46,0.00,0.01,0.00,0.47,0.00,0.66,0.00,0.00,0.87,0.73,0.0006,0.0052,     0,0,0,0.07,99.93,0.00,N/A,0.05,0.10,210.16,0.47,11.79,0.00,0.01,0.00,0.47,0.00,0.66,0.00,0.00,0.87,0.74,0.0006,0.0050,     0,0,0,0.07,99.93,0.00,N/A,0.05,0.10,210.16,0.47,11.78,0.00,0.01,0.00,0.45,0.00,0.67,0.00,0.00,0.84,0.70,0.0009,0.0059,     0,0,0,0.08,99.92,0.00,N/A,0.05,0.11,210.16,0.45,11.33,0.00,0.01,0.00,0.69,0.00,0.44,0.00,0.00,0.87,0.58,0.0007,0.0064,     0,0,0,0.15,99.85,0.00,N/A,0.09,0.13,210.16,0.69,17.30,0.00,0.01,
2024-03-21,21:06:40.0004,0.0018, ,209.44,0.4,     0,0,0,0.10,99,0.46,11.57,0.00,0.00,0.00,0.42,0.00,0.56,0.00,0.00,0.89,0.79,0.0002,0.0041,     0,0,0,0.05,99.95,0.00,N/A,0.02,0.05,210.05,0.42,10.46,0.00,0.00,
2024-03-21,21:06:46.577,0.00,0.77,0.01,0.90,0.00,0.07,0.94,0.54,0.0003,0.0052,0.00,0.00,-2147483648,0.00,0.00,12.96,16.88,210.00,0.77,19.19,0.00,0.10,1.53,1.18,3.80,0.56,99.44,0.00,100.00,0.00,0.00,0.00,0.00,-nan,0.09,0.01,0.97,0.01,0.96,0.00,0.03,0.94,0.64,0.0002,0.0032,     0,0,0,0.00,0.00,-2147483648,0.00,0.00,N/A,10.97,11.25,210.00,0.97,24.37,0.01,0.16,0.00,0.35,0.00,0.80,0.00,0.03,0.94,0.35,0.0009,0.0162,     0,0,0,0.00,0.00,-2147483648,0.00,0.00,N/A,1.99,5.63,210.00,0.35,8.84,0.00,0.03,0.21,1.20,  0%,  1%,0.09,0.03,  0%,  0%,1.64,1.77,  1%,  2%,0.23,0.16,  0%,  0%,0.70,99.30,0.00,100.00,0.00,0.00,0.42,99.58,0.00,100.00,0.00,0.00,0.00,0.00,0.00 ,0.00 ,-nan ,-nan ,0.08,0.09,0.01,0.48,0.03,0.92,0.00,0.03,0.95,0.28,0.0005,0.0108,     0,0,0,2.84,97.16,0.00,N/A,2.66,5.48,210.00,0.48,12.12,0.01,0.32,0.00,0.40,0.00,0.95,0.00,0.00,0.72,0.68,0.0010,0.0048,     0,0,0,0.08,99.92,0.00,N/A,0.07,0.17,210.00,0.40,10.12,0.00,0.01,0.01,1.61,0.01,1.00,0.00,0.00,0.88,0.94,0.0000,0.0004,     0,0,0,0.82,99.18,0.00,N/A,2.76,1.72,210.00,1.61,40.18,0.01,0.33,0.02,1.60,0.01,1.00,0.00,0.00,0.88,0.90,0.0001,0.0006,     0,0,0,1.50,98.50,0.00,N/A,5.05,3.15,210.00,1.60,40.09,0.02,0.60,0.00,0.50,0.00,0.94,0.00,0.00,0.86,0.65,0.0008,0.0068,     0,0,0,0.08,99.92,0.00,N/A,0.08,0.16,210.00,0.50,12.49,0.00,0.01,0.00,0.55,0.00,0.96,0.00,0.00,0.86,0.67,0.0007,0.0066,     0,0,0,0.08,99.92,0.00,N/A,0.08,0.15,210.00,0.55,13.70,0.00,0.01,0.00,0.66,0.00,1.00,0.00,0.00,0.70,0.77,0.0007,0.0030,     0,0,0,0.18,99.82,0.00,N/A,0.26,0.38,210.00,0.66,16.62,0.00,0.03,0.00,0.42,0.00,0.92,0.00,0.00,0.91,0.89,0.0002,0.0021,     0,0,0,0.02,99.98,0.00,N/A,0.02,0.04,210.00,0.42,10.60,0.00,0.00,0.01,0.31,0.02,0.84,0.00,0.03,0.96,0.27,0.0009,0.0207,     0,0,0,2.52,97.48,0.00,N/A,1.38,4.44,210.00,0.31,7.77,0.01,0.16,0.00,0.49,0.00,0.66,0.00,0.00,0.65,0.66,0.0018,0.0059,     0,0,0,0.15,99.85,0.00,N/A,0.10,0.20,210.00,0.49,12.32,0.00,0.01,0.00,0.49,0.00,0.79,0.00,0.00,0.83,0.71,0.0006,0.0056,     0,0,0,0.06,99.94,0.00,N/A,0.05,0.10,210.00,0.49,12.31,0.00,0.01,0.00,0.54,0.00,0.72,0.00,0.00,0.77,0.66,0.0012,0.0060,     0,0,0,0.12,99.88,0.00,N/A,0.10,0.18,210.00,0.54,13.49,0.00,0.01,0.00,0.54,0.00,0.69,0.00,0.00,0.83,0.64,0.0008,0.0057,     0,0,0,0.17,99.83,0.00,N/A,0.13,0.24,210.00,0.54,13.42,0.00,0.02,0.00,0.53,0.00,0.63,0.00,0.00,0.86,0.64,0.0009,0.0065,     0,0,0,0.14,99.86,0.00,N/A,0.10,0.19,210.00,0.53,13.30,0.00,0.01,0.00,0.51,0.00,0.66,0.00,0.00,0.86,0.61,0.0009,0.0069,     0,0,0,0.17,99.83,0.00,N/A,0.12,0.23,210.00,0.51,12.78,0.00,0.01,0.00,0.38,0.00,0.49,0.00,0.00,0.85,0.89,0.0002,0.0020,     0,0,0,0.05,99.95,0.00,N/A,0.02,0.05,210.00,0.38,9.45,0.00,0.00,
2024-03-21,21:06:46.677,0.00,0.85,0.01,0.91,0.01,0.07,0.92,0.55,0.0003,0.0043,0.00,0.00,-2147483648,0.00,0.00,16.16,18.99,209.88,0.85,21.28,0.00,0.12,0.45,0.25,1.04,0.62,99.38,0.00,100.00,0.00,0.00,0.00,0.00,-nan,0.07,0.01,1.05,0.01,0.98,0.00,0.04,0.90,0.65,0.0003,0.0027,     0,0,0,0.00,0.00,-2147483648,0.00,0.00,N/A,14.31,13.68,209.88,1.05,26.16,0.01,0.21,0.00,0.35,0.00,0.77,0.00,0.03,0.94,0.34,0.0009,0.0170,     0,0,0,0.00,0.00,-2147483648,0.00,0.00,N/A,1.85,5.31,209.88,0.35,8.70,0.00,0.03,0.16,0.15,  0%,  0%,0.09,0.05,  0%,  0%,0.21,0.39,  0%,  0%,0.27,0.17,  0%,  0%,0.83,99.17,0.00,100.00,0.00,0.00,0.41,99.59,0.00,100.00,0.00,0.00,0.00,0.00,0.00 ,0.00 ,-nan ,-nan ,0.08,0.07,0.01,0.30,0.02,0.97,0.00,0.03,0.95,0.28,0.0010,0.0201,     0,0,0,2.31,97.69,0.00,N/A,1.42,4.71,209.88,0.30,7.55,0.01,0.17,0.00,0.41,0.00,0.95,0.00,0.00,0.70,0.68,0.0008,0.0045,     0,0,0,0.16,99.84,0.00,N/A,0.13,0.31,209.88,0.41,10.30,0.00,0.02,0.03,1.62,0.02,1.00,0.00,0.00,0.89,0.88,0.0001,0.0006,     0,0,0,2.13,97.87,0.00,N/A,7.23,4.47,209.88,1.62,40.49,0.03,0.86,0.01,1.65,0.01,0.99,0.00,0.00,0.97,0.92,0.0000,0.0005,     0,0,0,0.74,99.26,0.00,N/A,2.56,1.55,209.88,1.65,41.37,0.01,0.31,0.01,1.09,0.01,0.98,0.00,0.00,0.36,0.77,0.0011,0.0018,     0,0,0,0.62,99.38,0.00,N/A,1.41,1.29,209.88,1.09,27.36,0.01,0.17,0.01,1.38,0.00,0.98,0.00,0.00,0.71,0.65,0.0001,0.0006,     0,0,0,0.46,99.54,0.00,N/A,1.32,0.95,209.88,1.38,34.51,0.01,0.16,0.00,0.63,0.00,0.90,0.00,0.00,0.67,0.85,0.0005,0.0019,     0,0,0,0.19,99.81,0.00,N/A,0.22,0.35,209.88,0.63,15.72,0.00,0.03,0.00,0.41,0.00,0.94,0.00,0.00,0.89,0.87,0.0002,0.0022,     0,0,0,0.02,99.98,0.00,N/A,0.02,0.05,209.88,0.41,10.34,0.00,0.00,0.01,0.32,0.02,0.78,0.00,0.03,0.96,0.27,0.0009,0.0206,     0,0,0,2.70,97.30,0.00,N/A,1.40,4.41,209.88,0.32,7.93,0.01,0.17,0.00,0.49,0.00,0.78,0.00,0.00,0.51,0.72,0.0021,0.0049,     0,0,0,0.10,99.90,0.00,N/A,0.08,0.16,209.88,0.49,12.14,0.00,0.01,0.00,0.48,0.00,0.62,0.00,0.00,0.88,0.72,0.0006,0.0058,     0,0,0,0.08,99.92,0.00,N/A,0.05,0.11,209.88,0.48,11.99,0.00,0.01,0.00,0.51,0.00,0.65,0.00,0.00,0.72,0.70,0.0012,0.0055,     0,0,0,0.08,99.92,0.00,N/A,0.06,0.11,209.88,0.51,12.85,0.00,0.01,0.00,0.53,0.00,0.76,0.00,0.00,0.87,0.67,0.0007,0.0061,     0,0,0,0.09,99.91,0.00,N/A,0.08,0.15,209.88,0.53,13.25,0.00,0.01,0.00,0.53,0.00,0.76,0.00,0.00,0.81,0.68,0.0009,0.0059,     0,0,0,0.10,99.90,0.00,N/A,0.08,0.15,209.88,0.53,13.21,0.00,0.01,0.00,0.50,0.00,0.78,0.00,0.00,0.85,0.65,0.0009,0.0067,     0,0,0,0.10,99.90,0.00,N/A,0.08,0.16,209.88,0.50,12.40,0.00,0.01,0.00,0.36,0.00,0.49,0.00,0.00,0.81,0.90,0.0003,0.0019,     0,0,0,0.05,99.95,0.00,N/A,0.02,0.05,209.88,0.36,8.98,0.00,0.00,
2024-03-21,21:06:46.778,0.00,0.81,0.01,0.87,0.00,0.07,0.94,0.51,0.0003,0.0049,0.00,0.00,-2147483648,0.00,0.00,14.08,17.42,210.01,0.81,20.21,0.00,0.10,0.29,0.18,1.06,0.60,99.40,0.00,100.00,0.00,0.00,0.00,0.00,-nan,0.08,0.01,0.98,0.01,0.99,0.00,0.04,0.93,0.59,0.0002,0.0030,     0,0,0,0.00,0.00,-2147483648,0.00,0.00,N/A,12.31,12.50,210.01,0.98,24.61,0.01,0.18,0.00,0.36,0.00,0.66,0.00,0.03,0.95,0.34,0.0009,0.0174,     0,0,0,0.00,0.00,-2147483648,0.00,0.00,N/A,1.77,4.92,210.01,0.36,9.00,0.00,0.03,0.06,0.08,  0%,  0%,0.11,0.04,  0%,  0%,0.16,0.41,  0%,  0%,0.27,0.21,  0%,  0%,0.75,99.25,0.00,100.00,0.00,0.00,0.44,99.56,0.00,100.00,0.00,0.00,0.00,0.00,0.00 ,0.00 ,-nan ,-nan ,0.08,0.08,0.01,0.29,0.03,1.00,0.00,0.03,0.94,0.27,0.0011,0.0192,     0,0,0,2.51,97.49,0.00,N/A,1.54,5.26,210.01,0.29,7.30,0.01,0.18,0.00,1.31,0.00,0.99,0.00,0.00,0.53,0.72,0.0002,0.0006,     0,0,0,0.37,99.63,0.00,N/A,0.99,0.76,210.01,1.31,32.64,0.00,0.12,0.02,1.64,0.01,0.99,0.00,0.00,0.91,0.88,0.0000,0.0006,     0,0,0,1.40,98.60,0.00,N/A,4.81,2.92,210.01,1.64,41.12,0.02,0.57,0.01,1.44,0.00,0.99,0.00,0.00,0.67,0.65,0.0002,0.0007,     0,0,0,0.45,99.55,0.00,N/A,1.34,0.93,210.01,1.44,36.00,0.01,0.16,0.02,1.60,0.01,1.00,0.00,0.00,0.98,0.87,0.0000,0.0008,     0,0,0,0.98,99.02,0.00,N/A,3.30,2.06,210.01,1.60,40.06,0.02,0.39,0.00,0.53,0.00,0.95,0.00,0.00,0.86,0.65,0.0006,0.0073,     0,0,0,0.08,99.92,0.00,N/A,0.09,0.16,210.01,0.53,13.30,0.00,0.01,0.00,0.62,0.00,0.93,0.00,0.00,0.69,0.81,0.0005,0.0020,     0,0,0,0.18,99.82,0.00,N/A,0.22,0.36,210.01,0.62,15.56,0.00,0.03,0.00,0.50,0.00,1.00,0.00,0.00,0.85,0.81,0.0003,0.0038,     0,0,0,0.02,99.98,0.00,N/A,0.02,0.05,210.01,0.50,12.39,0.00,0.00,0.01,0.32,0.02,0.73,0.00,0.03,0.96,0.27,0.0008,0.0213,     0,0,0,2.65,97.35,0.00,N/A,1.32,4.08,210.01,0.32,8.09,0.01,0.16,0.00,0.58,0.00,0.42,0.00,0.00,0.57,0.70,0.0019,0.0058,     0,0,0,0.17,99.83,0.00,N/A,0.08,0.15,210.01,0.58,14.49,0.00,0.01,0.00,0.47,0.00,0.44,0.00,0.00,0.79,0.66,0.0012,0.0069,     0,0,0,0.11,99.89,0.00,N/A,0.05,0.10,210.01,0.47,11.64,0.00,0.01,0.00,0.53,0.00,0.62,0.00,0.00,0.43,0.74,0.0017,0.0048,     0,0,0,0.08,99.92,0.00,N/A,0.06,0.11,210.01,0.53,13.14,0.00,0.01,0.00,0.58,0.00,0.42,0.00,0.00,0.85,0.67,0.0009,0.0063,     0,0,0,0.16,99.84,0.00,N/A,0.08,0.14,210.01,0.58,14.40,0.00,0.01,0.00,0.57,0.00,0.42,0.00,0.00,0.82,0.68,0.0009,0.0061,     0,0,0,0.16,99.84,0.00,N/A,0.08,0.14,210.01,0.57,14.17,0.00,0.01,0.00,0.56,0.00,0.42,0.00,0.00,0.84,0.65,0.0009,0.0067,     0,0,0,0.17,99.83,0.00,N/A,0.08,0.15,210.01,0.56,14.01,0.00,0.01,0.00,0.34,0.00,0.63,0.00,0.00,0.50,0.89,0.0009,0.0020,     0,0,0,0.04,99.96,0.00,N/A,0.02,0.06,210.01,0.34,8.58,0.00,0.00,
2024-03-21,21:06:46.878,0.00,0.82,0.01,0.89,0.0010,0.0068,     0,0,0,0.11,99.89,0.00,N/A,0.09,0.19,209.72,0.49,12.25,0.00,0.01,
2024-03-21,21:06:49.083,0.00,0.74,0.00,0.90,0.09,1.49,0.94,0.55,0.0003,0.0055,0.02,0.02,-2147483648,0.00,0.00,270.83,365.78,5105.07,0.74,18.51,0.00,0.08,16.81,0.48,47.33,0.50,99.50,0.00,100.00,0.00,0.00,0.00,0.00,-nan,0.08,0.01,0.91,0.01,0.98,0.05,0.78,0.94,0.63,0.0002,0.0036,     0,0,0,0.01,0.01,-2147483648,0.00,0.00,N/A,217.95,239.49,5105.07,0.91,22.75,0.01,0.13,0.00,0.42,0.00,0.78,0.04,0.70,0.94,0.38,0.0007,0.0133,     0,0,0,0.01,0.01,-2147483648,0.00,0.00,N/A,52.88,126.29,5105.07,0.42,10.47,0.00,0.03,4.78,4.77,  0%,  0%,4.47,2.79,  0%,  0%,10.50,13.11,  0%,  0%,12.55,11.17,  0%,  0%,0.60,99.40,0.00,100.00,0.00,0.00,0.40,99.60,0.00,100.00,0.00,0.00,0.00,0.00,0.00 ,0.00 ,-nan ,-nan ,0.08,0.08,0.01,0.30,0.02,0.99,0.04,0.68,0.95,0.29,0.0010,0.0194,     0,0,0,2.32,97.68,0.00,N/A,35.25,117.34,5105.07,0.30,7.51,0.01,0.17,0.00,1.06,0.00,0.87,0.00,0.00,0.76,0.86,0.0001,0.0007,     0,0,0,0.08,99.92,0.00,N/A,3.52,3.33,5105.07,1.06,26.41,0.00,0.02,0.00,1.48,0.00,0.98,0.00,0.01,0.86,0.93,0.0001,0.0004,     0,0,0,0.34,99.66,0.00,N/A,24.69,16.72,5105.07,1.48,36.92,0.00,0.12,0.00,0.43,0.00,0.86,0.00,0.00,0.90,0.87,0.0002,0.0024,     0,0,0,0.03,99.97,0.00,N/A,0.49,1.14,5105.07,0.43,10.74,0.00,0.00,0.01,1.65,0.01,0.96,0.00,0.03,0.96,0.92,0.0000,0.0005,     0,0,0,0.70,99.30,0.00,N/A,56.56,34.22,5105.07,1.65,41.32,0.01,0.28,0.00,1.49,0.00,0.93,0.00,0.01,0.91,0.95,0.0000,0.0003,     0,0,0,0.30,99.70,0.00,N/A,21.20,14.19,5105.07,1.49,37.35,0.00,0.10,0.01,1.37,0.00,0.96,0.00,0.02,0.87,0.92,0.0001,0.0005,     0,0,0,0.46,99.54,0.00,N/A,30.74,22.36,5105.07,1.37,34.36,0.01,0.15,0.01,1.51,0.01,0.97,0.01,0.04,0.83,0.88,0.0001,0.0008,     0,0,0,0.61,99.39,0.00,N/A,45.51,30.19,5105.07,1.51,37.69,0.01,0.22,0.01,0.32,0.02,0.79,0.03,0.66,0.96,0.29,0.0008,0.0207,     0,0,0,2.47,97.53,0.00,N/A,31.91,99.78,5105.07,0.32,7.99,0.01,0.16,0.00,0.70,0.00,0.72,0.00,0.00,0.51,0.87,0.0008,0.0018,     0,0,0,0.09,99.91,0.00,N/A,2.37,3.40,5105.07,0.70,17.38,0.00,0.01,0.00,0.73,0.00,0.76,0.00,0.00,0.73,0.82,0.0003,0.0014,     0,0,0,0.10,99.90,0.00,N/A,2.81,3.83,5105.07,0.73,18.31,0.00,0.01,0.00,0.76,0.00,0.73,0.00,0.00,0.61,0.87,0.0006,0.0018,     0,0,0,0.09,99.91,0.00,N/A,2.61,3.43,5105.07,0.76,19.01,0.00,0.01,0.00,1.13,0.00,0.87,0.00,0.01,0.44,0.76,0.0006,0.0011,     0,0,0,0.17,99.83,0.00,N/A,8.45,7.50,5105.07,1.13,28.19,0.00,0.04,0.00,0.67,0.00,0.62,0.00,0.00,0.69,0.89,0.0004,0.0015,     0,0,0,0.06,99.94,0.00,N/A,1.36,2.02,5105.07,0.67,16.86,0.00,0.01,0.00,0.55,0.00,0.61,0.00,0.00,0.69,0.80,0.0009,0.0032,     0,0,0,0.07,99.93,0.00,N/A,1.25,2.29,5105.07,0.55,13.63,0.00,0.01,0.00,0.53,0.00,0.70,0.00,0.01,0.74,0.59,0.0014,0.0063,     0,0,0,0.11,99.89,0.00,N/A,2.13,4.04,5105.07,0.53,13.18,0.00,0.01,
2024-03-21,21:06:49.184,0.00,0.55,0.00,0.83,0.00,0.06,0.95,0.42,0.0004,0.0090,0.00,0.00,-2147483648,0.00,0.00,6.40,11.64,210.34,0.55,13.74,0.00,0.05,0.30,0.24,0.83,0.42,99.58,0.00,100.00,0.00,0.00,0.00,0.00,-nan,0.10,0.00,0.70,0.00,0.92,0.00,0.03,0.95,0.49,0.0003,0.0060,     0,0,0,0.00,0.00,-2147483648,0.00,0.00,N/A,4.88,7.01,210.34,0.70,17.41,0.00,0.07,0.00,0.33,0.00,0.72,0.00,0.03,0.95,0.33,0.0009,0.0186,     0,0,0,0.00,0.00,-2147483648,0.00,0.00,N/A,1.52,4.63,210.34,0.33,8.20,0.00,0.02,0.09,0.10,  0%,  0%,0.08,0.03,  0%,  0%,0.17,0.26,  0%,  0%,0.23,0.17,  0%,  0%,0.45,99.55,0.00,100.00,0.00,0.00,0.38,99.62,0.00,100.00,0.00,0.00,0.00,0.00,0.00 ,0.00 ,-nan ,-nan ,0.09,0.10,0.01,0.30,0.02,0.94,0.00,0.03,0.96,0.30,0.0008,0.0202,     0,0,0,2.23,97.77,0.00,N/A,1.33,4.42,210.34,0.30,7.52,0.01,0.16,0.00,0.36,0.00,0.76,0.00,0.00,0.96,0.91,0.0001,0.0016,     0,0,0,0.03,99.97,0.00,N/A,0.02,0.05,210.34,0.36,9.09,0.00,0.00,0.01,1.53,0.00,0.99,0.00,0.00,0.72,0.71,0.0001,0.0004,     0,0,0,0.40,99.60,0.00,N/A,1.29,0.84,210.34,1.53,38.16,0.01,0.15,0.00,0.34,0.00,0.77,0.00,0.00,0.94,0.91,0.0001,0.0016,     0,0,0,0.03,99.97,0.00,N/A,0.02,0.05,210.34,0.34,8.45,0.00,0.00,0.00,0.41,0.00,0.77,0.00,0.00,0.95,0.82,0.0001,0.0034,     0,0,0,0.04,99.96,0.00,N/A,0.03,0.06,210.34,0.41,10.21,0.00,0.00,0.01,1.64,0.01,0.99,0.00,0.00,0.98,0.95,0.0000,0.0003,     0,0,0,0.56,99.44,0.00,N/A,1.92,1.17,210.34,1.64,41.00,0.01,0.23,0.00,0.74,0.00,0.79,0.00,0.00,0.87,0.92,0.0001,0.0007,     0,0,0,0.13,99.87,0.00,N/A,0.16,0.22,210.34,0.74,18.62,0.00,0.02,0.00,0.64,0.00,0.45,0.00,0.00,0.60,0.56,0.0021,0.0078,     0,0,0,0.20,99.80,0.00,N/A,0.12,0.19,210.34,0.64,15.94,0.00,0.01,0.01,0.31,0.02,0.77,0.00,0.03,0.96,0.29,0.0009,0.0209,     0,0,0,2.56,97.44,0.00,N/A,1.30,4.16,210.34,0.31,7.85,0.01,0.16,0.00,0.39,0.00,0.50,0.00,0.00,0.74,0.91,0.0003,0.0017,     0,0,0,0.06,99.94,0.00,N/A,0.02,0.06,210.34,0.39,9.69,0.00,0.00,0.00,0.39,0.00,0.49,0.00,0.00,0.96,0.81,0.0001,0.0042,     0,0,0,0.06,99.94,0.00,N/A,0.02,0.06,210.34,0.39,9.67,0.00,0.00,0.00,0.40,0.00,0.49,0.00,0.00,0.77,0.81,0.0005,0.0039,     0,0,0,0.05,99.95,0.00,N/A,0.02,0.05,210.34,0.40,10.07,0.00,0.00,0.00,0.39,0.00,0.49,0.00,0.00,0.92,0.82,0.0002,0.0037,     0,0,0,0.05,99.95,0.00,N/A,0.02,0.06,210.34,0.39,9.75,0.00,0.00,0.00,0.35,0.00,0.46,0.00,0.00,0.78,0.91,0.0003,0.0017,     0,0,0,0.05,99.95,0.00,N/A,0.02,0.05,210.34,0.35,8.68,0.00,0.00,0.00,0.34,0.00,0.46,0.00,0.00,0.68,0.93,0.0003,0.0014,     0,0,0,0.05,99.95,0.00,N/A,0.02,0.05,210.34,0.34,8.49,0.00,0.00,0.00,0.64,0.00,0.43,0.00,0.00,0.85,0.56,0.0009,0.0065,     0,0,0,0.15,99.85,0.00,N/A,0.09,0.14,210.34,0.64,15.92,0.00,0.01,
2024-03-21,21:06:49.285,0.00,0.73,0.01,0.95,0.01,0.07,0.88,0.62,0.0005,0.0043,0.00,0.00,-2147483648,0.00,0.00,15.84,21.62,211.79,0.73,18.31,0.00,0.12,0.35,0.25,1.46,0.67,99.33,0.00,100.00,0.00,0.00,0.00,0.00,-nan,0.08,0.01,0.77,0.01,0.96,0.00,0.03,0.87,0.63,0.0005,0.0039,     0,0,0,0.00,0.00,-2147483648,0.00,0.00,N/A,8.69,11.23,211.79,0.77,19.34,0.01,0.13,0.00,0.69,0.01,0.93,0.00,0.03,0.88,0.61,0.0005,0.0048,     0,0,0,0.00,0.00,-2147483648,0.00,0.00,N/A,7.15,10.39,211.79,0.69,17.20,0.00,0.11,0.09,0.10,  0%,  0%,0.12,0.04,  0%,  0%,0.17,0.28,  0%,  0%,0.53,0.49,  0%,  0%,0.69,99.31,0.00,100.00,0.00,0.00,0.66,99.34,0.00,100.00,0.00,0.00,0.00,0.00,0.00 ,0.00 ,-nan ,-nan ,0.09,0.07,0.01,0.30,0.02,0.96,0.00,0.03,0.96,0.30,0.0009,0.0200,     0,0,0,2.18,97.82,0.00,N/A,1.33,4.42,211.79,0.30,7.52,0.01,0.16,0.00,0.53,0.00,0.98,0.00,0.00,0.32,0.70,0.0019,0.0028,     0,0,0,0.50,99.50,0.00,N/A,0.56,1.04,211.79,0.53,13.37,0.00,0.07,0.00,0.46,0.00,1.00,0.00,0.00,0.84,0.75,0.0005,0.0044,     0,0,0,0.04,99.96,0.00,N/A,0.04,0.09,211.79,0.46,11.38,0.00,0.01,0.02,1.67,0.01,0.99,0.00,0.00,0.89,0.95,0.0000,0.0003,     0,0,0,1.51,98.49,0.00,N/A,5.33,3.19,211.79,1.67,41.70,0.02,0.62,0.00,0.43,0.00,0.73,0.00,0.00,0.88,0.91,0.0002,0.0017,     0,0,0,0.03,99.97,0.00,N/A,0.02,0.05,211.79,0.43,10.78,0.00,0.00,0.00,1.49,0.00,0.70,0.00,0.00,0.93,0.96,0.0000,0.0003,     0,0,0,0.28,99.72,0.00,N/A,0.61,0.41,211.79,1.49,37.36,0.00,0.07,0.00,0.65,0.00,0.80,0.00,0.00,0.52,0.87,0.0003,0.0014,     0,0,0,0.18,99.82,0.00,N/A,0.19,0.30,211.79,0.65,16.36,0.00,0.02,0.00,0.35,0.01,1.00,0.00,0.00,0.42,0.56,0.0029,0.0062,     0,0,0,0.82,99.18,0.00,N/A,0.60,1.72,211.79,0.35,8.69,0.00,0.07,0.01,0.30,0.02,0.90,0.00,0.03,0.96,0.29,0.0009,0.0204,     0,0,0,2.36,97.64,0.00,N/A,1.33,4.49,211.79,0.30,7.38,0.01,0.16,0.00,0.33,0.00,0.62,0.00,0.00,0.62,0.90,0.0007,0.0020,     0,0,0,0.04,99.96,0.00,N/A,0.02,0.05,211.79,0.33,8.15,0.00,0.00,0.00,1.17,0.00,0.90,0.00,0.00,0.53,0.94,0.0002,0.0006,     0,0,0,0.11,99.89,0.00,N/A,0.25,0.22,211.79,1.17,29.25,0.00,0.03,0.01,0.93,0.01,0.99,0.00,0.00,0.61,0.89,0.0003,0.0007,     0,0,0,1.00,99.00,0.00,N/A,1.94,2.10,211.79,0.93,23.13,0.01,0.23,0.01,1.10,0.00,0.98,0.00,0.00,0.46,0.73,0.0005,0.0010,     0,0,0,0.50,99.50,0.00,N/A,1.14,1.03,211.79,1.10,27.57,0.01,0.13,0.00,0.36,0.00,0.66,0.00,0.00,0.61,0.90,0.0005,0.0018,     0,0,0,0.03,99.97,0.00,N/A,0.02,0.05,211.79,0.36,8.88,0.00,0.00,0.01,1.04,0.01,0.99,0.00,0.00,0.61,0.87,0.0006,0.0015,     0,0,0,1.09,98.91,0.00,N/A,2.36,2.28,211.79,1.04,25.90,0.01,0.28,0.00,0.54,0.00,0.72,0.00,0.00,0.76,0.56,0.0015,0.0069,     0,0,0,0.11,99.89,0.00,N/A,0.09,0.17,211.79,0.54,13.58,0.00,0.01,
2024-03-21,21:06:49.385,0.00,0.82,0.01,0.95,0.01,0.07,0.89,0.61,0.0005,0.0043,0.00,0.00,-2147483648,0.00,0.00,16.53,20.09,210.54,0.82,20.57,0.00,0.12,1.30,0.28,3.03,0.62,99.38,0.00,100.00,0.00,0.00,0.00,0.00,-nan,0.08,0.01,0.89,0.01,0.98,0.00,0.04,0.88,0.66,0.0005,0.0039,     0,0,0,0.00,0.00,-2147483648,0.00,0.00,N/A,9.32,10.53,210.54,0.89,22.13,0.01,0.14,0.00,0.75,0.01,0.92,0.00,0.04,0.90,0.53,0.0005,0.0049,     0,0,0,0.00,0.00,-2147483648,0.00,0.00,N/A,7.21,9.56,210.54,0.75,18.85,0.00,0.11,0.30,0.24,  0%,  0%,0.42,0.34,  0%,  0%,0.44,0.54,  0%,  0%,1.05,1.00,  1%,  1%,0.64,99.36,0.00,100.00,0.00,0.00,0.61,99.39,0.00,100.00,0.00,0.00,0.00,0.00,0.00 ,0.00 ,-nan ,-nan ,0.08,0.08,0.01,0.30,0.02,0.97,0.00,0.03,0.96,0.31,0.0008,0.0200,     0,0,0,2.15,97.85,0.00,N/A,1.33,4.38,210.54,0.30,7.59,0.01,0.16,0.00,0.41,0.00,0.93,0.00,0.00,0.85,0.89,0.0002,0.0021,     0,0,0,0.02,99.98,0.00,N/A,0.02,0.04,210.54,0.41,10.19,0.00,0.00,0.00,0.44,0.00,1.00,0.00,0.00,0.59,0.68,0.0016,0.0057,     0,0,0,0.10,99.90,0.00,N/A,0.09,0.20,210.54,0.44,10.93,0.00,0.01,0.02,1.43,0.01,1.00,0.00,0.00,0.68,0.82,0.0003,0.0011,     0,0,0,1.09,98.91,0.00,N/A,3.25,2.28,210.54,1.43,35.64,0.02,0.39,0.00,0.43,0.00,0.94,0.00,0.00,0.81,0.91,0.0002,0.0019,     0,0,0,0.03,99.97,0.00,N/A,0.02,0.05,210.54,0.43,10.78,0.00,0.00,0.00,0.45,0.00,0.84,0.00,0.00,0.81,0.86,0.0004,0.0026,     0,0,0,0.02,99.98,0.00,N/A,0.02,0.04,210.54,0.45,11.13,0.00,0.00,0.00,0.61,0.00,1.00,0.00,0.00,0.55,0.92,0.0003,0.0007,     0,0,0,0.14,99.86,0.00,N/A,0.18,0.30,210.54,0.61,15.32,0.00,0.02,0.02,1.36,0.02,1.00,0.00,0.01,0.63,0.88,0.0004,0.0012,     0,0,0,1.54,98.46,0.00,N/A,4.41,3.23,210.54,1.36,34.09,0.02,0.52,0.01,0.31,0.02,0.87,0.00,0.03,0.96,0.28,0.0008,0.0207,     0,0,0,2.32,97.68,0.00,N/A,1.32,4.28,210.54,0.31,7.73,0.01,0.16,0.01,1.00,0.01,0.99,0.00,0.00,0.68,0.78,0.0003,0.0009,     0,0,0,1.02,98.98,0.00,N/A,2.11,2.11,210.54,1.00,24.93,0.01,0.25,0.01,1.41,0.01,0.99,0.00,0.00,0.76,0.79,0.0003,0.0013,     0,0,0,1.01,98.99,0.00,N/A,2.96,2.10,210.54,1.41,35.18,0.01,0.35,0.00,1.04,0.00,0.96,0.00,0.00,0.82,0.88,0.0003,0.0014,     0,0,0,0.27,99.73,0.00,N/A,0.57,0.55,210.54,1.04,25.93,0.00,0.07,0.00,0.38,0.00,0.72,0.00,0.00,0.90,0.89,0.0002,0.0023,     0,0,0,0.03,99.97,0.00,N/A,0.02,0.04,210.54,0.38,9.39,0.00,0.00,0.00,0.49,0.00,1.00,0.00,0.00,0.59,0.85,0.0008,0.0024,     0,0,0,0.04,99.96,0.00,N/A,0.04,0.08,210.54,0.49,12.25,0.00,0.00,0.00,0.37,0.00,1.00,0.00,0.00,0.79,0.88,0.0005,0.0024,     0,0,0,0.02,99.98,0.00,N/A,0.02,0.04,210.54,0.37,9.23,0.00,0.00,0.00,0.52,0.00,0.93,0.00,0.00,0.34,0.57,0.0038,0.0067,     0,0,0,0.18,99.82,0.00,N/A,0.19,0.36,210.54,0.52,13.05,0.00,0.02,
2024-03-21,21:06:49.484,0.00,0.59,0.01,0.95,0.01,0.07,0.90,0.51,0.0006,0.0062,0.00,0.00,-2147483648,0.00,0.00,10.77,18.24,209.54,0.59,14.76,0.00,0.08,0.44,0.30,1.67,0.57,99.43,0.00,100.00,0.00,0.00,0.00,0.00,-nan,0.08,0.00,0.68,0.01,1.00,0.00,0.04,0.89,0.56,0.0005,0.0045,     0,0,0,0.00,0.00,-2147483648,0.00,0.00,N/A,7.92,11.74,209.54,0.68,16.88,0.00,0.12,0.00,0.44,0.00,0.87,0.00,0.03,0.91,0.44,0.0010,0.0110,     0,0,0,0.00,0.00,-2147483648,0.00,0.00,N/A,2.85,6.50,209.54,0.44,10.95,0.00,0.04,0.10,0.11,  0%,  0%,0.15,0.08,  0%,  0%,0.19,0.31,  0%,  0%,0.67,0.51,  0%,  0%,0.70,99.30,0.00,100.00,0.00,0.00,0.45,99.55,0.00,100.00,0.00,0.00,0.00,0.00,0.00 ,0.00 ,-nan ,-nan ,0.08,0.07,0.01,0.31,0.02,1.00,0.00,0.03,0.96,0.30,0.0009,0.0206,     0,0,0,2.02,97.98,0.00,N/A,1.31,4.24,209.54,0.31,7.72,0.01,0.16,0.00,0.43,0.00,1.00,0.00,0.00,0.86,0.87,0.0003,0.0026,     0,0,0,0.02,99.98,0.00,N/A,0.02,0.04,209.54,0.43,10.84,0.00,0.00,0.01,1.37,0.00,1.00,0.00,0.00,0.61,0.68,0.0002,0.0006,     0,0,0,0.47,99.53,0.00,N/A,1.35,0.99,209.54,1.37,34.17,0.01,0.16,0.01,1.49,0.01,1.00,0.00,0.00,0.78,0.84,0.0002,0.0010,     0,0,0,0.80,99.20,0.00,N/A,2.51,1.68,209.54,1.49,37.35,0.01,0.30,0.00,0.24,0.01,1.00,0.00,0.00,0.46,0.84,0.0010,0.0019,     0,0,0,1.01,98.99,0.00,N/A,0.51,2.12,209.54,0.24,5.94,0.00,0.06,0.00,0.48,0.00,1.00,0.00,0.00,0.89,0.89,0.0002,0.0023,     0,0,0,0.02,99.98,0.00,N/A,0.02,0.04,209.54,0.48,12.09,0.00,0.00,0.01,0.89,0.01,1.00,0.00,0.00,0.69,0.79,0.0004,0.0014,     0,0,0,1.09,98.91,0.00,N/A,2.02,2.28,209.54,0.89,22.24,0.01,0.24,0.00,0.54,0.00,1.00,0.00,0.00,0.39,0.57,0.0031,0.0071,     0,0,0,0.17,99.83,0.00,N/A,0.19,0.35,209.54,0.54,13.39,0.00,0.02,0.01,0.30,0.02,0.89,0.00,0.03,0.96,0.28,0.0009,0.0207,     0,0,0,2.40,97.60,0.00,N/A,1.33,4.43,209.54,0.30,7.51,0.01,0.16,0.00,0.56,0.00,0.83,0.00,0.00,0.52,0.81,0.0004,0.0016,     0,0,0,0.07,99.93,0.00,N/A,0.07,0.13,209.54,0.56,14.01,0.00,0.01,0.00,0.41,0.00,0.63,0.00,0.00,0.51,0.73,0.0014,0.0032,     0,0,0,0.14,99.86,0.00,N/A,0.08,0.19,209.54,0.41,10.23,0.00,0.01,0.00,1.18,0.00,0.84,0.00,0.00,0.76,0.93,0.0002,0.0009,     0,0,0,0.31,99.69,0.00,N/A,0.66,0.56,209.54,1.18,29.43,0.00,0.08,0.00,0.33,0.00,0.54,0.00,0.00,0.89,0.90,0.0002,0.0021,     0,0,0,0.05,99.95,0.00,N/A,0.02,0.05,209.54,0.33,8.30,0.00,0.00,0.00,0.89,0.00,0.93,0.00,0.00,0.60,0.73,0.0006,0.0021,     0,0,0,0.26,99.74,0.00,N/A,0.44,0.50,209.54,0.89,22.31,0.00,0.05,0.00,0.16,0.00,0.73,0.00,0.00,0.08,0.59,0.0089,0.0102,     0,0,0,0.12,99.88,0.00,N/A,0.03,0.18,209.54,0.16,3.97,0.00,0.00,0.00,0.47,0.00,0.97,0.00,0.00,0.34,0.52,0.0042,0.0073,     0,0,0,0.23,99.77,0.00,N/A,0.22,0.46,209.54,0.47,11.85,0.00,0.03,
2024-03-21,21:06:49.584,0.00,0.75,0.01,0.93,0.01,0.07,0.89,0.55,0.0005,0.0045,0.00,0.00,-2147483648,0.00,0.00,14.55,19.36,210.28,0.75,18.78,0.00,0.11,0.49,0.06,1.78,0.62,99.38,0.00,100.00,0.00,0.00,0.00,0.00,-nan,0.08,0.01,0.91,0.01,1.00,0.00,0.03,0.88,0.64,0.0003,0.0030,     0,0,0,0.00,0.00,-2147483648,0.00,0.00,N/A,11.62,12.75,210.28,0.91,22.80,0.01,0.17,0.00,0.44,0.00,0.82,0.00,0.03,0.89,0.40,0.0011,0.0108,     0,0,0,0.00,0.00,-2147483648,0.00,0.00,N/A,2.93,6.62,210.28,0.44,11.05,0.00,0.04,0.12,0.11,  0%,  0%,0.16,0.09,  0%,  0%,0.36,0.50,  0%,  0%,0.48,0.44,  0%,  0%,0.76,99.24,0.00,100.00,0.00,0.00,0.48,99.52,0.00,100.00,0.00,0.00,0.00,0.00,0.00 ,0.00 ,-nan ,-nan ,0.08,0.08,0.01,0.30,0.02,1.00,0.00,0.03,0.96,0.30,0.0008,0.0200,     0,0,0,2.11,97.89,0.00,N/A,1.33,4.44,210.28,0.30,7.48,0.01,0.16,0.01,1.64,0.01,1.00,0.00,0.00,0.97,0.93,0.0000,0.0005,     0,0,0,0.69,99.31,0.00,N/A,2.36,1.44,210.28,1.64,40.98,0.01,0.28,0.01,1.56,0.01,1.00,0.00,0.00,0.73,0.93,0.0001,0.0005,     0,0,0,0.92,99.08,0.00,N/A,3.01,1.92,210.28,1.56,39.10,0.01,0.36,0.00,1.58,0.00,1.00,0.00,0.00,0.71,0.94,0.0001,0.0004,     0,0,0,0.30,99.70,0.00,N/A,1.00,0.63,210.28,1.58,39.50,0.00,0.12,0.00,0.41,0.00,1.00,0.00,0.00,0.82,0.85,0.0003,0.0033,     0,0,0,0.03,99.97,0.00,N/A,0.02,0.06,210.28,0.41,10.28,0.00,0.00,0.00,0.38,0.00,1.00,0.00,0.00,0.83,0.84,0.0004,0.0032,     0,0,0,0.02,99.98,0.00,N/A,0.02,0.05,210.28,0.38,9.52,0.00,0.00,0.02,1.07,0.02,1.00,0.00,0.00,0.43,0.74,0.0004,0.0009,     0,0,0,1.61,98.39,0.00,N/A,3.62,3.38,210.28,1.07,26.78,0.02,0.43,0.00,0.32,0.00,1.00,0.00,0.00,0.44,0.55,0.0028,0.0068,     0,0,0,0.39,99.61,0.00,N/A,0.26,0.82,210.28,0.32,7.93,0.00,0.03,0.01,0.32,0.02,0.88,0.00,0.03,0.96,0.29,0.0007,0.0209,     0,0,0,2.14,97.86,0.00,N/A,1.28,3.98,210.28,0.32,8.05,0.01,0.15,0.00,0.45,0.00,0.53,0.00,0.00,0.37,0.82,0.0016,0.0039,     0,0,0,0.06,99.94,0.00,N/A,0.03,0.07,210.28,0.45,11.25,0.00,0.00,0.00,0.34,0.00,0.62,0.00,0.00,0.71,0.80,0.0008,0.0036,     0,0,0,0.05,99.95,0.00,N/A,0.02,0.07,210.28,0.34,8.39,0.00,0.00,0.00,0.70,0.01,0.74,0.00,0.00,0.42,0.71,0.0012,0.0022,     0,0,0,0.88,99.12,0.00,N/A,0.96,1.37,210.28,0.70,17.54,0.00,0.11,0.00,0.38,0.00,0.66,0.00,0.00,0.48,0.76,0.0016,0.0045,     0,0,0,0.06,99.94,0.00,N/A,0.03,0.08,210.28,0.38,9.49,0.00,0.00,0.00,0.42,0.00,0.71,0.00,0.00,0.74,0.71,0.0008,0.0043,     0,0,0,0.09,99.91,0.00,N/A,0.06,0.14,210.28,0.42,10.54,0.00,0.01,0.00,0.25,0.00,0.42,0.00,0.00,0.22,0.57,0.0089,0.0117,     0,0,0,0.17,99.83,0.00,N/A,0.04,0.15,210.28,0.25,6.34,0.00,0.00,0.00,0.66,0.00,0.97,0.00,0.00,0.49,0.62,0.0013,0.0030,     0,0,0,0.38,99.62,0.00,N/A,0.50,0.77,210.28,0.66,16.48,0.00,0.06,
2024-03-21,21:06:49.684,0.00,0.82,0.00,0.92,0.00,0.06,0.93,0.58,0.0003,0.0047,0.00,0.00,-2147483648,0.00,0.00,13.41,16.26,209.73,0.82,20.61,0.00,0.10,0.29,0.12,0.79,0.52,99.48,0.00,100.00,0.00,0.00,0.00,0.00,-nan,0.08,0.01,1.04,0.01,1.00,0.00,0.03,0.94,0.68,0.0002,0.0028,     0,0,0,0.00,0.00,-2147483648,0.00,0.00,N/A,11.74,11.33,209.73,1.04,25.91,0.01,0.17,0.00,0.34,0.00,0.79,0.00,0.03,0.93,0.34,0.0013,0.0176,     0,0,0,0.00,0.00,-2147483648,0.00,0.00,N/A,1.67,4.93,209.73,0.34,8.45,0.00,0.02,0.08,0.09,  0%,  0%,0.09,0.03,  0%,  0%,0.16,0.26,  0%,  0%,0.21,0.15,  0%,  0%,0.68,99.32,0.00,100.00,0.00,0.00,0.37,99.63,0.00,100.00,0.00,0.00,0.00,0.00,0.00 ,0.00 ,-nan ,-nan ,0.08,0.08,0.01,0.30,0.02,1.00,0.00,0.03,0.96,0.30,0.0008,0.0198,     0,0,0,2.18,97.82,0.00,N/A,1.35,4.57,209.73,0.30,7.38,0.01,0.16,0.00,1.37,0.00,1.00,0.00,0.00,0.86,0.88,0.0000,0.0004,     0,0,0,0.09,99.91,0.00,N/A,0.25,0.18,209.73,1.37,34.14,0.00,0.03,0.05,1.67,0.03,1.00,0.00,0.00,0.95,0.92,0.0000,0.0005,     0,0,0,2.76,97.24,0.00,N/A,9.69,5.80,209.73,1.67,41.79,0.05,1.16,0.00,0.46,0.00,1.00,0.00,0.00,0.84,0.90,0.0002,0.0020,     0,0,0,0.02,99.98,0.00,N/A,0.02,0.04,209.73,0.46,11.59,0.00,0.00,0.00,0.41,0.00,1.00,0.00,0.00,0.74,0.92,0.0003,0.0016,     0,0,0,0.02,99.98,0.00,N/A,0.02,0.05,209.73,0.41,10.19,0.00,0.00,0.00,0.50,0.00,1.00,0.00,0.00,1.00,0.91,0.0000,0.0018,     0,0,0,0.02,99.98,0.00,N/A,0.02,0.04,209.73,0.50,12.56,0.00,0.00,0.00,0.68,0.00,1.00,0.00,0.00,0.55,0.84,0.0006,0.0016,     0,0,0,0.14,99.86,0.00,N/A,0.20,0.30,209.73,0.68,16.99,0.00,0.02,0.00,0.54,0.00,1.00,0.00,0.00,0.51,0.57,0.0027,0.0074,     0,0,0,0.17,99.83,0.00,N/A,0.20,0.36,209.73,0.54,13.59,0.00,0.02,0.01,0.33,0.02,0.82,0.00,0.03,0.96,0.29,0.0008,0.0211,     0,0,0,2.27,97.73,0.00,N/A,1.27,3.89,209.73,0.33,8.20,0.01,0.15,0.00,0.39,0.00,0.51,0.00,0.00,0.81,0.91,0.0003,0.0020,     0,0,0,0.05,99.95,0.00,N/A,0.02,0.06,209.73,0.39,9.72,0.00,0.00,0.00,0.35,0.00,0.47,0.00,0.00,0.82,0.91,0.0003,0.0017,     0,0,0,0.05,99.95,0.00,N/A,0.02,0.05,209.73,0.35,8.77,0.00,0.00,0.00,0.36,0.00,0.47,0.00,0.00,0.93,0.90,0.0001,0.0019,     0,0,0,0.05,99.95,0.00,N/A,0.02,0.05,209.73,0.36,9.02,0.00,0.00,0.00,0.39,0.00,0.47,0.00,0.00,0.81,0.91,0.0003,0.0019,     0,0,0,0.05,99.95,0.00,N/A,0.02,0.05,209.73,0.39,9.74,0.00,0.00,0.00,0.38,0.00,0.43,0.00,0.00,0.90,0.92,0.0001,0.0016,     0,0,0,0.07,99.93,0.00,N/A,0.02,0.06,209.73,0.38,9.55,0.00,0.00,0.00,0.19,0.00,0.80,0.00,0.00,0.37,0.57,0.0062,0.0101,     0,0,0,0.20,99.80,0.00,N/A,0.06,0.34,209.73,0.19,4.70,0.00,0.01,0.00,0.52,0.00,0.90,0.00,0.00,0.46,0.50,0.0034,0.0071,     0,0,0,0.23,99.77,0.00,N/A,0.23,0.43,209.73,0.52,13.01,0.00,0.03,
2024-03-21,21:06:49.785,0.00,0.67,0.00,0.84,0.00,0.06,0.94,0.47,0.0004,0.0068,0.00,0.00,-2147483648,0.00,0.00,9.02,13.45,210.34,0.67,16.78,0.00,0.07,1.26,0.90,2.07,0.48,99.52,0.00,100.00,0.00,0.00,0.00,0.00,-nan,0.10,0.00,0.76,0.00,1.00,0.00,0.03,0.94,0.55,0.0003,0.0052,     0,0,0,0.00,0.00,-2147483648,0.00,0.00,N/A,6.13,8.09,210.34,0.76,18.94,0.00,0.09,0.00,0.54,0.00,0.68,0.00,0.03,0.94,0.34,0.0006,0.0102,     0,0,0,0.00,0.00,-2147483648,0.00,0.00,N/A,2.90,5.36,210.34,0.54,13.53,0.00,0.04,0.63,0.49,  0%,  0%,0.10,0.03,  0%,  0%,0.93,0.71,  1%,  0%,0.25,0.18,  0%,  0%,0.48,99.52,0.00,100.00,0.00,0.00,0.47,99.53,0.00,100.00,0.00,0.00,0.00,0.00,0.00 ,0.00 ,-nan ,-nan ,0.10,0.09,0.01,0.29,0.02,1.00,0.00,0.03,0.96,0.31,0.0008,0.0199,     0,0,0,2.15,97.85,0.00,N/A,1.33,4.52,210.34,0.29,7.37,0.01,0.16,0.00,0.42,0.00,0.94,0.00,0.00,0.96,0.75,0.0002,0.0052,     0,0,0,0.03,99.97,0.00,N/A,0.02,0.05,210.34,0.42,10.44,0.00,0.00,0.01,1.45,0.00,1.00,0.00,0.00,0.95,0.74,0.0001,0.0016,     0,0,0,0.48,99.52,0.00,N/A,1.45,1.00,210.34,1.45,36.14,0.01,0.17,0.01,1.64,0.01,1.00,0.00,0.00,0.96,0.94,0.0000,0.0004,     0,0,0,0.83,99.17,0.00,N/A,2.86,1.75,210.34,1.64,40.93,0.01,0.34,0.00,0.45,0.00,0.94,0.00,0.00,0.91,0.83,0.0003,0.0037,     0,0,0,0.03,99.97,0.00,N/A,0.02,0.05,210.34,0.45,11.22,0.00,0.00,0.00,0.44,0.00,0.92,0.00,0.00,1.00,0.88,0.0000,0.0022,     0,0,0,0.02,99.98,0.00,N/A,0.02,0.04,210.34,0.44,10.99,0.00,0.00,0.00,0.65,0.00,1.00,0.00,0.00,0.66,0.95,0.0001,0.0004,     0,0,0,0.12,99.88,0.00,N/A,0.17,0.26,210.34,0.65,16.25,0.00,0.02,0.00,0.61,0.00,1.00,0.00,0.00,0.62,0.53,0.0021,0.0074,     0,0,0,0.19,99.81,0.00,N/A,0.25,0.41,210.34,0.61,15.19,0.00,0.03,0.01,0.34,0.02,0.71,0.00,0.03,0.96,0.29,0.0008,0.0210,     0,0,0,2.60,97.40,0.00,N/A,1.30,3.86,210.34,0.34,8.40,0.01,0.15,0.00,0.40,0.00,0.48,0.00,0.00,0.75,0.89,0.0004,0.0020,     0,0,0,0.06,99.94,0.00,N/A,0.02,0.06,210.34,0.40,10.00,0.00,0.00,0.00,0.39,0.00,0.43,0.00,0.00,0.86,0.85,0.0002,0.0033,     0,0,0,0.06,99.94,0.00,N/A,0.02,0.06,210.34,0.39,9.66,0.00,0.00,0.00,0.34,0.00,0.44,0.00,0.00,0.96,0.92,0.0001,0.0015,     0,0,0,0.06,99.94,0.00,N/A,0.02,0.05,210.34,0.34,8.55,0.00,0.00,0.00,0.34,0.00,0.44,0.00,0.00,0.77,0.90,0.0004,0.0018,     0,0,0,0.06,99.94,0.00,N/A,0.02,0.05,210.34,0.34,8.48,0.00,0.00,0.00,0.35,0.00,0.49,0.00,0.00,0.79,0.91,0.0003,0.0017,     0,0,0,0.05,99.95,0.00,N/A,0.02,0.05,210.34,0.35,8.80,0.00,0.00,0.00,0.36,0.00,0.49,0.00,0.00,0.69,0.91,0.0005,0.0018,     0,0,0,0.05,99.95,0.00,N/A,0.02,0.05,210.34,0.36,8.93,0.00,0.00,0.01,1.27,0.01,0.68,0.00,0.00,0.68,0.51,0.0004,0.0014,     0,0,0,0.81,99.19,0.00,N/A,1.48,1.16,210.34,1.27,31.78,0.01,0.18,
2024-03-21,21:06:49.885,0.00,0.73,0.00,0.88,0.00,0.06,0.94,0.53,0.0003,0.0056,0.00,0.00,-2147483648,0.00,0.00,11.29,15.38,210.00,0.73,18.36,0.00,0.08,1.00,3.12,2.99,0.52,99.48,0.00,100.00,0.00,0.00,0.00,0.00,-nan,0.08,0.01,0.92,0.01,1.00,0.00,0.03,0.94,0.63,0.0002,0.0034,     0,0,0,0.00,0.00,-2147483648,0.00,0.00,N/A,9.42,10.22,210.00,0.92,23.04,0.01,0.14,0.00,0.36,0.00,0.71,0.00,0.03,0.93,0.35,0.0011,0.0164,     0,0,0,0.00,0.00,-2147483648,0.00,0.00,N/A,1.87,5.16,210.00,0.36,9.08,0.00,0.03,0.13,0.35,  0%,  0%,0.32,0.20,  0%,  0%,0.70,1.15,  0%,  1%,0.61,0.53,  0%,  0%,0.61,99.39,0.00,100.00,0.00,0.00,0.43,99.57,0.00,100.00,0.00,0.00,0.00,0.00,0.00 ,0.00 ,-nan ,-nan ,0.08,0.08,0.01,0.28,0.02,1.00,0.00,0.03,0.95,0.30,0.0009,0.0195,     0,0,0,2.30,97.70,0.00,N/A,1.37,4.84,210.00,0.28,7.07,0.01,0.16,0.00,0.33,0.00,0.96,0.00,0.00,0.87,0.86,0.0003,0.0025,     0,0,0,0.04,99.96,0.00,N/A,0.02,0.07,210.00,0.33,8.17,0.00,0.00,0.02,1.57,0.01,1.00,0.00,0.00,0.93,0.86,0.0001,0.0008,     0,0,0,1.02,98.98,0.00,N/A,3.37,2.15,210.00,1.57,39.18,0.02,0.40,0.02,1.72,0.01,1.00,0.00,0.00,0.92,0.96,0.0000,0.0002,     0,0,0,1.18,98.82,0.00,N/A,4.26,2.47,210.00,1.72,43.10,0.02,0.51,0.00,0.40,0.00,0.94,0.00,0.00,0.80,0.89,0.0004,0.0021,     0,0,0,0.03,99.97,0.00,N/A,0.02,0.05,210.00,0.40,9.88,0.00,0.00,0.00,0.48,0.00,1.00,0.00,0.00,1.00,0.91,0.0000,0.0018,     0,0,0,0.02,99.98,0.00,N/A,0.02,0.04,210.00,0.48,12.03,0.00,0.00,0.00,0.60,0.00,1.00,0.00,0.00,0.67,0.95,0.0001,0.0004,     0,0,0,0.14,99.86,0.00,N/A,0.18,0.30,210.00,0.60,15.05,0.00,0.02,0.00,0.61,0.00,1.00,0.00,0.00,0.64,0.56,0.0019,0.0072,     0,0,0,0.14,99.86,0.00,N/A,0.18,0.30,210.00,0.61,15.15,0.00,0.02,0.01,0.33,0.02,0.72,0.00,0.03,0.96,0.29,0.0008,0.0207,     0,0,0,2.65,97.35,0.00,N/A,1.30,4.00,210.00,0.33,8.16,0.01,0.16,0.00,0.53,0.00,0.51,0.00,0.00,0.69,0.84,0.0004,0.0031,     0,0,0,0.06,99.94,0.00,N/A,0.04,0.07,210.00,0.53,13.35,0.00,0.00,0.00,0.35,0.00,0.47,0.00,0.00,0.95,0.91,0.0001,0.0017,     0,0,0,0.05,99.95,0.00,N/A,0.02,0.05,210.00,0.35,8.85,0.00,0.00,0.00,0.42,0.00,0.46,0.00,0.00,1.00,0.83,0.0000,0.0037,     0,0,0,0.06,99.94,0.00,N/A,0.02,0.05,210.00,0.42,10.50,0.00,0.00,0.00,0.41,0.00,0.46,0.00,0.00,0.96,0.84,0.0001,0.0036,     0,0,0,0.06,99.94,0.00,N/A,0.02,0.05,210.00,0.41,10.28,0.00,0.00,0.00,0.38,0.00,0.57,0.00,0.00,0.76,0.83,0.0004,0.0038,     0,0,0,0.06,99.94,0.00,N/A,0.02,0.07,210.00,0.38,9.41,0.00,0.00,0.00,0.28,0.00,0.76,0.00,0.00,0.72,0.59,0.0025,0.0095,     0,0,0,0.13,99.87,0.00,N/A,0.06,0.21,210.00,0.28,6.92,0.00,0.01,0.00,0.59,0.00,0.76,0.00,0.00,0.69,0.47,0.0021,0.0075,     0,0,0,0.41,99.59,0.00,N/A,0.39,0.65,210.00,0.59,14.77,0.00,0.05,
2024-03-21,21:06:49.985,0.00,0.68,0.00,0.89,0.00,0.06,0.95,0.52,0.0003,0.0064,0.00,0.00,-2147483648,0.00,0.00,9.31,13.70,209.74,0.68,16.99,0.00,0.07,0.72,0.44,2.98,0.46,99.54,0.00,100.00,0.00,0.00,0.00,0.00,-nan,0.08,0.00,0.85,0.01,1.00,0.00,0.03,0.94,0.62,0.0002,0.0040,     0,0,0,0.00,0.00,-2147483648,0.00,0.00,N/A,7.67,9.00,209.74,0.85,21.30,0.00,0.11,0.00,0.35,0.00,0.73,0.00,0.03,0.95,0.34,0.0008,0.0175,     0,0,0,0.00,0.00,-2147483648,0.00,0.00,N/A,1.65,4.70,209.74,0.35,8.76,0.00,0.02,0.08,0.10,  0%,  0%,0.31,0.22,  0%,  0%,0.17,0.30,  0%,  0%,1.29,1.21,  1%,  1%,0.54,99.46,0.00,100.00,0.00,0.00,0100.00,0.00,0.00,0.00,0.00,0.00 ,0.00 ,-nan ,-nan ,0.08,0.08,0.01,0.31,0.02,1.00,0.00,0.03,0.96,0.27,0.0007,0.0211,     0,0,0,2.01,97.99,0.00,N/A,1.31,4.27,212.11,0.31,7.64,0.01,0.15,0.01,1.48,0.01,1.00,0.00,0.00,0.91,0.89,0.0000,0.0007,     0,0,0,0.84,99.16,0.00,N/A,2.65,1.79,212.11,1.48,37.00,0.01,0.31,0.02,1.53,0.01,1.00,0.00,0.00,0.93,0.75,0.0001,0.0010,     0,0,0,1.30,98.70,0.00,N/A,4.18,2.73,212.11,1.53,38.20,0.02,0.50,0.00,0.50,0.00,1.00,0.00,0.00,0.78,0.69,0.0009,0.0059,     0,0,0,0.05,99.95,0.00,N/A,0.05,0.10,212.11,0.50,12.57,0.00,0.01,0.00,0.45,0.00,1.00,0.00,0.00,0.96,0.93,0.0000,0.0014,     0,0,0,0.02,99.98,0.00,N/A,0.02,0.05,212.11,0.45,11.37,0.00,0.00,0.00,0.49,0.00,1.00,0.00,0.00,0.91,0.89,0.0002,0.0021,     0,0,0,0.02,99.98,0.00,N/A,0.02,0.04,212.11,0.49,12.27,0.00,0.00,0.00,0.51,0.00,1.00,0.00,0.00,0.72,0.82,0.0004,0.0018,     0,0,0,0.22,99.78,0.00,N/A,0.23,0.46,212.11,0.51,12.74,0.00,0.03,0.00,0.58,0.00,1.00,0.00,0.00,0.67,0.57,0.0018,0.0071,     0,0,0,0.15,99.85,0.00,N/A,0.19,0.32,212.11,0.58,14.50,0.00,0.02,0.01,0.31,0.02,0.85,0.00,0.03,0.96,0.28,0.0008,0.0210,     0,0,0,2.38,97.62,0.00,N/A,1.31,4.29,212.11,0.31,7.63,0.01,0.15,0.00,0.55,0.00,0.52,0.00,0.00,0.53,0.69,0.0024,0.0060,     0,0,0,0.18,99.82,0.00,N/A,0.11,0.20,212.11,0.55,13.77,0.00,0.01,0.00,0.39,0.00,0.54,0.00,0.00,0.97,0.89,0.0001,0.0021,     0,0,0,0.04,99.96,0.00,N/A,0.02,0.05,212.11,0.39,9.83,0.00,0.00,0.00,0.49,0.00,0.65,0.00,0.00,0.75,0.73,0.0012,0.0057,     0,0,0,0.08,99.92,0.00,N/A,0.05,0.11,212.11,0.49,12.24,0.00,0.01,0.00,0.34,0.00,0.44,0.00,0.00,0.72,0.89,0.0005,0.0021,     0,0,0,0.06,99.94,0.00,N/A,0.02,0.06,212.11,0.34,8.52,0.00,0.00,0.00,0.36,0.00,0.43,0.00,0.00,0.61,0.90,0.0006,0.0017,     0,0,0,0.06,99.94,0.00,N/A,0.02,0.06,212.11,0.36,8.93,0.00,0.00,0.00,0.53,0.00,0.53,0.00,0.00,0.81,0.64,0.0012,0.0072,     0,0,0,0.18,99.82,0.00,N/A,0.11,0.20,212.11,0.53,13.36,0.00,0.01,0.00,0.55,0.00,0.72,0.00,0.00,0.87,0.57,0.0008,0.0070,     0,0,0,0.11,99.89,0.00,N/A,0.09,0.16,212.11,0.55,13.73,0.00,0.01,
2024-03-21,21:06:50.086,0.00,0.87,0.01,0.89,0.00,0.07,0.93,0.58,0.0003,0.0043,0.00,0.00,-2147483648,0.00,0.00,16.83,19.34,212.40,0.87,21.76,0.00,0.12,0.44,1.00,1.25,0.64,99.36,0.00,100.00,0.00,0.00,0.00,0.00,-nan,0.09,0.01,1.03,0.01,0.97,0.00,0.04,0.92,0.66,0.0002,0.0028,     0,0,0,0.00,0.00,-2147483648,0.00,0.00,N/A,15.07,14.60,212.40,1.03,25.81,0.01,0.22,0.00,0.37,0.00,0.71,0.00,0.03,0.95,0.36,0.0009,0.0174,     0,0,0,0.00,0.00,-2147483648,0.00,0.00,N/A,1.76,4.74,212.40,0.37,9.28,0.00,0.03,0.13,0.18,  0%,  0%,0.09,0.03,  0%,  0%,0.35,0.45,  0%,  0%,0.27,0.18,  0%,  0%,0.89,99.11,0.00,100.00,0.00,0.00,0.39,99.61,0.00,100.00,0.00,0.00,0.00,0.00,0.00 ,0.00 ,-nan ,-nan ,0.10,0.09,0.01,0.31,0.02,0.96,0.00,0.03,0.96,0.27,0.0008,0.0209,     0,0,0,2.12,97.88,0.00,N/A,1.33,4.33,212.40,0.31,7.71,0.01,0.16,0.01,1.27,0.00,0.99,0.00,0.00,0.90,0.35,0.0002,0.0024,     0,0,0,0.40,99.60,0.00,N/A,1.07,0.84,212.40,1.27,31.78,0.01,0.13,0.00,0.49,0.00,1.00,0.00,0.00,0.64,0.61,0.0014,0.0067,     0,0,0,0.12,99.88,0.00,N/A,0.12,0.25,212.40,0.49,12.18,0.00,0.01,0.04,1.67,0.02,0.97,0.00,0.01,0.97,0.90,0.0000,0.0006,     0,0,0,2.46,97.54,0.00,N/A,8.42,5.04,212.40,1.67,41.74,0.04,1.00,0.00,0.52,0.00,1.00,0.00,0.00,0.97,0.92,0.0000,0.0016,     0,0,0,0.02,99.98,0.00,N/A,0.02,0.05,212.40,0.52,13.12,0.00,0.00,0.02,1.57,0.01,1.00,0.00,0.00,0.83,0.88,0.0001,0.0007,     0,0,0,1.03,98.97,0.00,N/A,3.43,2.18,212.40,1.57,39.31,0.02,0.40,0.00,0.33,0.00,0.88,0.00,0.00,0.51,0.78,0.0017,0.0039,     0,0,0,0.52,99.48,0.00,N/A,0.32,0.97,212.40,0.33,8.30,0.00,0.04,0.00,0.37,0.00,0.99,0.00,0.00,0.71,0.51,0.0015,0.0064,     0,0,0,0.45,99.55,0.00,N/A,0.35,0.94,212.40,0.37,9.32,0.00,0.04,0.01,0.34,0.02,0.74,0.00,0.03,0.97,0.27,0.0007,0.0218,     0,0,0,2.37,97.63,0.00,N/A,1.26,3.72,212.40,0.34,8.48,0.01,0.15,0.00,0.48,0.00,0.76,0.00,0.00,0.58,0.65,0.0024,0.0067,     0,0,0,0.19,99.81,0.00,N/A,0.14,0.30,212.40,0.48,12.00,0.00,0.02,0.00,0.37,0.00,0.50,0.00,0.00,0.69,0.88,0.0006,0.0025,     0,0,0,0.05,99.95,0.00,N/A,0.02,0.05,212.40,0.37,9.27,0.00,0.00,0.00,0.51,0.00,0.44,0.00,0.00,0.79,0.73,0.0008,0.0051,     0,0,0,0.10,99.90,0.00,N/A,0.05,0.09,212.40,0.51,12.87,0.00,0.01,0.00,0.52,0.00,0.56,0.00,0.00,0.82,0.70,0.0008,0.0055,     0,0,0,0.12,99.88,0.00,N/A,0.07,0.14,212.40,0.52,12.96,0.00,0.01,0.00,0.52,0.00,0.55,0.00,0.00,0.86,0.68,0.0007,0.0061,     0,0,0,0.12,99.88,0.00,N/A,0.07,0.14,212.40,0.52,12.98,0.00,0.01,0.00,0.50,0.00,0.77,0.00,0.00,0.85,0.63,0.0011,0.0075,     0,0,0,0.15,99.85,0.00,N/A,0.12,0.24,212.40,0.50,12.43,0.00,0.01,0.00,0.38,0.00,0.55,0.00,0.00,0.85,0.87,0.0003,0.0025,     0,0,0,0.05,99.95,0.00,N/A,0.02,0.05,212.40,0.38,9.50,0.00,0.00,
2024-03-21,21:06:50.186,0.00,0.67,0.00,0.90,0.00,0.07,0.94,0.50,0.0004,0.0062,0.00,0.00,-2147483648,0.00,0.00,10.67,15.83,209.97,0.67,16.85,0.00,0.08,0.32,0.25,0.98,0.52,99.48,0.00,100.00,0.00,0.00,0.00,0.00,-nan,0.08,0.01,0.83,0.01,1.00,0.00,0.04,0.93,0.58,0.0003,0.0040,     0,0,0,0.00,0.00,-2147483648,0.00,0.00,N/A,8.92,10.69,209.97,0.83,20.87,0.01,0.13,0.00,0.34,0.00,0.75,0.00,0.03,0.95,0.35,0.0009,0.0174,     0,0,0,0.00,0.00,-2147483648,0.00,0.00,N/A,1.75,5.14,209.97,0.34,8.49,0.00,0.03,0.07,0.07,  0%,  0%,0.13,0.05,  0%,  0%,0.13,0.37,  0%,  0%,0.28,0.21,  0%,  0%,0.64,99.36,0.00,100.00,0.00,0.00,0.41,99.59,0.00,100.00,0.00,0.00,0.00,0.00,0.00 ,0.00 ,-nan ,-nan ,0.08,0.08,0.01,0.29,0.02,1.00,0.00,0.03,0.95,0.27,0.0010,0.0193,     0,0,0,2.47,97.53,0.00,N/A,1.49,5.18,209.97,0.29,7.20,0.01,0.18,0.01,1.32,0.01,1.00,0.00,0.00,0.65,0.85,0.0001,0.0006,     0,0,0,0.57,99.43,0.00,N/A,1.58,1.19,209.97,1.32,33.01,0.01,0.19,0.00,0.50,0.00,1.00,0.00,0.00,0.53,0.61,0.0019,0.0064,     0,0,0,0.17,99.83,0.00,N/A,0.18,0.36,209.97,0.50,12.45,0.00,0.02,0.03,1.61,0.02,1.00,0.00,0.00,0.95,0.87,0.0000,0.0008,     0,0,0,1.58,98.42,0.00,N/A,5.33,3.31,209.97,1.61,40.24,0.03,0.63,0.00,0.48,0.00,1.00,0.00,0.00,1.00,0.92,0.0000,0.0015,     0,0,0,0.02,99.98,0.00,N/A,0.02,0.04,209.97,0.48,11.94,0.00,0.00,0.00,0.46,0.00,1.00,0.00,0.00,0.83,0.70,0.0008,0.0056,     0,0,0,0.04,99.96,0.00,N/A,0.04,0.09,209.97,0.46,11.57,0.00,0.01,0.00,0.57,0.00,1.00,0.00,0.00,0.61,0.75,0.0011,0.0033,     0,0,0,0.22,99.78,0.00,N/A,0.26,0.46,209.97,0.57,14.35,0.00,0.03,0.00,0.43,0.00,1.00,0.00,0.00,0.94,0.89,0.0001,0.0022,     0,0,0,0.02,99.98,0.00,N/A,0.02,0.05,209.97,0.43,10.65,0.00,0.00,0.01,0.31,0.02,0.79,0.00,0.03,0.96,0.27,0.0008,0.0210,     0,0,0,2.56,97.44,0.00,N/A,1.32,4.23,209.97,0.31,7.78,0.01,0.16,0.00,0.47,0.00,0.75,0.00,0.00,0.62,0.68,0.0018,0.0059,     0,0,0,0.15,99.85,0.00,N/A,0.11,0.24,209.97,0.47,11.80,0.00,0.01,0.00,0.35,0.00,0.61,0.00,0.00,0.71,0.87,0.0006,0.0025,     0,0,0,0.04,99.96,0.00,N/A,0.02,0.06,209.97,0.35,8.67,0.00,0.00,0.00,0.45,0.00,0.65,0.00,0.00,0.85,0.71,0.0008,0.0057,     0,0,0,0.08,99.92,0.00,N/A,0.05,0.10,209.97,0.45,11.37,0.00,0.01,0.00,0.51,0.00,0.42,0.00,0.00,0.85,0.72,0.0007,0.0055,     0,0,0,0.11,99.89,0.00,N/A,0.05,0.10,209.97,0.51,12.75,0.00,0.01,0.00,0.50,0.00,0.43,0.00,0.00,0.82,0.70,0.0010,0.0064,     0,0,0,0.12,99.88,0.00,N/A,0.06,0.11,209.97,0.50,12.45,0.00,0.01,0.00,0.51,0.00,0.77,0.00,0.00,0.87,0.64,0.0009,0.0072,     0,0,0,0.13,99.87,0.00,N/A,0.11,0.22,209.97,0.51,12.65,0.00,0.01,0.00,0.43,0.00,0.64,0.00,0.00,0.89,0.72,0.0004,0.0052,     0,0,0,0.06,99.94,0.00,N/A,0.03,0.08,209.97,0.43,10.63,0.00,0.00,
2024-03-21,21:06:50.286,0.00,0.45,0.00,0.89,0.00,0.06,0.94,0.41,0.0007,0.0109,0.00,0.00,-2147483648,0.00,0.00,5.88,13.07,210.24,0.45,11.25,0.00,0.04,0.31,0.39,0.87,0.43,99.57,0.00,100.00,0.00,0.00,0.00,0.00,-nan,0.08,0.00,0.52,0.00,1.00,0.00,0.03,0.93,0.45,0.0006,0.0082,     0,0,0,0.00,0.00,-2147483648,0.00,0.00,N/A,4.01,7.64,210.24,0.52,13.11,0.00,0.06,0.00,0.35,0.00,0.78,0.00,0.03,0.94,0.36,0.0009,0.0166,     0,0,0,0.00,0.00,-2147483648,0.00,0.00,N/A,1.87,5.42,210.24,0.35,8.64,0.00,0.03,0.07,0.09,  0%,  0%,0.11,0.04,  0%,  0%,0.16,0.26,  0%,  0%,0.26,0.19,  0%,  0%,0.45,99.55,0.00,100.00,0.00,0.00,0.41,99.59,0.00,100.00,0.00,0.00,0.00,0.00,0.00 ,0.00 ,-nan ,-nan ,0.08,0.08,0.01,0.30,0.02,1.00,0.00,0.03,0.95,0.27,0.0010,0.0201,     0,0,0,2.26,97.74,0.00,N/A,1.44,4.76,210.24,0.30,7.56,0.01,0.17,0.00,1.31,0.00,1.00,0.00,0.00,0.60,0.65,0.0002,,0.0001,0.000,0,0,0.20,99.80,0.00,N/A,0.56,0.42,210.24,1.31,32.84,0.00,0.07,0.00,0.51,0.00,1.00,0.00,0.00,0.78,0.65,0.0009,0.0058,     0,0,0,0.11,99.89,0.00,N/A,0.11,0.22,210.24,0.51,12.63,0.00,0.01,0.00,0.49,0.00,1.00,0.00,0.00,0.88,0.70,0.0006,0.0059,     0,0,0,0.05,99.95,0.00,N/A,0.05,0.10,210.24,0.49,12.21,0.00,0.01,0.00,0.44,0.00,1.00,0.00,0.00,0.89,0.92,0.0001,0.0015,     0,0,0,0.02,99.98,0.00,N/A,0.02,0.05,210.24,0.44,11.00,0.00,0.00,0.01,1.49,0.00,1.00,0.00,0.00,0.93,0.93,0.0000,0.0005,     0,0,0,0.45,99.55,0.00,N/A,1.39,0.94,210.24,1.49,37.20,0.01,0.17,0.00,0.66,0.00,1.00,0.00,0.00,0.71,0.84,0.0004,0.0018,     0,0,0,0.15,99.85,0.00,N/A,0.21,0.31,210.24,0.66,16.62,0.00,0.02,0.00,0.27,0.00,1.00,0.00,0.00,0.60,0.54,0.0018,0.0058,     0,0,0,0.40,99.60,0.00,N/A,0.23,0.84,210.24,0.27,6.73,0.00,0.03,0.01,0.31,0.02,0.81,0.00,0.03,0.96,0.28,0.0008,0.0209,     0,0,0,2.53,97.47,0.00,N/A,1.32,4.31,210.24,0.31,7.66,0.01,0.16,0.00,0.51,0.00,0.65,0.00,0.00,0.62,0.65,0.0020,0.0063,     0,0,0,0.20,99.80,0.00,N/A,0.14,0.27,210.24,0.51,12.65,0.00,0.02,0.00,0.39,0.00,0.50,0.00,0.00,0.75,0.88,0.0003,0.0023,     0,0,0,0.05,99.95,0.00,N/A,0.02,0.05,210.24,0.39,9.68,0.00,0.00,0.00,0.47,0.00,0.80,0.00,0.00,0.85,0.75,0.0007,0.0050,     0,0,0,0.06,99.94,0.00,N/A,0.05,0.10,210.24,0.47,11.78,0.00,0.01,0.00,0.50,0.00,0.63,0.00,0.00,0.92,0.65,0.0005,0.0069,     0,0,0,0.09,99.91,0.00,N/A,0.06,0.12,210.24,0.50,12.57,0.00,0.01,0.00,0.53,0.00,0.61,0.00,0.00,0.90,0.70,0.0005,0.0062,     0,0,0,0.10,99.90,0.00,N/A,0.06,0.12,210.24,0.53,13.24,0.00,0.01,0.00,0.50,0.00,0.68,0.00,0.00,0.85,0.63,0.0010,0.0074,     0,0,0,0.17,99.83,0.00,N/A,0.12,0.25,210.24,0.50,12.56,0.00,0.01,0.00,0.51,0.00,0.76,0.00,0.00,0.77,0.57,0.0012,0.0066,     0,0,0,0.13,99.87,0.00,N/A,0.10,0.20,210.24,0.51,12.68,0.00,0.01,
2024-03-21,21:06:50.386,0.01,0.95,0.01,0.92,0.00,0.07,0.94,0.62,0.0002,0.0034,0.00,0.00,-2147483648,0.00,0.00,19.83,20.88,210.18,0.95,23.74,0.01,0.15,0.52,0.56,1.62,0.67,99.33,0.00,100.00,0.00,0.00,0.00,0.00,-nan,0.08,0.01,1.15,0.01,1.00,0.00,0.04,0.93,0.72,0.0001,0.0020,     0,0,0,0.00,0.00,-2147483648,0.00,0.00,N/A,17.89,15.60,210.18,1.15,28.68,0.01,0.27,0.00,0.37,0.00,0.75,0.00,0.03,0.94,0.36,0.0009,0.0165,     0,0,0,0.00,0.00,-2147483648,0.00,0.00,N/A,1.94,5.28,210.18,0.37,9.16,0.00,0.03,0.06,0.08,  0%,  0%,0.23,0.15,  0%,  0%,0.13,0.25,  0%,  0%,0.64,0.60,  0%,  0%,0.93,99.07,0.00,100.00,0.00,0.00,0.42,99.58,0.00,100.00,0.00,0.00,0.00,0.00,0.00 ,0.00 ,-nan ,-nan ,0.08,0.09,0.01,0.47,0.03,1.00,0.00,0.03,0.94,0.27,0.0006,0.0108,     0,0,0,2.73,97.27,0.00,N/A,2.71,5.75,210.18,0.47,11.78,0.01,0.32,0.01,1.30,0.00,1.00,0.00,0.00,0.65,0.67,0.0001,0.0005,     0,0,0,0.49,99.51,0.00,N/A,1.34,1.03,210.18,1.30,32.47,0.01,0.16,0.00,0.48,0.00,0.98,0.00,0.00,0.72,0.65,0.0012,0.0060,     0,0,0,0.10,99.90,0.00,N/A,0.10,0.20,210.18,0.48,12.07,0.00,0.01,0.00,0.47,0.00,1.00,0.00,0.00,0.77,0.68,0.0010,0.0066,     0,0,0,0.06,99.94,0.00,N/A,0.06,0.13,210.18,0.47,11.82,0.00,0.01,0.00,0.47,0.00,1.00,0.00,0.00,0.92,0.90,0.0001,0.0019,     0,0,0,0.02,99.98,0.00,N/A,0.02,0.05,210.18,0.47,11.70,0.00,0.00,0.06,1.71,0.04,1.00,0.00,0.00,0.98,0.95,0.0000,0.0003,     0,0,0,3.68,96.32,0.00,N/A,13.32,7.79,210.18,1.71,42.76,0.06,1.57,0.00,0.53,0.00,1.00,0.00,0.00,0.69,0.81,0.0005,0.0021,     0,0,0,0.21,99.79,0.00,N/A,0.23,0.44,210.18,0.53,13.20,0.00,0.03,0.00,0.53,0.00,1.00,0.00,0.00,0.76,0.58,0.0013,0.0068,     0,0,0,0.10,99.90,0.00,N/A,0.11,0.21,210.18,0.53,13.23,0.00,0.01,0.01,0.32,0.02,0.76,0.00,0.03,0.96,0.27,0.0008,0.0213,     0,0,0,2.53,97.47,0.00,N/A,1.31,4.04,210.18,0.32,8.09,0.01,0.16,0.00,0.52,0.00,0.68,0.00,0.00,0.70,0.65,0.0016,0.0067,     0,0,0,0.15,99.85,0.00,N/A,0.11,0.22,210.18,0.52,12.88,0.00,0.01,0.00,0.48,0.00,0.72,0.00,0.00,0.68,0.71,0.0012,0.0053,     0,0,0,0.11,99.89,0.00,N/A,0.08,0.17,210.18,0.48,11.93,0.00,0.01,0.00,0.41,0.00,0.66,0.00,0.00,0.73,0.72,0.0013,0.0053,     0,0,0,0.10,99.90,0.00,N/A,0.06,0.14,210.18,0.41,10.20,0.00,0.01,0.00,0.53,0.00,0.77,0.00,0.00,0.87,0.64,0.0008,0.0069,     0,0,0,0.10,99.90,0.00,N/A,0.08,0.16,210.18,0.53,13.13,0.00,0.01,0.00,0.52,0.00,0.78,0.00,0.00,0.86,0.67,0.0008,0.0065,     0,0,0,0.10,99.90,0.00,N/A,0.08,0.16,210.18,0.52,12.97,0.00,0.01,0.00,0.51,0.00,0.69,0.00,0.00,0.80,0.64,0.0013,0.0071,     0,0,0,0.14,99.86,0.00,N/A,0.10,0.20,210.18,0.51,12.65,0.00,0.01,0.00,0.56,0.00,0.72,0.00,0.00,0.79,0.57,0.0012,0.0074,     0,0,0,0.13,99.87,0.00,N/A,0.11,0.20,210.18,0.56,14.03,0.00,0.01,
2024-03-21,21:06:50.486,0.00,0.71,0.00,0.88,0.00,0.07,0.93,0.48,0.0004,0.0061,0.00,0.00,-2147483648,0.00,0.00,11.26,15.76,211.26,0.71,17.86,0.00,0.08,1.00,0.82,2.57,0.53,99.47,0.00,100.00,0.00,0.00,0.00,0.00,-nan,0.08,0.01,0.88,0.01,0.97,0.00,0.04,0.92,0.56,0.0003,0.0040,     0,0,0,0.00,0.00,-2147483648,0.00,0.00,N/A,9.28,10.60,211.26,0.88,21.90,0.01,0.14,0.00,0.38,0.00,0.74,0.00,0.03,0.94,0.36,0.0009,0.0163,     0,0,0,0.00,0.00,-2147483648,0.00,0.00,N/A,1.98,5.17,211.26,0.38,9.56,0.00,0.03,0.28,0.09,  0%,  0%,0.37,0.27,  0%,  0%,0.16,0.23,  0%,  0%,1.06,1.12,  0%,  0%,0.65,99.35,0.00,100.00,0.00,0.00,0.41,99.59,0.00,100.00,0.00,0.00,0.00,0.00,0.00 ,0.00 ,-nan ,-nan ,0.08,0.08,0.01,0.34,0.02,0.97,0.00,0.03,0.95,0.27,0.0009,0.0170,     0,0,0,2.43,97.57,0.00,N/A,1.71,4.98,211.26,0.34,8.59,0.01,0.20,0.01,1.32,0.01,1.00,0.00,0.00,0.72,0.65,0.0003,0.0011,     0,0,0,0.96,99.04,0.00,N/A,2.66,2.02,211.26,1.32,32.92,0.01,0.32,0.00,0.45,0.00,0.92,0.00,0.00,0.73,0.67,0.0011,0.0060,     0,0,0,0.05,99.95,0.00,N/A,0.05,0.11,211.26,0.45,11.35,0.00,0.01,0.01,1.64,0.01,0.95,0.00,0.00,0.93,0.94,0.0000,0.0004,     0,0,0,0.91,99.09,0.00,N/A,2.99,1.82,211.26,1.64,41.07,0.01,0.36,0.00,0.46,0.00,1.00,0.00,0.00,0.79,0.90,0.0004,0.0020,     0,0,0,0.02,99.98,0.00,N/A,0.02,0.05,211.26,0.46,11.47,0.00,0.00,0.01,1.44,0.01,1.00,0.00,0.00,0.91,0.80,0.0001,0.0013,     0,0,0,0.51,99.49,0.00,N/A,1.52,1.06,211.26,1.44,35.91,0.01,0.18,0.00,0.60,0.00,0.98,0.00,0.00,0.75,0.80,0.0005,0.0027,     0,0,0,0.19,99.81,0.00,N/A,0.23,0.38,211.26,0.60,15.09,0.00,0.03,0.00,0.57,0.00,0.94,0.00,0.00,0.73,0.62,0.0013,0.0067,     0,0,0,0.10,99.90,0.00,N/A,0.11,0.19,211.26,0.57,14.27,0.00,0.01,0.01,0.33,0.02,0.75,0.00,0.03,0.96,0.27,0.0008,0.0217,     0,0,0,2.42,97.58,0.00,N/A,1.28,3.84,211.26,0.33,8.35,0.01,0.15,0.00,0.47,0.00,0.83,0.00,0.00,0.67,0.64,0.0016,0.0063,     0,0,0,0.16,99.84,0.00,N/A,0.13,0.27,211.26,0.47,11.82,0.00,0.02,0.00,0.50,0.00,0.72,0.00,0.00,0.56,0.75,0.0017,0.0049,     0,0,0,0.07,99.93,0.00,N/A,0.05,0.10,211.26,0.50,12.51,0.00,0.01,0.00,0.51,0.00,0.56,0.00,0.00,0.82,0.70,0.0009,0.0058,     0,0,0,0.13,99.87,0.00,N/A,0.08,0.15,211.26,0.51,12.78,0.00,0.01,0.00,0.46,0.00,0.75,0.00,0.00,0.83,0.74,0.0008,0.0056,     0,0,0,0.09,99.91,0.00,N/A,0.06,0.14,211.26,0.46,11.56,0.00,0.01,0.00,0.50,0.00,0.79,0.00,0.00,0.82,0.67,0.0010,0.0069,     0,0,0,0.11,99.89,0.00,N/A,0.09,0.19,211.26,0.50,12.38,0.00,0.01,0.00,0.51,0.00,0.78,0.00,0.00,0.85,0.64,0.0009,0.0067,     0,0,0,0.14,99.86,0.00,N/A,0.12,0.23,211.26,0.51,12.70,0.00,0.01,0.00,0.67,0.00,0.56,0.00,0.00,0.87,0.52,0.0008,0.0071,     0,0,0,0.20,99.80,0.00,N/A,0.16,0.24,211.26,0.67,16.82,0.00,0.02,
2024-03-21,21:06:50.587,0.01,0.81,0.01,0.94,0.00,0.07,0.94,0.63,0.0002,0.0040,0.00,0.00,-2147483648,0.00,0.00,16.89,20.78,210.43,0.81,20.32,0.01,0.13,0.36,0.15,1.29,0.66,99.34,0.00,100.00,0.00,0.00,0.00,0.00,-nan,0.08,0.01,1.11,0.01,1.00,0.00,0.03,0.94,0.70,0.0001,0.0026,     0,0,0,0.00,0.00,-2147483648,0.00,0.00,N/A,13.50,12.13,210.43,1.11,27.83,0.01,0.20,0.00,0.39,0.01,0.86,0.00,0.03,0.93,0.48,0.0006,0.0099,     0,0,0,0.00,0.00,-2147483648,0.00,0.00,N/A,3.38,8.65,210.43,0.39,9.78,0.00,0.05,0.08,0.07,  0%,  0%,0.12,0.10,  0%,  0%,0.12,0.24,  0%,  0%,0.43,0.50,  0%,  0%,0.72,99.28,0.00,100.00,0.00,0.00,0.59,99.41,0.00,100.00,0.00,0.00,0.00,0.00,0.00 ,0.00 ,-nan ,-nan ,0.08,0.08,0.01,0.31,0.02,1.00,0.00,0.03,0.97,0.27,0.0007,0.0213,     0,0,0,1.97,98.03,0.00,N/A,1.30,4.14,210.43,0.31,7.84,0.01,0.15,0.00,0.44,0.00,1.00,0.00,0.00,0.70,0.62,0.0010,0.0063,     0,0,0,0.16,99.84,0.00,N/A,0.15,0.33,210.43,0.44,11.07,0.00,0.02,0.00,0.49,0.00,0.92,0.00,0.00,0.65,0.69,0.0013,0.0058,     0,0,0,0.05,99.95,0.00,N/A,0.05,0.10,210.43,0.49,12.17,0.00,0.01,0.05,1.74,0.03,1.00,0.00,0.00,0.97,0.0000,0.00,0.0003,     0,0,0,3.10,96.90,0.00,N/A,11.44,6.56,210.43,1.74,43.59,0.05,1.35,0.00,0.29,0.00,0.92,0.00,0.00,0.89,0.90,0.0002,0.0019,     0,0,0,0.04,99.96,0.00,N/A,0.02,0.07,210.43,0.29,7.36,0.00,0.00,0.00,0.51,0.00,0.96,0.00,0.00,0.71,0.67,0.0015,0.0066,     0,0,0,0.09,99.91,0.00,N/A,0.10,0.19,210.43,0.51,12.84,0.00,0.01,0.00,0.63,0.00,1.00,0.00,0.00,0.75,0.77,0.0006,0.0032,     0,0,0,0.20,99.80,0.00,N/A,0.27,0.42,210.43,0.63,15.84,0.00,0.03,0.00,0.59,0.00,1.00,0.00,0.00,0.70,0.55,0.0016,0.0071,     0,0,0,0.14,99.86,0.00,N/A,0.18,0.30,210.43,0.59,14.85,0.00,0.02,0.01,0.32,0.02,0.80,0.00,0.03,0.96,0.26,0.0008,0.0216,     0,0,0,2.41,97.59,0.00,N/A,1.30,4.06,210.43,0.32,7.99,0.01,0.15,0.00,0.45,0.00,0.67,0.00,0.00,0.60,0.71,0.0018,0.0052,     0,0,0,0.08,99.92,0.00,N/A,0.05,0.12,210.43,0.45,11.25,0.00,0.01,0.00,0.46,0.00,0.81,0.00,0.00,0.69,0.74,0.0009,0.0049,     0,0,0,0.06,99.94,0.00,N/A,0.05,0.11,210.43,0.46,11.41,0.00,0.01,0.00,0.52,0.00,0.82,0.00,0.00,0.86,0.67,0.0008,0.0064,     0,0,0,0.12,99.88,0.00,N/A,0.11,0.21,210.43,0.52,13.10,0.00,0.01,0.00,0.48,0.00,0.91,0.00,0.00,0.68,0.61,0.0007,0.0029,     0,0,0,0.38,99.62,0.00,N/A,0.35,0.72,210.43,0.48,11.94,0.00,0.04,0.01,0.48,0.01,0.98,0.00,0.00,0.65,0.85,0.0004,0.0018,     0,0,0,1.09,98.91,0.00,N/A,1.09,2.25,210.43,0.48,12.09,0.01,0.13,0.00,0.46,0.00,0.70,0.00,0.00,0.78,0.70,0.0012,0.0058,     0,0,0,0.07,99.93,0.00,N/A,0.05,0.11,210.43,0.46,11.46,0.00,0.01,0.00,0.36,0.01,0.95,0.00,0.00,0.56,0.85,0.0003,0.0024,     0,0,0,0.53,99.47,0.00,N/A,0.39,1.07,210.43,0.36,9.08,0.00,0.05,
2024-03-21,21:06:50.688,0.00,0.71,0.00,0.90,0.00,0.07,0.94,0.47,0.0004,0.0061,0.00,0.00,-2147483648,0.00,0.00,11.60,16.27,211.88,0.71,17.82,0.00,0.09,0.47,1.37,1.12,0.54,99.46,0.00,100.00,0.00,0.00,0.00,0.00,-nan,0.10,0.01,0.87,0.01,1.00,0.00,0.04,0.94,0.54,0.0002,0.0040,     0,0,0,0.00,0.00,-2147483648,0.00,0.00,N/A,9.72,11.23,211.88,0.87,21.65,0.01,0.14,0.00,0.37,0.00,0.73,0.00,0.03,0.94,0.35,0.0010,0.0170,     0,0,0,0.00,0.00,-2147483648,0.00,0.00,N/A,1.88,5.04,211.88,0.37,9.31,0.00,0.03,0.08,0.08,  0%,  0%,0.19,0.13,  0%,  0%,0.12,0.24,  0%,  0%,0.46,0.30,  0%,  0%,0.66,99.34,0.00,100.00,0.00,0.00,0.41,99.59,0.00,100.00,0.00,0.00,0.00,0.00,0.00 ,0.00 ,-nan ,-nan ,0.10,0.10,0.01,0.47,0.03,1.00,0.00,0.03,0.95,0.27,0.0006,0.0111,     0,0,0,2.80,97.20,0.00,N/A,2.80,5.94,211.88,0.47,11.78,0.01,0.33,0.03,1.51,0.02,1.00,0.00,0.00,0.90,0.84,0.0001,0.0008,     0,0,0,1.78,98.22,0.00,N/A,5.68,3.77,211.88,1.51,37.66,0.03,0.67,0.00,0.49,0.00,0.89,0.00,0.00,0.73,0.83,0.0006,0.0032,     0,0,0,0.04,99.96,0.00,N/A,0.04,0.08,211.88,0.49,12.30,0.00,0.00,0.00,1.14,0.00,1.00,0.00,0.00,0.92,0.79,0.0001,0.0017,     0,0,0,0.29,99.71,0.00,N/A,0.72,0.63,211.88,1.14,28.60,0.00,0.08,0.00,0.52,0.00,1.00,0.00,0.00,0.82,0.75,0.0006,0.0048,     0,0,0,0.05,99.95,0.00,N/A,0.05,0.10,211.88,0.52,12.96,0.00,0.01,0.00,0.56,0.00,1.00,0.00,0.00,0.92,0.70,0.0003,0.0054,     0,0,0,0.06,99.94,0.00,N/A,0.07,0.13,211.88,0.56,14.03,0.00,0.01,0.00,0.66,0.00,1.00,0.00,0.00,0.74,0.78,0.0006,0.0028,     0,0,0,0.19,99.81,0.00,N/A,0.26,0.40,211.88,0.66,16.40,0.00,0.03,0.00,0.53,0.00,0.95,0.00,0.00,0.76,0.55,0.0013,0.0074,     0,0,0,0.09,99.91,0.00,N/A,0.10,0.18,211.88,0.53,13.29,0.00,0.01,0.01,0.33,0.02,0.78,0.00,0.03,0.96,0.27,0.0008,0.0217,     0,0,0,2.38,97.62,0.00,N/A,1.30,3.93,211.88,0.33,8.29,0.01,0.15,0.00,0.50,0.00,0.66,0.00,0.00,0.57,0.65,0.0024,0.0067,     0,0,0,0.16,99.84,0.00,N/A,0.11,0.22,211.88,0.50,12.38,0.00,0.01,0.00,0.39,0.00,0.55,0.00,0.00,0.52,0.89,0.0008,0.0021,     0,0,0,0.04,99.96,0.00,N/A,0.02,0.05,211.88,0.39,9.81,0.00,0.00,0.00,0.50,0.00,0.55,0.00,0.00,0.80,0.68,0.0011,0.0063,     0,0,0,0.13,99.87,0.00,N/A,0.08,0.16,211.88,0.50,12.38,0.00,0.01,0.00,0.54,0.00,0.49,0.00,0.00,0.81,0.70,0.0009,0.0053,     0,0,0,0.13,99.87,0.00,N/A,0.07,0.14,211.88,0.54,13.39,0.00,0.01,0.00,0.51,0.00,0.50,0.00,0.00,0.78,0.71,0.0009,0.0056,     0,0,0,0.14,99.86,0.00,N/A,0.08,0.15,211.88,0.51,12.86,0.00,0.01,0.00,0.52,0.00,0.64,0.00,0.00,0.82,0.63,0.0013,0.0074,     0,0,0,0.15,99.85,0.00,N/A,0.11,0.21,211.88,0.52,12.93,0.00,0.01,0.00,0.57,0.00,0.84,0.00,0.00,0.71,0.59,0.0017,0.0068,     0,0,0,0.11,99.89,0.00,N/A,0.11,0.19,211.88,0.57,14.25,0.00,0.01,
2024-03-21,21:06:50.788,0.01,0.86,0.01,0.91,0.00,0.07,0.93,0.58,0.0003,0.0040,0.00,0.00,-2147483648,0.00,0.00,17.01,19.79,210.44,0.86,21.49,0.01,0.13,0.44,0.39,1.62,0.64,99.36,0.00,100.00,0.00,0.00,0.00,0.00,-nan,0.08,0.01,1.04,0.01,1.00,0.00,0.04,0.92,0.68,0.0002,0.0024,     0,0,0,0.00,0.00,-2147483648,0.00,0.00,N/A,15.04,14.43,210.44,1.04,26.05,0.01,0.22,0.00,0.37,0.00,0.75,0.00,0.03,0.94,0.36,0.0010,0.0162,     0,0,0,0.00,0.00,-2147483648,0.00,0.00,N/A,1.97,5.36,210.44,0.37,9.22,0.00,0.03,0.07,0.09,  0%,  0%,0.15,0.13,  0%,  0%,0.15,0.38,  0%,  0%,0.52,0.57,  0%,  0%,0.86,99.14,0.00,100.00,0.00,0.00,0.43,99.57,0.00,100.00,0.00,0.00,0.00,0.00,0.00 ,0.00 ,-nan ,-nan ,0.08,0.08,0.01,0.28,0.03,1.00,0.00,0.03,0.93,0.28,0.0012,0.0183,     0,0,0,2.74,97.26,0.00,N/A,1.64,5.76,210.44,0.28,7.11,0.01,0.19,0.01,1.28,0.01,1.00,0.00,0.00,0.62,0.67,0.0002,0.0007,     0,0,0,0.60,99.40,0.00,N/A,1.63,1.27,210.44,1.28,32.06,0.01,0.19,0.01,1.51,0.00,0.99,0.00,0.00,0.58,0.74,0.0001,0.0003,     0,0,0,0.41,99.59,0.00,N/A,1.29,0.85,210.44,1.51,37.79,0.01,0.15,0.05,1.72,0.03,1.00,0.00,0.00,0.95,0.94,0.0000,0.0003,     0,0,0,2.78,97.22,0.00,N/A,10.07,5.87,210.44,1.72,42.91,0.05,1.19,0.00,0.44,0.00,1.00,0.00,0.00,0.86,0.90,0.0002,0.0021,     0,0,0,0.03,99.97,0.00,N/A,0.02,0.05,210.44,0.44,10.88,0.00,0.00,0.00,0.54,0.00,1.00,0.00,0.00,0.96,0.79,0.0001,0.0041,     0,0,0,0.04,99.96,0.00,N/A,0.04,0.08,210.44,0.54,13.60,0.00,0.00,0.00,0.66,0.00,1.00,0.00,0.00,0.76,0.81,0.0005,0.0025,     0,0,0,0.18,99.82,0.00,N/A,0.24,0.37,210.44,0.66,16.38,0.00,0.03,0.00,0.60,0.00,0.92,0.00,0.00,0.75,0.60,0.0013,0.0069,     0,0,0,0.09,99.91,0.00,N/A,0.11,0.18,210.44,0.60,15.03,0.00,0.01,0.01,0.32,0.02,0.78,0.00,0.03,0.96,0.27,0.0008,0.0212,     0,0,0,2.53,97.47,0.00,N/A,1.32,4.16,210.44,0.32,7.92,0.01,0.16,0.00,0.48,0.00,0.57,0.00,0.00,0.60,0.66,0.0022,0.0066,     0,0,0,0.15,99.85,0.00,N/A,0.09,0.18,210.44,0.48,11.91,0.00,0.01,0.00,0.59,0.00,0.44,0.00,0.00,0.54,0.70,0.0021,0.0056,     0,0,0,0.15,99.85,0.00,N/A,0.08,0.13,210.44,0.59,14.68,0.00,0.01,0.00,0.51,0.00,0.74,0.00,0.00,0.84,0.70,0.0009,0.0058,     0,0,0,0.10,99.90,0.00,N/A,0.08,0.15,210.44,0.51,12.68,0.00,0.01,0.00,0.50,0.00,0.60,0.00,0.00,0.86,0.73,0.0006,0.0053,     0,0,0,0.08,99.92,0.00,N/A,0.05,0.11,210.44,0.50,12.50,0.00,0.01,0.00,0.50,0.00,0.59,0.00,0.00,0.88,0.75,0.0006,0.0054,     0,0,0,0.09,99.91,0.00,N/A,0.06,0.11,210.44,0.50,12.57,0.00,0.01,0.00,0.49,0.00,0.55,0.00,0.00,0.82,0.69,0.0010,0.0058,     0,0,0,0.12,99.88,0.00,N/A,0.07,0.15,210.44,0.49,12.36,0.00,0.01,0.00,0.64,0.00,0.89,0.00,0.00,0.82,0.50,0.0011,0.0073,     0,0,0,0.19,99.81,0.00,N/A,0.23,0.36,210.44,0.64,15.97,0.00,0.03,
2024-03-21,21:06:50.888,0.00,0.72,0.01,0.93,0.00,0.07,0.94,0.50,0.0003,0.0057,0.00,0.00,-2147483648,0.00,0.00,12.83,17.92,211.61,0.72,17.90,0.00,0.09,0.32,0.40,0.79,0.57,99.43,0.00,100.00,0.00,0.00,0.00,0.00,-nan,0.08,0.01,0.88,0.01,1.00,0.00,0.04,0.94,0.58,0.0002,0.0038,     0,0,0,0.00,0.00,-2147483648,0.00,0.00,N/A,10.94,12.40,211.61,0.88,22.07,0.01,0.16,0.00,0.34,0.00,0.80,0.00,0.03,0.94,0.35,0.0009,0.0169,     0,0,0,0.00,0.00,-2147483648,0.00,0.00,N/A,1.88,5.52,211.61,0.34,8.54,0.00,0.03,0.09,0.08,  0%,  0%,0.11,0.03,  0%,  0%,0.14,0.24,  0%,  0%,0.25,0.17,  0%,  0%,0.73,99.27,0.00,100.00,0.00,0.00,0.41,99.59,0.00,100.00,0.00,0.00,0.00,0.00,0.00 ,0.00 ,-nan ,-nan ,0.08,0.08,0.01,0.29,0.03,1.00,0.00,0.03,0.96,0.26,0.0008,0.0199,     0,0,0,2.82,97.18,0.00,N/A,1.72,5.96,211.61,0.29,7.22,0.01,0.20,0.00,1.15,0.00,1.00,0.00,0.00,0.54,0.62,0.0004,0.0012,     0,0,0,0.35,99.65,0.00,N/A,0.84,0.73,211.61,1.15,28.75,0.00,0.10,0.01,1.49,0.00,0.99,0.00,0.00,0.59,0.65,0.0001,0.0004,     0,0,0,0.38,99.62,0.00,N/A,1.19,0.80,211.61,1.49,37.33,0.01,0.14,0.03,1.66,0.02,1.00,0.00,0.00,0.94,0.91,0.0000,0.0006,     0,0,0,1.93,98.07,0.00,N/A,6.71,4.05,211.61,1.66,41.43,0.03,0.80,0.00,0.48,0.00,0.97,0.00,0.00,0.90,0.75,0.0004,0.0047,     0,0,0,0.05,99.95,0.00,N/A,0.05,0.11,211.61,0.48,12.05,0.00,0.01,0.00,0.49,0.00,0.80.72,0.0016,0.86,0.73,0.0006,0.0048,     0,0,0,0.06,99.94,0.00,N/A,0.05,0.11,211.61,0.49,12.27,0.00,0.01,0.00,0.59,0.00,1.00,0.00,0.00,0.79,0.79,0.0005,0.0026,     0,0,0,0.22,99.78,0.00,N/A,0.28,0.47,211.61,0.59,14.66,0.00,0.03,0.00,0.59,0.00,1.00,0.00,0.00,0.72,0.58,0.0014,0.0066,     0,0,0,0.08,99.92,0.00,N/A,0.10,0.17,211.61,0.59,14.66,0.00,0.01,0.01,0.31,0.02,0.83,0.00,0.03,0.96,0.27,0.0008,0.0210,     0,0,0,2.52,97.48,0.00,N/A,1.35,4.40,211.61,0.31,7.67,0.01,0.16,0.00,0.46,0.00,0.72,0.00,0.00,0.77,0.63,0.0013,0.0075,     0,0,0,0.16,99.84,0.00,N/A,0.11,0.25,211.61,0.46,11.52,0.00,0.01,0.00,0.38,0.00,0.51,0.00,0.00,0.74,0.88,0.0005,0.0024,     0,0,0,0.05,99.95,0.00,N/A,0.02,0.05,211.61,0.38,9.56,0.00,0.00,0.00,0.50,0.00,0.84,0.00,0.00,0.83,0.69,0.0009,0.0065,     0,0,0,0.11,99.89,0.00,N/A,0.09,0.19,211.61,0.50,12.38,0.00,0.01,0.00,0.46,0.00,0.71,0.00,0.00,0.80,0.75,0.0008,0.0048,     0,0,0,0.07,99.93,0.00,N/A,0.05,0.11,211.61,0.46,11.55,0.00,0.01,0.00,0.47,0.00,0.71,0.00,0.00,0.85,0.76,0.0007,0.0049,     0,0,0,0.07,99.93,0.00,N/A,0.05,0.11,211.61,0.47,11.85,0.00,0.01,0.00,0.47,0.00,0.75,0.00,0.00,0.83,0.65,0.0011,0.0071,     0,0,0,0.14,99.86,0.00,N/A,0.10,0.22,211.61,0.47,11.70,0.00,0.01,0.00,0.53,0.00,0.70,0.00,0.00,0.71,0.59,0.0017,0.0067,     0,0,0,0.13,99.87,0.00,N/A,0.10,0.20,211.61,0.53,13.33,0.00,0.01,
2024-03-21,21:06:50.989,0.01,0.82,0.01,0.92,0.01,0.07,0.91,0.57,0.0003,0.0040,0.00,0.00,-2147483648,0.00,0.00,18.60,22.71,210.52,0.82,20.48,0.01,0.14,0.39,0.19,0.68,0.74,99.26,0.00,100.00,0.00,0.00,0.00,0.00,-nan,0.08,0.01,0.88,0.01,1.00,0.00,0.04,0.91,0.64,0.0003,0.0032,     0,0,0,0.00,0.00,-2147483648,0.00,0.00,N/A,11.96,13.60,210.52,0.88,21.98,0.01,0.18,0.00,0.73,0.01,0.82,0.00,0.04,0.91,0.48,0.0005,0.0055,     0,0,0,0.00,0.00,-2147483648,0.00,0.00,N/A,6.65,9.11,210.52,0.73,18.23,0.00,0.10,0.19,0.08,  0%,  0%,0.09,0.03,  0%,  0%,0.14,0.20,  0%,  0%,0.20,0.14,  0%,  0%,0.81,99.19,0.00,100.00,0.00,0.00,0.66,99.34,0.00,100.00,0.00,0.00,0.00,0.00,0.00 ,0.00 ,-nan ,-nan ,0.08,0.08,0.01,0.29,0.02,1.00,0.00,0.03,0.95,0.27,0.0009,0.0204,     0,0,0,2.31,97.69,0.00,N/A,1.40,4.87,210.52,0.29,7.17,0.01,0.17,0.01,1.24,0.01,1.00,0.00,0.00,0.57,0.64,0.0003,0.0009,     0,0,0,0.61,99.39,0.00,N/A,1.59,1.28,210.52,1.24,31.01,0.01,0.19,0.00,1.02,0.00,1.00,0.00,0.00,0.47,0.66,0.0004,0.0012,     0,0,0,0.15,99.85,0.00,N/A,0.33,0.32,210.52,1.02,25.50,0.00,0.04,0.04,1.67,0.02,1.00,0.00,0.00,0.90,0.94,0.0000,0.0004,     0,0,0,2.16,97.84,0.00,N/A,7.56,4.53,210.52,1.67,41.69,0.04,0.90,0.00,0.45,0.00,0.90,0.00,0.00,0.90,0.82,0.0004,0.0041,     0,0,0,0.04,99.96,0.00,N/A,0.03,0.08,210.52,0.45,11.16,0.00,0.00,0.00,0.54,0.00,0.93,0.00,0.00,0.91,0.68,0.0004,0.0064,     0,0,0,0.07,99.93,0.00,N/A,0.08,0.14,210.52,0.54,13.48,0.00,0.01,0.00,0.33,0.01,1.00,0.00,0.00,0.58,0.73,0.0021,0.0056,     0,0,0,0.61,99.39,0.00,N/A,0.42,1.28,210.52,0.33,8.18,0.00,0.05,0.00,0.50,0.01,1.00,0.00,0.00,0.70,0.45,0.0003,0.0031,     0,0,0,0.52,99.48,0.00,N/A,0.55,1.09,210.52,0.50,12.58,0.00,0.07,0.01,0.32,0.02,0.77,0.00,0.03,0.96,0.27,0.0008,0.0213,     0,0,0,2.57,97.43,0.00,N/A,1.31,4.16,210.52,0.32,7.88,0.01,0.16,0.00,0.48,0.00,0.44,0.00,0.00,0.54,0.62,0.0027,0.0074,     0,0,0,0.18,99.82,0.00,N/A,0.08,0.16,210.52,0.48,12.11,0.00,0.01,0.00,0.40,0.00,0.48,0.00,0.00,0.85,0.85,0.0004,0.0033,     0,0,0,0.05,99.95,0.00,N/A,0.02,0.06,210.52,0.40,10.03,0.00,0.00,0.00,0.81,0.00,0.96,0.00,0.00,0.83,0.75,0.0005,0.0036,     0,0,0,0.37,99.63,0.00,N/A,0.61,0.75,210.52,0.81,20.15,0.00,0.07,0.00,0.36,0.00,0.93,0.00,0.00,0.53,0.60,0.0020,0.0065,     0,0,0,0.26,99.74,0.00,N/A,0.18,0.51,210.52,0.36,8.93,0.00,0.02,0.01,1.77,0.01,0.98,0.00,0.00,0.65,0.87,0.0001,0.0002,     0,0,0,0.84,99.16,0.00,N/A,3.06,1.72,210.52,1.77,44.37,0.01,0.36,0.00,0.82,0.00,0.41,0.00,0.00,0.62,0.61,0.0012,0.0034,     0,0,0,0.31,99.69,0.00,N/A,0.22,0.27,210.52,0.82,20.53,0.00,0.03,0.01,0.79,0.01,0.97,0.00,0.00,0.75,0.72,0.0005,0.0023,     0,0,0,0.72,99.28,0.00,N/A,1.16,1.47,210.52,0.79,19.72,0.01,0.14,
2024-03-21,21:06:51.088,0.00,0.50,0.00,0.87,0.00,0.06,0.94,0.38,0.0006,0.0109,0.00,0.00,-2147483648,0.00,0.00,5.92,11.90,209.68,0.50,12.44,0.00,0.04,0.97,0.81,1.19,0.41,99.59,0.00,100.00,0.00,0.00,0.00,0.00,-nan,0.08,0.00,0.60,0.00,0.96,0.00,0.03,0.94,0.41,0.0004,0.0080,     0,0,0,0.00,0.00,-2147483648,0.00,0.00,N/A,4.09,6.80,209.68,0.60,15.05,0.00,0.06,0.00,0.36,0.00,0.76,0.00,0.03,0.94,0.35,0.0010,0.0172,     0,0,0,0.00,0.00,-2147483648,0.00,0.00,N/A,1.83,5.10,209.68,0.36,8.97,0.00,0.03,0.56,0.28,  0%,  0%,0.09,0.03,  0%,  0%,0.51,0.30,  0%,  0%,0.22,0.16,  0%,  0%,0.42,99.58,0.00,100.00,0.00,0.00,0.40,99.60,0.00,100.00,0.00,0.00,0.00,0.00,0.00 ,0.00 ,-nan ,-nan ,0.08,0.08,0.01,0.32,0.02,1.00,0.00,0.03,0.96,0.27,0.0007,0.0211,     0,0,0,1.97,98.03,0.00,N/A,1.31,4.13,209.68,0.32,7.95,0.01,0.16,0.01,1.42,0.00,0.99,0.00,0.00,0.52,0.66,0.0002,0.0006,     0,0,0,0.45,99.55,0.00,N/A,1.31,0.92,209.68,1.42,35.58,0.01,0.16,0.00,0.46,0.00,0.89,0.00,0.00,0.74,0.72,0.0009,0.0053,     0,0,0,0.06,99.94,0.00,N/A,0.05,0.11,209.68,0.46,11.49,0.00,0.01,0.00,0.48,0.00,0.96,0.00,0.00,0.77,0.68,0.0012,0.0066,     0,0,0,0.08,99.92,0.00,N/A,0.08,0.17,209.68,0.48,12.07,0.00,0.01,0.00,0.46,0.00,0.94,0.00,0.00,0.76,0.79,0.0007,0.0035,     0,0,0,0.06,99.94,0.00,N/A,0.06,0.12,209.68,0.46,11.50,0.00,0.01,0.00,1.31,0.00,0.78,0.00,0.00,0.96,0.75,0.0001,0.0018,     0,0,0,0.42,99.58,0.00,N/A,0.90,0.68,209.68,1.31,32.71,0.00,0.11,0.00,0.58,0.00,0.96,0.00,0.00,0.72,0.75,0.0008,0.0034,     0,0,0,0.24,99.76,0.00,N/A,0.28,0.49,209.68,0.58,14.46,0.00,0.03,0.00,0.58,0.00,1.00,0.00,0.00,0.82,0.55,0.0010,0.0076,     0,0,0,0.08,99.92,0.00,N/A,0.10,0.17,209.68,0.58,14.45,0.00,0.01,0.01,0.33,0.02,0.77,0.00,0.03,0.96,0.27,0.0009,0.0215,     0,0,0,2.51,97.49,0.00,N/A,1.32,4.04,209.68,0.33,8.20,0.01,0.16,0.00,0.46,0.00,0.78,0.00,0.00,0.60,0.66,0.0021,0.0065,     0,0,0,0.15,99.85,0.00,N/A,0.11,0.25,209.68,0.46,11.56,0.00,0.01,0.00,0.41,0.00,0.61,0.00,0.00,0.76,0.93,0.0002,0.0014,     0,0,0,0.04,99.96,0.00,N/A,0.02,0.05,209.68,0.41,10.22,0.00,0.00,0.00,0.47,0.00,0.74,0.00,0.00,0.80,0.65,0.0012,0.0068,     0,0,0,0.11,99.89,0.00,N/A,0.08,0.17,209.68,0.47,11.81,0.00,0.01,0.00,0.44,0.00,0.72,0.00,0.00,0.76,0.78,0.0009,0.0041,     0,0,0,0.07,99.93,0.00,N/A,0.04,0.10,209.68,0.44,11.06,0.00,0.01,0.00,0.43,0.00,0.72,0.00,0.00,0.68,0.81,0.0010,0.0033,     0,0,0,0.07,99.93,0.00,N/A,0.04,0.10,209.68,0.43,10.76,0.00,0.01,0.00,0.49,0.00,0.76,0.00,0.00,0.81,0.64,0.0011,0.0071,     0,0,0,0.15,99.85,0.00,N/A,0.11,0.23,209.68,0.49,12.36,0.00,0.01,0.00,0.54,0.00,0.78,0.00,0.00,0.67,0.58,0.0017,0.0063,     0,0,0,0.10,99.90,0.00,N/A,0.09,0.17,209.68,0.54,13.56,0.00,0.01,
2024-03-21,21:06:51.188,0.01,0.92,0.01,0.91,0.00,0.07,0.95,0.57,0.0002,0.0042,0.00,0.00,-2147483648,0.00,0.00,16.98,18.45,209.91,0.92,23.01,0.01,0.13,0.86,0.45,2.50,0.60,99.40,0.00,100.00,0.00,0.00,0.00,0.00,-nan,0.08,0.01,1.15,0.01,1.00,0.00,0.04,0.95,0.67,0.0001,0.0026,     0,0,0,0.00,0.00,-2147483648,0.00,0.00,N/A,15.09,13.12,209.91,1.15,28.77,0.01,0.22,0.00,0.35,0.00,0.76,0.00,0.03,0.95,0.35,0.0009,0.0169,     0,0,0,0.00,0.00,-2147483648,0.00,0.00,N/A,1.89,5.33,209.91,0.35,8.85,0.00,0.03,0.15,0.57,  0%,  0%,0.10,0.03,  0%,  0%,1.05,1.00,  0%,  0%,0.26,0.19,  0%,  0%,0.78,99.22,0.00,100.00,0.00,0.00,0.42,99.58,0.00,100.00,0.00,0.00,0.00,0.00,0.00 ,0.00 ,-nan ,-nan ,0.09,0.08,0.01,0.33,0.02,1.00,0.00,0.03,0.97,0.27,0.0007,0.0215,     0,0,0,1.89,98.11,0.00,N/A,1.30,3.97,209.91,0.33,8.19,0.01,0.15,0.01,1.49,0.01,1.00,0.00,0.00,0.46,0.65,0.0002,0.0005,     0,0,0,0.68,99.32,0.00,N/A,2.14,1.44,209.91,1.49,37.16,0.01,0.25,0.02,1.63,0.01,1.00,0.00,0.00,0.96,0.88,0.0000,0.0007,     0,0,0,1.33,98.67,0.00,N/A,4.56,2.80,209.91,1.63,40.73,0.02,0.54,0.00,0.53,0.00,1.00,0.00,0.00,0.78,0.65,0.0012,0.0069,     0,0,0,0.10,99.90,0.00,N/A,0.11,0.21,209.91,0.53,13.15,0.00,0.01,0.00,0.52,0.00,0.91,0.00,0.00,0.89,0.75,0.0004,0.0051,     0,0,0,0.05,99.95,0.00,N/A,0.05,0.10,209.91,0.52,12.88,0.00,0.01,0.03,1.64,0.02,1.00,0.00,0.00,0.96,0.90,0.0000,0.0006,     0,0,0,1.91,98.09,0.00,N/A,6.58,4.00,209.91,1.64,41.08,0.03,0.78,0.00,0.61,0.00,1.00,0.00,0.00,0.75,0.77,0.0007,0.0034,     0,0,0,0.19,99.81,0.00,N/A,0.24,0.40,209.91,0.61,15.20,0.00,0.03,0.00,00.94,0.90,0.0,0.00,0.00,0.76,0.59,0.0011,0.0065,     0,0,0,0.10,99.90,0.00,N/A,0.11,0.20,209.91,0.57,14.19,0.00,0.01,0.01,0.31,0.02,0.81,0.00,0.03,0.96,0.26,0.0008,0.0213,     0,0,0,2.48,97.52,0.00,N/A,1.33,4.22,209.91,0.31,7.86,0.01,0.16,0.00,0.46,0.00,0.74,0.00,0.00,0.65,0.64,0.0018,0.0064,     0,0,0,0.15,99.85,0.00,N/A,0.11,0.24,209.91,0.46,11.43,0.00,0.01,0.00,0.50,0.00,0.45,0.00,0.00,0.78,0.78,0.0004,0.0044,     0,0,0,0.08,99.92,0.00,N/A,0.04,0.07,209.91,0.50,12.43,0.00,0.00,0.00,0.48,0.00,0.84,0.00,0.00,0.83,0.64,0.0011,0.0070,     0,0,0,0.13,99.87,0.00,N/A,0.11,0.23,209.91,0.48,12.10,0.00,0.01,0.00,0.49,0.00,0.43,0.00,0.00,0.83,0.69,0.0009,0.0061,     0,0,0,0.11,99.89,0.00,N/A,0.05,0.10,209.91,0.49,12.37,0.00,0.01,0.00,0.51,0.00,0.45,0.00,0.00,0.82,0.72,0.0007,0.0055,     0,0,0,0.11,99.89,0.00,N/A,0.05,0.10,209.91,0.51,12.83,0.00,0.01,0.00,0.48,0.00,0.76,0.00,0.00,0.84,0.66,0.0010,0.0069,     0,0,0,0.14,99.86,0.00,N/A,0.11,0.23,209.91,0.48,12.02,0.00,0.01,0.00,0.66,0.00,0.44,0.00,0.00,0.82,0.57,0.0010,0.0069,     0,0,0,0.15,99.85,0.00,N/A,0.09,0.14,209.91,0.66,16.53,0.00,0.01,
2024-03-21,21:06:51.289,0.01,0.91,0.01,0.93,0.01,0.07,0.90,0.56,0.0004,0.0038,0.00,0.00,-2147483648,0.00,0.00,19.04,20.88,210.03,0.91,22.80,0.01,0.14,0.63,1.66,4.82,0.66,99.34,0.00,100.00,0.00,0.00,0.00,0.00,-nan,0.09,0.01,1.07,0.01,0.99,0.00,0.04,0.87,0.66,0.0003,0.0025,     0,0,0,0.00,0.00,-2147483648,0.00,0.00,N/A,15.84,14.82,210.03,1.07,26.72,0.01,0.24,0.00,0.53,0.00,0.82,0.00,0.03,0.94,0.36,0.0006,0.0102,     0,0,0,0.00,0.00,-2147483648,0.00,0.00,N/A,3.20,6.06,210.03,0.53,13.20,0.00,0.05,0.06,0.08,  0%,  0%,0.20,0.29,  0%,  0%,0.14,0.74,  0%,  0%,1.96,1.99,  1%,  1%,0.89,99.11,0.00,100.00,0.00,0.00,0.44,99.56,0.00,100.00,0.00,0.00,0.00,0.00,0.00 ,0.00 ,-nan ,-nan ,0.09,0.09,0.01,0.32,0.02,1.00,0.00,0.03,0.96,0.27,0.0008,0.0209,     0,0,0,2.00,98.00,0.00,N/A,1.33,4.20,210.03,0.32,7.90,0.01,0.16,0.01,1.49,0.01,1.00,0.00,0.00,0.57,0.63,0.0001,0.0005,     0,0,0,0.92,99.08,0.00,N/A,2.89,1.94,210.03,1.49,37.18,0.01,0.34,0.00,0.48,0.00,1.00,0.00,0.00,0.75,0.70,0.0009,0.0058,     0,0,0,0.05,99.95,0.00,N/A,0.05,0.10,210.03,0.48,12.08,0.00,0.01,0.00,0.54,0.00,1.00,0.00,0.00,0.81,0.65,0.0009,0.0069,     0,0,0,0.12,99.88,0.00,N/A,0.14,0.26,210.03,0.54,13.53,0.00,0.02,0.00,0.49,0.00,0.90,0.00,0.00,0.89,0.77,0.0004,0.0048,     0,0,0,0.06,99.94,0.00,N/A,0.05,0.11,210.03,0.49,12.14,0.00,0.01,0.04,1.70,0.03,0.98,0.00,0.00,0.97,0.92,0.0000,0.0005,     0,0,0,2.68,97.32,0.00,N/A,9.41,5.52,210.03,1.70,42.57,0.04,1.12,0.01,0.75,0.01,1.00,0.00,0.00,0.19,0.61,0.0016,0.0021,     0,0,0,1.19,98.81,0.00,N/A,1.87,2.50,210.03,0.75,18.67,0.01,0.22,0.00,0.57,0.00,0.92,0.00,0.00,0.77,0.56,0.0012,0.0073,     0,0,0,0.09,99.91,0.00,N/A,0.11,0.19,210.03,0.57,14.31,0.00,0.01,0.01,0.33,0.02,0.81,0.00,0.03,0.96,0.26,0.0008,0.0218,     0,0,0,2.35,97.65,0.00,N/A,1.30,3.99,210.03,0.33,8.15,0.01,0.15,0.00,0.45,0.00,0.77,0.00,0.00,0.62,0.66,0.0020,0.0064,     0,0,0,0.15,99.85,0.00,N/A,0.11,0.24,210.03,0.45,11.30,0.00,0.01,0.00,0.37,0.00,0.50,0.00,0.00,0.83,0.90,0.0003,0.0020,     0,0,0,0.05,99.95,0.00,N/A,0.02,0.05,210.03,0.37,9.33,0.00,0.00,0.00,0.55,0.00,0.75,0.00,0.00,0.85,0.66,0.0008,0.0063,     0,0,0,0.18,99.82,0.00,N/A,0.15,0.28,210.03,0.55,13.69,0.00,0.02,0.00,0.46,0.00,0.70,0.00,0.00,0.84,0.72,0.0007,0.0054,     0,0,0,0.07,99.93,0.00,N/A,0.05,0.10,210.03,0.46,11.52,0.00,0.01,0.00,0.48,0.00,0.68,0.00,0.00,0.84,0.74,0.0007,0.0051,     0,0,0,0.07,99.93,0.00,N/A,0.05,0.10,210.03,0.48,11.96,0.00,0.01,0.00,0.52,0.00,0.74,0.00,0.00,0.87,0.64,0.0008,0.0073,     0,0,0,0.14,99.86,0.00,N/A,0.11,0.22,210.03,0.52,13.01,0.00,0.01,0.01,1.31,0.01,0.98,0.00,0.00,0.53,0.61,0.0004,0.0010,     0,0,0,0.52,99.48,0.00,N/A,1.41,1.07,210.03,1.31,32.71,0.01,0.17,
2024-03-21,21:06:51.388,0.00,0.45,0.00,0.90,0.00,0.07,0.93,0.39,0.0007,0.0104,0.00,0.00,-2147483648,0.00,0.00,6.31,13.88,210.27,0.45,11.36,0.00,0.05,0.30,0.25,0.77,0.46,99.54,0.00,100.00,0.00,0.00,0.00,0.00,-nan,0.08,0.00,0.53,0.01,0.98,0.00,0.03,0.93,0.42,0.0005,0.0076,     0,0,0,0.00,0.00,-2147483648,0.00,0.00,N/A,4.47,8.46,210.27,0.53,13.21,0.00,0.07,0.00,0.34,0.00,0.80,0.00,0.03,0.94,0.35,0.0010,0.0171,     0,0,0,0.00,0.00,-2147483648,0.00,0.00,N/A,1.84,5.42,210.27,0.34,8.48,0.00,0.03,0.08,0.09,  0%,  0%,0.09,0.03,  0%,  0%,0.16,0.22,  0%,  0%,0.23,0.15,  0%,  0%,0.52,99.48,0.00,100.00,0.00,0.00,0.40,99.60,0.00,100.00,0.00,0.00,0.00,0.00,0.00 ,0.00 ,-nan ,-nan ,0.08,0.07,0.01,0.28,0.02,1.00,0.00,0.03,0.96,0.27,0.0009,0.0202,     0,0,0,2.34,97.66,0.00,N/A,1.39,4.92,210.27,0.28,7.06,0.01,0.17,0.00,1.23,0.00,1.00,0.00,0.00,0.60,0.65,0.0003,0.0011,     0,0,0,0.31,99.69,0.00,N/A,0.80,0.65,210.27,1.23,30.64,0.00,0.09,0.01,1.26,0.00,0.99,0.00,0.00,0.64,0.63,0.0002,0.0008,     0,0,0,0.40,99.60,0.00,N/A,1.05,0.83,210.27,1.26,31.55,0.01,0.13,0.00,0.52,0.00,1.00,0.00,0.00,0.87,0.63,0.0008,0.0076,     0,0,0,0.10,99.90,0.00,N/A,0.11,0.21,210.27,0.52,13.00,0.00,0.01,0.00,0.43,0.00,1.00,0.00,0.00,0.91,0.75,0.0004,0.0050,     0,0,0,0.06,99.94,0.00,N/A,0.05,0.12,210.27,0.43,10.82,0.00,0.01,0.00,0.98,0.00,1.00,0.00,0.00,0.81,0.77,0.0004,0.0025,     0,0,0,0.18,99.82,0.00,N/A,0.37,0.38,210.27,0.98,24.53,0.00,0.04,0.00,0.63,0.00,1.00,0.00,0.00,0.75,0.77,0.0006,0.0032,     0,0,0,0.20,99.80,0.00,N/A,0.27,0.42,210.27,0.63,15.74,0.00,0.03,0.00,0.47,0.00,0.82,0.00,0.00,0.73,0.67,0.0008,0.0035,     0,0,0,0.54,99.46,0.00,N/A,0.43,0.92,210.27,0.47,11.69,0.00,0.05,0.01,0.31,0.02,0.82,0.00,0.03,0.96,0.26,0.0009,0.0212,     0,0,0,2.57,97.43,0.00,N/A,1.35,4.40,210.27,0.31,7.68,0.01,0.16,0.00,0.46,0.00,0.81,0.00,0.00,0.62,0.63,0.0022,0.0069,     0,0,0,0.14,99.86,0.00,N/A,0.11,0.24,210.27,0.46,11.42,0.00,0.01,0.00,0.36,0.00,0.50,0.00,0.00,0.88,0.90,0.0002,0.0020,     0,0,0,0.05,99.95,0.00,N/A,0.02,0.05,210.27,0.36,9.09,0.00,0.00,0.00,0.54,0.00,0.72,0.00,0.00,0.81,0.68,0.0010,0.0060,     0,0,0,0.16,99.84,0.00,N/A,0.13,0.24,210.27,0.54,13.62,0.00,0.02,0.00,0.45,0.00,0.75,0.00,0.00,0.83,0.74,0.0008,0.0051,     0,0,0,0.07,99.93,0.00,N/A,0.05,0.11,210.27,0.45,11.28,0.00,0.01,0.00,0.45,0.00,0.75,0.00,0.00,0.81,0.73,0.0008,0.0050,     0,0,0,0.07,99.93,0.00,N/A,0.05,0.11,210.27,0.45,11.13,0.00,0.01,0.00,0.51,0.00,0.79,0.00,0.00,0.85,0.65,0.0009,0.0069,     0,0,0,0.13,99.87,0.00,N/A,0.11,0.21,210.27,0.51,12.79,0.00,0.01,0.00,0.36,0.00,0.57,0.00,0.00,0.76,0.93,0.0003,0.0012,     0,0,0,0.05,99.95,0.00,N/A,0.02,0.05,210.27,0.36,9.01,0.00,0.00,
2024-03-21,21:06:51.495,0.01,0.86,0.01,0.95,0.01,0.08,0.86,0.66,0.0005,0.0036,0.00,0.00,-2147483648,0.00,0.00,22.39,26.12,209.98,0.86,21.43,0.01,0.17,0.63,0.86,2.18,0.81,99.19,0.00,100.00,0.00,0.00,0.00,0.00,-nan,0.08,0.01,1.04,0.01,0.98,0.00,0.04,0.88,0.73,0.0003,0.0026,     0,0,0,0.00,0.00,-2147483648,0.00,0.00,N/A,15.41,14.80,209.98,1.04,26.03,0.01,0.23,0.00,0.62,0.01,0.92,0.01,0.04,0.84,0.54,0.0009,0.0059,     0,0,0,0.00,0.00,-2147483648,0.00,0.00,N/A,6.98,11.32,209.98,0.62,15.43,0.00,0.10,0.32,0.18,  0%,  0%,0.10,0.03,  0%,  0%,0.35,1.41,  0%,  1%,0.24,0.18,  0%,  0%,0.90,99.10,0.00,100.00,0.00,0.00,0.73,99.27,0.00,100.00,0.00,0.00,0.00,0.00,0.00 ,0.00 ,-nan ,-nan ,0.08,0.08,0.01,0.29,0.02,0.96,0.00,0.03,0.95,0.27,0.0010,0.0207,     0,0,0,2.37,97.63,0.00,N/A,1.37,4.76,209.98,0.29,7.21,0.01,0.16,0.01,1.29,0.01,0.99,0.00,0.00,0.38,0.63,0.0003,0.0008,     0,0,0,0.62,99.38,0.00,N/A,1.68,1.30,209.98,1.29,32.30,0.01,0.20,0.00,0.51,0.00,1.00,0.00,0.00,0.43,0.60,0.0031,0.0061,     0,0,0,0.17,99.83,0.00,N/A,0.18,0.35,209.98,0.51,12.73,0.00,0.02,0.00,0.48,0.00,0.96,0.00,0.00,0.76,0.64,0.0013,0.0071,     0,0,0,0.11,99.89,0.00,N/A,0.11,0.23,209.98,0.48,12.09,0.00,0.01,0.00,0.50,0.00,1.00,0.00,0.00,0.85,0.75,0.0006,0.0050,     0,0,0,0.05,99.95,0.00,N/A,0.05,0.10,209.98,0.50,12.55,0.00,0.01,0.01,1.36,0.01,1.00,0.00,0.00,0.63,0.92,0.0004,0.0010,     0,0,0,1.03,98.97,0.00,N/A,2.95,2.17,209.98,1.36,33.98,0.01,0.35,0.00,0.60,0.00,0.97,0.00,0.00,0.64,0.78,0.0009,0.0033,     0,0,0,0.24,99.76,0.00,N/A,0.29,0.49,209.98,0.60,15.10,0.00,0.03,0.04,1.62,0.03,1.00,0.00,0.00,0.81,0.94,0.0001,0.0004,     0,0,0,2.57,97.43,0.00,N/A,8.78,5.40,209.98,1.62,40.61,0.04,1.04,0.01,0.30,0.02,0.87,0.00,0.03,0.96,0.26,0.0009,0.0212,     0,0,0,2.45,97.55,0.00,N/A,1.35,4.46,209.98,0.30,7.59,0.01,0,0.95,0.87,0.,0.00,0.85,0.00,0.00,0.36,0.58,0.0026,0.0046,     0,0,0,0.34,99.66,0.00,N/A,0.39,0.60,209.98,0.64,16.11,0.00,0.05,0.01,1.13,0.01,0.98,0.00,0.00,0.82,0.94,0.0001,0.0004,     0,0,0,0.95,99.05,0.00,N/A,2.38,2.10,209.98,1.13,28.37,0.01,0.27,0.00,0.46,0.00,0.93,0.00,0.00,0.63,0.63,0.0018,0.0070,     0,0,0,0.12,99.88,0.00,N/A,0.11,0.24,209.98,0.46,11.39,0.00,0.01,0.00,0.35,0.00,0.85,0.00,0.00,0.56,0.69,0.0017,0.0058,     0,0,0,0.08,99.92,0.00,N/A,0.05,0.15,209.98,0.35,8.74,0.00,0.01,0.01,0.81,0.01,0.98,0.00,0.00,0.44,0.76,0.0009,0.0021,     0,0,0,1.32,98.68,0.00,N/A,2.19,2.72,209.98,0.81,20.16,0.01,0.26,0.00,0.45,0.00,0.88,0.00,0.00,0.74,0.62,0.0018,0.0078,     0,0,0,0.14,99.86,0.00,N/A,0.12,0.26,209.98,0.45,11.20,0.00,0.01,0.00,0.49,0.00,0.96,0.00,0.00,0.45,0.44,0.0037,0.0077,     0,0,0,0.39,99.61,0.00,N/A,0.39,0.79,209.98,0.49,12.29,0.00,0.05,
2024-03-21,21:06:51.588,0.00,0.70,0.01,0.98,0.01,0.08,0.88,0.58,0.0006,0.0049,0.00,0.00,-2147483648,0.00,0.00,15.56,22.27,210.05,0.70,17.46,0.00,0.12,1.66,0.30,2.98,0.68,99.32,0.00,100.00,0.00,0.00,0.00,0.00,-nan,0.08,0.00,0.69,0.01,0.97,0.00,0.04,0.88,0.54,0.0006,0.0051,     0,0,0,0.00,0.00,-2147483648,0.00,0.00,N/A,7.35,10.67,210.05,0.69,17.21,0.00,0.11,0.00,0.71,0.01,0.98,0.00,0.04,0.87,0.61,0.0006,0.0047,     0,0,0,0.00,0.00,-2147483648,0.00,0.00,N/A,8.21,11.60,210.05,0.71,17.69,0.00,0.12,0.10,0.12,  0%,  0%,0.70,0.74,  0%,  0%,0.18,0.28,  0%,  0%,1.20,1.32,  1%,  1%,0.65,99.35,0.00,100.00,0.00,0.00,0.71,99.29,0.00,100.00,0.00,0.00,0.00,0.00,0.00 ,0.00 ,-nan ,-nan ,0.08,0.08,0.01,0.29,0.02,0.95,0.00,0.03,0.96,0.27,0.0009,0.0203,     0,0,0,2.41,97.59,0.00,N/A,1.40,4.84,210.05,0.29,7.22,0.01,0.17,0.01,1.26,0.01,0.99,0.00,0.00,0.41,0.83,0.0003,0.0009,     0,0,0,0.70,99.30,0.00,N/A,1.85,1.47,210.05,1.26,31.57,0.01,0.22,0.00,0.91,0.00,1.00,0.00,0.00,0.37,0.66,0.0008,0.0021,     0,0,0,0.20,99.80,0.00,N/A,0.39,0.43,210.05,0.91,22.69,0.00,0.05,0.00,0.45,0.00,0.95,0.00,0.00,0.70,0.61,0.0017,0.0073,     0,0,0,0.12,99.88,0.00,N/A,0.11,0.24,210.05,0.45,11.26,0.00,0.01,0.00,0.46,0.00,1.00,0.00,0.00,0.78,0.68,0.0012,0.0066,     0,0,0,0.05,99.95,0.00,N/A,0.05,0.11,210.05,0.46,11.39,0.00,0.01,0.00,0.49,0.00,1.00,0.00,0.00,0.72,0.64,0.0015,0.0069,     0,0,0,0.10,99.90,0.00,N/A,0.10,0.21,210.05,0.49,12.16,0.00,0.01,0.00,0.57,0.00,0.95,0.00,0.00,0.63,0.77,0.0009,0.0030,     0,0,0,0.26,99.74,0.00,N/A,0.30,0.51,210.05,0.57,14.34,0.00,0.04,0.02,1.10,0.01,1.00,0.00,0.00,0.60,0.83,0.0004,0.0012,     0,0,0,1.37,98.63,0.00,N/A,3.16,2.87,210.05,1.10,27.53,0.02,0.38,0.01,0.29,0.02,1.00,0.00,0.03,0.95,0.26,0.0010,0.0211,     0,0,0,2.24,97.76,0.00,N/A,1.36,4.71,210.05,0.29,7.23,0.01,0.16,0.00,0.83,0.00,0.99,0.00,0.00,0.79,0.79,0.0005,0.0029,     0,0,0,0.32,99.68,0.00,N/A,0.56,0.67,210.05,0.83,20.71,0.00,0.07,0.00,0.44,0.00,0.76,0.00,0.00,0.27,0.78,0.0017,0.0033,     0,0,0,0.14,99.86,0.00,N/A,0.09,0.21,210.05,0.44,11.03,0.00,0.01,0.01,0.97,0.01,0.99,0.00,0.00,0.57,0.86,0.0003,0.0008,     0,0,0,1.12,98.88,0.00,N/A,2.25,2.33,210.05,0.97,24.21,0.01,0.27,0.00,0.46,0.00,0.93,0.00,0.00,0.71,0.64,0.0019,0.0073,     0,0,0,0.13,99.87,0.00,N/A,0.11,0.24,210.05,0.46,11.39,0.00,0.01,0.01,1.16,0.01,0.99,0.00,0.00,0.66,0.88,0.0004,0.0014,     0,0,0,1.11,98.89,0.00,N/A,2.66,2.30,210.05,1.16,28.88,0.01,0.32,0.00,0.41,0.00,0.97,0.00,0.00,0.64,0.63,0.0022,0.0071,     0,0,0,0.11,99.89,0.00,N/A,0.09,0.23,210.05,0.41,10.32,0.00,0.01,0.01,1.19,0.00,0.95,0.00,0.00,0.32,0.58,0.0005,0.0009,     0,0,0,0.45,99.55,0.00,N/A,1.07,0.90,210.05,1.19,29.72,0.01,0.13,
2024-03-21,21:06:51.689,0.00,0.74,0.01,0.94,0.01,0.07,0.90,0.54,0.0004,0.0049,0.00,0.00,-2147483648,0.00,0.00,14.63,19.72,209.94,0.74,18.55,0.00,0.11,0.66,0.21,2.92,0.62,99.38,0.00,100.00,0.00,0.00,0.00,0.00,-nan,0.08,0.01,0.95,0.01,0.98,0.00,0.04,0.91,0.58,0.0003,0.0033,     0,0,0,0.00,0.00,-2147483648,0.00,0.00,N/A,11.31,11.95,209.94,0.95,23.66,0.01,0.17,0.00,0.43,0.00,0.89,0.00,0.03,0.89,0.49,0.0010,0.0103,     0,0,0,0.00,0.00,-2147483648,0.00,0.00,N/A,3.33,7.77,209.94,0.43,10.70,0.00,0.05,0.37,0.10,  0%,  0%,0.12,0.08,  0%,  0%,0.16,0.24,  0%,  0%,1.30,1.23,  1%,  1%,0.72,99.28,0.00,100.00,0.00,0.00,0.52,99.48,0.00,100.00,0.00,0.00,0.00,0.00,0.00 ,0.00 ,-nan ,-nan ,0.08,0.08,0.01,0.49,0.02,1.00,0.00,0.03,0.96,0.26,0.0005,0.0114,     0,0,0,2.48,97.52,0.00,N/A,2.54,5.22,209.94,0.49,12.15,0.01,0.30,0.01,1.41,0.01,1.00,0.00,0.00,0.40,0.64,0.0002,0.0005,     0,0,0,0.80,99.20,0.00,N/A,2.36,1.68,209.94,1.41,35.14,0.01,0.28,0.00,0.50,0.00,0.95,0.00,0.00,0.46,0.64,0.0019,0.0048,     0,0,0,0.13,99.87,0.00,N/A,0.13,0.26,209.94,0.50,12.54,0.00,0.02,0.03,1.64,0.02,0.96,0.00,0.00,0.92,0.92,0.0000,0.0005,     0,0,0,1.65,98.35,0.00,N/A,5.46,3.33,209.94,1.64,40.97,0.03,0.65,0.00,0.48,0.00,0.93,0.00,0.00,0.77,0.72,0.0009,0.0055,     0,0,0,0.05,99.95,0.00,N/A,0.05,0.11,209.94,0.48,12.01,0.00,0.01,0.00,0.57,0.00,1.00,0.00,0.00,0.71,0.66,0.0004,0.0027,     0,0,0,0.26,99.74,0.00,N/A,0.32,0.56,209.94,0.57,14.35,0.00,0.04,0.00,0.60,0.00,0.92,0.00,0.00,0.73,0.77,0.0007,0.0033,     0,0,0,0.22,99.78,0.00,N/A,0.26,0.43,209.94,0.60,15.02,0.00,0.03,0.00,0.52,0.00,0.97,0.00,0.00,0.51,0.58,0.0026,0.0070,     0,0,0,0.18,99.82,0.00,N/A,0.19,0.36,209.94,0.52,12.96,0.00,0.02,0.01,0.32,0.02,0.88,0.00,0.03,0.96,0.27,0.0009,0.0211,     0,0,0,2.27,97.73,0.00,N/A,1.35,4.21,209.94,0.32,8.04,0.01,0.16,0.00,0.41,0.00,0.90,0.00,0.00,0.33,0.67,0.0034,0.0058,     0,0,0,0.15,99.85,0.00,N/A,0.11,0.28,209.94,0.41,10.24,0.00,0.01,0.00,0.43,0.00,0.67,0.00,0.00,0.26,0.64,0.0030,0.0054,     0,0,0,0.20,99.80,0.00,N/A,0.12,0.28,209.94,0.43,10.84,0.00,0.01,0.00,0.47,0.00,0.80,0.00,0.00,0.70,0.65,0.0016,0.0066,     0,0,0,0.15,99.85,0.00,N/A,0.12,0.25,209.94,0.47,11.79,0.00,0.01,0.00,0.48,0.00,0.93,0.00,0.00,0.73,0.61,0.0005,0.0029,     0,0,0,0.30,99.70,0.00,N/A,0.29,0.59,209.94,0.48,12.07,0.00,0.03,0.00,0.46,0.00,0.79,0.00,0.00,0.71,0.67,0.0016,0.0067,     0,0,0,0.11,99.89,0.00,N/A,0.09,0.19,209.94,0.46,11.45,0.00,0.01,0.01,0.65,0.01,0.98,0.00,0.00,0.52,0.90,0.0007,0.0015,     0,0,0,0.85,99.15,0.00,N/A,1.13,1.75,209.94,0.65,16.14,0.01,0.13,0.00,0.52,0.00,0.84,0.00,0.00,0.50,0.60,0.0025,0.0057,     0,0,0,0.13,99.87,0.00,N/A,0.12,0.23,209.94,0.52,13.03,0.00,0.01,
2024-03-21,21:06:51.789,0.00,0.67,0.00,0.86,0.01,0.07,0.92,0.45,0.0005,0.0070,0.00,0.00,-2147483648,0.00,0.00,10.13,15.17,210.04,0.67,16.70,0.00,0.08,0.97,0.38,2.05,0.52,99.48,0.00,100.00,0.00,0.00,0.00,0.00,-nan,0.09,0.00,0.86,0.01,0.99,0.00,0.04,0.93,0.51,0.0003,0.0047,     0,0,0,0.00,0.00,-2147483648,0.00,0.00,N/A,8.01,9.30,210.04,0.86,21.53,0.00,0.12,0.00,0.36,0.00,0.71,0.00,0.03,0.91,0.35,0.0014,0.0155,     0,0,0,0.00,0.00,-2147483648,0.00,0.00,N/A,2.12,5.87,210.04,0.36,9.04,0.00,0.03,0.06,0.08,  0%,  0%,0.54,0.28,  0%,  0%,0.15,0.24,  0%,  0%,0.96,0.71,  0%,  0%,0.56,99.44,0.00,100.00,0.00,0.00,0.49,99.51,0.00,100.00,0.00,0.00,0.00,0.00,0.00 ,0.00 ,-nan ,-nan ,0.09,0.08,0.01,0.33,0.02,1.00,0.00,0.03,0.96,0.26,0.0008,0.0211,     0,0,0,1.96,98.04,0.00,N/A,1.37,4.12,210.04,0.33,8.30,0.01,0.16,0.01,1.44,0.01,1.00,0.00,0.00,0.49,0.66,0.0002,0.0005,     0,0,0,0.68,99.32,0.00,N/A,2.04,1.42,210.04,1.44,36.09,0.01,0.24,0.02,1.62,0.01,1.00,0.00,0.00,0.96,0.88,0.0000,0.0007,     0,0,0,0.97,99.03,0.00,N/A,3.30,2.04,210.04,1.62,40.53,0.02,0.39,0.00,0.49,0.00,0.97,0.00,0.00,0.72,0.63,0.0014,0.0072,     0,0,0,0.11,99.89,0.00,N/A,0.11,0.22,210.04,0.49,12.22,0.00,0.01,0.00,1.14,0.00,0.98,0.00,0.00,0.88,0.54,0.0003,0.0029,     0,0,0,0.28,99.72,0.00,N/A,0.66,0.58,210.04,1.14,28.49,0.00,0.08,0.00,0.54,0.00,0.93,0.00,0.00,0.87,0.72,0.0006,0.0057,     0,0,0,0.07,99.93,0.00,N/A,0.07,0.13,210.04,0.54,13.52,0.00,0.01,0.00,0.60,0.00,0.96,0.00,0.00,0.76,0.74,0.0007,0.0037,     0,0,0,0.23,99.77,0.00,N/A,0.28,0.47,210.04,0.60,15.03,0.00,0.03,0.00,0.55,0.00,1.00,0.00,0.00,0.56,0.57,0.0023,0.0069,     0,0,0,0.16,99.84,0.00,N/A,0.18,0.33,210.04,0.55,13.80,0.00,0.02,0.01,0.31,0.02,0.76,0.00,0.03,0.96,0.26,0.0009,0.0213,     0,0,0,2.67,97.33,0.00,N/A,1.34,4.25,210.04,0.31,7.85,0.01,0.16,0.00,0.45,0.00,0.56,0.00,0.00,0.58,0.69,0.0024,0.0064,     0,0,0,0.12,99.88,0.00,N/A,0.07,0.15,210.04,0.45,11.22,0.00,0.01,0.00,0.42,0.00,0.71,0.00,0.00,0.49,0.77,0.0018,0.0045,     0,0,0,0.08,99.92,0.00,N/A,0.05,0.11,210.04,0.,0.00,0.00,0.,0.01,0.00,0.48,0.00,0.82,0.00,0.00,0.32,0.52,0.0029,0.0046,     0,0,0,0.38,99.62,0.00,N/A,0.32,0.66,210.04,0.48,12.00,0.00,0.04,0.00,0.52,0.00,0.50,0.00,0.00,0.83,0.69,0.0009,0.0063,     0,0,0,0.20,99.80,0.00,N/A,0.11,0.21,210.04,0.52,13.07,0.00,0.01,0.00,0.51,0.00,0.51,0.00,0.00,0.77,0.66,0.0014,0.0067,     0,0,0,0.19,99.81,0.00,N/A,0.10,0.21,210.04,0.51,12.68,0.00,0.01,0.00,0.43,0.00,0.60,0.00,0.00,0.69,0.71,0.0018,0.0064,     0,0,0,0.10,99.90,0.00,N/A,0.06,0.13,210.04,0.43,10.72,0.00,0.01,0.00,0.58,0.00,0.45,0.00,0.00,0.55,0.56,0.0026,0.0067,     0,0,0,0.16,99.84,0.00,N/A,0.09,0.15,210.04,0.58,14.55,0.00,0.01,
2024-03-21,21:06:51.889,0.00,0.84,0.01,0.87,0.00,0.07,0.94,0.57,0.0003,0.0047,0.00,0.00,-2147483648,0.00,0.00,14.53,17.37,209.83,0.84,20.91,0.00,0.11,0.76,1.67,2.92,0.59,99.41,0.00,100.00,0.00,0.00,0.00,0.00,-nan,0.09,0.01,1.03,0.01,0.96,0.00,0.04,0.93,0.67,0.0002,0.0029,     0,0,0,0.00,0.00,-2147483648,0.00,0.00,N/A,12.70,12.34,209.83,1.03,25.74,0.01,0.19,0.00,0.36,0.00,0.72,0.00,0.03,0.94,0.35,0.0010,0.0173,     0,0,0,0.00,0.00,-2147483648,0.00,0.00,N/A,1.82,5.03,209.83,0.36,9.06,0.00,0.03,0.19,0.09,  0%,  0%,0.18,0.32,  0%,  0%,0.16,0.25,  0%,  0%,1.37,1.14,  1%,  0%,0.77,99.23,0.00,100.00,0.00,0.00,0.42,99.58,0.00,100.00,0.00,0.00,0.00,0.00,0.00 ,0.00 ,-nan ,-nan ,0.09,0.09,0.01,0.30,0.02,0.91,0.00,0.03,0.96,0.27,0.0008,0.0206,     0,0,0,2.40,97.60,0.00,N/A,1.37,4.59,209.83,0.30,7.45,0.01,0.16,0.00,1.17,0.00,0.99,0.00,0.00,0.63,0.62,0.0002,0.0009,     0,0,0,0.42,99.58,0.00,N/A,1.04,0.88,209.83,1.17,29.35,0.00,0.12,0.00,0.49,0.00,0.95,0.00,0.00,0.66,0.67,0.0014,0.0060,     0,0,0,0.08,99.92,0.00,N/A,0.08,0.16,209.83,0.49,12.21,0.00,0.01,0.00,0.50,0.00,0.96,0.00,0.00,0.70,0.66,0.0015,0.0068,     0,0,0,0.11,99.89,0.00,N/A,0.11,0.22,209.83,0.50,12.60,0.00,0.01,0.05,1.71,0.03,1.00,0.00,0.00,0.96,0.94,0.0000,0.0004,     0,0,0,2.69,97.31,0.00,N/A,9.61,5.62,209.83,1.71,42.75,0.05,1.14,0.00,0.48,0.00,0.93,0.00,0.00,0.84,0.63,0.0009,0.0072,     0,0,0,0.08,99.92,0.00,N/A,0.08,0.16,209.83,0.48,12.09,0.00,0.01,0.00,0.62,0.00,0.94,0.00,0.00,0.81,0.75,0.0005,0.0031,     0,0,0,0.20,99.80,0.00,N/A,0.25,0.40,209.83,0.62,15.52,0.00,0.03,0.00,0.57,0.00,0.99,0.00,0.00,0.66,0.56,0.0018,0.0070,     0,0,0,0.15,99.85,0.00,N/A,0.18,0.31,209.83,0.57,14.17,0.00,0.02,0.01,0.33,0.02,0.78,0.00,0.03,0.96,0.26,0.0008,0.0218,     0,0,0,2.43,97.57,0.00,N/A,1.31,4.01,209.83,0.33,8.16,0.01,0.16,0.00,0.49,0.00,0.65,0.00,0.00,0.56,0.67,0.0022,0.0059,     0,0,0,0.16,99.84,0.00,N/A,0.11,0.22,209.83,0.49,12.33,0.00,0.01,0.00,0.38,0.00,0.59,0.00,0.00,0.64,0.89,0.0007,0.0020,     0,0,0,0.04,99.96,0.00,N/A,0.02,0.05,209.83,0.38,9.54,0.00,0.00,0.00,0.52,0.00,0.62,0.00,0.00,0.84,0.69,0.0008,0.0056,     0,0,0,0.16,99.84,0.00,N/A,0.11,0.21,209.83,0.52,13.07,0.00,0.01,0.00,0.56,0.00,0.41,0.00,0.00,0.82,0.70,0.0010,0.0060,     0,0,0,0.16,99.84,0.00,N/A,0.08,0.14,209.83,0.56,13.99,0.00,0.01,0.00,0.52,0.00,0.41,0.00,0.00,0.81,0.70,0.0010,0.0054,     0,0,0,0.16,99.84,0.00,N/A,0.07,0.14,209.83,0.52,12.98,0.00,0.01,0.00,0.50,0.00,0.64,0.00,0.00,0.76,0.64,0.0017,0.0074,     0,0,0,0.16,99.84,0.00,N/A,0.11,0.22,209.83,0.50,12.49,0.00,0.01,0.00,0.42,0.00,0.55,0.00,0.00,0.83,0.83,0.0003,0.0032,     0,0,0,0.05,99.95,0.00,N/A,0.02,0.06,209.83,0.42,10.46,0.00,0.00,
2024-03-21,21:06:51.989,0.00,0.64,0.00,0.86,0.00,0.07,0.93,0.47,0.0005,0.0071,0.00,0.00,-2147483648,0.00,0.00,9.95,15.51,210.31,0.64,16.04,0.00,0.07,0.59,0.53,1.45,0.53,99.47,0.00,100.00,0.00,0.00,0.00,0.00,-nan,0.08,0.00,0.80,0.01,0.95,0.00,0.04,0.93,0.55,0.0003,0.0048,     0,0,0,0.00,0.00,-2147483648,0.00,0.00,N/A,7.78,9.68,210.31,0.80,20.10,0.00,0.12,0.00,0.37,0.00,0.75,0.00,0.03,0.93,0.36,0.0011,0.0156,     0,0,0,0.00,0.00,-2147483648,0.00,0.00,N/A,2.17,5.83,210.31,0.37,9.30,0.00,0.03,0.26,0.19,  0%,  0%,0.10,0.04,  0%,  0%,0.34,0.41,  0%,  0%,0.31,0.38,  0%,  0%,0.61,99.39,0.00,100.00,0.00,0.00,0.46,99.54,0.00,100.00,0.00,0.00,0.00,0.00,0.00 ,0.00 ,-nan ,-nan ,0.08,0.07,0.01,0.29,0.02,0.91,0.00,0.03,0.95,0.27,0.0011,0.0205,     0,0,0,2.47,97.53,0.00,N/A,1.38,4.76,210.31,0.29,7.26,0.01,0.16,0.00,1.34,0.00,0.98,0.00,0.00,0.57,0.64,0.0002,0.0007,     0,0,0,0.24,99.76,0.00,N/A,0.66,0.49,210.31,1.34,33.50,0.00,0.08,0.00,0.50,0.00,0.96,0.00,0.00,0.74,0.63,0.0011,0.0069,     0,0,0,0.09,99.91,0.00,N/A,0.09,0.19,210.31,0.50,12.58,0.00,0.01,0.00,0.52,0.00,0.92,0.00,0.00,0.71,0.68,0.0013,0.0061,     0,0,0,0.08,99.92,0.00,N/A,0.08,0.15,210.31,0.52,13.03,0.00,0.01,0.02,1.59,0.02,1.00,0.00,0.00,0.97,0.85,0.0000,0.0009,     0,0,0,1.51,98.49,0.00,N/A,5.04,3.17,210.31,1.59,39.79,0.02,0.60,0.00,0.38,0.00,1.00,0.00,0.00,0.71,0.65,0.0017,0.0074,     0,0,0,0.11,99.89,0.00,N/A,0.09,0.24,210.31,0.38,9.58,0.00,0.01,0.00,0.65,0.00,0.91,0.00,0.00,0.85,0.80,0.0003,0.0024,     0,0,0,0.19,99.81,0.00,N/A,0.24,0.37,210.31,0.65,16.34,0.00,0.03,0.00,0.62,0.00,0.93,0.00,0.00,0.72,0.58,0.0015,0.0072,     0,0,0,0.16,99.84,0.00,N/A,0.20,0.32,210.31,0.62,15.51,0.00,0.02,0.01,0.31,0.02,0.79,0.00,0.03,0.96,0.27,0.0009,0.0210,     0,0,0,2.62,97.38,0.00,N/A,1.37,4.37,210.31,0.31,7.84,0.01,0.16,0.00,0.59,0.00,0.42,0.00,0.00,0.59,0.66,0.0021,0.0064,     0,0,0,0.22,99.78,0.00,N/A,0.11,0.19,210.31,0.59,14.76,0.00,0.01,0.00,0.45,0.00,0.63,0.00,0.00,0.84,0.83,0.0004,0.0036,     0,0,0,0.04,99.96,0.00,N/A,0.02,0.05,210.31,0.45,11.13,0.00,0.00,0.00,0.53,0.00,0.80,0.00,0.00,0.79,0.71,0.0009,0.0051,     0,0,0,0.11,99.89,0.00,N/A,0.10,0.18,210.31,0.53,13.36,0.00,0.01,0.00,0.49,0.00,0.69,0.00,0.00,0.91,0.67,0.0005,0.0064,     0,0,0,0.12,99.88,0.00,N/A,0.08,0.17,210.31,0.49,12.14,0.00,0.01,0.00,0.50,0.00,0.68,0.00,0.00,0.88,0.69,0.0006,0.0062,     0,0,0,0.12,99.88,0.00,N/A,0.08,0.17,210.31,0.50,12.48,0.00,0.01,0.00,0.54,0.00,0.42,0.00,0.00,0.80,0.71,0.0011,0.0055,     0,0,0,0.20,99.80,0.00,N/A,0.09,0.17,210.31,0.54,13.50,0.00,0.01,0.00,0.58,0.00,0.91,0.00,0.00,0.70,0.50,0.0019,0.0073,     0,0,0,0.28,99.72,0.00,N/A,0.31,0.53,210.31,0.58,14.61,0.00,0.04,
2024-03-21,21:06:52.089,0.00,0.86,0.01,0.90,0.00,0.07,0.94,0.56,0.0003,0.0044,0.00,0.00,-2147483648,0.00,0.00,16.21,18.89,209.82,0.86,21.45,0.00,0.12,0.85,1.21,1.49,0.62,99.38,0.00,100.00,0.00,0.00,0.00,0.00,-nan,0.08,0.01,1.06,0.01,1.00,0.00,0.04,0.93,0.65,0.0002,0.0027,     0,0,0,0.00,0.00,-2147483648,0.00,0.00,N/A,14.12,13.29,209.82,1.06,26.57,0.01,0.21,0.00,0.37,0.00,0.73,0.00,0.03,0.94,0.36,0.0010,0.0160,     0,0,0,0.00,0.00,-2147483648,0.00,0.00,N/A,2.08,5.60,209.82,0.37,9.30,0.00,0.03,0.41,0.32,  0%,  0%,0.10,0.03,  0%,  0%,0.60,0.48,  0%,  0%,0.24,0.17,  0%,  0%,0.79,99.21,0.00,100.00,0.00,0.00,0.46,99.54,0.00,100.00,0.00,0.00,0.00,0.00,0.00 ,0.00 ,-nan ,-nan ,0.08,0.08,0.01,0.30,0.02,1.00,0.00,0.03,0.96,0.27,0.0009,0.0205,     0,0,0,2.22,97.78,0.00,N/A,1.38,4.65,209.82,0.30,7.39,0.01,0.16,0.00,1.38,0.00,1.00,0.00,0.00,0.47,0.67,0.0002,0.0007,     0,0,0,0.33,99.67,0.00,N/A,0.95,0.69,209.82,1.38,34.53,0.00,0.11,0.01,1.42,0.00,0.98,0.00,0.00,0.61,0.66,0.0002,0.0007,     0,0,0,0.47,99.53,0.00,N/A,1.37,0.97,209.82,1.42,35.40,0.01,0.16,0.00,0.53,0.00,1.00,0.00,0.00,0.86,0.67,0.0006,0.0061,     0,0,0,0.07,99.93,0.00,N/A,0.08,0.15,209.82,0.53,13.35,0.00,0.01,0.05,1.68,0.03,1.00,0.00,0.00,0.96,0.91,0.0000,0.0005,     0,0,0,2.77,97.23,0.00,N/A,9.77,5.82,209.82,1.68,41.99,0.05,1.16,0.00,0.48,0.00,0.98,0.00,0.00,0.83,0.63,0.0010,0.0072,     0,0,0,0.08,99.92,0.00,N/A,0.08,0.17,209.82,0.48,12.09,0.00,0.01,0.00,0.59,0.00,1.00,0.00,0.00,0.75,0.74,0.0007,0.0031,     0,0,0,0.25,99.75,0.00,N/A,0.31,0.52,209.82,0.59,14.64,0.00,0.04,0.00,0.60,0.00,0.98,0.00,0.00,0.77,0.54,0.0013,0.0078,     0,0,0,0.16,99.84,0.00,N/A,0.20,0.33,209.82,0.60,14.90,0.00,0.02,0.01,0.32,0.02,0.72,0.00,0.03,0.96,0.27,0.0009,0.0209,     0,0,0,2.82,97.18,0.00,N/A,1.37,4.25,209.82,0.32,8.05,0.01,0.16,0.00,0.49,0.00,0.74,0.00,0.00,0.57,0.69,0.0021,0.0057,     0,0,0,0.15,99.85,0.00,N/A,0.11,0.23,209.82,0.49,12.25,0.00,0.01,0.00,0.36,0.00,0.46,0.00,0.00,0.92,0.91,0.0001,0.0017,     0,0,0,0.06,99.94,0.00,N/A,0.02,0.05,209.82,0.36,8.97,0.00,0.00,0.00,0.50,0.00,0.78,0.00,0.00,0.84,0.69,0.0008,0.0058,     0,0,0,0.09,99.91,0.00,N/A,0.08,0.15,209.82,0.50,12.60,0.00,0.01,0.00,0.51,0.00,0.76,0.00,0.00,0.88,0.67,0.0007,0.0063,     0,0,0,0.09,99.91,0.00,N/A,0.08,0.15,0.00,0.00,0,12.84,0.00,0.01,0.00,0.51,0.00,0.76,0.00,0.00,0.83,0.70,0.0009,0.0058,     0,0,0,0.10,99.90,0.00,N/A,0.08,0.16,209.82,0.51,12.68,0.00,0.01,0.00,0.50,0.00,0.77,0.00,0.00,0.84,0.65,0.0010,0.0070,     0,0,0,0.13,99.87,0.00,N/A,0.11,0.22,209.82,0.50,12.39,0.00,0.01,0.00,0.62,0.00,0.90,0.00,0.00,0.80,0.50,0.0014,0.0075,     0,0,0,0.21,99.79,0.00,N/A,0.24,0.39,209.82,0.62,15.57,0.00,0.03,
2024-03-21,21:06:52.189,0.00,0.74,0.00,0.89,0.00,0.07,0.94,0.53,0.0003,0.0056,0.00,0.00,-2147483648,0.00,0.00,12.34,16.71,210.15,0.74,18.45,0.00,0.09,0.62,0.62,2.12,0.56,99.44,0.00,100.00,0.00,0.00,0.00,0.00,-nan,0.08,0.01,0.92,0.01,1.00,0.00,0.04,0.93,0.62,0.0002,0.0035,     0,0,0,0.00,0.00,-2147483648,0.00,0.00,N/A,10.37,11.23,210.15,0.92,23.08,0.01,0.15,0.00,0.36,0.00,0.73,0.00,0.03,0.94,0.35,0.0009,0.0166,     0,0,0,0.00,0.00,-2147483648,0.00,0.00,N/A,1.97,5.48,210.15,0.36,8.97,0.00,0.03,0.16,0.32,  0%,  0%,0.10,0.04,  0%,  0%,0.63,0.97,  0%,  0%,0.35,0.18,  0%,  0%,0.67,99.33,0.00,100.00,0.00,0.00,0.45,99.55,0.00,100.00,0.00,0.00,0.00,0.00,0.00 ,0.00 ,-nan ,-nan ,0.08,0.08,0.01,0.29,0.02,1.00,0.00,0.03,0.96,0.27,0.0009,0.0203,     0,0,0,2.30,97.70,0.00,N/A,1.42,4.83,210.15,0.29,7.35,0.01,0.17,0.00,1.21,0.00,0.99,0.00,0.00,0.66,0.66,0.0003,0.0012,     0,0,0,0.21,99.79,0.00,N/A,0.54,0.45,210.15,1.21,30.22,0.00,0.06,0.00,0.67,0.00,0.99,0.00,0.00,0.65,0.62,0.0009,0.0037,     0,0,0,0.24,99.76,0.00,N/A,0.33,0.49,210.15,0.67,16.65,0.00,0.04,0.00,0.51,0.00,0.98,0.00,0.00,0.82,0.66,0.0009,0.0062,     0,0,0,0.07,99.93,0.00,N/A,0.08,0.15,210.15,0.51,12.86,0.00,0.01,0.03,1.71,0.02,1.00,0.00,0.00,0.98,0.95,0.0000,0.0003,     0,0,0,1.90,98.10,0.00,N/A,6.81,3.99,210.15,1.71,42.71,0.03,0.81,0.00,0.53,0.00,1.00,0.00,0.00,0.88,0.65,0.0006,0.0065,     0,0,0,0.07,99.93,0.00,N/A,0.08,0.15,210.15,0.53,13.27,0.00,0.01,0.00,0.66,0.00,0.95,0.00,0.00,0.82,0.77,0.0004,0.0029,     0,0,0,0.17,99.83,0.00,N/A,0.23,0.35,210.15,0.66,16.55,0.00,0.03,0.00,1.06,0.00,1.00,0.00,0.00,0.72,0.51,0.0006,0.0025,     0,0,0,0.39,99.61,0.00,N/A,0.88,0.83,210.15,1.06,26.59,0.00,0.10,0.01,0.32,0.02,0.78,0.00,0.03,0.96,0.27,0.0009,0.0211,     0,0,0,2.64,97.36,0.00,N/A,1.37,4.33,210.15,0.32,7.92,0.01,0.16,0.00,0.56,0.00,0.42,0.00,0.00,0.62,0.67,0.0020,0.0064,     0,0,0,0.19,99.81,0.00,N/A,0.09,0.17,210.15,0.56,14.01,0.00,0.01,0.00,0.41,0.00,0.57,0.00,0.00,0.75,0.91,0.0003,0.0016,     0,0,0,0.04,99.96,0.00,N/A,0.02,0.05,210.15,0.41,10.19,0.00,0.00,0.00,0.54,0.00,0.72,0.00,0.00,0.86,0.69,0.0007,0.0059,     0,0,0,0.10,99.90,0.00,N/A,0.09,0.16,210.15,0.54,13.59,0.00,0.01,0.00,0.53,0.00,0.62,0.00,0.00,0.88,0.64,0.0007,0.0068,     0,0,0,0.15,99.85,0.00,N/A,0.10,0.19,210.15,0.53,13.17,0.00,0.01,0.00,0.55,0.00,0.61,0.00,0.00,0.88,0.68,0.0006,0.0060,     0,0,0,0.15,99.85,0.00,N/A,0.10,0.19,210.15,0.55,13.69,0.00,0.01,0.00,0.55,0.00,0.42,0.00,0.00,0.80,0.63,0.0013,0.0074,     0,0,0,0.17,99.83,0.00,N/A,0.08,0.15,210.15,0.55,13.75,0.00,0.01,0.00,0.44,0.00,0.81,0.00,0.00,0.83,0.55,0.0010,0.0068,     0,0,0,0.14,99.86,0.00,N/A,0.11,0.24,210.15,0.44,11.03,0.00,0.01,
2024-03-21,21:06:52.289,0.00,0.83,0.00,0.89,0.00,0.07,0.94,0.58,0.0003,0.0048,0.00,0.00,-2147483648,0.00,0.00,13.86,16.65,210.17,0.83,20.82,0.00,0.10,0.35,0.21,1.22,0.56,99.44,0.00,100.00,0.00,0.00,0.00,0.00,-nan,0.08,0.01,1.05,0.01,0.95,0.00,0.04,0.94,0.68,0.0002,0.0029,     0,0,0,0.00,0.00,-2147483648,0.00,0.00,N/A,11.98,11.45,210.17,1.05,26.17,0.01,0.18,0.00,0.36,0.00,0.79,0.00,0.03,0.94,0.35,0.0009,0.0169,     0,0,0,0.00,0.00,-2147483648,0.00,0.00,N/A,1.88,5.20,210.17,0.36,9.04,0.00,0.03,0.11,0.11,  0%,  0%,0.10,0.04,  0%,  0%,0.24,0.60,  0%,  0%,0.23,0.16,  0%,  0%,0.72,99.28,0.00,100.00,0.00,0.00,0.39,99.61,0.00,100.00,0.00,0.00,0.00,0.00,0.00 ,0.00 ,-nan ,-nan ,0.08,0.08,0.01,0.32,0.02,1.00,0.00,0.03,0.97,0.27,0.0007,0.0211,     0,0,0,2.00,98.00,0.00,N/A,1.33,4.21,210.17,0.32,7.91,0.01,0.16,0.00,0.91,0.00,0.42,0.00,0.00,0.59,0.63,0.0007,0.0027,     0,0,0,0.29,99.71,0.00,N/A,0.23,0.25,210.17,0.91,22.65,0.00,0.03,0.00,0.54,0.00,0.97,0.00,0.00,0.41,0.67,0.0021,0.0043,     0,0,0,0.21,99.79,0.00,N/A,0.22,0.42,210.17,0.54,13.38,0.00,0.03,0.00,0.53,0.00,0.57,0.00,0.00,0.88,0.66,0.0005,0.0064,     0,0,0,0.12,99.88,0.00,N/A,0.08,0.15,210.17,0.53,13.33,0.00,0.01,0.05,1.73,0.03,1.00,0.00,0.00,0.98,0.96,0.0000,0.0003,     0,0,0,2.64,97.36,0.00,N/A,9.59,5.54,210.17,1.73,43.27,0.05,1.14,0.00,0.50,0.00,0.92,0.00,0.00,0.86,0.64,0.0008,0.0069,     0,0,0,0.08,99.92,0.00,N/A,0.08,0.16,210.17,0.50,12.43,0.00,0.01,0.00,0.64,0.00,0.72,0.00,0.00,0.72,0.79,0.0006,0.0027,     0,0,0,0.29,99.71,0.00,N/A,0.28,0.44,210.17,0.64,16.12,0.00,0.03,0.00,0.60,0.00,1.00,0.00,0.00,0.76,0.53,0.0013,0.0072,     0,0,0,0.14,99.86,0.00,N/A,0.17,0.29,210.17,0.60,14.90,0.00,0.02,0.01,0.32,0.02,0.83,0.00,0.03,0.96,0.27,0.0008,0.0214,     0,0,0,2.33,97.67,0.00,N/A,1.31,4.06,210.17,0.32,8.09,0.01,0.16,0.00,0.51,0.00,0.60,0.00,0.00,0.58,0.68,0.0022,0.0059,     0,0,0,0.17,99.83,0.00,N/A,0.11,0.21,210.17,0.51,12.84,0.00,0.01,0.00,0.40,0.00,0.64,0.00,0.00,0.69,0.90,0.0005,0.0019,     0,0,0,0.03,99.97,0.00,N/A,0.02,0.05,210.17,0.40,10.10,0.00,0.00,0.00,0.47,0.00,0.73,0.00,0.00,0.83,0.66,0.0009,0.0063,     0,0,0,0.11,99.89,0.00,N/A,0.08,0.16,210.17,0.47,11.78,0.00,0.01,0.00,0.48,0.00,0.69,0.00,0.00,0.85,0.66,0.0008,0.0070,     0,0,0,0.12,99.88,0.00,N/A,0.08,0.17,210.17,0.48,11.90,0.00,0.01,0.00,0.48,0.00,0.71,0.00,0.00,0.84,0.66,0.0009,0.0065,     0,0,0,0.11,99.89,0.00,N/A,0.08,0.17,210.17,0.48,11.98,0.00,0.01,0.00,0.49,0.00,0.63,0.00,0.00,0.81,0.63,0.0012,0.0071,     0,0,0,0.16,99.84,0.00,N/A,0.11,0.21,210.17,0.49,12.37,0.00,0.01,0.00,0.58,0.00,0.77,0.00,0.00,0.79,0.55,0.0013,0.0069,     0,0,0,0.10,99.90,0.00,N/A,0.09,0.16,210.17,0.58,14.45,0.00,0.01,
2024-03-21,21:06:52.389,0.01,0.88,0.01,0.89,0.00,0.07,0.93,0.55,0.0003,0.0041,0.00,0.00,-2147483648,0.00,0.00,16.83,19.20,209.39,0.88,21.92,0.01,0.13,0.62,0.30,1.51,0.64,99.36,0.00,100.00,0.00,0.00,0.00,0.00,-nan,0.09,0.01,1.08,0.01,0.96,0.00,0.04,0.92,0.64,0.0002,0.0026,     0,0,0,0.00,0.00,-2147483648,0.00,0.00,N/A,14.99,13.86,209.39,1.08,27.04,0.01,0.22,0.00,0.34,0.00,0.75,0.00,0.03,0.95,0.35,0.0009,0.0170,     0,0,0,0.00,0.00,-2147483648,0.00,0.00,N/A,1.84,5.34,209.39,0.34,8.61,0.00,0.03,0.17,0.32,  0%,  0%,0.10,0.03,  0%,  0%,0.69,0.36,  0%,  0%,0.27,0.19,  0%,  0%,0.86,99.14,0.00,100.00,0.00,0.00,0.42,99.58,0.00,100.00,0.00,0.00,0.00,0.00,0.00 ,0.00 ,-nan ,-nan ,0.10,0.08,0.02,0.65,0.03,0.98,0.00,0.03,0.96,0.26,0.0003,0.0079,     0,0,0,2.83,97.17,0.00,N/A,3.78,5.80,209.39,0.65,16.30,0.02,0.45,0.01,1.46,0.01,0.99,0.00,0.00,0.91,0.91,0.0000,0.0006,     0,0,0,1.03,98.97,0.00,N/A,3.12,2.14,209.39,1.46,36.49,0.01,0.37,0.02,1.67,0.01,1.00,0.00,0.00,0.87,0.94,0.0000,0.0003,     0,0,0,1.25,98.75,0.00,N/A,4.36,2.61,209.39,1.67,41.72,0.02,0.52,0.00,0.51,0.00,0.58,0.00,0.00,0.71,0.72,0.0011,0.0053,     0,0,0,0.08,99.92,0.00,N/A,0.05,0.09,209.39,0.51,12.71,0.00,0.01,0.01,1.61,0.01,0.83,0.00,0.00,0.95,0.92,0.0000,0.0005,     0,0,0,0.67,99.33,0.00,N/A,1.88,1.17,209.39,1.61,40.29,0.01,0.22,0.00,0.63,0.00,1.00,0.00,0.00,0.50,0.50,0.0019,0.0044,     0,0,0,0.38,99.62,0.00,N/A,0.49,0.79,209.39,0.63,15.63,0.00,0.06,0.00,0.68,0.00,0.79,0.00,0.00,0.69,0.86,0.0004,0.0016,     0,0,0,0.19,99.81,0.00,N/A,0.22,0.32,209.39,0.68,16.95,0.00,0.03,0.01,1.16,0.00,0.99,0.00,0.00,0.83,0.74,0.0003,0.0019,     0,0,0,0.45,99.55,0.00,N/A,1.09,0.93,209.39,1.16,29.12,0.01,0.13,0.01,0.31,0.02,0.76,0.00,0.03,0.96,0.27,0.0008,0.0211,     0,0,0,2.66,97.34,0.00,N/A,1.34,4.24,209.39,0.31,7.87,0.01,0.16,0.00,0.40,0.00,0.48,0.00,0.00,0.57,0.91,0.0007,0.0017,     0,0,0,0.06,99.94,0.00,N/A,0.02,0.06,209.39,0.40,9.98,0.00,0.00,0.00,0.37,0.00,0.51,0.00,0.00,0.77,0.89,0.0004,0.0020,     0,0,0,0.05,99.95,0.00,N/A,0.02,0.05,209.39,0.37,9.14,0.00,0.00,0.00,0.33,0.00,0.77,0.00,0.00,0.74,0.71,0.0011,0.0046,     0,0,0,0.10,99.90,0.00,N/A,0.05,0.16,209.39,0.33,8.25,0.00,0.01,0.00,0.51,0.00,0.83,0.00,0.00,0.84,0.64,0.0010,0.0068,     0,0,0,0.19,99.81,0.00,N/A,0.16,0.32,209.39,0.51,12.72,0.00,0.02,0.00,0.52,0.00,0.83,0.00,0.00,0.85,0.65,0.0009,0.0066,     0,0,0,0.18,99.82,0.00,N/A,0.17,0.32,209.39,0.52,13.03,0.00,0.02,0.00,0.41,0.00,0.48,0.00,0.00,0.73,0.82,0.0006,0.0034,     0,0,0,0.06,99.94,0.00,,0.00,0.00,0.,209.39,0.41,10.14,0.00,0.00,0.00,0.43,0.00,0.70,0.00,0.00,0.79,0.61,0.0013,0.0070,     0,0,0,0.08,99.92,0.00,N/A,0.05,0.12,209.39,0.43,10.65,0.00,0.01,
2024-03-21,21:06:52.490,0.00,0.45,0.00,0.86,0.00,0.07,0.94,0.38,0.0007,0.0119,0.00,0.00,-2147483648,0.00,0.00,5.93,13.26,212.15,0.45,11.19,0.00,0.04,0.28,0.56,0.95,0.45,99.55,0.00,100.00,0.00,0.00,0.00,0.00,-nan,0.08,0.00,0.51,0.00,0.98,0.00,0.03,0.92,0.43,0.0006,0.0089,     0,0,0,0.00,0.00,-2147483648,0.00,0.00,N/A,3.90,7.63,212.15,0.51,12.77,0.00,0.06,0.00,0.36,0.00,0.74,0.00,0.04,0.95,0.34,0.0009,0.0176,     0,0,0,0.00,0.00,-2147483648,0.00,0.00,N/A,2.04,5.63,212.15,0.36,9.04,0.00,0.03,0.08,0.08,  0%,  0%,0.09,0.04,  0%,  0%,0.14,0.39,  0%,  0%,0.24,0.18,  0%,  0%,0.46,99.54,0.00,100.00,0.00,0.00,0.45,99.55,0.00,100.00,0.00,0.00,0.00,0.00,0.00 ,0.00 ,-nan ,-nan ,0.08,0.09,0.01,0.41,0.02,1.00,0.00,0.03,0.94,0.28,0.0008,0.0144,     0,0,0,2.44,97.56,0.00,N/A,2.11,5.17,212.15,0.41,10.22,0.01,0.25,0.00,0.28,0.00,1.00,0.00,0.00,0.66,0.66,0.0006,0.0028,     0,0,0,0.30,99.70,0.00,N/A,0.18,0.64,212.15,0.28,6.89,0.00,0.02,0.00,0.49,0.00,0.95,0.00,0.00,0.73,0.63,0.0015,0.0075,     0,0,0,0.07,99.93,0.00,N/A,0.07,0.15,212.15,0.49,12.36,0.00,0.01,0.00,0.55,0.00,1.00,0.00,0.00,0.71,0.69,0.0009,0.0054,     0,0,0,0.06,99.94,0.00,N/A,0.07,0.13,212.15,0.55,13.78,0.00,0.01,0.00,0.45,0.00,1.00,0.00,0.00,0.83,0.84,0.0006,0.0038,     0,0,0,0.04,99.96,0.00,N/A,0.03,0.07,212.15,0.45,11.22,0.00,0.00,0.00,0.52,0.00,0.97,0.00,0.00,0.78,0.63,0.0012,0.0070,     0,0,0,0.11,99.89,0.00,N/A,0.12,0.22,212.15,0.52,12.90,0.00,0.01,0.00,0.69,0.00,1.00,0.00,0.00,0.77,0.82,0.0004,0.0020,     0,0,0,0.17,99.83,0.00,N/A,0.24,0.35,212.15,0.69,17.16,0.00,0.03,0.01,1.21,0.00,0.85,0.00,0.00,0.81,0.82,0.0002,0.0014,     0,0,0,0.50,99.50,0.00,N/A,1.07,0.89,212.15,1.21,30.17,0.01,0.13,0.01,0.32,0.02,0.79,0.00,0.03,0.96,0.26,0.0008,0.0219,     0,0,0,2.74,97.26,0.00,N/A,1.49,4.60,212.15,0.32,8.09,0.01,0.18,0.00,0.39,0.00,0.56,0.00,0.00,0.59,0.90,0.0007,0.0019,     0,0,0,0.04,99.96,0.00,N/A,0.02,0.05,212.15,0.39,9.65,0.00,0.00,0.00,0.51,0.00,0.83,0.00,0.00,0.72,0.68,0.0011,0.0055,     0,0,0,0.12,99.88,0.00,N/A,0.11,0.22,212.15,0.51,12.76,0.00,0.01,0.00,0.53,0.00,0.76,0.00,0.00,0.69,0.67,0.0016,0.0058,     0,0,0,0.11,99.89,0.00,N/A,0.09,0.17,212.15,0.53,13.22,0.00,0.01,0.00,0.60,0.00,0.41,0.00,0.00,0.85,0.64,0.0010,0.0073,     0,0,0,0.22,99.78,0.00,N/A,0.11,0.19,212.15,0.60,15.02,0.00,0.01,0.00,0.55,0.00,0.41,0.00,0.00,0.80,0.62,0.0013,0.0074,     0,0,0,0.24,99.76,0.00,N/A,0.11,0.20,212.15,0.55,13.80,0.00,0.01,0.00,0.37,0.00,0.56,0.00,0.00,0.61,0.91,0.0006,0.0018,     0,0,0,0.04,99.96,0.00,N/A,0.02,0.05,212.15,0.37,9.28,0.00,0.00,0.00,0.56,0.00,0.77,0.00,0.00,0.84,0.57,0.0009,0.0062,     0,0,0,0.09,99.91,0.00,N/A,0.09,0.15,212.15,0.56,14.01,0.00,0.01,
2024-03-21,21:06:52.591,0.00,0.78,0.01,0.92,0.00,0.07,0.94,0.53,0.0003,0.0051,0.00,0.00,-2147483648,0.00,0.00,14.22,18.15,212.01,0.78,19.60,0.00,0.10,0.37,0.27,0.97,0.58,99.42,0.00,100.00,0.00,0.00,0.00,0.00,-nan,0.08,0.01,0.99,0.01,0.98,0.00,0.04,0.93,0.63,0.0002,0.0032,     0,0,0,0.00,0.00,-2147483648,0.00,0.00,N/A,12.35,12.45,212.01,0.99,24.79,0.01,0.18,0.00,0.33,0.00,0.80,0.00,0.03,0.95,0.33,0.0009,0.0176,     0,0,0,0.00,0.00,-2147483648,0.00,0.00,N/A,1.88,5.69,212.01,0.33,8.23,0.00,0.03,0.08,0.08,  0%,  0%,0.14,0.07,  0%,  0%,0.13,0.25,  0%,  0%,0.40,0.19,  0%,  0%,0.75,99.25,0.00,100.00,0.00,0.00,0.42,99.58,0.00,100.00,0.00,0.00,0.00,0.00,0.00 ,0.00 ,-nan ,-nan ,0.08,0.09,0.01,0.30,0.03,1.00,0.00,0.03,0.94,0.27,0.0012,0.0189,     0,0,0,2.53,97.47,0.00,N/A,1.62,5.37,212.01,0.30,7.56,0.01,0.19,0.00,0.52,0.00,1.00,0.00,0.00,0.73,0.71,0.0011,0.0061,     0,0,0,0.04,99.96,0.00,N/A,0.05,0.10,212.01,0.52,12.88,0.00,0.01,0.03,1.70,0.02,0.96,0.00,0.00,0.98,0.91,0.0000,0.0005,     0,0,0,1.80,98.20,0.00,N/A,6.21,3.65,212.01,1.70,42.56,0.03,0.73,0.00,1.59,0.00,1.00,0.00,0.00,0.55,0.80,0.0001,0.0003,     0,0,0,0.19,99.81,0.00,N/A,0.63,0.40,212.01,1.59,39.80,0.00,0.07,0.00,0.51,0.00,0.96,0.00,0.00,0.87,0.68,0.0005,0.0057,     0,0,0,0.10,99.90,0.00,N/A,0.11,0.20,212.01,0.51,12.86,0.00,0.01,0.00,0.48,0.00,0.95,0.00,0.00,0.82,0.63,0.0011,0.0073,     0,0,0,0.08,99.92,0.00,N/A,0.08,0.16,212.01,0.48,12.10,0.00,0.01,0.00,0.62,0.00,1.00,0.00,0.00,0.56,0.93,0.0002,0.0006,     0,0,0,0.13,99.87,0.00,N/A,0.17,0.28,212.01,0.62,15.58,0.00,0.02,0.02,1.51,0.01,0.99,0.00,0.00,0.92,0.81,0.0001,0.0012,     0,0,0,1.09,98.91,0.00,N/A,3.48,2.30,212.01,1.51,37.85,0.02,0.41,0.01,0.31,0.02,0.83,0.00,0.03,0.96,0.27,0.0009,0.0204,     0,0,0,2.80,97.20,0.00,N/A,1.53,4.93,212.01,0.31,7.74,0.01,0.18,0.00,0.43,0.00,0.46,0.00,0.00,0.85,0.88,0.0003,0.0023,     0,0,0,0.07,99.93,0.00,N/A,0.03,0.06,212.01,0.43,10.80,0.00,0.00,0.00,0.49,0.00,0.80,0.00,0.00,0.82,0.67,0.0009,0.0062,     0,0,0,0.10,99.90,0.00,N/A,0.08,0.16,212.01,0.49,12.17,0.00,0.01,0.00,0.41,0.00,0.62,0.00,0.00,0.78,0.92,0.0003,0.0015,     0,0,0,0.04,99.96,0.00,N/A,0.02,0.05,212.01,0.41,10.24,0.00,0.00,0.00,0.47,0.00,0.70,0.00,0.00,0.83,0.68,0.0010,0.0065,     0,0,0,0.11,99.89,0.00,N/A,0.08,0.17,212.01,0.47,11.81,0.00,0.01,0.00,0.48,0.00,0.68,0.00,0.00,0.87,0.68,0.0007,0.0063,     0,0,0,0.12,99.88,0.00,N/A,0.08,0.17,212.01,0.48,12.07,0.00,0.01,0.00,0.39,0.00,0.49,0.00,0.00,0.91,0.88,0.0001,0.0021,     0,0,0,0.05,99.95,0.00,N/A,0.02,0.06,212.01,0.39,9.66,0.00,0.00,0.00,0.41,0.00,0.71,0.00,0.00,0.83,0.73,0.0009,0.0052,     0,0,0,0.06,99.94,0.00,N/A,0.04,0.09,212.01,0.41,10.29,0.00,0.00,
2024-03-21,21:06:52.692,0.00,0.84,0.01,0.91,0.00,0.07,0.94,0.55,0.0003,0.0045,0.00,0.00,-2147483648,0.00,0.00,15.41,18.31,212.27,0.84,21.04,0.00,0.11,0.44,0.69,1.18,0.59,99.41,0.00,100.00,0.00,0.00,0.00,0.00,-nan,0.08,0.01,1.01,0.01,1.00,0.00,0.04,0.93,0.64,0.0002,0.0029,     0,0,0,0.00,0.00,-2147483648,0.00,0.00,N/A,13.16,12.98,212.27,1.01,25.35,0.01,0.19,0.00,0.42,0.00,0.75,0.00,0.03,0.95,0.35,0.0007,0.0135,     0,0,0,0.00,0.00,-2147483648,0.00,0.00,N/A,2.25,5.33,212.27,0.42,10.54,0.00,0.03,0.06,0.07,  0%,  0%,0.23,0.08,  0%,  0%,0.12,0.23,  0%,  0%,0.41,0.42,  0%,  0%,0.77,99.23,0.00,100.00,0.00,0.00,0.42,99.58,0.00,100.00,0.00,0.00,0.00,0.00,0.00 ,0.00 ,-nan ,-nan ,0.08,0.07,0.01,0.32,0.02,1.00,0.00,0.03,0.94,0.27,0.0012,0.0188,     0,0,0,2.37,97.63,0.00,N/A,1.63,5.03,212.27,0.32,8.07,0.01,0.19,0.01,0.99,0.01,1.00,0.00,0.00,0.42,0.64,0.0002,0.0005,     0,0,0,0.71,99.29,0.00,N/A,1.50,1.51,212.27,0.99,24.87,0.01,0.18,0.05,1.69,0.03,1.00,0.00,0.01,0.96,0.90,0.0000,0.0005,     0,0,0,2.69,97.31,0.00,N/A,9.60,5.67,212.27,1.69,42.28,0.05,1.13,0.00,0.46,0.00,1.00,0.00,0.00,0.91,0.88,0.0002,0.0021,     0,0,0,0.02,99.98,0.00,N/A,0.02,0.04,212.27,0.46,11.61,0.00,0.00,0.00,0.49,0.00,1.00,0.00,0.00,0.86,0.72,0.0007,0.0056,     0,0,0,0.05,99.95,0.00,N/A,0.05,0.10,212.27,0.49,12.26,0.00,0.01,0.00,0.52,0.00,0.91,0.00,0.00,0.83,0.64,0.0009,0.0068,     0,0,0,0.11,99.89,0.00,N/A,0.11,0.21,212.27,0.52,13.02,0.00,0.01,0.00,0.68,0.00,1.00,0.00,0.00,0.52,0.92,0.0003,0.0006,     0,0,0,0.12,99.88,0.00,N/A,0.17,0.25,212.27,0.68,16.88,0.00,0.02,0.00,0.59,0.00,1.00,0.00,0.00,0.72,0.59,0.0015,0.0066,     0,0,0,0.08,99.92,0.00,N/A,0.10,0.17,212.27,0.59,14.73,0.00,0.01,0.01,0.32,0.02,0.75,0.00,0.03,0.96,0.27,0.0008,0.0210,     0,0,0,2.62,97.38,0.00,N/A,1.33,4.18,212.27,0.32,7.98,0.01,0.16,0.00,1.35,0.00,0.90,0.00,0.00,0.56,0.72,0.0003,0.0007,     0,0,0,0.22,99.78,0.00,N/A,0.57,0.43,212.27,1.35,33.67,0.00,0.07,0.00,0.41,0.00,0.48,0.00,0.00,0.71,0.80,0.0012,0.0045,     0,0,0,0.07,99.93,0.00,N/A,0.03,0.07,212.27,0.41,10.28,0.00,0.00,0.00,0.36,0.00,0.46,0.00,0.00,0.94,0.89,0.0001,0.0020,     0,0,0,0.05,99.95,0.00,N/A,0.02,0.05,212.27,0.36,8.95,0.00,0.00,0.00,0.51,0.00,0.88,0.00,0.00,0.86,0.66,0.0009,0.0066,     0,0,0,0.11,99.89,0.00,N/A,0.11,0.21,212.27,0.51,12.80,0.00,0.01,0.00,0.52,0.00,0.85,0.00,0.00,0.83,0.67,0.0010,0.0063,     0,0,0,0.12,99.88,0.00,N/A,0.11,0.22,212.27,0.52,13.02,0.00,0.01,0.00,0.43,0.00,0.71,0.00,0.00,0.74,0.70,0.0013,0.0056,     0,0,0,0.07,99.93,0.00,N/A,0.05,0.11,212.27,0.43,10.84,0.00,0.01,0.00,0.37,0.00,0.47,0.00,0.00,0.82,0.89,0.0002,0.0018,     0,0,0,0.06,99.94,0.00,N/A,0.02,0.06,212.27,0.37,9.15,0.00,0.00,
2024-03-21,21:06:52.792,0.00,0.69,0.01,0.93,0.01,0.07,0.92,0.52,0.0005,0.10,1.30,1.0.00,-2147483648,0.00,0.00,11.70,16.88,209.92,0.69,17.32,0.00,0.09,0.98,0.83,3.92,0.54,99.46,0.00,100.00,0.00,0.00,0.00,0.00,-nan,0.08,0.01,0.86,0.01,1.00,0.00,0.03,0.92,0.56,0.0003,0.0041,     0,0,0,0.00,0.00,-2147483648,0.00,0.00,N/A,8.49,9.91,209.92,0.86,21.42,0.01,0.13,0.00,0.46,0.00,0.84,0.00,0.03,0.91,0.48,0.0009,0.0103,     0,0,0,0.00,0.00,-2147483648,0.00,0.00,N/A,3.21,6.97,209.92,0.46,11.49,0.00,0.05,0.07,0.09,  0%,  0%,0.38,0.45,  0%,  0%,0.14,0.24,  0%,  0%,1.87,1.67,  1%,  1%,0.59,99.41,0.00,100.00,0.00,0.00,0.49,99.51,0.00,100.00,0.00,0.00,0.00,0.00,0.00 ,0.00 ,-nan ,-nan ,0.08,0.08,0.01,0.31,0.03,1.00,0.00,0.03,0.93,0.26,0.0013,0.0189,     0,0,0,2.50,97.50,0.00,N/A,1.61,5.25,209.92,0.31,7.68,0.01,0.19,0.01,1.60,0.01,1.00,0.00,0.00,0.43,0.80,0.0001,0.0002,     0,0,0,0.52,99.48,0.00,N/A,1.76,1.10,209.92,1.60,40.10,0.01,0.21,0.02,1.69,0.01,1.00,0.00,0.00,0.97,0.93,0.0000,0.0004,     0,0,0,1.33,98.67,0.00,N/A,4.69,2.78,209.92,1.69,42.16,0.02,0.56,0.00,0.38,0.00,1.00,0.00,0.00,0.77,0.90,0.0003,0.0020,     0,0,0,0.03,99.97,0.00,N/A,0.02,0.06,209.92,0.38,9.39,0.00,0.00,0.00,0.48,0.00,0.97,0.00,0.00,0.89,0.73,0.0005,0.0052,     0,0,0,0.05,99.95,0.00,N/A,0.05,0.11,209.92,0.48,11.92,0.00,0.01,0.00,0.52,0.00,0.93,0.00,0.00,0.85,0.68,0.0008,0.0063,     0,0,0,0.08,99.92,0.00,N/A,0.09,0.17,209.92,0.52,13.06,0.00,0.01,0.00,0.66,0.00,1.00,0.00,0.00,0.65,0.94,0.0002,0.0005,     0,0,0,0.13,99.87,0.00,N/A,0.18,0.27,209.92,0.66,16.43,0.00,0.02,0.00,0.54,0.00,1.00,0.00,0.00,0.74,0.53,0.0015,0.0072,     0,0,0,0.08,99.92,0.00,N/A,0.09,0.17,209.92,0.54,13.52,0.00,0.01,0.01,0.32,0.02,0.78,0.00,0.03,0.96,0.27,0.0009,0.0212,     0,0,0,2.53,97.47,0.00,N/A,1.33,4.16,209.92,0.32,7.98,0.01,0.16,0.00,0.93,0.00,0.98,0.00,0.00,0.36,0.87,0.0009,0.0015,     0,0,0,0.49,99.51,0.00,N/A,0.95,1.02,209.92,0.93,23.37,0.00,0.11,0.00,0.74,0.00,0.96,0.00,0.00,0.45,0.76,0.0013,0.0032,     0,0,0,0.39,99.61,0.00,N/A,0.59,0.80,209.92,0.74,18.49,0.00,0.07,0.00,0.41,0.00,0.68,0.00,0.00,0.89,0.79,0.0003,0.0042,     0,0,0,0.04,99.96,0.00,N/A,0.02,0.06,209.92,0.41,10.29,0.00,0.00,0.00,0.27,0.00,0.96,0.00,0.00,0.83,0.68,0.0005,0.0032,     0,0,0,0.31,99.69,0.00,N/A,0.16,0.62,209.92,0.27,6.65,0.00,0.02,0.00,0.50,0.00,0.86,0.00,0.00,0.83,0.68,0.0009,0.0062,     0,0,0,0.09,99.91,0.00,N/A,0.08,0.16,209.92,0.50,12.41,0.00,0.01,0.00,0.47,0.00,0.84,0.00,0.00,0.85,0.73,0.0007,0.0053,     0,0,0,0.06,99.94,0.00,N/A,0.05,0.11,209.92,0.47,11.75,0.00,0.01,0.00,0.38,0.00,0.66,0.00,0.00,0.56,0.88,0.0009,0.0021,     0,0,0,0.04,99.96,0.00,N/A,0.02,0.05,209.92,0.38,9.42,0.00,0.00,
2024-03-21,21:06:52.893,0.00,0.70,0.00,0.89,0.00,0.07,0.93,0.49,0.0004,0.0062,0.00,0.00,-2147483648,0.00,0.00,10.75,15.32,211.95,0.70,17.54,0.00,0.08,2.47,1.90,3.23,0.51,99.49,0.00,100.00,0.00,0.00,0.00,0.00,-nan,0.08,0.01,0.87,0.01,0.99,0.00,0.04,0.92,0.57,0.0003,0.0040,     0,0,0,0.00,0.00,-2147483648,0.00,0.00,N/A,8.97,10.31,211.95,0.87,21.75,0.01,0.13,0.00,0.35,0.00,0.74,0.00,0.03,0.95,0.34,0.0009,0.0174,     0,0,0,0.00,0.00,-2147483648,0.00,0.00,N/A,1.78,5.01,211.95,0.35,8.86,0.00,0.03,1.02,1.04,  0%,  0%,0.18,0.23,  0%,  0%,1.13,0.28,  1%,  0%,0.90,0.93,  0%,  0%,0.62,99.38,0.00,100.00,0.00,0.00,0.40,99.60,0.00,100.00,0.00,0.00,0.00,0.00,0.00 ,0.00 ,-nan ,-nan ,0.09,0.08,0.01,0.31,0.02,0.99,0.00,0.03,0.94,0.26,0.0012,0.0191,     0,0,0,2.44,97.56,0.00,N/A,1.60,5.09,211.95,0.31,7.84,0.01,0.19,0.01,1.56,0.01,0.99,0.00,0.00,0.50,0.82,0.0001,0.0002,     0,0,0,0.54,99.46,0.00,N/A,1.77,1.13,211.95,1.56,39.09,0.01,0.21,0.02,1.67,0.01,1.00,0.00,0.00,0.92,0.93,0.0000,0.0004,     0,0,0,1.39,98.61,0.00,N/A,4.93,2.95,211.95,1.67,41.82,0.02,0.58,0.00,0.84,0.00,0.94,0.00,0.00,0.76,0.74,0.0004,0.0021,     0,0,0,0.09,99.91,0.00,N/A,0.14,0.17,211.95,0.84,21.00,0.00,0.02,0.00,0.47,0.00,0.97,0.00,0.00,0.88,0.73,0.0005,0.0056,     0,0,0,0.06,99.94,0.00,N/A,0.06,0.12,211.95,0.47,11.79,0.00,0.01,0.00,0.49,0.00,0.94,0.00,0.00,0.86,0.62,0.0008,0.0074,     0,0,0,0.12,99.88,0.00,N/A,0.11,0.23,211.95,0.49,12.22,0.00,0.01,0.00,0.63,0.00,0.97,0.00,0.00,0.68,0.94,0.0001,0.0005,     0,0,0,0.13,99.87,0.00,N/A,0.17,0.27,211.95,0.63,15.73,0.00,0.02,0.00,0.56,0.00,0.98,0.00,0.00,0.72,0.54,0.0017,0.0079,     0,0,0,0.17,99.83,0.00,N/A,0.19,0.35,211.95,0.56,13.95,0.00,0.02,0.01,0.33,0.02,0.81,0.00,0.03,0.96,0.27,0.0008,0.0212,     0,0,0,2.38,97.62,0.00,N/A,1.33,4.07,211.95,0.33,8.18,0.01,0.16,0.00,0.41,0.00,0.67,0.00,0.00,0.74,0.80,0.0009,0.0040,     0,0,0,0.07,99.93,0.00,N/A,0.04,0.11,211.95,0.41,10.34,0.00,0.01,0.00,0.48,0.00,0.83,0.00,0.00,0.78,0.63,0.0013,0.0070,     0,0,0,0.13,99.87,0.00,N/A,0.11,0.23,211.95,0.48,11.89,0.00,0.01,0.00,0.41,0.00,0.58,0.00,0.00,1.00,0.91,0.0000,0.0015,     0,0,0,0.04,99.96,0.00,N/A,0.02,0.05,211.95,0.41,10.33,0.00,0.00,0.00,0.52,0.00,0.43,0.00,0.00,0.80,0.65,0.0011,0.0067,     0,0,0,0.22,99.78,0.00,N/A,0.11,0.21,211.95,0.52,13.06,0.00,0.01,0.00,0.53,0.00,0.42,0.00,0.00,0.67,0.67,0.0018,0.0063,     0,0,0,0.22,99.78,0.00,N/A,0.10,0.20,211.95,0.53,13.19,0.00,0.01,0.00,0.40,0.00,0.67,0.00,0.00,0.78,0.75,0.0010,0.0048,     0,0,0,0.07,99.93,0.00,N/A,0.04,0.10,211.95,0.40,9.94,0.00,0.00,0.00,0.36,0.00,0.47,0.00,0.00,0.74,0.89,0.0004,0.0019,     0,0,0,0.06,99.94,0.00,N/A,0.02,0.06,211.95,0.36,8.90,0.00,0.00,
2024-03-21,21:06:52.993,0.00,0.90,0.01,0.90,0.00,0.07,0.93,0.55,0.0003,0.0042,0.00,0.00,-2147483648,0.00,0.00,16.42,18.31,210.56,0.90,22.43,0.00,0.12,0.40,0.15,1.01,0.60,99.40,0.00,100.00,0.00,0.00,0.00,0.00,-nan,0.10,0.01,0.98,0.01,0.98,0.00,0.04,0.94,0.62,0.0002,0.0034,     0,0,0,0.00,0.00,-2147483648,0.00,0.00,N/A,10.25,10.43,210.56,0.98,24.55,0.01,0.15,0.00,0.78,0.00,0.82,0.00,0.03,0.93,0.45,0.0004,0.0055,     0,0,0,0.00,0.00,-2147483648,0.00,0.00,N/A,6.18,7.87,210.56,0.78,19.61,0.00,0.09,0.08,0.07,  0%,  0%,0.18,0.07,  0%,  0%,0.12,0.27,  0%,  0%,0.34,0.28,  0%,  0%,0.63,99.37,0.00,100.00,0.00,0.00,0.57,99.43,0.00,100.00,0.00,0.00,0.00,0.00,0.00 ,0.00 ,-nan ,-nan ,0.09,0.10,0.01,0.33,0.02,1.00,0.00,0.03,0.94,0.26,0.0011,0.0199,     0,0,0,2.20,97.80,0.00,N/A,1.53,4.64,210.56,0.33,8.22,0.01,0.18,0.01,1.62,0.00,0.99,0.00,0.00,0.67,0.91,0.0000,0.0001,     0,0,0,0.34,99.66,0.00,N/A,1.15,0.71,210.56,1.62,40.62,0.01,0.14,0.03,1.72,0.02,0.96,0.00,0.00,0.96,0.95,0.0000,0.0003,     0,0,0,2.02,97.98,0.00,N/A,6.99,4.07,210.56,1.72,42.91,0.03,0.84,0.00,0.43,0.00,0.87,0.00,0.00,0.94,0.89,0.0001,0.0019,     0,0,0,0.02,99.98,0.00,N/A,0.02,0.04,210.56,0.43,10.78,0.00,0.00,0.00,0.48,0.00,0.91,0.00,0.00,0.91,0.74,0.0004,0.0052,     0,0,0,0.06,99.94,0.00,N/A,0.05,0.11,210.56,0.48,11.93,0.00,0.01,0.00,0.51,0.00,0.99,0.00,0.00,0.88,0.61,0.0006,0.0072,     0,0,0,0.12,99.88,0.00,N/A,0.13,0.25,210.56,0.51,12.66,0.00,0.02,0.00,0.67,0.00,0.93,0.00,0.00,0.70,0.93,0.0001,0.0005,     0,0,0,0.14,99.86,0.00,N/A,0.19,0.28,210.56,0.67,16.86,0.00,0.02,0.00,0.59,0.00,0.94,0.00,0.00,0.71,0.57,0.0016,0.0075,     0,0,0,0.17,99.83,0.00,N/A,0.19,0.33,210.56,0.59,14.63,0.00,0.02,0.01,0.34,0.02,0.74,0.00,0.03,0.96,0.28,0.0008,0.0209,     0,0,0,2.54,97.46,0.00,N/A,1.33,3.95,210.56,0.34,8.43,0.01,0.16,0.00,0.69,0.00,0.96,0.00,0.00,0.75,0.66,0.0007,0.0031,     0,0,0,0.51,99.49,0.00,N/A,0.71,1.03,210.56,0.69,17.19,0.00,0.08,0.00,0.46,0.00,0.78,0.00,0.00,0.84,0.63,0.0010,0.0073,     0,0,0,0.11,99.89,0.00,N/A,0.09,0.19,210.56,0.46,11.48,0.00,0.01,0.00,0.39,0.00,0.54,0.00,0.00,0.71,0.86,0.0006,0.0026,     0,0,0,0.04,99.96,0.00,N/A,0.02,0.05,210.56,0.39,9.64,0.00,0.00,0.02,1.73,0.01,0.98,0.00,0.00,0.84,0.80,0.0001,0.0005,     0,0,0,1.08,98.92,0.00,N/A,3.84,2.23,210.56,1.73,43.17,0.02,0.46,0.00,0.47,0.00,0.82,0.00,0.00,0.77,0.65,0.0014,0.0072,     0,0,0,0.14,99.86,0.00,N/A,0.11,0.23,210.56,0.47,11.84,0.00,0.01,0.00,0.41,0.00,0.74,0.00,0.00,0.72,0.74,0.0014,0.0056,     0,0,0,0.08,99.92,0.00,N/A,0.05,0.13,210.56,0.41,10.19,0.00,0.01,0.00,0.33,0.00,0.55,0.00,0.00,0.79,0.91,0.0003,0.0016,     0,0,0,0.05,99.95,0.00,N/A,0.02,0.06,210.56,0.33,8.16,0.00,0.00,
2024-03-21,21:06:53.093,0.00,0.81,0.01,0.90,0.00,0.07,0.93,0.55,0.0003,0.0049,0.00,0.00,-2147483648,0.00,0.00,13.94,17.31,209.65,0.81,20.13,0.00,0.10,0.56,0.59,1.50,0.57,99.43,0.00,100.00,0.00,0.00,0.00,0.00,-nan,0.09,0.01,0.99,0.01,0.96,0.00,0.04,0.91,0.64,0.0003,0.0031,     0,0,0,0.00,0.00,-2147483648,0.0,0.95,0.35,0.000,12.38,209.65,0.99,24.80,0.01,0.18,0.00,0.34,0.00,0.79,0.00,0.03,0.95,0.34,0.0009,0.0181,     0,0,0,0.00,0.00,-2147483648,0.00,0.00,N/A,1.65,4.92,209.65,0.34,8.38,0.00,0.02,0.07,0.10,  0%,  0%,0.23,0.16,  0%,  0%,0.18,0.29,  0%,  0%,0.52,0.52,  0%,  0%,0.77,99.23,0.00,100.00,0.00,0.00,0.37,99.63,0.00,100.00,0.00,0.00,0.00,0.00,0.00 ,0.00 ,-nan ,-nan ,0.09,0.09,0.01,0.32,0.03,0.93,0.00,0.03,0.92,0.26,0.0014,0.0182,     0,0,0,2.77,97.23,0.00,N/A,1.71,5.40,209.65,0.32,7.92,0.01,0.20,0.00,1.30,0.00,0.98,0.00,0.00,0.68,0.79,0.0001,0.0007,     0,0,0,0.18,99.82,0.00,N/A,0.49,0.38,209.65,1.30,32.54,0.00,0.06,0.04,1.71,0.03,1.00,0.00,0.00,0.96,0.92,0.0000,0.0005,     0,0,0,2.63,97.37,0.00,N/A,9.48,5.55,209.65,1.71,42.70,0.04,1.12,0.00,0.47,0.00,0.80,0.00,0.00,0.90,0.88,0.0002,0.0024,     0,0,0,0.03,99.97,0.00,N/A,0.02,0.05,209.65,0.47,11.83,0.00,0.00,0.00,0.43,0.00,1.00,0.00,0.00,0.88,0.75,0.0005,0.0052,     0,0,0,0.06,99.94,0.00,N/A,0.05,0.12,209.65,0.43,10.80,0.00,0.01,0.00,0.53,0.00,0.88,0.00,0.00,0.89,0.65,0.0007,0.0069,     0,0,0,0.08,99.92,0.00,N/A,0.08,0.15,209.65,0.53,13.17,0.00,0.01,0.00,0.63,0.00,0.93,0.00,0.00,0.55,0.80,0.0007,0.0022,     0,0,0,0.22,99.78,0.00,N/A,0.27,0.43,209.65,0.63,15.77,0.00,0.03,0.00,0.57,0.00,0.97,0.00,0.00,0.71,0.52,0.0017,0.0075,     0,0,0,0.15,99.85,0.00,N/A,0.18,0.31,209.65,0.57,14.36,0.00,0.02,0.01,0.32,0.02,0.84,0.00,0.03,0.96,0.27,0.0008,0.0213,     0,0,0,2.38,97.62,0.00,N/A,1.32,4.18,209.65,0.32,7.88,0.01,0.16,0.00,0.45,0.00,0.71,0.00,0.00,0.58,0.74,0.0018,0.0053,     0,0,0,0.08,99.92,0.00,N/A,0.06,0.13,209.65,0.45,11.17,0.00,0.01,0.00,0.34,0.00,0.57,0.00,0.00,0.88,0.90,0.0002,0.0020,     0,0,0,0.04,99.96,0.00,N/A,0.02,0.05,209.65,0.34,8.42,0.00,0.00,0.00,0.38,0.00,0.45,0.00,0.00,0.88,0.88,0.0002,0.0024,     0,0,0,0.06,99.94,0.00,N/A,0.02,0.06,209.65,0.38,9.41,0.00,0.00,0.00,0.50,0.00,0.57,0.00,0.00,0.80,0.69,0.0010,0.0063,     0,0,0,0.14,99.86,0.00,N/A,0.08,0.16,209.65,0.50,12.45,0.00,0.01,0.00,0.51,0.00,0.56,0.00,0.00,0.74,0.67,0.0015,0.0069,     0,0,0,0.15,99.85,0.00,N/A,0.09,0.17,209.65,0.51,12.67,0.00,0.01,0.00,0.43,0.00,0.72,0.00,0.00,0.79,0.69,0.0011,0.0061,     0,0,0,0.08,99.92,0.00,N/A,0.05,0.12,209.65,0.43,10.73,0.00,0.01,0.00,0.34,0.00,0.48,0.00,0.00,0.66,0.89,0.0005,0.0021,     0,0,0,0.06,99.94,0.00,N/A,0.02,0.06,209.65,0.34,8.47,0.00,0.00,
2024-03-21,21:06:53.193,0.00,0.72,0.00,0.89,0.00,0.07,0.93,0.51,0.0004,0.0056,0.00,0.00,-2147483648,0.00,0.00,12.00,16.65,210.26,0.72,18.01,0.00,0.09,0.34,0.15,1.08,0.55,99.45,0.00,100.00,0.00,0.00,0.00,0.00,-nan,0.08,0.01,0.88,0.01,1.00,0.00,0.04,0.91,0.59,0.0003,0.0036,     0,0,0,0.00,0.00,-2147483648,0.00,0.00,N/A,10.33,11.69,210.26,0.88,22.09,0.01,0.15,0.00,0.34,0.00,0.71,0.00,0.03,0.95,0.34,0.0009,0.0179,     0,0,0,0.00,0.00,-2147483648,0.00,0.00,N/A,1.67,4.97,210.26,0.34,8.40,0.00,0.02,0.07,0.08,  0%,  0%,0.10,0.09,  0%,  0%,0.13,0.22,  0%,  0%,0.38,0.35,  0%,  0%,0.70,99.30,0.00,100.00,0.00,0.00,0.41,99.59,0.00,100.00,0.00,0.00,0.00,0.00,0.00 ,0.00 ,-nan ,-nan ,0.08,0.08,0.01,0.30,0.03,1.00,0.00,0.03,0.92,0.27,0.0014,0.0185,     0,0,0,2.64,97.36,0.00,N/A,1.66,5.56,210.26,0.30,7.49,0.01,0.20,0.01,1.49,0.00,1.00,0.00,0.00,0.61,0.80,0.0001,0.0003,     0,0,0,0.43,99.57,0.00,N/A,1.36,0.91,210.26,1.49,37.19,0.01,0.16,0.03,1.72,0.02,1.00,0.00,0.00,0.98,0.94,0.0000,0.0003,     0,0,0,1.65,98.35,0.00,N/A,5.91,3.44,210.26,1.72,42.95,0.03,0.71,0.00,0.46,0.00,1.00,0.00,0.00,0.81,0.88,0.0003,0.0020,     0,0,0,0.02,99.98,0.00,N/A,0.02,0.04,210.26,0.46,11.53,0.00,0.00,0.00,0.53,0.00,1.00,0.00,0.00,0.89,0.71,0.0005,0.0061,     0,0,0,0.05,99.95,0.00,N/A,0.06,0.10,210.26,0.53,13.26,0.00,0.01,0.00,0.50,0.00,0.95,0.00,0.00,0.86,0.63,0.0008,0.0076,     0,0,0,0.09,99.91,0.00,N/A,0.09,0.17,210.26,0.50,12.61,0.00,0.01,0.00,0.71,0.00,1.00,0.00,0.00,0.57,0.90,0.0004,0.0010,     0,0,0,0.15,99.85,0.00,N/A,0.22,0.31,210.26,0.71,17.87,0.00,0.03,0.00,0.88,0.01,0.99,0.00,0.00,0.68,0.62,0.0004,0.0030,     0,0,0,0.54,99.46,0.00,N/A,1.01,1.14,210.26,0.88,22.09,0.00,0.12,0.01,0.32,0.02,0.74,0.00,0.03,0.96,0.27,0.0009,0.0209,     0,0,0,2.73,97.27,0.00,N/A,1.35,4.26,210.26,0.32,7.90,0.01,0.16,0.00,0.44,0.00,0.71,0.00,0.00,0.55,0.72,0.0021,0.0056,     0,0,0,0.08,99.92,0.00,N/A,0.05,0.12,210.26,0.44,11.06,0.00,0.01,0.00,0.32,0.00,0.44,0.00,0.00,0.70,0.90,0.0005,0.0019,     0,0,0,0.06,99.94,0.00,N/A,0.02,0.06,210.26,0.32,7.98,0.00,0.00,0.00,0.43,0.00,0.47,0.00,0.00,0.95,0.74,0.0002,0.0056,     0,0,0,0.06,99.94,0.00,N/A,0.03,0.06,210.26,0.43,10.77,0.00,0.00,0.00,0.51,0.00,0.54,0.00,0.00,0.81,0.70,0.0009,0.0059,     0,0,0,0.13,99.87,0.00,N/A,0.08,0.15,210.26,0.51,12.67,0.00,0.01,0.00,0.48,0.00,0.57,0.00,0.00,0.80,0.72,0.0010,0.0055,     0,0,0,0.13,99.87,0.00,N/A,0.07,0.15,210.26,0.48,11.93,0.00,0.01,0.00,0.46,0.00,0.69,0.00,0.00,0.82,0.74,0.0008,0.0050,     0,0,0,0.07,99.93,0.00,N/A,0.05,0.11,210.26,0.46,11.57,0.00,0.01,0.00,0.44,0.00,0.58,0.00,0.00,0.84,0.85,0.0003,0.0030,     0,0,0,0.05,99.95,0.00,N/A,0.03,0.06,210.26,0.44,10.96,0.00,0.00,
2024-03-21,21:06:53.293,0.00,0.65,0.00,0.88,0.00,0.06,0.94,0.48,0.0004,0.0068,0.00,0.00,-2147483648,0.00,0.00,9.58,14.78,211.61,0.65,16.20,0.00,0.07,0.34,0.54,0.80,0.49,99.51,0.00,100.00,0.00,0.00,0.00,0.00,-nan,0.07,0.00,0.82,0.01,1.00,0.00,0.03,0.92,0.56,0.0003,0.0044,     0,0,0,0.00,0.00,-2147483648,0.00,0.00,N/A,7.89,9.67,211.61,0.82,20.40,0.00,0.12,0.00,0.33,0.00,0.73,0.00,0.03,0.95,0.34,0.0009,0.0178,     0,0,0,0.00,0.00,-2147483648,0.00,0.00,N/A,1.69,5.11,211.61,0.33,8.26,0.00,0.02,0.11,0.08,  0%,  0%,0.11,0.05,  0%,  0%,0.13,0.24,  0%,  0%,0.24,0.19,  0%,  0%,0.57,99.43,0.00,100.00,0.00,0.00,0.42,99.58,0.00,100.00,0.00,0.00,0.00,0.00,0.00 ,0.00 ,-nan ,-nan ,0.08,0.07,0.01,0.31,0.03,1.00,0.00,0.03,0.94,0.27,0.0011,0.0185,     0,0,0,2.51,97.49,0.00,N/A,1.65,5.31,211.61,0.31,7.78,0.01,0.20,0.01,1.61,0.00,1.00,0.00,0.00,0.62,0.77,0.0001,0.0002,     0,0,0,0.37,99.63,0.00,N/A,1.25,0.78,211.61,1.61,40.21,0.01,0.15,0.01,1.66,0.01,1.00,0.00,0.00,0.88,0.95,0.0000,0.0003,     0,0,0,0.89,99.11,0.00,N/A,3.12,1.88,211.61,1.66,41.40,0.01,0.37,0.00,0.42,0.00,1.00,0.00,0.00,0.88,0.88,0.0002,0.0020,     0,0,0,0.02,99.98,0.00,N/A,0.02,0.04,211.61,0.42,10.49,0.00,0.00,0.00,0.50,0.00,0.90,0.00,0.00,0.87,0.75,0.0005,0.0051,     0,0,0,0.05,99.95,0.00,N/A,0.05,0.10,211.61,0.50,12.44,0.00,0.01,0.00,0.50,0.00,0.95,0.00,0.00,0.86,0.67,0.0007,0.0064,     0,0,0,0.08,99.92,0.00,N/A,0.08,0.16,211.61,0.50,12.60,0.00,0.01,0.00,0.74,0.00,1.00,0.00,0.00,0.66,0.91,0.0002,0.0008,     0,0,0,0.11,99.89,0.00,N/A,0.17,0.23,211.61,0.74,18.41,0.00,0.02,0.01,1.33,0.01,1.00,0.00,0.00,0.83,0.82,0.0002,0.0013,     0,0,0,0.55,99.45,0.00,N/A,1.55,1.16,211.61,1.33,33.34,0.01,0.18,0.01,0.31,0.02,0.74,0.00,0.03,0.96,0.27,0.0009,0.0211,     0,0,0,2.78,97.22,0.00,N/A,1.35,4.35,211.61,0.31,7.73,0.01,0.16,0.00,0.45,0.00,0.68,0.00,0.00,0.79,0.74,0.0009,0.0054,     0,0,0,0.08,99.92,0.00,N/A,0.06,0.12,211.61,0.45,11.30,0.00,0.01,0.00,0.45,0.00,0.45,0.00,0.00,0.30,0.88,0.0012,0.0022,     0,0,0,0.07,99.93,0.00,N/A,0.03,0.07,211.61,0.45,11.37,0.00,0.00,0.00,0.44,0.00,0.51,0.00,0.00,0.71,0.91,0.0003,0.0015,     0,0,0,0.05,99.95,0.00,N/A,0.03,0.06,211.61,0.44,10.96,0.00,0.00,0.00,0.45,0.00,0.76,0.00,0.00,0.84,0.69,0.0009,0.0059,     0,0,0,0.10,99.90,0.00,N/A,0.07,0.16,211.61,0.45,11.21,0.00,0.01,0.00,0.46,0.00,0.76,0.00,0.00,0.79,0.71,0.0011,0.0056,     0,0,0,0.10,99.90,0.00,N/A,0.08,0.17,211.61,0.46,11.58,0.00,0.01,0.00,0.47,0.00,0.67,0.00,0.00,0.77,0.72,0.0012,0.0059,     0,0,0,0.08,99.92,0.00,N/A,0.05,0.12,211.61,0.47,11.70,0.00,0.01,0.00,0.39,0.00,0.50,0.00,0.00,0.75,0.82,0.0004,0.0035,     0,0,0,0.06,99.94,0.00,N/A,0.02,0.06,211.61,0.39,9.84,0.00,0.00,
2024-03-21,21:06:53.394,0.00,0.53,0.00,0.89,0.00,0.06,0.94,0.37,0.0006,0.0091,0.00,0.00,-2147483648,0.00,0.00,6.95,13.18,210.13,0.53,13.18,0.00,0.05,0.69,0.52,1.23,0.44,99.56,0.00,100.00,0.00,0.00,0.00,0.00,-nan,0.08,0.00,0.63,0.00,1.00,0.00,0.03,0.92,0.40,0.0005,0.0063,     0,0,0,0.00,0.00,-2147483648,0.00,0.00,N/A,5.29,8.39,210.13,0.63,15.76,0.00,0.08,0.00,0.35,0.00,0.74,0.00,0.03,0.95,0.34,0.0008,0.0179,     0,0,0,0.00,0.00,-2147483648,0.00,0.00,N/A,1.66,4.79,210.13,0.35,8.68,0.00,0.02,0.27,0.29,  0%,  0%,0.09,0.03,  0%,  0%,0.56,0.30,  0,0.00,0.00,0.00,,  0%,  0%,0.50,99.50,0.00,100.00,0.00,0.00,0.38,99.62,0.00,100.00,0.00,0.00,0.00,0.00,0.00 ,0.00 ,-nan ,-nan ,0.08,0.08,0.01,0.30,0.03,1.00,0.00,0.03,0.93,0.27,0.0013,0.0186,     0,0,0,2.62,97.38,0.00,N/A,1.65,5.50,210.13,0.30,7.49,0.01,0.20,0.01,1.53,0.01,1.00,0.00,0.00,0.54,0.75,0.0001,0.0003,     0,0,0,0.79,99.21,0.00,N/A,2.53,1.66,210.13,1.53,38.15,0.01,0.30,0.00,1.31,0.00,0.99,0.00,0.00,0.86,0.92,0.0001,0.0006,     0,0,0,0.26,99.74,0.00,N/A,0.71,0.54,210.13,1.31,32.70,0.00,0.08,0.00,0.45,0.00,1.00,0.00,0.00,1.00,0.90,0.0000,0.0017,     0,0,0,0.02,99.98,0.00,N/A,0.02,0.04,210.13,0.45,11.35,0.00,0.00,0.00,0.55,0.00,1.00,0.00,0.00,0.85,0.74,0.0006,0.0052,     0,0,0,0.04,99.96,0.00,N/A,0.05,0.09,210.13,0.55,13.68,0.00,0.01,0.00,0.56,0.00,0.95,0.00,0.00,0.88,0.74,0.0005,0.0052,     0,0,0,0.07,99.93,0.00,N/A,0.08,0.14,210.13,0.56,14.08,0.00,0.01,0.00,0.69,0.00,1.00,0.00,0.00,0.57,0.92,0.0002,0.0007,     0,0,0,0.11,99.89,0.00,N/A,0.16,0.23,210.13,0.69,17.26,0.00,0.02,0.00,0.51,0.00,1.00,0.00,0.00,0.73,0.56,0.0014,0.0068,     0,0,0,0.09,99.91,0.00,N/A,0.09,0.19,210.13,0.51,12.76,0.00,0.01,0.01,0.33,0.02,0.76,0.00,0.03,0.96,0.27,0.0008,0.0212,     0,0,0,2.54,97.46,0.00,N/A,1.32,4.05,210.13,0.33,8.17,0.01,0.16,0.00,0.46,0.00,0.83,0.00,0.00,0.83,0.66,0.0009,0.0068,     0,0,0,0.10,99.90,0.00,N/A,0.08,0.18,210.13,0.46,11.55,0.00,0.01,0.00,0.35,0.00,0.44,0.00,0.00,0.77,0.90,0.0003,0.0017,     0,0,0,0.06,99.94,0.00,N/A,0.02,0.06,210.13,0.35,8.84,0.00,0.00,0.00,0.50,0.00,0.45,0.00,0.00,0.92,0.78,0.0003,0.0045,     0,0,0,0.08,99.92,0.00,N/A,0.04,0.07,210.13,0.50,12.42,0.00,0.00,0.00,0.49,0.00,0.73,0.00,0.00,0.87,0.74,0.0006,0.0053,     0,0,0,0.07,99.93,0.00,N/A,0.05,0.10,210.13,0.49,12.37,0.00,0.01,0.00,0.48,0.00,0.75,0.00,0.00,0.80,0.75,0.0009,0.0050,     0,0,0,0.07,99.93,0.00,N/A,0.05,0.11,210.13,0.48,11.90,0.00,0.01,0.00,0.49,0.00,0.82,0.00,0.00,0.83,0.69,0.0009,0.0060,     0,0,0,0.09,99.91,0.00,N/A,0.08,0.16,210.13,0.49,12.23,0.00,0.01,0.00,0.33,0.00,0.46,0.00,0.00,0.73,0.91,0.0003,0.0016,     0,0,0,0.06,99.94,0.00,N/A,0.02,0.06,210.13,0.33,8.33,0.00,0.00,
2024-03-21,21:06:53.493,0.00,0.81,0.00,0.90,0.00,0.07,0.94,0.53,0.0003,0.0050,0.00,0.00,-2147483648,0.00,0.00,13.42,16.55,210.06,0.81,20.28,0.00,0.10,0.84,0.51,2.57,0.54,99.46,0.00,100.00,0.00,0.00,0.00,0.00,-nan,0.10,0.01,0.99,0.01,1.00,0.00,0.04,0.93,0.63,0.0002,0.0031,     0,0,0,0.00,0.00,-2147483648,0.00,0.00,N/A,11.71,11.81,210.06,0.99,24.79,0.01,0.17,0.00,0.36,0.00,0.73,0.00,0.03,0.96,0.34,0.0008,0.0178,     0,0,0,0.00,0.00,-2147483648,0.00,0.00,N/A,1.71,4.74,210.06,0.36,9.04,0.00,0.03,0.27,0.43,  0%,  0%,0.10,0.04,  0%,  0%,0.76,0.78,  0%,  0%,0.24,0.78,  0%,  0%,0.70,99.30,0.00,100.00,0.00,0.00,0.39,99.61,0.00,100.00,0.00,0.00,0.00,0.00,0.00 ,0.00 ,-nan ,-nan ,0.10,0.10,0.01,0.32,0.02,1.00,0.00,0.03,0.95,0.26,0.0010,0.0201,     0,0,0,2.21,97.79,0.00,N/A,1.47,4.65,210.06,0.32,7.90,0.01,0.17,0.01,1.44,0.01,1.00,0.00,0.00,0.53,0.67,0.0001,0.0004,     0,0,0,0.85,99.15,0.00,N/A,2.57,1.78,210.06,1.44,36.05,0.01,0.31,0.03,1.72,0.02,1.00,0.00,0.00,0.98,0.96,0.0000,0.0003,     0,0,0,1.91,98.09,0.00,N/A,6.85,3.99,210.06,1.72,42.94,0.03,0.82,0.00,0.49,0.00,1.00,0.00,0.00,0.76,0.67,0.0010,0.0065,     0,0,0,0.10,99.90,0.00,N/A,0.11,0.22,210.06,0.49,12.21,0.00,0.01,0.00,0.51,0.00,1.00,0.00,0.00,0.89,0.74,0.0005,0.0052,     0,0,0,0.05,99.95,0.00,N/A,0.05,0.10,210.06,0.51,12.83,0.00,0.01,0.00,0.71,0.00,0.99,0.00,0.00,0.85,0.73,0.0005,0.0037,     0,0,0,0.20,99.80,0.00,N/A,0.29,0.42,210.06,0.71,17.67,0.00,0.03,0.00,0.58,0.00,1.00,0.00,0.00,0.88,0.77,0.0003,0.0030,     0,0,0,0.22,99.78,0.00,N/A,0.27,0.46,210.06,0.58,14.51,0.00,0.03,0.00,0.49,0.00,0.98,0.00,0.00,0.75,0.54,0.0015,0.0073,     0,0,0,0.09,99.91,0.00,N/A,0.10,0.19,210.06,0.49,12.34,0.00,0.01,0.01,0.34,0.02,0.74,0.00,0.03,0.96,0.26,0.0008,0.0217,     0,0,0,2.50,97.50,0.00,N/A,1.31,3.88,210.06,0.34,8.45,0.01,0.16,0.00,0.41,0.00,0.52,0.00,0.00,0.82,0.80,0.0003,0.0040,     0,0,0,0.05,99.95,0.00,N/A,0.02,0.06,210.06,0.41,10.19,0.00,0.00,0.00,0.37,0.00,0.54,0.00,0.00,0.95,0.94,0.0001,0.0012,     0,0,0,0.04,99.96,0.00,N/A,0.02,0.05,210.06,0.37,9.23,0.00,0.00,0.00,0.53,0.00,0.76,0.00,0.00,0.86,0.65,0.0008,0.0062,     0,0,0,0.14,99.86,0.00,N/A,0.12,0.23,210.06,0.53,13.16,0.00,0.01,0.00,0.49,0.00,0.78,0.00,0.00,0.82,0.71,0.0009,0.0056,     0,0,0,0.13,99.87,0.00,N/A,0.10,0.21,210.06,0.49,12.25,0.00,0.01,0.00,0.48,0.00,0.79,0.00,0.00,0.83,0.68,0.0010,0.0059,     0,0,0,0.13,99.87,0.00,N/A,0.10,0.21,210.06,0.48,11.99,0.00,0.01,0.00,0.36,0.00,0.54,0.00,0.00,0.76,0.89,0.0004,0.0024,     0,0,0,0.05,99.95,0.00,N/A,0.02,0.06,210.06,0.36,9.03,0.00,0.00,0.00,0.36,0.00,0.54,0.00,0.00,0.72,0.90,0.0004,0.0018,     0,0,0,0.05,99.95,0.00,N/A,0.02,0.05,210.06,0.36,9.03,0.00,0.00,
2024-03-21,21:06:53.593,0.00,0.90,0.00,0.85,0.00,0.07,0.94,0.60,0.0002,0.0044,0.00,0.00,-2147483648,0.00,0.00,15.05,16.64,210.17,0.90,22.60,0.00,0.11,0.37,0.22,1.29,0.58,99.42,0.00,100.00,0.00,0.00,0.00,0.00,-nan,0.09,0.01,1.12,0.01,0.92,0.00,0.04,0.94,0.70,0.0002,0.0027,     0,0,0,0.00,0.00,-2147483648,0.00,0.00,N/A,13.32,11.91,210.17,1.12,27.96,0.01,0.20,0.00,0.36,0.00,0.71,0.00,0.03,0.95,0.34,0.0009,0.0179,     0,0,0,0.00,0.00,-2147483648,0.00,0.00,N/A,1.73,4.73,210.17,0.36,9.11,0.00,0.03,0.06,0.17,  0%,  0%,0.10,0.03,  0%,  0%,0.28,0.57,  0%,  0%,0.27,0.18,  0%,  0%,0.77,99.23,0.00,100.00,0.00,0.00,0.40,99.60,0.00,100.00,0.00,0.00,0.00,0.00,0.00 ,0.00 ,-nan ,-nan ,0.09,0.09,0.01,0.34,0.02,0.83,0.00,0.03,0.95,0.27,0.0011,0.0205,     0,0,0,2.42,97.58,0.00,N/A,1.44,4.24,210.17,0.34,8.48,0.01,0.17,0.00,0.47,0.00,0.85,0.00,0.00,0.78,0.63,0.0009,0.0071,     0,0,0,0.08,99.92,0.00,N/A,0.07,0.14,210.17,0.47,11.64,0.00,0.01,0.05,1.73,0.03,1.00,0.00,0.00,0.97,0.96,0.0000,0.0003,     0,0,0,3.04,96.96,0.00,N/A,11.08,6.40,210.17,1.73,43.30,0.05,1.32,0.00,0.48,0.00,0.84,0.00,0.00,0.83,0.72,0.0005,0.0054,     0,0,0,0.06,99.94,0.00,N/A,0.05,0.10,210.17,0.48,12.11,0.00,0.01,0.00,0.55,0.00,0.96,0.00,0.00,0.91,0.67,0.0005,0.0067,     0,0,0,0.10,99.90,0.00,N/A,0.11,0.20,210.17,0.55,13.70,0.00,0.01,0.00,0.82,0.00,0.97,0.00,0.00,0.82,0.79,0.0004,0.0028,     0,0,0,0.16,99.84,0.00,N/A,0.27,0.33,210.17,0.82,20.46,0.00,0.03,0.00,0.65,0.00,0.85,0.00,0.00,0.77,0.82,0.0003,0.0018,     0,0,0,0.19,99.81,0.00,N/A,0.22,0.34,210.17,0.65,16.18,0.00,0.03,0.00,0.59,0.00,0.95,0.00,0.00,0.78,0.59,0.0010,0.0062,     0,0,0,0.08,99.92,0.00,N/A,0.10,0.17,210.17,0.59,14.65,0.00,0.01,0.01,0.34,0.02,0.73,0.00,0.03,0.96,0.27,0.0008,0.0212,     0,0,0,2.56,97.44,0.00,N/A,1.35,3.92,210.17,0.34,8.61,0.01,0.16,0.00,0.39,0.00,0.73,0.00,0.00,0.41,0.67,0.0029,0.0063,     0,0,0,0.12,99.88,0.00,N/A,0.07,0.18,210.17,0.39,9.64,0.00,0.01,0.00,0.39,0.00,0.54,0.00,0.00,1.00,0.91,0.0000,0.0016,     0,0,0,0.04,99.96,0.00,N/A,0.02,0.05,210.17,0.39,9.75,0.00,0.00,0.00,0.45,0.00,0.67,0.00,0.00,0.83,0.72,0.0008,0.0053,     0,0,0,0.07,99.93,0.00,N/A,0.05,0.10,210.17,0.45,11.36,0.00,0.01,0.00,0.55,0.00,0.57,0.00,0.00,0.85,0.69,0.0008,0.0064,     0,0,0,0.13,99.87,0.00,N/A,0.09,0.16,210.17,0.55,13.69,0.00,0.01,0.00,0.52,0.00,0.58,0.00,0.00,0.84,0.67,0.0010,0.0064,     0,0,0,0.13,99.87,0.00,N/A,0.08,0.16,210.17,0.52,12.88,0.00,0.01,0.00,0.45,0.00,0.65,0.00,0.00,0.83,0.73,0.0008,0.0053,     0,0,0,0.08,99.92,0.00,N/A,0.05,0.11,210.17,0.45,11.25,0.00,0.01,0.00,0.42,0.00,0.52,0.00,0.00,0.99,0.81,0.0000,0.0040,     0,0,0,0.05,99.95,0.00,N/A,0.02,0.06,210.17,0.42,10.46,0.00,0.00,
2024-03-21,21:06:53.694,0.01,0.92,0.01,0.98,0.01,0.08,0.87,0.66,0.0004,0.0032,0.00,0.00,-2147483648,0.00,0.00,25.58,27.93,209.80,0.92,22.90,0.01,0.19,0.48,0.09,2.90,0.85,99.15,0.00,100.00,0.00,0.00,0.00,0.00,-nan,0.08,0.01,1.00,0.01,0.99,0.00,0.04,0.88,0.65,0.0003,0.0029,     0,0,0,0.00,0.00,-2147483648,0.00,0.00,N/A,14.26,14.28,209.80,1.00,24.96,0.01,0.21,0.01,0.83,0.01,0.97,0.01,0.04,0.86,0.66,0.0005,0.0037,     0,0,0,0.00,0.00,-2147483648,0.00,0.00,N/A,11.33,13.65,209.80,0.83,20.75,0.01,0.17,0.22,0.13,  0%,  0%,0.09,0.04,  0%,  0%,1.20,1.27,  1%,  1%,0.25,0.18,  0%,  0%,0.86,99.14,0.00,100.00,0.00,0.00,0.84,99.16,0.00,100.00,0.00,0.00,0.00,0.00,0.00 ,0.00 ,-nan ,-nan ,0.08,0.08,0.01,0.31,0.02,1.00,0.00,0.03,0.93,0.27,0.0013,0.0197,     0,0,0,2.31,97.69,0.00,N/A,1.51,4.83,2,0.00,N/A,0.02,,0.01,0.18,0.00,0.30,0.00,0.97,0.00,0.00,0.53,0.68,0.0013,0.0045,     0,0,0,0.11,99.89,0.00,N/A,0.07,0.23,209.80,0.30,7.52,0.00,0.01,0.05,1.66,0.03,1.00,0.00,0.00,0.82,0.91,0.0001,0.0005,     0,0,0,3.01,96.99,0.00,N/A,10.47,6.32,209.80,1.66,41.42,0.05,1.25,0.01,0.87,0.01,1.00,0.00,0.00,0.61,0.74,0.0006,0.0019,     0,0,0,0.83,99.17,0.00,N/A,1.51,1.74,209.80,0.87,21.78,0.01,0.18,0.00,0.46,0.00,0.84,0.00,0.00,0.75,0.61,0.0014,0.0075,     0,0,0,0.16,99.84,0.00,N/A,0.13,0.28,209.80,0.46,11.51,0.00,0.02,0.00,0.75,0.00,1.00,0.00,0.00,0.76,0.74,0.0007,0.0034,     0,0,0,0.16,99.84,0.00,N/A,0.25,0.34,209.80,0.75,18.70,0.00,0.03,0.00,0.63,0.00,0.94,0.00,0.00,0.71,0.81,0.0005,0.0020,     0,0,0,0.17,99.83,0.00,N/A,0.21,0.33,209.80,0.63,15.80,0.00,0.02,0.00,0.49,0.00,0.98,0.00,0.00,0.57,0.55,0.0021,0.0072,     0,0,0,0.11,99.89,0.00,N/A,0.11,0.22,209.80,0.49,12.21,0.00,0.01,0.01,0.30,0.02,0.95,0.00,0.03,0.95,0.27,0.0011,0.0205,     0,0,0,2.35,97.65,0.00,N/A,1.41,4.66,209.80,0.30,7.57,0.01,0.17,0.02,1.22,0.02,1.00,0.00,0.01,0.61,0.88,0.0004,0.0010,     0,0,0,2.01,97.99,0.00,N/A,5.21,4.26,209.80,1.22,30.58,0.02,0.61,0.00,0.44,0.00,0.66,0.00,0.00,0.70,0.84,0.0004,0.0035,     0,0,0,0.04,99.96,0.00,N/A,0.02,0.05,209.80,0.44,10.94,0.00,0.00,0.00,0.46,0.00,0.84,0.00,0.00,0.79,0.64,0.0012,0.0077,     0,0,0,0.08,99.92,0.00,N/A,0.06,0.14,209.80,0.46,11.46,0.00,0.01,0.00,0.41,0.00,0.89,0.00,0.00,0.68,0.68,0.0016,0.0066,     0,0,0,0.07,99.93,0.00,N/A,0.05,0.13,209.80,0.41,10.17,0.00,0.01,0.00,1.11,0.00,0.97,0.00,0.00,0.84,0.87,0.0002,0.0015,     0,0,0,0.29,99.71,0.00,N/A,0.65,0.59,209.80,1.11,27.78,0.00,0.08,0.02,1.03,0.02,1.00,0.00,0.01,0.58,0.81,0.0005,0.0015,     0,0,0,1.80,98.20,0.00,N/A,3.89,3.77,209.80,1.03,25.81,0.02,0.46,0.00,0.40,0.00,0.62,0.00,0.00,0.67,0.89,0.0005,0.0019,     0,0,0,0.04,99.96,0.00,N/A,0.02,0.05,209.80,0.40,10.11,0.00,0.00,
2024-03-21,21:06:53.793,0.01,0.80,0.01,0.97,0.01,0.07,0.90,0.57,0.0004,0.0039,0.00,0.00,-2147483648,0.00,0.00,17.86,22.36,210.07,0.80,19.96,0.01,0.13,1.34,0.42,2.47,0.69,99.31,0.00,100.00,0.00,0.00,0.00,0.00,-nan,0.08,0.01,0.94,0.01,1.00,0.00,0.04,0.89,0.65,0.0003,0.0028,     0,0,0,0.00,0.00,-2147483648,0.00,0.00,N/A,13.68,14.50,210.07,0.94,23.58,0.01,0.20,0.00,0.53,0.00,0.92,0.00,0.03,0.92,0.40,0.0006,0.0076,     0,0,0,0.00,0.00,-2147483648,0.00,0.00,N/A,4.18,7.86,210.07,0.53,13.29,0.00,0.06,0.08,0.10,  0%,  0%,0.65,0.51,  0%,  0%,0.18,0.23,  0%,  0%,1.01,1.06,  0%,  0%,0.87,99.13,0.00,100.00,0.00,0.00,0.51,99.49,0.00,100.00,0.00,0.00,0.00,0.00,0.00 ,0.00 ,-nan ,-nan ,0.08,0.08,0.01,0.30,0.02,1.00,0.00,0.03,0.94,0.27,0.0012,0.0198,     0,0,0,2.38,97.62,0.00,N/A,1.49,5.01,210.07,0.30,7.45,0.01,0.18,0.01,1.05,0.01,1.00,0.00,0.00,0.42,0.70,0.0002,0.0005,     0,0,0,0.64,99.36,0.00,N/A,1.40,1.34,210.07,1.05,26.27,0.01,0.17,0.02,1.64,0.01,1.00,0.00,0.00,0.91,0.93,0.0000,0.0004,     0,0,0,1.49,98.51,0.00,N/A,5.12,3.11,210.07,1.64,41.11,0.02,0.61,0.01,1.03,0.01,1.00,0.00,0.00,0.64,0.77,0.0003,0.0009,     0,0,0,1.00,99.00,0.00,N/A,2.16,2.11,210.07,1.03,25.70,0.01,0.26,0.00,0.46,0.00,1.00,0.00,0.00,0.66,0.63,0.0020,0.0074,     0,0,0,0.10,99.90,0.00,N/A,0.10,0.22,210.07,0.46,11.55,0.00,0.01,0.00,0.66,0.00,0.95,0.00,0.00,0.61,0.74,0.0012,0.0039,     0,0,0,0.23,99.77,0.00,N/A,0.31,0.46,210.07,0.66,16.52,0.00,0.04,0.00,0.58,0.00,1.00,0.00,0.00,0.61,0.82,0.0006,0.0019,     0,0,0,0.18,99.82,0.00,N/A,0.22,0.38,210.07,0.58,14.50,0.00,0.03,0.01,1.53,0.01,0.99,0.00,0.00,0.73,0.92,0.0001,0.0006,     0,0,0,0.90,99.10,0.00,N/A,2.86,1.87,210.07,1.53,38.36,0.01,0.34,0.01,0.29,0.02,0.95,0.00,0.03,0.95,0.27,0.0010,0.0208,     0,0,0,2.37,97.63,0.00,N/A,1.37,4.74,210.07,0.29,7.22,0.01,0.16,0.00,0.41,0.00,0.70,0.00,0.00,0.40,0.72,0.0025,0.0062,     0,0,0,0.09,99.91,0.00,N/A,0.05,0.13,210.07,0.41,10.23,0.00,0.01,0.00,0.48,0.00,0.66,0.00,0.00,0.60,0.84,0.0004,0.0018,     0,0,0,0.09,99.91,0.00,N/A,0.06,0.13,210.07,0.48,11.91,0.00,0.01,0.00,0.40,0.00,0.83,0.00,0.00,0.59,0.73,0.0014,0.0037,     0,0,0,0.11,99.89,0.00,N/A,0.08,0.19,210.07,0.40,10.01,0.00,0.01,0.00,0.47,0.00,0.59,0.00,0.00,0.65,0.67,0.0020,0.0067,     0,0,0,0.14,99.86,0.00,N/A,0.08,0.17,210.07,0.47,11.86,0.00,0.01,0.00,0.55,0.00,0.65,0.00,0.00,0.59,0.59,0.0023,0.0062,     0,0,0,0.17,99.83,0.00,N/A,0.13,0.23,210.07,0.55,13.75,0.00,0.02,0.01,1.09,0.01,0.97,0.00,0.00,0.61,0.86,0.0001,0.0004,     0,0,0,1.06,98.94,0.00,N/A,2.37,2.18,210.07,1.09,27.28,0.01,0.28,0.00,0.40,0.00,0.77,0.00,0.00,0.73,0.68,0.0014,0.0068,     0,0,0,0.06,99.94,0.00,N/A,0.04,0.09,210.07,0.40,10.02,0.00,0.00,
2024-03-21,21:06:53.893,0.00,0.76,0.01,0.91,0.00,0.07,0.92,0.59,0.0004,0.0048,0.00,0.00,-2147483648,0.00,0.00,13.77,18.17,209.97,0.76,18.95,0.00,0.10,0.49,0.51,1.59,0.60,99.40,0.00,100.00,0.00,0.00,0.00,0.00,-nan,0.08,0.01,0.95,0.01,0.96,0.00,0.03,0.92,0.65,0.0002,0.0032,     0,0,0,0.00,0.00,-2147483648,0.00,0.00,N/A,10.83,11.35,209.97,0.95,23.84,0.01,0.16,0.00,0.43,0.00,0.82,0.00,0.03,0.92,0.49,0.0008,0.0107,     0,0,0,0.00,0.00,-2147483648,0.00,0.00,N/A,2.94,6.81,209.97,0.43,10.79,0.00,0.04,0.08,0.08,  0%,  0%,0.20,0.13,  0%,  0%,0.13,0.28,  0%,  0%,0.72,0.46,  0%,  0%,0.70,99.30,0.00,100.00,0.00,0.00,0.49,99.51,0.00,100.00,0.00,0.00,0.00,0.00,0.00 ,0.00 ,-nan ,-nan ,0.08,0.08,0.01,0.31,0.02,0.92,0.00,0.03,0.95,0.26,0.0011,0.0199,     0,0,0,2.42,97.58,0.00,N/A,1.47,4.70,209.97,0.31,7.81,0.01,0.17,0.01,1.61,0.00,0.99,0.00,0.00,0.80,0.93,0.0001,0.0003,     0,0,0,0.46,99.54,0.00,N/A,1.53,0.95,209.97,1.61,40.18,0.01,0.18,0.03,1.69,0.02,1.00,0.00,0.00,0.96,0.95,0.0000,0.0003,     0,0,0,1.63,98.37,0.00,N/A,5.78,3.41,209.97,1.69,42.31,0.03,0.69,0.01,1.47,0.00,0.99,0.00,0.00,0.74,0.94,0.0001,0.0004,     0,0,0,0.37,99.63,0.00,N/A,1.13,0.77,209.97,1.47,36.74,0.01,0.13,0.00,0.38,0.00,1.00,0.00,0.00,0.61,0.70,0.0019,0.0059,     0,0,0,0.08,99.92,0.00,N/A,0.06,0.17,209.97,0.38,9.50,0.00,0.01,0.00,0.66,0.00,1.00,0.00,0.00,0.60,0.77,0.0005,0.0020,     0,0,0,0.38,99.62,0.00,N/A,0.52,0.79,209.97,0.66,16.50,0.00,0.06,0.00,0.63,0.00,0.93,0.00,0.00,0.65,0.81,0.0006,0.0023,     0,0,0,0.19,99.81,0.00,N/A,0.23,0.37,209.97,0.63,15.64,0.00,0.03,0.00,0.55,0.00,0.98,0.00,0.00,0.55,0.60,0.0022,0.0069,     0,0,0,0.09,99.91,0.00,N/A,0.10,0.18,209.97,0.55,13.78,0.00,0.01,0.01,0.32,0.02,0.78,0.00,0.03,0.96,0.27,0.0009,0.0210,     0,0,0,2.53,97.47,0.00,N/A,1.34,4.16,209.97,0.32,8.05,0.01,0.16,0.00,0.43,0.00,0.80,0.00,0.00,0.51,0.73,0.0022,0.0053,     0,0,0,0.08,99.92,0.00,N/A,0.06,0.13,209.97,0.43,10.66,0.00,0.01,0.00,0.41,0.00,0.52,0.00,0.00,0.59,0.77,0.0015,0.0042,     0,0,0,0.06,99.94,0.00,N/A,0.03,0.06,209.97,0.41,10.25,0.00,0.00,0.00,0.41,0.00,0.50,0.00,0.00,0.68,0.75,0.0016,0.0053,     0,0,0,0.07,99.93,0.00,N/A,0.03,0.07,209.97,0.41,10.21,0.00,0.00,0.00,0.51,0.00,0.95,0.00,0.00,0.72,0.64,0.0005,0.0027,     0,0,0,0.28,99.72,0.00,N/A,0.29,0.56,209.97,0.51,12.83,0.00,0.03,0.00,0.45,0.00,0.88,0.00,0.00,0.66,0.64,0.0020,0.0068,     0,0,0,0.12,99.88,0.00,N/A,0.10,0.21,209.97,0.45,11.31,0.00,0.01,0.01,0.70,0.01,0.98,0.00,0.00,0.43,0.93,0.0006,0.0011,     0,0,0,0.76,99.24,0.00,N/A,1.09,1.56,209.97,0.70,17.47,0.01,0.13,0.00,0.34,0.00,0.60,0.00,0.00,0.67,0.91,0.0004,0.0016,     0,0,0,0.05,99.95,0.00,N/A,0.02,0.06,209.97,0.34,8.46,0.00,0.00,
2024-03-21,21:06:53.993,0.00,0.81,0.01,0.90,0.00,0.07,0.94,0.55,0.0003,0.0048,0.00,0.00,-2147483648,0.00,0.00,13.89,17.11,209.95,0.81,20.29,0.00,0.10,0.35,0.33,0.87,0.57,99.43,0.00,100.00,0.00,0.00,0.00,0.00,-nan,0.08,0.01,1.00,0.01,0.97,0.00,0.04,0.93,0.64,0.0002,0.0030,     0,0,0,0.00,0.00,-2147483648,0.00,0.00,N/A,12.22,12.19,209.95,1.00,25.06,0.01,0.18,0.00,0.34,0.00,0.76,0.00,0.03,0.95,0.35,0.0008,0.0176,     0,0,0,0.00,0.00,-2147483648,0.00,0.00,N/A,1.67,4.92,209.95,0.34,8.49,0.00,0.02,0.06,0.08,  0%,  0%,0.16,0.04,  0%,  0%,0.13,0.25,  0%,  0%,0.28,0.20,  0%,  0%,0.75,99.25,0.00,100.00,0.00,0.00,0.39,99.61,0.00,100.00,0.00,0.00,0.00,0.00,0.00 ,0.00 ,-nan ,-nan ,0.08,0.08,0.01,0.30,0.02,0.95,0.00,0.03,0.95,0.25,0.0011,0.0202,     0,0,0,2.54,97.46,0.00,N/A,1.51,5.10,209.95,0.30,7.39,0.01,0.18,0.01,1.47,0.01,0.98,0.00,0.00,0.60,0.73,0.0001,0.0004,     0,0,0,0.53,99.47,0.00,N/A,1.61,1.09,209.95,1.47,36.83,0.01,0.19,0.04,1.69,0.02,1.00,0.00,0.00,0.96,0.94,0.0000,0.0004,     0,0,0,2.36,97.64,0.00,99.98,0.00,N/A209.95,1.69,42.33,0.04,1.00,0.00,0.50,0.00,0.91,0.00,0.00,0.78,0.70,0.0009,0.0060,     0,0,0,0.05,99.95,0.00,N/A,0.05,0.10,209.95,0.50,12.59,0.00,0.01,0.00,0.47,0.00,0.73,0.00,0.00,0.88,0.92,0.0002,0.0015,     0,0,0,0.03,99.97,0.00,N/A,0.02,0.05,209.95,0.47,11.69,0.00,0.00,0.00,0.79,0.00,1.00,0.00,0.00,0.80,0.78,0.0005,0.0031,     0,0,0,0.17,99.83,0.00,N/A,0.28,0.35,209.95,0.79,19.74,0.00,0.03,0.00,0.68,0.00,0.92,0.00,0.00,0.66,0.82,0.0006,0.0021,     0,0,0,0.18,99.82,0.00,N/A,0.24,0.36,209.95,0.68,16.91,0.00,0.03,0.00,0.52,0.00,0.94,0.00,0.00,0.55,0.61,0.0020,0.0060,     0,0,0,0.09,99.91,0.00,N/A,0.09,0.18,209.95,0.52,13.07,0.00,0.01,0.01,0.32,0.02,0.78,0.00,0.03,0.96,0.28,0.0008,0.0210,     0,0,0,2.54,97.46,0.00,N/A,1.31,4.13,209.95,0.32,7.90,0.01,0.16,0.00,0.44,0.00,0.65,0.00,0.00,0.76,0.72,0.0009,0.0057,     0,0,0,0.09,99.91,0.00,N/A,0.05,0.12,209.95,0.44,11.12,0.00,0.01,0.00,0.39,0.00,0.56,0.00,0.00,0.84,0.91,0.0002,0.0016,     0,0,0,0.04,99.96,0.00,N/A,0.02,0.05,209.95,0.39,9.72,0.00,0.00,0.00,0.46,0.00,0.64,0.00,0.00,0.86,0.74,0.0006,0.0050,     0,0,0,0.08,99.92,0.00,N/A,0.05,0.11,209.95,0.46,11.38,0.00,0.01,0.00,0.51,0.00,0.82,0.00,0.00,0.80,0.71,0.0010,0.0060,     0,0,0,0.10,99.90,0.00,N/A,0.08,0.16,209.95,0.51,12.83,0.00,0.01,0.00,0.47,0.00,0.81,0.00,0.00,0.80,0.67,0.0012,0.0064,     0,0,0,0.10,99.90,0.00,N/A,0.08,0.17,209.95,0.47,11.83,0.00,0.01,0.00,0.47,0.00,0.66,0.00,0.00,0.84,0.72,0.0007,0.0061,     0,0,0,0.08,99.92,0.00,N/A,0.05,0.12,209.95,0.47,11.81,0.00,0.01,0.00,0.38,0.00,0.45,0.00,0.00,0.86,0.87,0.0003,0.0022,     0,0,0,0.07,99.93,0.00,N/A,0.02,0.06,209.95,0.38,9.38,0.00,0.00,
2024-03-21,21:06:54.094,0.00,0.70,0.00,0.89,0.00,0.06,0.94,0.49,0.0004,0.0062,0.00,0.00,-2147483648,0.00,0.00,10.36,14.88,210.01,0.70,17.41,0.00,0.08,0.61,0.44,1.67,0.49,99.51,0.00,100.00,0.00,0.00,0.00,0.00,-nan,0.10,0.01,0.86,0.01,0.98,0.00,0.03,0.93,0.57,0.0003,0.0040,     0,0,0,0.00,0.00,-2147483648,0.00,0.00,N/A,8.74,10.17,210.01,0.86,21.48,0.01,0.13,0.00,0.34,0.00,0.75,0.00,0.03,0.95,0.35,0.0008,0.0178,     0,0,0,0.00,0.00,-2147483648,0.00,0.00,N/A,1.62,4.71,210.01,0.34,8.62,0.00,0.02,0.06,0.07,  0%,  0%,0.32,0.16,  0%,  0%,0.13,0.27,  0%,  0%,0.78,0.49,  0%,  0%,0.62,99.38,0.00,100.00,0.00,0.00,0.37,99.63,0.00,100.00,0.00,0.00,0.00,0.00,0.00 ,0.00 ,-nan ,-nan ,0.10,0.10,0.01,0.32,0.02,1.00,0.00,0.03,0.95,0.26,0.0010,0.0202,     0,0,0,2.17,97.83,0.00,N/A,1.45,4.55,210.01,0.32,7.98,0.01,0.17,0.01,1.40,0.01,0.99,0.00,0.00,0.53,0.67,0.0001,0.0004,     0,0,0,0.75,99.25,0.00,N/A,2.18,1.56,210.01,1.40,35.07,0.01,0.26,0.02,1.67,0.01,0.97,0.00,0.00,0.97,0.94,0.0000,0.0003,     0,0,0,1.19,98.81,0.00,N/A,4.08,2.44,210.01,1.67,41.72,0.02,0.48,0.00,0.47,0.00,0.91,0.00,0.00,0.71,0.69,0.0011,0.0053,     0,0,0,0.08,99.92,0.00,N/A,0.07,0.15,210.01,0.47,11.83,0.00,0.01,0.00,0.43,0.00,0.74,0.00,0.00,0.93,0.93,0.0001,0.0013,     0,0,0,0.03,99.97,0.00,N/A,0.02,0.05,210.01,0.43,10.81,0.00,0.00,0.00,0.80,0.00,1.00,0.00,0.00,0.81,0.80,0.0004,0.0025,     0,0,0,0.31,99.69,0.00,N/A,0.52,0.66,210.01,0.80,19.94,0.00,0.06,0.00,0.56,0.00,0.93,0.00,0.00,0.64,0.76,0.0007,0.0030,     0,0,0,0.28,99.72,0.00,N/A,0.30,0.54,210.01,0.56,13.91,0.00,0.04,0.00,0.48,0.00,0.96,0.00,0.00,0.62,0.60,0.0019,0.0065,     0,0,0,0.11,99.89,0.00,N/A,0.11,0.22,210.01,0.48,11.96,0.00,0.01,0.01,0.32,0.02,0.79,0.00,0.03,0.97,0.27,0.0007,0.0213,     0,0,0,2.41,97.59,0.00,N/A,1.29,3.98,210.01,0.32,8.10,0.01,0.15,0.00,0.50,0.00,0.45,0.00,0.00,0.61,0.75,0.0016,0.0051,     0,0,0,0.11,99.89,0.00,N/A,0.05,0.10,210.01,0.50,12.48,0.00,0.01,0.00,0.45,0.00,0.69,0.00,0.00,0.67,0.85,0.0004,0.0030,     0,0,0,0.04,99.96,0.00,N/A,0.02,0.05,210.01,0.45,11.33,0.00,0.00,0.00,0.45,0.00,0.64,0.00,0.00,0.72,0.72,0.0011,0.0053,     0,0,0,0.09,99.91,0.00,N/A,0.05,0.12,210.01,0.45,11.27,0.00,0.01,0.00,0.48,0.00,0.68,0.00,0.00,0.78,0.76,0.0010,0.0047,     0,0,0,0.11,99.89,0.00,N/A,0.07,0.15,210.01,0.48,12.03,0.00,0.01,0.00,0.47,0.00,0.69,0.00,0.00,0.82,0.72,0.0009,0.0054,     0,0,0,0.11,99.89,0.00,N/A,0.07,0.16,210.01,0.47,11.67,0.00,0.01,0.00,0.45,0.00,0.46,0.00,0.00,0.71,0.79,0.0011,0.0042,     0,0,0,0.10,99.90,0.00,N/A,0.04,0.10,210.01,0.45,11.21,0.00,0.01,0.00,0.35,0.00,0.68,0.00,0.00,0.72,0.88,0.0005,0.0020,     0,0,0,0.04,99.96,0.00,N/A,0.02,0.05,210.01,0.35,8.74,0.00,0.00,
2024-03-21,21:06:54.194,0.00,0.64,0.00,0.90,0.00,0.06,0.95,0.44,0.0004,0.0076,0.00,0.00,-2147483648,0.00,0.00,8.40,13.10,210.21,0.64,16.04,0.00,0.06,0.58,0.40,1.92,0.44,99.56,0.00,100.00,0.00,0.00,0.00,0.00,-nan,0.07,0.00,0.80,0.00,1.00,0.00,0.03,0.94,0.50,0.0003,0.0050,     0,0,0,0.00,0.00,-2147483648,0.00,0.00,N/A,6.73,8.40,210.21,0.80,20.04,0.00,0.10,0.00,0.36,0.00,0.76,0.00,0.03,0.96,0.34,0.0008,0.0178,     0,0,0,0.00,0.00,-2147483648,0.00,0.00,N/A,1.67,4.70,210.21,0.36,8.88,0.00,0.02,0.11,0.08,  0%,  0%,0.22,0.18,  0%,  0%,0.13,0.29,  0%,  0%,0.78,0.72,  0%,  0%,0.50,99.50,0.00,100.00,0.00,0.00,0.37,99.63,0.00,100.00,0.00,0.00,0.00,0.00,0.00 ,0.00 ,-nan ,-nan ,0.08,0.07,0.01,0.32,0.02,1.00,0.00,0.03,0.96,0.26,0.0008,0.0210,     0,0,0,2.03,97.97,0.00,N/A,1.36,4.27,210.21,0.32,7.99,0.01,0.16,0.02,1.50,0.01,1.00,0.00,0.00,0.80,0.79,0.0001,0.0006,     0,0,0,1.08,98.92,0.00,N/A,3.42,2.28,210.21,1.50,37.59,0.02,0.41,0.01,1.51,0.00,0.99,0.00,0.00,0.93,0.92,0.0000,0.0005,     0,0,0,0.46,99.54,0.00,N/A,1.44,0.96,210.21,1.51,37.72,0.01,0.17,0.00,0.52,0.00,1.00,0.00,0.00,0.74,0.67,0.0013,0.0067,     0,0,0,0.07,99.93,0.00,N/A,0.07,0.14,210.21,0.52,12.99,0.00,0.01,0.00,0.33,0.00,1.00,0.00,0.00,0.97,0.93,0.0000,0.0015,     0,0,0,0.03,99.97,0.00,N/A,0.02,0.06,210.21,0.33,8.27,0.00,0.00,0.00,0.53,0.00,0.95,0.00,0.00,0.87,0.67,0.0007,0.0067,     0,0,0,0.08,99.92,0.00,N/A,0.08,0.16,210.21,0.53,13.25,0.00,0.01,0.00,0.64,0.00,1.00,0.00,0.00,0.81,0.79,0.0004,0.0029,     0,0,0,0.16,99.84,0.00,N/A,0.22,0.34,210.21,0.64,15.95,0.00,0.03,0.00,0.55,0.00,0.98,0.00,0.00,0.74,0.59,0.0014,0.0067,     0,0,0,0.09,99.91,0.00,N/A,0.10,0.19,210.21,0.55,13.63,0.00,0.01,0.01,0.33,0.02,0.79,0.00,0.03,0.97,0.27,0.0007,0.0216,     0,0,0,2.33,97.67,0.00,N/A,1.28,3.89,210.21,0.33,8.24,0.01,0.15,0.00,0.49,0.00,0.47,0.00,0.00,0.67,0.73,0.0013,0.0051,     0,0,0,0.11,99.89,0.00,N/A,0.05,0.10,210.21,0.49,12.36,0.00,0.01,0.00,0.36,0.00,0.50,0.00,0.00,0.79,0.90,0.0003,0.0018,     0,0,0,0.05,99.95,0.00,N/A,0.02,0.05,210.21,0.36,8.94,0.00,0.00,0.00,0.52,0.00,0.81,0.00,0.00,0.84,0.71,0.0008,0.0055,     0,0,0,0.09,99.91,0.00,N/A,0.08,0.15,210.21,0.52,12.89,0.00,0.01,0.00,0.49,0.00,0.71,0.00,0.00,0.83,0.70,0.0009,0.0058,     0,0,0,0.11,99.89,0.00,N/A,0.08,0.17,210.21,0.49,12.26,0.00,0.01,0.00,0.49,0.00,0.73,0.00,0.00,0.83,0.68,0.0009,0.0064,     0,0,0,0.11,99.89,0.00,N/A,0.08,0.17,210.21,0.49,12.17,0.00,0.01,0.00,0.50,0.00,0.48,0.00,0.00,0.72,0.73,0.0012,0.0055,     0,0,0,0.10,99.90,0.00,N/A,0.05,0.10,210.21,0.50,12.38,0.00,0.01,0.00,0.39,0.00,0.53,0.00,0.00,0.94,0.90,0.0001,0.0020,     0,0,0,0.05,99.95,0.00,N/A,0.02,0.06,210.21,0.39,9.70,0.00,0.00,
2024-03-21,21:06:54.294,0.00,0.68,0.00,0.90,0.00,0.06,0.94,0.49,0.0004,0.0066,0.00,0.00,-2147483648,0.00,0.00,9.62,14.09,211.59,0.68,17.06,0.00,0.07,0.80,1.05,1.94,0.47,99.53,0.00,100.00,0.00,0.00,0.00,0.00,-nan,0.09,0.00,0.85,0.01,0.99,0.00,0.03,0.94,0.58,0.0003,0.0042,     0,0,0,0.00,0.00,-2147483648,0.00,0.00,N/A,7.99,9.39,211.59,0.85,21.25,0.00,0.12,0.00,0.35,0.00,0.76,0.00,0.03,0.95,0.34,0.0008,0.0182,     0,0,0,0.00,0.00,-2147483648,0.00,0.00,N/A,1.63,4.70,211.59,0.35,8.68,0.00,0.02,0.36,0.24,  0%,  0%,0.10,0.10,  0%,  0%,0.48,0.25,  0%,  0%,0.56,0.65,  0%,  0%,0.56,99.44,0.00,100.00,0.00,0.00,0.37,99.63,0.00,100.00,0.00,0.00,0.00,0.00,0.00 ,0.00 ,-nan ,-nan ,0.08,0.09,0.01,0.30,0.02,1.00,0.00,0.03,0.95,0.27,0.0010,0.0199,     0,0,0,2.31,97.69,0.00,N/A,1.47,4.89,211.59,0.30,7.52,0.01,0.17,0.01,1.56,0.01,1.00,0.00,0.00,0.77,0.91,0.0001,0.0004,     0,0,0,0.78,99.22,0.00,N/A,2.53,1.62,211.59,1.56,39.01,0.01,0.30,0.02,1.67,0.01,1.00,0.00,0.00,0.96,0.93,0.0000,0.0004,     0,0,0,1.00,99.00,0.00,N/A,3.54,2.12,211.59,1.67,41.85,0.02,0.42,0.00,0.48,0.00,0.97,0.00,0.00,0.86,0.70,0.0005,0.0059,     0,0,0,0.05,99.95,0.00,N/A,0.05,0.10,211.59,0.48,12.04,0.00,0.01,0.00,0.46,0.00,1.00,0.00,0.00,0.79,0.92,0.0003,0.0015,     0,0,0,0.02,99.98,0,0.08,99.92,0.00,,211.59,0.46,11.48,0.00,0.00,0.00,0.56,0.00,0.94,0.00,0.00,0.91,0.68,0.0005,0.0066,     0,0,0,0.07,99.93,0.00,N/A,0.08,0.15,211.59,0.56,13.92,0.00,0.01,0.00,0.63,0.00,0.96,0.00,0.00,0.84,0.84,0.0002,0.0018,     0,0,0,0.15,99.85,0.00,N/A,0.19,0.30,211.59,0.63,15.71,0.00,0.02,0.00,0.58,0.00,0.91,0.00,0.00,0.70,0.59,0.0015,0.0064,     0,0,0,0.09,99.91,0.00,N/A,0.10,0.17,211.59,0.58,14.50,0.00,0.01,0.01,0.33,0.02,0.77,0.00,0.03,0.96,0.27,0.0008,0.0216,     0,0,0,2.43,97.57,0.00,N/A,1.28,3.95,211.59,0.33,8.14,0.01,0.15,0.00,0.44,0.00,0.61,0.00,0.00,0.52,0.74,0.0021,0.0051,     0,0,0,0.09,99.91,0.00,N/A,0.05,0.12,211.59,0.44,10.90,0.00,0.01,0.00,0.46,0.00,0.59,0.00,0.00,0.74,0.84,0.0005,0.0034,     0,0,0,0.04,99.96,0.00,N/A,0.02,0.05,211.59,0.46,11.46,0.00,0.00,0.00,0.47,0.00,0.70,0.00,0.00,0.83,0.76,0.0007,0.0045,     0,0,0,0.07,99.93,0.00,N/A,0.05,0.10,211.59,0.47,11.86,0.00,0.01,0.00,0.50,0.00,0.78,0.00,0.00,0.83,0.68,0.0009,0.0064,     0,0,0,0.10,99.90,0.00,N/A,0.08,0.16,211.59,0.50,12.50,0.00,0.01,0.00,0.48,0.00,0.79,0.00,0.00,0.83,0.69,0.0009,0.0062,     0,0,0,0.10,99.90,0.00,N/A,0.08,0.16,211.59,0.48,12.05,0.00,0.01,0.00,0.43,0.00,0.60,0.00,0.00,0.83,0.72,0.0009,0.0057,     0,0,0,0.09,99.91,0.00,N/A,0.05,0.11,211.59,0.43,10.73,0.00,0.01,0.00,0.36,0.00,0.59,0.00,0.00,0.68,0.89,0.0007,0.0020,     0,0,0,0.04,99.96,0.00,N/A,0.02,0.05,211.59,0.36,8.93,0.00,0.00,
2024-03-21,21:06:54.394,0.00,0.83,0.01,0.90,0.00,0.07,0.94,0.56,0.0003,0.0045,0.00,0.00,-2147483648,0.00,0.00,15.18,18.24,208.33,0.83,20.81,0.00,0.11,0.62,0.68,1.82,0.60,99.40,0.00,100.00,0.00,0.00,0.00,0.00,-nan,0.08,0.01,1.02,0.01,1.00,0.00,0.04,0.93,0.65,0.0002,0.0028,     0,0,0,0.00,0.00,-2147483648,0.00,0.00,N/A,13.51,13.19,208.33,1.02,25.60,0.01,0.20,0.00,0.33,0.00,0.72,0.00,0.03,0.95,0.34,0.0009,0.0177,     0,0,0,0.00,0.00,-2147483648,0.00,0.00,N/A,1.68,5.05,208.33,0.33,8.29,0.00,0.02,0.21,0.28,  0%,  0%,0.10,0.03,  0%,  0%,0.62,0.85,  0%,  0%,0.20,0.14,  0%,  0%,0.79,99.21,0.00,100.00,0.00,0.00,0.42,99.58,0.00,100.00,0.00,0.00,0.00,0.00,0.00 ,0.00 ,-nan ,-nan ,0.08,0.08,0.01,0.30,0.02,1.00,0.00,0.03,0.94,0.26,0.0011,0.0195,     0,0,0,2.47,97.53,0.00,N/A,1.53,5.14,208.33,0.30,7.45,0.01,0.18,0.00,1.21,0.00,1.00,0.00,0.00,0.62,0.67,0.0002,0.0010,     0,0,0,0.32,99.68,0.00,N/A,0.81,0.67,208.33,1.21,30.35,0.00,0.10,0.04,1.70,0.02,1.00,0.00,0.00,0.95,0.92,0.0000,0.0004,     0,0,0,2.33,97.67,0.00,N/A,8.21,4.82,208.33,1.70,42.54,0.04,0.99,0.01,1.50,0.01,1.00,0.00,0.00,0.89,0.85,0.0001,0.0010,     0,0,0,0.71,99.29,0.00,N/A,2.23,1.49,208.33,1.50,37.51,0.01,0.26,0.00,0.48,0.00,1.00,0.00,0.00,0.94,0.92,0.0001,0.0015,     0,0,0,0.02,99.98,0.00,N/A,0.02,0.05,208.33,0.48,12.11,0.00,0.00,0.00,0.82,0.00,0.93,0.00,0.00,0.88,0.78,0.0003,0.0028,     0,0,0,0.24,99.76,0.00,N/A,0.38,0.47,208.33,0.82,20.49,0.00,0.05,0.00,0.55,0.00,1.00,0.00,0.00,0.75,0.81,0.0004,0.0022,     0,0,0,0.18,99.82,0.00,N/A,0.21,0.38,208.33,0.55,13.78,0.00,0.03,0.00,0.62,0.00,1.00,0.00,0.00,0.73,0.57,0.0015,0.0070,     0,0,0,0.08,99.92,0.00,N/A,0.11,0.17,208.33,0.62,15.45,0.00,0.01,0.01,0.31,0.02,0.75,0.00,0.03,0.96,0.27,0.0009,0.0210,     0,0,0,2.71,97.29,0.00,N/A,1.32,4.27,208.33,0.31,7.75,0.01,0.16,0.00,0.44,0.00,0.72,0.00,0.00,0.55,0.74,0.0019,0.0049,     0,0,0,0.07,99.93,0.00,N/A,0.05,0.11,208.33,0.44,10.88,0.00,0.01,0.00,0.34,0.00,0.48,0.00,0.00,0.71,0.88,0.0005,0.0022,     0,0,0,0.06,99.94,0.00,N/A,0.02,0.06,208.33,0.34,8.39,0.00,0.00,0.00,0.44,0.00,0.68,0.00,0.00,0.71,0.66,0.0016,0.0062,     0,0,0,0.10,99.90,0.00,N/A,0.06,0.15,208.33,0.44,11.03,0.00,0.01,0.00,0.49,0.00,0.52,0.00,0.00,0.83,0.68,0.0010,0.0064,     0,0,0,0.14,99.86,0.00,N/A,0.08,0.16,208.33,0.49,12.35,0.00,0.01,0.00,0.49,0.00,0.53,0.00,0.00,0.81,0.72,0.0009,0.0053,     0,0,0,0.14,99.86,0.00,N/A,0.07,0.15,208.33,0.49,12.22,0.00,0.01,0.00,0.44,0.00,0.72,0.00,0.00,0.82,0.74,0.0008,0.0049,     0,0,0,0.07,99.93,0.00,N/A,0.05,0.11,208.33,0.44,11.11,0.00,0.01,0.00,0.38,0.00,0.58,0.00,0.00,0.92,0.90,0.0001,0.0017,     0,0,0,0.04,99.96,0.00,N/A,0.02,0.05,208.33,0.38,9.51,0.00,0.00,
2024-03-21,21:06:54.494,0.00,0.71,0.00,0.91,0.00,0.07,0.94,0.49,0.0003,0.0059,0.00,0.00,-2147483648,0.00,0.00,11.07,15.55,210.37,0.71,17.79,0.00,0.08,0.63,0.91,1.44,0.51,99.49,0.00,100.00,0.00,0.00,0.00,0.00,-nan,0.08,0.01,0.89,0.01,1.00,0.00,0.04,0.93,0.56,0.0003,0.0039,     0,0,0,0.00,0.00,-2147483648,0.00,0.00,N/A,9.41,10.55,210.37,0.89,22.30,0.01,0.14,0.00,0.33,0.00,0.78,0.00,0.03,0.95,0.34,0.0008,0.0177,     0,0,0,0.00,0.00,-2147483648,0.00,0.00,N/A,1.66,5.00,210.37,0.33,8.29,0.00,0.02,0.26,0.24,  0%,  0%,0.10,0.03,  0%,  0%,0.46,0.54,  0%,  0%,0.25,0.19,  0%,  0%,0.63,99.37,0.00,100.00,0.00,0.00,0.38,99.62,0.00,100.00,0.00,0.00,0.00,0.00,0.00 ,0.00 ,-nan ,-nan ,0.08,0.07,0.01,0.30,0.02,1.00,0.00,0.03,0.94,0.27,0.0011,0.0196,     0,0,0,2.41,97.59,0.00,N/A,1.51,5.06,210.37,0.30,7.44,0.01,0.18,0.01,1.49,0.01,1.00,0.00,0.00,0.51,0.67,0.0001,0.0004,     0,0,0,0.56,99.44,0.00,N/A,1.77,1.18,210.37,1.49,37.36,0.01,0.21,0.00,0.45,0.00,0.82,0.00,0.00,0.61,0.70,0.0016,0.0058,     0,0,0,0.06,99.94,0.00,N/A,0.05,0.10,210.37,0.45,11.35,0.00,0.01,0.03,1.63,0.02,1.00,0.00,0.00,0.95,0.88,0.0000,0.0007,     0,0,0,1.67,98.33,0.00,N/A,5.68,3.49,210.37,1.63,40.68,0.03,0.68,0.00,0.44,0.00,1.00,0.00,0.00,0.94,0.91,0.0001,0.0018,     0,0,0,0.02,99.98,0.00,N/A,0.02,0.05,210.37,0.44,10.90,0.00,0.00,0.00,0.46,0.00,0.96,0.00,0.00,0.89,0.64,0.0006,0.0071,     0,0,0,0.09,99.91,0.00,N/A,0.09,0.19,210.37,0.46,11.52,0.00,0.01,0.00,0.67,0.00,1.00,0.00,0.00,0.81,0.84,0.0003,0.0017,     0,0,0,0.15,99.85,0.00,N/A,0.20,0.31,210.37,0.67,16.64,0.00,0.02,0.00,0.57,0.00,0.96,0.00,0.00,0.72,0.59,0.0013,0.0060,     0,0,0,0.08,99.92,0.00,N/A,0.09,0.16,210.37,0.57,14.17,0.00,0.01,0.01,0.31,0.02,0.80,0.00,0.03,0.96,0.27,0.0008,0.0210,     0,0,0,2.50,97.50,0.00,N/A,1.31,4.23,210.37,0.31,7.76,0.01,0.16,0.00,0.44,0.00,0.70,0.00,0.00,0.77,0.71,0.0010,0.0057,     0,0,0,0.08,99.92,0.00,N/A,0.05,0.12,210.37,0.44,10.88,0.00,0.01,0.00,0.34,0.00,0.43,0.00,0.00,0.79,0.89,0.0004,0.0020,     0,0,0,0.06,99.94,0.00,N/A,0.02,0.06,210.37,0.34,8.49,0.00,0.00,0.00,0.48,0.00,0.69,0.00,0.00,0.86,0.70,0.0007,0.0059,     0,0,0,0.07,99.93,0.00,N/A,0.05,0.10,210.37,0.48,11.93,0.00,0.01,0.00,0.50,0.00,0.71,0.00,0.00,0.87,0.68,0.0007,0.0063,     0,0,0,0.11,99.89,0.00,N/A,0.08,0.17,210.37,0.50,12.46,0.00,0.01,0.00,0.46,0.00,0.71,0.00,0.00,0.79,0.73,0.0010,0.0052,     0,0,0,0.11,99.89,0.00,N/A,0.07,0.16,210.37,0.46,11.41,0.00,0.01,0.00,0.45,0.00,0.68,0.00,0.00,0.85,0.72,0.0007,0.0055,     0,0,0,0.07,99.93,0.00,N/A,0.05,0.11,210.37,0.45,11.27,0.00,0.01,0.00,0.36,0.00,0.55,0.00,0.00,0.73,0.91,0.0004,0.0016,     0,0,0,0.05,99.95,0.00,N/A,0.02,0.05,210.37,0.36,9.06,0.00,0.00,
2024-03-21,21:06:54.594,0.00,0.83,0.01,0.90,0.00,0.07,0.95,0.55,0.0002,0.0047,0.00,0.00,-2147483648,0.00,0.00,14.35,17.21,211.26,0.83,20.84,0.00,0.11,0.48,0.32,1.51,0.57,99.43,0.00,100.00,0.00,0.00,0.00,0.00,-nan,0.08,0.01,1.02,0.01,1.00,0.00,0.04,0.94,0.64,0.0002,0.0030,     0,0,0,0.00,0.00,-2147483648,0.00,0.00,N/A,12.69,12.40,211.26,1.02,25.58,0.01,0.19,0.00,0.34,0.00,0.72,0.00,0.03,0.96,0.34,0.0008,0.0179,     0,0,0,0.00,0.00,-2147483648,0.00,0.00,N/A,1.66,4.81,211.26,0.34,8.61,0.00,0.02,0.13,0.22,  0%,  0%,0.10,0.03,  0%,  0%,0.46,0.59,  0%,  0%,0.25,0.21,  0%,  0%,0.74,99.26,0.00,100.00,0.00,0.00,0.39,99.61,0.00,100.00,0.00,0.00,0.00,0.00,0.00 ,0.00 ,-nan ,-nan ,0.08,0.08,0.01,0.30,0.02,1.00,0.00,0.03,0.95,0.27,0.0010,0.0197,     0,0,0,2.34,97.66,0.00,N/A,1.49,4.94,211.26,0.30,7.51,0.01,0.18,0.01,1.44,0.00,0.99,0.00,0.00,0.53,0.71,0.0002,0.0005,     0,0,0,0.48,99.52,0.00,N/A,1.44,1.00,211.26,1.44,36.06,0.01,0.17,0.00,0.31,0.00,1.00,0.00,0.00,0.82,0.68,0.0006,0.0043,     0,0,0,0.11,99.89,0.00,N/A,0.07,0.23,211.26,0.31,7.66,0.00,0.01,0.04,1.67,0.03,1.00,0.00,0.01,0.97,0.90,0.0000,0.0006,     0,0,0,2.63,97.37,0.00,N/A,9.28,5.55,211.26,1.67,41.82,0.04,1.10,0.00,0.45,0.00,0.84,0.00,0.00,0.95,0.93,0.0000,0.0013,     0,0,0,0.03,99.97,0.00,N/A,0.02,0.05,211.26,0.45,11.22,0.00,0.00,0.00,0.56,0.00,1.00,0.00,0.00,0.89,0.66,0.0006,0.0066,     0,0,0,0.08,99.92,0.00,N/A,0.09,0.16,211.26,0.56,14.05,0.00,0.01,0.00,0.68,0.00,0.92,0.00,0.00,0.75,0.84,0.0003,0.0017,     0,0,0,0.1,     0,0,0,0.09,0.20,0.29,211.26,0.68,16.97,0.00,0.02,0.00,0.57,0.00,0.96,0.00,0.00,0.71,0.58,0.0015,0.0065,     0,0,0,0.09,99.91,0.00,N/A,0.11,0.19,211.26,0.57,14.32,0.00,0.01,0.01,0.32,0.02,0.76,0.00,0.03,0.96,0.27,0.0008,0.0213,     0,0,0,2.49,97.51,0.00,N/A,1.30,4.02,211.26,0.32,8.07,0.01,0.15,0.00,0.47,0.00,0.44,0.00,0.00,0.81,0.69,0.0009,0.0062,     0,0,0,0.12,99.88,0.00,N/A,0.05,0.11,211.26,0.47,11.73,0.00,0.01,0.00,0.44,0.00,0.45,0.00,0.00,0.97,0.80,0.0001,0.0044,     0,0,0,0.06,99.94,0.00,N/A,0.03,0.06,211.26,0.44,11.09,0.00,0.00,0.00,0.46,0.00,0.77,0.00,0.00,0.86,0.73,0.0007,0.0053,     0,0,0,0.07,99.93,0.00,N/A,0.05,0.11,211.26,0.46,11.43,0.00,0.01,0.00,0.46,0.00,0.68,0.00,0.00,0.80,0.70,0.0011,0.0056,     0,0,0,0.12,99.88,0.00,N/A,0.08,0.17,211.26,0.46,11.46,0.00,0.01,0.00,0.46,0.00,0.70,0.00,0.00,0.82,0.68,0.0010,0.0063,     0,0,0,0.12,99.88,0.00,N/A,0.08,0.18,211.26,0.46,11.53,0.00,0.01,0.00,0.47,0.00,0.44,0.00,0.00,0.80,0.71,0.0010,0.0057,     0,0,0,0.11,99.89,0.00,N/A,0.05,0.10,211.26,0.47,11.83,0.00,0.01,0.00,0.38,0.00,0.46,0.00,0.00,0.74,0.83,0.0005,0.0034,     0,0,0,0.06,99.94,0.00,N/A,0.02,0.06,211.26,0.38,9.51,0.00,0.00,
2024-03-21,21:06:54.695,0.00,0.79,0.01,0.87,0.00,0.07,0.94,0.54,0.0003,0.0050,0.00,0.00,-2147483648,0.00,0.00,13.50,17.11,210.14,0.79,19.72,0.00,0.10,1.20,0.58,3.21,0.58,99.42,0.00,100.00,0.00,0.00,0.00,0.00,-nan,0.11,0.01,0.90,0.01,0.92,0.00,0.04,0.93,0.61,0.0002,0.0038,     0,0,0,0.00,0.00,-2147483648,0.00,0.00,N/A,9.58,10.60,210.14,0.90,22.60,0.01,0.14,0.00,0.60,0.00,0.81,0.00,0.03,0.94,0.43,0.0005,0.0081,     0,0,0,0.00,0.00,-2147483648,0.00,0.00,N/A,3.91,6.51,210.14,0.60,15.03,0.00,0.06,0.18,0.88,  0%,  0%,0.09,0.04,  0%,  0%,1.22,1.55,  1%,  1%,0.27,0.18,  0%,  0%,0.69,99.31,0.00,100.00,0.00,0.00,0.48,99.52,0.00,100.00,0.00,0.00,0.00,0.00,0.00 ,0.00 ,-nan ,-nan ,0.10,0.11,0.01,0.30,0.02,0.93,0.00,0.03,0.95,0.25,0.0010,0.0209,     0,0,0,2.40,97.60,0.00,N/A,1.41,4.67,210.14,0.30,7.57,0.01,0.17,0.00,1.14,0.00,0.98,0.00,0.00,0.44,0.64,0.0003,0.0010,     0,0,0,0.32,99.68,0.00,N/A,0.74,0.65,210.14,1.14,28.59,0.00,0.09,0.03,1.71,0.02,0.90,0.00,0.00,0.97,0.94,0.0000,0.0004,     0,0,0,2.02,97.98,0.00,N/A,6.55,3.83,210.14,1.71,42.69,0.03,0.78,0.00,0.43,0.00,0.91,0.00,0.00,0.68,0.66,0.0014,0.0068,     0,0,0,0.09,99.91,0.00,N/A,0.08,0.18,210.14,0.43,10.78,0.00,0.01,0.00,0.42,0.00,0.76,0.00,0.00,0.76,0.89,0.0005,0.0020,     0,0,0,0.04,99.96,0.00,N/A,0.03,0.07,210.14,0.42,10.43,0.00,0.00,0.00,0.77,0.00,1.00,0.00,0.00,0.86,0.75,0.0004,0.0033,     0,0,0,0.22,99.78,0.00,N/A,0.36,0.47,210.14,0.77,19.35,0.00,0.04,0.00,0.64,0.00,0.82,0.00,0.00,0.75,0.79,0.0005,0.0026,     0,0,0,0.23,99.77,0.00,N/A,0.26,0.40,210.14,0.64,15.88,0.00,0.03,0.00,0.47,0.00,1.00,0.00,0.00,0.66,0.64,0.0018,0.0066,     0,0,0,0.16,99.84,0.00,N/A,0.16,0.33,210.14,0.47,11.78,0.00,0.02,0.01,0.32,0.02,0.81,0.00,0.03,0.96,0.26,0.0008,0.0215,     0,0,0,2.39,97.61,0.00,N/A,1.30,4.07,210.14,0.32,7.97,0.01,0.15,0.00,0.42,0.00,0.66,0.00,0.00,0.57,0.73,0.0018,0.0054,     0,0,0,0.09,99.91,0.00,N/A,0.05,0.12,210.14,0.42,10.61,0.00,0.01,0.00,0.40,0.00,0.58,0.00,0.00,0.89,0.80,0.0002,0.0041,     0,0,0,0.05,99.95,0.00,N/A,0.02,0.06,210.14,0.40,9.99,0.00,0.00,0.00,1.18,0.00,0.88,0.00,0.00,0.78,0.87,0.0002,0.0011,     0,0,0,0.44,99.56,0.00,N/A,0.96,0.82,210.14,1.18,29.44,0.00,0.11,0.00,0.47,0.00,0.73,0.00,0.00,0.84,0.68,0.0010,0.0068,     0,0,0,0.12,99.88,0.00,N/A,0.09,0.18,210.14,0.47,11.67,0.00,0.01,0.00,0.56,0.00,0.58,0.00,0.00,0.80,0.70,0.0008,0.0052,     0,0,0,0.22,99.78,0.00,N/A,0.15,0.27,210.14,0.56,13.99,0.00,0.02,0.00,0.45,0.00,0.66,0.00,0.00,0.82,0.69,0.0010,0.0059,     0,0,0,0.09,99.91,0.00,N/A,0.05,0.12,210.14,0.45,11.20,0.00,0.01,0.01,1.48,0.00,0.95,0.00,0.00,0.47,0.66,0.0002,0.0004,     0,0,0,0.43,99.57,0.00,N/A,1.29,0.87,210.14,1.48,37.02,0.01,0.15,
2024-03-21,21:06:54.795,0.00,0.73,0.00,0.82,0.01,0.07,0.92,0.49,0.0005,0.0061,0.00,0.00,-2147483648,0.00,0.00,11.16,15.27,212.35,0.73,18.27,0.00,0.08,0.52,0.30,3.08,0.55,99.45,0.00,100.00,0.00,0.00,0.00,0.00,-nan,0.08,0.01,0.90,0.01,0.89,0.00,0.04,0.91,0.56,0.0003,0.0041,     0,0,0,0.00,0.00,-2147483648,0.00,0.00,N/A,9.31,10.37,212.35,0.90,22.45,0.01,0.14,0.00,0.38,0.00,0.71,0.00,0.03,0.94,0.35,0.0011,0.0166,     0,0,0,0.00,0.00,-2147483648,0.00,0.00,N/A,1.85,4.90,212.35,0.38,9.42,0.00,0.03,0.13,0.18,  0%,  0%,0.13,0.08,  0%,  0%,0.45,0.50,  0%,  0%,1.62,0.51,  1%,  0%,0.68,99.32,0.00,100.00,0.00,0.00,0.41,99.59,0.00,100.00,0.00,0.00,0.00,0.00,0.00 ,0.00 ,-nan ,-nan ,0.08,0.08,0.01,0.33,0.02,0.90,0.00,0.03,0.95,0.26,0.0010,0.0204,     0,0,0,2.27,97.73,0.00,N/A,1.43,4.34,212.35,0.33,8.25,0.01,0.17,0.01,1.01,0.01,0.76,0.00,0.00,0.30,0.65,0.0007,0.0012,     0,0,0,1.00,99.00,0.00,N/A,1.62,1.60,212.35,1.01,25.30,0.01,0.19,0.03,1.66,0.02,1.00,0.00,0.00,0.97,0.87,0.0000,0.0008,     0,0,0,1.58,98.42,0.00,N/A,5.53,3.34,212.35,1.66,41.42,0.03,0.65,0.00,0.94,0.00,0.87,0.00,0.00,0.81,0.79,0.0003,0.0023,     0,0,0,0.15,99.85,0.00,N/A,0.26,0.27,212.35,0.94,23.56,0.00,0.03,0.00,0.35,0.00,0.87,0.00,0.00,0.86,0.89,0.0002,0.0021,     0,0,0,0.03,99.97,0.00,N/A,0.02,0.06,212.35,0.35,8.82,0.00,0.00,0.00,0.55,0.00,0.65,0.00,0.00,0.92,0.66,0.0005,0.0067,     0,0,0,0.11,99.89,0.00,N/A,0.08,0.15,212.35,0.55,13.87,0.00,0.01,0.00,0.66,0.00,0.82,0.00,0.00,0.73,0.78,0.0006,0.0026,     0,0,0,0.24,99.76,0.00,N/A,0.27,0.41,212.35,0.66,16.56,0.00,0.03,0.00,0.48,0.00,1.00,0.00,0.00,0.74,0.59,0.0013,0.0064,     0,0,0,0.09,99.91,0.00,N/A,0.10,0.20,212.35,0.48,12.01,0.00,0.01,0.01,0.34,0.02,0.76,0.00,0.03,0.97,0.27,0.0007,0.0215,     0,0,0,2.31,97.69,0.00,N/A,1.27,3.72,212.35,0.34,8.55,0.01,0.15,0.00,0.47,0.00,0.48,0.00,0.00,0.60,0.71,0.0018,0.0055,     0,0,0,0.10,99.90,0.00,N/A,0.05,0.10,212.35,0.47,11.83,0.00,0.01,0.00,0.49,0.00,0.82,0.00,0.00,0.67,0.67,0.0014,0.0059,     0,0,0,0.09,99.91,0.00,N/A,0.08,0.16,212.35,0.49,12.23,0.00,0.01,0.00,0.56,0.00,0.46,0.00,0.00,0.26,0.55,0.0037,0.0052,     0,0,0,0.27,99.73,0.00,N/A,0.15,0.26,212.35,0.56,14.11,0.00,0.02,0.00,0.48,0.00,0.54,0.00,0.00,0.77,0.76,0.0010,0.0045,     0,0,0,0.12,99.88,0.00,N/A,0.07,0.14,212.35,0.48,12.08,0.00,0.01,0.00,0.46,0.00,0.57,0.00,0.00,0.75,0.74,0.0011,0.0049,     0,0,0,0.12,99.88,0.00,N/A,0.07,0.14,212.35,0.46,11.61,0.00,0.01,0.00,0.50,0.00,0.47,0.00,0.00,0.79,0.71,0.0011,0.0062,     0,0,0,0.11,99.89,0.00,N/A,0.05,0.11,212.35,0.50,12.48,0.00,0.01,0.00,0.42,0.00,0.83,0.00,0.00,0.82,0.58,0.0010,0.0065,     0,0,0,0.15,99.85,0.00,N/A,0.11,0.26,212.35,0.42,10.53,0.00,0.01,
2024-03-21,21:06:54.895,0.00,0.72,0.00,0.85,0.00,0.07,0.95,0.49,0.0003,0.0064,0.00,0.00,-2147483648,0.00,0.00,10.37,14.43,209.97,0.72,17.97,0.00,0.08,0.30,0.25,1.07,0.51,99.49,0.00,100.00,0.00,0.00,0.00,0.00,-nan,0.09,0.01,0.90,0.01,0.93,0.00,0.04,0.94,0.57,0.0002,0.0041,     0,0,0,0.00,0.00,-2147483648,0.00,0.00,N/A,8.61,9.54,209.97,0.90,22.55,0.01,0.13,0.00,0.36,0.00,0.72,0.00,0.03,0.95,0.36,0.0008,0.0173,     0,0,0,0.00,0.00,-2147483648,0.00,0.00,N/A,1.76,4.88,209.97,0.36,9.03,0.00,0.03,0.07,0.08,  0%,  0%,0.13,0.03,  0%,  0%,0.16,0.50,  0%,  0%,0.24,0.17,  0%,  0%,0.61,99.39,0.00,100.00,0.00,0.00,0.40,99.60,0.00,100.00,0.00,0.00,0.00,0.00,0.00 ,0.00 ,-nan ,-nan ,0.09,0.09,0.01,0.32,0.02,0.88,0.00,0.03,0.95,0.27,0.0010,0.0199,     0,0,0,2.49,97.51,0.00,N/A,1.48,4.62,209.97,0.32,8.00,0.01,0.18,0.00,1.43,0.00,0.99,0.00,0.00,0.58,0.64,0.0001,0.0005,     0,0,0,0.35,99.65,0.00,N/A,1.03,0.72,209.97,1.43,35.71,0.00,0.12,0.00,0.44,0.00,0.85,0.00,0.00,0.88,0.88,0.0002,0.0021,     0,0,0,0.03,99.97,0.00,N/A,0.02,0.05,209.97,0.44,10.93,0.00,0.00,0.03,1.64,0.02,1.00,0.00,0.00,0.98,0.89,0.0000,0.0007,     0,0,0,1.65,98.35,0.00,N/A,5.64,3.44,209.97,1.64,40.90,0.03,0.67,0.00,0.54,0.00,1.00,0.00,0.00,0.94,0.85,0.0001,0.0033,     0,0,0,0.02,99.98,0.00,N/A,0.03,0.05,209.97,0.54,13.42,0.00,0.00,0.00,0.54,0.00,1.00,0.00,0.00,0.87,0.66,0.0007,0.0067,     0,0,0,0.08,99.92,0.00,N/A,0.09,0.16,209.97,0.54,13.43,0.00,0.01,0.00,0.70,0.00,0.86,0.00,0.00,0.73,0.84,0.0004,0.0018,     0,0,0,0.18,99.82,0.00,N/A,0.22,0.32,209.97,0.70,17.53,0.00,0.03,0.00,0.58,0.00,0.98,0.00,0.00,0.69,0.60,0.0016,0.0065,     0,0,0,0.09,99.91,0.00,N/A,0.10,0.18,209.97,0.58,14.55,0.00,0.01,0.01,0.33,0.02,0.76,0.00,0.03,0.96,0.27,0.0008,0.0216,    ,0.0033,     0,0,,0.00,N/A,1.28,3.93,209.97,0.33,8.14,0.01,0.15,0.00,0.44,0.00,0.63,0.00,0.00,0.70,0.70,0.0013,0.0060,     0,0,0,0.09,99.91,0.00,N/A,0.05,0.12,209.97,0.44,10.97,0.00,0.01,0.00,0.52,0.00,0.53,0.00,0.00,0.79,0.68,0.0009,0.0064,     0,0,0,0.14,99.86,0.00,N/A,0.08,0.15,209.97,0.52,13.07,0.00,0.01,0.00,0.48,0.00,0.59,0.00,0.00,0.87,0.75,0.0006,0.0051,     0,0,0,0.09,99.91,0.00,N/A,0.05,0.11,209.97,0.48,12.07,0.00,0.01,0.00,0.52,0.00,0.55,0.00,0.00,0.82,0.70,0.0010,0.0063,     0,0,0,0.14,99.86,0.00,N/A,0.08,0.16,209.97,0.52,13.07,0.00,0.01,0.00,0.52,0.00,0.55,0.00,0.00,0.80,0.71,0.0011,0.0061,     0,0,0,0.13,99.87,0.00,N/A,0.08,0.15,209.97,0.52,13.00,0.00,0.01,0.00,0.44,0.00,0.62,0.00,0.00,0.83,0.73,0.0009,0.0059,     0,0,0,0.09,99.91,0.00,N/A,0.05,0.11,209.97,0.44,10.96,0.00,0.01,0.00,0.58,0.00,0.77,0.00,0.00,0.86,0.60,0.0007,0.0059,     0,0,0,0.09,99.91,0.00,N/A,0.08,0.15,209.97,0.58,14.58,0.00,0.01,
2024-03-21,21:06:54.995,0.00,0.67,0.01,0.93,0.01,0.07,0.92,0.53,0.0004,0.0052,0.00,0.00,-2147483648,0.00,0.00,13.35,19.79,210.07,0.67,16.87,0.00,0.10,1.66,0.64,4.22,0.63,99.37,0.00,100.00,0.00,0.00,0.00,0.00,-nan,0.08,0.01,0.81,0.01,1.00,0.00,0.04,0.92,0.61,0.0003,0.0034,     0,0,0,0.00,0.00,-2147483648,0.00,0.00,N/A,11.16,13.77,210.07,0.81,20.27,0.01,0.17,0.00,0.36,0.00,0.81,0.00,0.03,0.93,0.35,0.0010,0.0145,     0,0,0,0.00,0.00,-2147483648,0.00,0.00,N/A,2.19,6.02,210.07,0.36,9.09,0.00,0.03,0.08,0.09,  0%,  0%,0.65,0.83,  0%,  0%,0.15,0.24,  0%,  0%,2.05,1.78,  1%,  1%,0.82,99.18,0.00,100.00,0.00,0.00,0.44,99.56,0.00,100.00,0.00,0.00,0.00,0.00,0.00 ,0.00 ,-nan ,-nan ,0.08,0.09,0.01,0.30,0.03,1.00,0.00,0.03,0.93,0.27,0.0013,0.0191,     0,0,0,2.50,97.50,0.00,N/A,1.57,5.26,210.07,0.30,7.49,0.01,0.19,0.00,0.48,0.00,1.00,0.00,0.00,0.81,0.66,0.0008,0.0063,     0,0,0,0.13,99.87,0.00,N/A,0.13,0.27,210.07,0.48,12.09,0.00,0.02,0.01,1.68,0.01,0.99,0.00,0.00,0.94,0.96,0.0000,0.0002,     0,0,0,0.81,99.19,0.00,N/A,2.83,1.68,210.07,1.68,42.08,0.01,0.34,0.03,1.64,0.02,1.00,0.00,0.00,0.96,0.84,0.0000,0.0007,     0,0,0,1.69,98.31,0.00,N/A,5.82,3.54,210.07,1.64,41.09,0.03,0.69,0.00,0.41,0.00,0.82,0.00,0.00,0.88,0.91,0.0001,0.0016,     0,0,0,0.03,99.97,0.00,N/A,0.02,0.05,210.07,0.41,10.15,0.00,0.00,0.00,0.82,0.00,1.00,0.00,0.00,0.89,0.79,0.0002,0.0025,     0,0,0,0.19,99.81,0.00,N/A,0.33,0.40,210.07,0.82,20.50,0.00,0.04,0.00,0.15,0.01,1.00,0.00,0.00,0.46,0.81,0.0013,0.0025,     0,0,0,1.14,98.86,0.00,N/A,0.35,2.39,210.07,0.15,3.70,0.00,0.04,0.00,0.58,0.00,0.96,0.00,0.00,0.71,0.59,0.0015,0.0067,     0,0,0,0.08,99.92,0.00,N/A,0.10,0.17,210.07,0.58,14.55,0.00,0.01,0.01,0.30,0.02,0.84,0.00,0.03,0.96,0.27,0.0009,0.0206,     0,0,0,2.56,97.44,0.00,N/A,1.35,4.50,210.07,0.30,7.49,0.01,0.16,0.00,0.36,0.00,0.78,0.00,0.00,0.60,0.67,0.0019,0.0064,     0,0,0,0.08,99.92,0.00,N/A,0.05,0.14,210.07,0.36,8.99,0.00,0.01,0.00,0.43,0.00,0.77,0.00,0.00,0.69,0.66,0.0015,0.0063,     0,0,0,0.11,99.89,0.00,N/A,0.08,0.18,210.07,0.43,10.80,0.00,0.01,0.00,0.63,0.00,0.83,0.00,0.00,0.63,0.57,0.0009,0.0035,     0,0,0,0.31,99.69,0.00,N/A,0.35,0.55,210.07,0.63,15.86,0.00,0.04,0.00,0.49,0.00,0.63,0.00,0.00,0.83,0.73,0.0008,0.0057,     0,0,0,0.09,99.91,0.00,N/A,0.06,0.11,210.07,0.49,12.26,0.00,0.01,0.00,0.73,0.00,0.60,0.00,0.00,0.42,0.67,0.0018,0.0035,     0,0,0,0.18,99.82,0.00,N/A,0.17,0.23,210.07,0.73,18.13,0.00,0.02,0.00,0.37,0.00,0.75,0.00,0.00,0.79,0.69,0.0012,0.0064,     0,0,0,0.09,99.91,0.00,N/A,0.05,0.14,210.07,0.37,9.15,0.00,0.01,0.00,0.53,0.00,0.81,0.00,0.00,0.81,0.57,0.0011,0.0070,     0,0,0,0.11,99.89,0.00,N/A,0.10,0.18,210.07,0.53,13.23,0.00,0.01,
2024-03-21,21:06:55.096,0.00,0.74,0.00,0.95,0.00,0.06,0.93,0.52,0.0004,0.0053,0.00,0.00,-2147483648,0.00,0.00,12.16,16.37,209.95,0.74,18.57,0.00,0.09,0.71,0.79,1.93,0.52,99.48,0.00,100.00,0.00,0.00,0.00,0.00,-nan,0.08,0.01,0.91,0.01,1.00,0.00,0.03,0.92,0.62,0.0003,0.0036,     0,0,0,0.00,0.00,-2147483648,0.00,0.00,N/A,9.72,10.67,209.95,0.91,22.76,0.01,0.14,0.00,0.43,0.00,0.86,0.00,0.03,0.93,0.34,0.0008,0.0123,     0,0,0,0.00,0.00,-2147483648,0.00,0.00,N/A,2.44,5.70,209.95,0.43,10.72,0.00,0.04,0.07,0.09,  0%,  0%,0.31,0.24,  0%,  0%,0.16,0.23,  0%,  0%,0.87,0.67,  0%,  0%,0.64,99.36,0.00,100.00,0.00,0.00,0.39,99.61,0.00,100.00,0.00,0.00,0.00,0.00,0.00 ,0.00 ,-nan ,-nan ,0.08,0.08,0.01,0.30,0.02,1.00,0.00,0.03,0.94,0.27,0.0011,0.0195,     0,0,0,2.38,97.62,0.00,N/A,1.52,4.99,209.95,0.30,7.62,0.01,0.18,0.00,1.26,0.00,1.00,0.00,0.00,0.46,0.65,0.0003,0.0008,     0,0,0,0.32,99.68,0.00,N/A,0.85,0.68,209.95,1.26,31.38,0.00,0.10,0.00,0.46,0.00,0.66,0.00,0.00,0.97,0.88,0.0001,0.0020,     0,0,0,0.03,99.97,0.00,N/A,0.02,0.04,209.95,0.46,11.49,0.00,0.00,0.03,1.69,0.02,1.00,0.00,0.00,0.96,0.93,0.0000,0.0004,     0,0,0,1.92,98.08,0.00,N/A,6.87,4.06,209.95,1.69,42.37,0.03,0.81,0.00,0.50,0.00,1.00,0.00,0.00,1.00,0.93,0.0000,0.0015,     0,0,0,0.02,99.98,0.00,N/A,0.02,0.05,209.95,0.50,12.44,0.00,0.00,0.00,0.49,0.00,0.97,0.00,0.00,0.76,0.73,0.0009,0.0050,     0,0,0,0.06,99.94,0.00,N/A,0.06,0.11,209.95,0.49,12.21,0.00,0.01,0.00,0.58,0.00,1.00,0.00,0.00,0.64,0.77,0.0008,0.0029,     0,0,0,0.21,99.79,0.00,N/A,0.26,0.45,209.95,0.58,14.38,0.00,0.03,0.00,0.39,0.00,0.97,0.00,0.00,0.45,0.60,0.0022,0.0053,     0,0,0,0.15,99.85,0.00,N/A,0.12,0.30,209.95,0.39,9.82,0.00,0.01,0.01,0.30,0.02,0.88,0.00,0.03,0.96,0.27,0.0008,0.0210,     0,0,0,2.36,97.64,0.00,N/A,1.32,4.34,209.95,0.30,7.59,0.01,0.16,0.00,1.25,0.00,0.95,0.00,0.00,0.34,0.59,0.0005,0.0009,     0,0,0,0.33,99.67,0.00,N/A,0.82,0.66,209.95,1.25,31.24,0.00,0.10,0.00,0.35,0.00,0.46,0.00,0.00,0.70,0.91,0.0004,0.0016,     0,0,0,0.05,99.95,0.00,N/A,0.02,0.05,209.95,0.35,8.69,0.00,0.00,0.00,0.44,0.00,0.69,0.00,0.00,0.78,0.73,0.0011,0.0056,     0,0,0,0.08,99.92,0.00,N/A,0.05,0.11,209.95,0.44,11.08,0.00,0.01,0.00,0.42,0.00,0.81,0.00,0.00,0.72,0.78,0.0011,0.0040,     0,0,0,0.06,99.94,0.00,N/A,0.05,0.11,209.95,0.42,10.48,0.00,0.01,0.00,0.40,0.00,0.79,0.00,0.00,0.67,0.75,0.0014,0.0044,     0,0,0,0.06,99.94,0.00,N/A,0.04,0.11,209.95,0.40,10.11,0.00,0.01,0.00,0.39,0.00,0.75,0.00,0.00,0.70,0.78,0.0013,0.0046,     0,0,0,0.07,99.93,0.00,N/A,0.04,0.11,209.95,0.39,9.83,0.00,0.01,0.00,0.50,0.00,0.76,0.00,0.00,0.57,0.61,0.0023,0.0060,     0,0,0,0.13,99.87,0.00,N/A,0.10,0.20,209.95,0.50,12.43,0.00,0.01,
2024-03-21,21:06:55.196,0.00,0.70,0.00,0.90,0.00,0.07,0.93,0.48,0.0004,0.0061,0.00,0.00,-2147483648,0.00,0.00,10.66,15.26,210.32,0.70,17.46,0.00,0.08,0.44,0.29,1.58,0.50,99.50,0.00,100.00,0.00,0.00,0.00,0.00,-nan,0.08,0.01,0.89,0.01,0.99,0.00,0.03,0.92,0.56,0.0003,0.0039,     0,0,0,0.00,0.00,-2147483648,0.00,0.00,N/A,8.95,10.11,210.32,0.89,22.13,0.01,0.13,0.00,0.33,0.00,0.77,0.00,0.03,0.94,0.35,0.0010,0.0176,     0,0,0,0.00,0.00,-2147483648,0.00,0.00,N/A,1.71,5.16,210.32,0.33,8.29,0.00,0.03,0.06,0.07,  0%,  0%,0.14,0.17,  0%,  0%,0.12,0.24,  0%,  0%,0.57,0.66,  0%,  0%,0.61,99.39,0.00,100.00,0.00,0.00,0.40,99.60,0.00,100.00,0.00,0.00,0.00,0.00,0.00 ,0.00 ,-nan ,-nan ,0.08,0.08,0.01,0.31,0.02,1.00,0.00,0.03,0.94,0.27,0.0011,0.0195,     0,0,0,2.34,97.66,0.00,N/A,1.54,4.92,210.32,0.31,7.83,0.01,0.18,0.01,1.52,0.01,1.00,0.00,0.00,0.54,0.68,0.0001,0.0004,     0,0,0,0.74,99.26,0.00,N/A,2.35,1.55,210.32,1.52,38.00,0.01,0.28,0.00,0.48,0.00,0.86,0.00,0.00,1.00,0.89,0.0000,0.0019,     0,0,0,0.02,99.98,0.00,N/A,0.02,0.04,210.32,0.48,11.88,0.00,0.00,0.02,1.62,0.01,1.00,0.00,0.00,0.92,0.93,0.0000,0.0005,     0,0,0,1.35,98.65,0.00,N/A,4.58,2.83,210.32,1.62,40.42,0.02,0.55,0.00,0.51,0.00,1.00,0.00,0.00,0.95,0.85,0.0001,0.0033,     0,0,0,0.02,99.98,0.00,N/A,0.03,0.05,210.32,0.51,12.71,0.00,0.00,0.00,0.44,0.00,0.59,0.00,0.00,0.66,0.72,0.0015,0.0057,     0,0,0,0.10,99.90,0.00,N/A,0.05,0.12,210.32,0.44,10.93,0.00,0.01,0.00,0.66,0.00,0.94,0.00,0.00,0.79,0.84,0.0003,0.0017,     0,0,0,0.15,99.85,0.00,N/A,0.20,0.30,210.32,0.66,16.46,0.00,0.02,0.00,0.61,0.00,1.00,0.00,0.00,0.67,0.58,0.0017,0.0068,     0,0,0,0.14,99.86,0.00,N/A,0.18,0.30,210.32,0.61,15.26,0.00,0.02,0.01,0.30,0.02,0.80,0.00,0.03,0.96,0.27,0.0009,0.0213,     0,0,0,2.57,97.43,0.00,N/A,1.31,4.31,210.32,0.30,7.60,0.01,0.16,0.00,0.45,0.00,0.66,0.00,0.00,0.62,0.73,0.0019,0.0057,     0,0,0,0.09,99.91,0.00,N/A,0.06,0.13,210.32,0.45,11.13,0.00,0.01,0.00,0.47,0.00,0.43,0.00,0.00,0.75,0.72,0.0009,0.0,0.0008,0.0064,    ,99.89,0.00,N/A,0.05,0.10,210.32,0.47,11.78,0.00,0.01,0.00,0.45,0.00,0.67,0.00,0.00,0.86,0.72,0.0007,0.0056,     0,0,0,0.09,99.91,0.00,N/A,0.05,0.12,210.32,0.45,11.26,0.00,0.01,0.00,0.45,0.00,0.80,0.00,0.00,0.66,0.81,0.0012,0.0037,     0,0,0,0.06,99.94,0.00,N/A,0.04,0.10,210.32,0.45,11.14,0.00,0.01,0.00,0.45,0.00,0.81,0.00,0.00,0.74,0.81,0.0009,0.0037,     0,0,0,0.06,99.94,0.00,N/A,0.05,0.10,210.32,0.45,11.32,0.00,0.01,0.00,0.46,0.00,0.65,0.00,0.00,0.83,0.72,0.0010,0.0063,     0,0,0,0.09,99.91,0.00,N/A,0.05,0.12,210.32,0.46,11.60,0.00,0.01,0.00,0.54,0.00,0.71,0.00,0.00,0.72,0.60,0.0015,0.0065,     0,0,0,0.12,99.88,0.00,N/A,0.10,0.18,210.32,0.54,13.62,0.00,0.01,
2024-03-21,21:06:55.296,0.00,0.76,0.00,0.89,0.00,0.07,0.94,0.49,0.0004,0.0058,0.00,0.00,-2147483648,0.00,0.00,11.76,15.48,209.61,0.76,19.00,0.00,0.09,0.84,0.42,1.63,0.52,99.48,0.00,100.00,0.00,0.00,0.00,0.00,-nan,0.10,0.01,0.93,0.01,1.00,0.00,0.04,0.93,0.56,0.0003,0.0037,     0,0,0,0.00,0.00,-2147483648,0.00,0.00,N/A,10.07,10.82,209.61,0.93,23.27,0.01,0.15,0.00,0.36,0.00,0.72,0.00,0.03,0.95,0.34,0.0008,0.0177,     0,0,0,0.00,0.00,-2147483648,0.00,0.00,N/A,1.69,4.66,209.61,0.36,9.08,0.00,0.03,0.20,0.29,  0%,  0%,0.20,0.15,  0%,  0%,0.32,0.24,  0%,  0%,0.54,0.53,  0%,  0%,0.65,99.35,0.00,100.00,0.00,0.00,0.39,99.61,0.00,100.00,0.00,0.00,0.00,0.00,0.00 ,0.00 ,-nan ,-nan ,0.10,0.10,0.01,0.32,0.02,1.00,0.00,0.03,0.94,0.26,0.0012,0.0193,     0,0,0,2.31,97.69,0.00,N/A,1.56,4.85,209.61,0.32,8.06,0.01,0.19,0.01,1.36,0.00,1.00,0.00,0.00,0.61,0.68,0.0002,0.0007,     0,0,0,0.37,99.63,0.00,N/A,1.07,0.78,209.61,1.36,34.00,0.01,0.13,0.01,1.61,0.01,1.00,0.00,0.00,0.97,0.93,0.0000,0.0005,     0,0,0,0.53,99.47,0.00,N/A,1.80,1.12,209.61,1.61,40.26,0.01,0.21,0.02,1.60,0.01,1.00,0.00,0.00,0.94,0.83,0.0000,0.0008,     0,0,0,1.49,98.51,0.00,N/A,4.98,3.11,209.61,1.60,39.97,0.02,0.59,0.00,0.50,0.00,1.00,0.00,0.00,0.93,0.89,0.0001,0.0023,     0,0,0,0.02,99.98,0.00,N/A,0.02,0.05,209.61,0.50,12.53,0.00,0.00,0.00,0.81,0.00,0.97,0.00,0.00,0.83,0.79,0.0003,0.0026,     0,0,0,0.21,99.79,0.00,N/A,0.34,0.42,209.61,0.81,20.13,0.00,0.04,0.00,0.65,0.00,1.00,0.00,0.00,0.73,0.81,0.0004,0.0021,     0,0,0,0.15,99.85,0.00,N/A,0.20,0.31,209.61,0.65,16.21,0.00,0.02,0.00,0.56,0.00,0.96,0.00,0.00,0.67,0.59,0.0017,0.0069,     0,0,0,0.09,99.91,0.00,N/A,0.10,0.19,209.61,0.56,13.98,0.00,0.01,0.01,0.34,0.02,0.74,0.00,0.03,0.96,0.27,0.0007,0.0214,     0,0,0,2.48,97.52,0.00,N/A,1.29,3.84,209.61,0.34,8.39,0.01,0.15,0.00,0.41,0.00,0.80,0.00,0.00,0.64,0.75,0.0015,0.0051,     0,0,0,0.07,99.93,0.00,N/A,0.05,0.12,209.61,0.41,10.30,0.00,0.01,0.00,0.47,0.00,0.76,0.00,0.00,0.64,0.72,0.0018,0.0058,     0,0,0,0.07,99.93,0.00,N/A,0.05,0.11,209.61,0.47,11.80,0.00,0.01,0.00,0.51,0.00,0.46,0.00,0.00,0.81,0.71,0.0009,0.0056,     0,0,0,0.11,99.89,0.00,N/A,0.05,0.10,209.61,0.51,12.79,0.00,0.01,0.00,0.47,0.00,0.70,0.00,0.00,0.81,0.70,0.0010,0.0058,     0,0,0,0.08,99.92,0.00,N/A,0.05,0.11,209.61,0.47,11.68,0.00,0.01,0.00,0.48,0.00,0.69,0.00,0.00,0.82,0.76,0.0008,0.0048,     0,0,0,0.08,99.92,0.00,N/A,0.05,0.11,209.61,0.48,11.99,0.00,0.01,0.00,0.45,0.00,0.74,0.00,0.00,0.83,0.75,0.0008,0.0053,     0,0,0,0.07,99.93,0.00,N/A,0.05,0.11,209.61,0.45,11.26,0.00,0.01,0.00,0.61,0.00,0.46,0.00,0.00,0.81,0.58,0.0011,0.0069,     0,0,0,0.16,99.84,0.00,N/A,0.09,0.15,209.61,0.61,15.29,0.00,0.01,
2024-03-21,21:06:55.396,0.00,0.83,0.00,0.84,0.00,0.07,0.94,0.54,0.0003,0.0049,0.00,0.00,-2147483648,0.00,0.00,13.41,16.18,211.96,0.83,20.72,0.00,0.10,0.39,0.23,1.14,0.57,99.43,0.00,100.00,0.00,0.00,0.00,0.00,-nan,0.08,0.01,1.01,0.01,0.91,0.00,0.04,0.94,0.63,0.0002,0.0030,     0,0,0,0.00,0.00,-2147483648,0.00,0.00,N/A,11.75,11.58,211.96,1.01,25.36,0.01,0.17,0.00,0.36,0.00,0.71,0.00,0.03,0.95,0.34,0.0008,0.0179,     0,0,0,0.00,0.00,-2147483648,0.00,0.00,N/A,1.66,4.59,211.96,0.36,9.04,0.00,0.02,0.07,0.08,  0%,  0%,0.16,0.07,  0%,  0%,0.14,0.27,  0%,  0%,0.35,0.38,  0%,  0%,0.75,99.25,0.00,100.00,0.00,0.00,0.38,99.62,0.00,100.00,0.00,0.00,0.00,0.00,0.00 ,0.00 ,-nan ,-nan ,0.08,0.08,0.01,0.33,0.02,0.82,0.00,0.03,0.95,0.27,0.0010,0.0202,     0,0,0,2.55,97.45,0.00,N/A,1.47,4.42,211.96,0.33,8.32,0.01,0.17,0.01,1.48,0.01,0.98,0.00,0.00,0.69,0.64,0.0001,0.0004,     0,0,0,0.77,99.23,0.00,N/A,2.33,1.58,211.96,1.48,36.91,0.01,0.28,0.04,1.71,0.02,1.00,0.00,0.00,0.97,0.94,0.0000,0.0004,     0,0,0,2.08,97.92,0.00,N/A,7.44,4.35,211.96,1.71,42.71,0.04,0.89,0.00,0.42,0.00,0.87,0.00,0.00,0.78,0.68,0.0010,0.0064,     0,0,0,0.06,99.94,0.00,N/A,0.05,0.11,211.96,0.42,10.53,0.00,0.01,0.00,0.52,0.00,1.00,0.00,0.00,0.98,0.86,0.0000,0.0032,     0,0,0,0.02,99.98,0.00,N/A,0.03,0.05,211.96,0.52,13.09,0.00,0.00,0.00,0.46,0.00,0.89,0.00,0.00,0.81,0.71,0.0008,0.0055,     0,0,0,0.06,99.94,0.00,N/A,0.05,0.12,211.96,0.46,11.41,0.00,0.01,0.00,0.62,0.00,0.81,0.00,0.00,0.79,0.84,0.0003,0.0017,     0,0,0,0.18,99.82,0.00,N/A,0.19,0.31,211.96,0.62,15.49,0.00,0.02,0.00,0.30,0.00,0.99,0.00,0.00,0.71,0.58,0.0013,0.0058,     0,0,0,0.30,99.70,0.00,N/A,0.19,0.64,211.96,0.30,7.40,0.00,0.02,0.01,0.33,0.02,0.77,0.00,0.03,0.97,0.27,0.0007,0.0216,     0,0,0,2.35,97.65,0.00,N/A,1.28,3.83,211.96,0.33,8.37,0.01,0.15,0.00,0.52,0.00,0.46,0.00,0.00,0.54,0.73,0.0020,0.0057,     0,0,0,0.10,99.90,0.00,N/A,0.05,0.10,211.96,0.52,12.88,0.00,0.01,0.00,0.46,0.00,0.60,0.00,0.00,0.81,0.74,0.0007,0.0050,     0,0,0,0.08,99.92,0.00,N/A,0.05,0.11,211.96,0.46,11.39,0.00,0.01,0.00,0.44,0.00,0.68,0.00,0.00,0.81,0.72,0.0010,0.0056,     0,0,0,0.07,99.93,0.00,N/A,0.05,0.11,211.96,0.44,11.04,0.00,0.01,0.00,0.47,0.00,0.41,0.00,0.00,0.79,0.75,0.0009,0.0050,     0,0,0,0.12,99.88,0.00,N/A,0.05,0.10,211.96,0.47,11.69,0.00,0.01,0.00,0.44,0.00,0.41,0.00,0.00,0.76,0.78,0.0009,0.0042,     0,0,0,0.11,99.89,0.00,N/A,0.04,0.10,211.96,0.44,11.11,0.00,0.01,0.00,0.49,0.00,0.45,0.00,0.00,0.72,0.73,0.0013,0.0056,     0,0,0,0.10,99.90,0.00,N/A,0.05,0.10,211.96,0.49,12.28,0.00,0.01,0.00,0.59,0.00,0.68,0.00,0.00,0.72,0.60,0.0015,0.0063,     0,0,0,0.11,99.89,0.00,N/A,0.09,0.15,211.96,0.59,14.86,0.00,0.01,
2024-03-21,21:06:55.496,0.00,0.75,0.00,0.82,0.00,0.06,0.94,0.53,0.0003,0.0057,0.00,0.00,-2147483648,0.00,0.00,11.26,14.98,208.22,0.75,18.80,0.00,0.08,0.50,0.24,1.30,0.55,99.45,0.00,100.00,0.00,0.00,0.00,0.00,-nan,0.08,0.01,0.94,0.01,0.88,0.00,0.03,0.93,0.62,0.0002,0.0036,     0,0,0,0.00,0.00,-2147483648,0.00,0.00,N/A,9.65,10.29,208.22,0.94,23.43,0.01,0.14,0.00,0.34,0.00,0.72,0.00,0.03,0.95,0.34,0.0009,0.0183,     0,0,0,0.00,0.00,-2147483648,0.00,0.00,N/A,1.62,4.68,208.22,0.34,8.62,0.00,0.02,0.07,0.08,  0%,  0%,0.21,0.15,  0%,  0%,0.13,0.27,  0%,  0%,0.49,0.41,  0%,  0%,0.70,99.30,0.00,100.00,0.00,0.00,0.39,99.61,0.00,100.00,0.00,0.00,0.00,0.00,0.00 ,0.00 ,-nan ,-nan ,0.08,0.08,0.01,0.31,0.02,0.89,0.00,0.03,0.95,0.26,0.0010,0.0200,     0,0,0,2.52,97.48,0.00,N/A,1.46,4.69,208.22,0.31,7.81,0.01,0.18,0.02,1.60,0.01,0.84,0.00,0.00,0.83,0.92,0.0001,0.0004,     0,0,0,1.52,98.48,0.00,N/A,4.29,2.68,208.22,1.60,40.02,0.02,0.51,0.02,1.68,0.01,0.88,0.00,0.00,0.98,0.96,0.0000,0.0002,     0,0,0,1.08,98.92,0.00,N/A,3.35,1.99,208.22,1.68,42.07,0.02,0.40,0.00,0.52,0.00,0.94,0.00,0.00,0.82,0.67,0.0009,0.0068,     0,0,0,0.08,99.92,0.00,N/A,0.08,0.15,208.22,0.52,13.00,0.00,0.01,0.00,0.36,0.00,0.86,0.00,0.00,0.93,0.93,0.0001,0.0014,     0,0,0,0.03,99.97,0.00,N/A,0.02,0.06,208.22,0.36,8.97,0.00,0.00,0.00,0.49,0.00,0.84,0.00,0.00,0.72,0.71,0.0012,0.0054,     0,0,0,0.09,99.91,0.00,N/A,0.08,0.16,208.22,0.49,12.27,0.00,0.01,0.00,0.65,0.00,0.90,0.00,0.00,0.78,0.81,0.0005,0.0025,     0,0,0,0.19,99.81,0.00,N/A,0.24,0.36,208.22,0.65,16.36,0.00,0.03,0.00,0.64,0.00,0.96,0.00,0.00,0.69,0.61,0.0016,0.0069,     0,0,0,0.10,99.90,0.00,N/A,0.13,0.21,208.22,0.64,16.07,0.00,0.02,0.01,0.33,0.02,0.76,0.00,0.03,0.96,0.27,0.0008,0.0217,     0,0,0,2.49,97.51,0.00,N/A,1.28,3.92,208.22,0.33,8.16,0.01,0.15,0.00,0.44,0.00,0.66,0.00,0.00,0.56,0.75,0.0019,0.0048,     0,0,0,0.08,99.92,0.00,N/A,0.05,0.11,208.22,0.44,11.04,0.00,0.01,0.00,0.43,0.00,0.63,0.00,0.00,0.83,0.71,0.0007,0.0059,     0,0,0,0.09,99.91,0.00,N/A,0.05,0.12,208.22,0.43,10.82,0.00,0.01,0.00,0.47,0.00,0.68,0.00,0.00,0.81,0.74,0.0008,0.0048,     0,0,0,0.11,99.89,0.00,N/A,0.08,0.16,208.22,0.47,11.70,0.00,0.01,0.00,0.47,0.00,0.45,0.00,0.00,0.74,0.7,0.82,0.71,0.0009,0.00,0,0,0.10,99.90,0.00,N/A,0.04,0.09,208.22,0.47,1,21:06:55.494,0.00,0.87,0.00,0.84,0.00,0.06,0.95,0.57,0.0002,0.0045,0.00,0.00,-2147483648,0.00,0.00,14.13,16.16,210.05,0.87,21.86,0.00,0.10,1.00,1.35,2.12,0.57,99.43,0.00,100.00,0.00,0.00,0.00,0.00,-nan,0.07,0.01,1.09,0.01,0.91,0.00,0.03,0.94,0.67,0.0002,0.0027,     0,0,0,0.00,0.00,-2147483648,0.00,0.00,N/A,12.46,11.46,210.05,1.09,27.18,0.01,0.18,0.00,0.36,0.00,0.70,0.00,0.03,0.96,0.35,0.0008,0.0175,     0,0,0,0.00,0.00,-2147483648,0.00,0.00,N/A,1.67,4.70,210.05,0.36,8.89,0.00,0.02,0.29,0.29,  0%,  0%,0.28,0.15,  0%,  0%,0.47,0.60,  0%,  0%,0.64,0.41,  0%,  0%,0.74,99.26,0.00,100.00,0.00,0.00,0.40,99.60,0.00,100.00,0.00,0.00,0.00,0.00,0.00 ,0.00 ,-nan ,-nan ,0.07,0.07,0.01,0.34,0.02,0.93,0.00,0.03,0.95,0.28,0.0009,0.0199,     0,0,0,2.16,97.84,0.00,N/A,1.43,4.24,210.05,0.34,8.45,0.01,0.17,0.02,1.59,0.01,0.95,0.00,0.00,0.79,0.93,0.0000,0.0003,     0,0,0,1.55,98.45,0.00,N/A,4.95,3.13,210.05,1.59,39.63,0.02,0.58,0.03,1.72,0.02,0.90,0.00,0.00,0.98,0.95,0.0000,0.0003,     0,0,0,1.70,98.30,0.00,N/A,5.59,3.25,210.05,1.72,43.01,0.03,0.66,0.00,0.49,0.00,0.80,0.00,0.00,0.79,0.71,0.0008,0.0057,     0,0,0,0.06,99.94,0.00,N/A,0.05,0.10,210.05,0.49,12.18,0.00,0.01,0.00,0.52,0.00,0.81,0.00,0.00,0.92,0.70,0.0004,0.0061,     0,0,0,0.06,99.94,0.00,N/A,0.06,0.11,210.05,0.52,12.92,0.00,0.01,0.00,0.51,0.00,0.74,0.00,0.00,0.85,0.70,0.0008,0.0062,     0,0,0,0.07,99.93,0.00,N/A,0.05,0.10,210.05,0.51,12.74,0.00,0.01,0.00,0.63,0.00,0.71,0.00,0.00,0.70,0.79,0.0006,0.0026,     0,0,0,0.24,99.76,0.00,N/A,0.23,0.36,210.05,0.63,15.76,0.00,0.03,0.00,0.56,0.00,0.88,0.00,0.00,0.78,0.59,0.0011,0.0066,     0,0,0,0.10,99.90,0.00,N/A,0.10,0.19,210.05,0.56,13.89,0.00,0.01,0.01,0.33,0.02,0.73,0.00,0.03,0.96,0.28,0.0007,0.0209,     0,0,0,2.58,97.42,0.00,N/A,1.30,3.95,210.05,0.33,8.19,0.01,0.15,0.00,0.41,0.00,0.58,0.00,0.00,0.63,0.90,0.0006,0.0020,     0,0,0,0.04,99.96,0.00,N/A,0.02,0.05,210.05,0.41,10.28,0.00,0.00,0.00,0.45,0.00,0.66,0.00,0.00,0.73,0.72,0.0009,0.0053,     0,0,0,0.07,99.93,0.00,N/A,0.05,0.11,210.05,0.45,11.31,0.00,0.01,0.00,0.47,0.00,0.64,0.00,0.00,0.86,0.71,0.0007,0.0057,     0,0,0,0.08,99.92,0.00,N/A,0.05,0.11,210.05,0.47,11.82,0.00,0.01,0.00,0.49,0.00,0.64,0.00,0.00,0.89,0.73,0.0005,0.0055,     0,0,0,0.08,99.92,0.00,N/A,0.05,0.11,210.05,0.49,12.35,0.00,0.01,0.00,0.49,0.00,0.64,0.00,0.00,0.84,0.71,0.0008,0.0059,     0,0,0,0.08,99.92,0.00,N/A,0.05,0.11,210.05,0.49,12.14,0.00,0.01,0.00,0.48,0.00,0.64,0.00,0.00,0.84,0.71,0.0008,0.0059,     0,0,0,0.08,99.92,0.00,N/A,0.05,0.11,210.05,0.48,12.12,0.00,0.01,0.00,0.63,0.00,0.45,0.00,0.00,0.81,0.60,0.0010,0.0066,     0,0,0,0.16,99.84,0.00,N/A,0.10,0.16,210.05,0.63,15.67,0.00,0.01,
2024-03-21,21:06:55.594,0.00,0.82,0.00,0.85,0.00,0.06,0.94,0.56,0.0003,0.0048,0.00,0.00,-2147483648,0.00,0.00,13.56,16.54,210.33,0.82,20.50,0.00,0.10,0.59,0.46,1.96,0.58,99.42,0.00,100.00,0.00,0.00,0.00,0.00,-nan,0.07,0.01,1.03,0.01,0.87,0.00,0.03,0.93,0.65,0.0002,0.0030,     0,0,0,0.00,0.00,-2147483648,0.00,0.00,N/A,11.84,11.44,210.33,1.03,25.87,0.01,0.18,0.00,0.34,0.00,0.80,0.00,0.03,0.95,0.34,0.0008,0.0174,     0,0,0,0.00,0.00,-2147483648,0.00,0.00,N/A,1.72,5.10,210.33,0.34,8.44,0.00,0.03,0.14,0.15,  0%,  0%,0.19,0.11,  0%,  0%,0.38,0.51,  0%,  0%,0.52,0.54,  0%,  0%,0.78,99.22,0.00,100.00,0.00,0.00,0.38,99.62,0.00,100.00,0.00,0.00,0.00,0.00,0.00 ,0.00 ,-nan ,-nan ,0.07,0.07,0.01,0.33,0.02,0.87,0.00,0.03,0.94,0.28,0.0012,0.0191,     0,0,0,2.51,97.49,0.00,N/A,1.52,4.61,210.33,0.33,8.21,0.01,0.18,0.01,1.46,0.00,0.84,0.00,0.00,0.56,0.76,0.0001,0.0003,     0,0,0,0.50,99.50,0.00,N/A,1.28,0.88,210.33,1.46,36.61,0.01,0.15,0.04,1.72,0.02,0.91,0.00,0.00,0.98,0.94,0.0000,0.0003,     0,0,0,2.55,97.45,0.00,N/A,8.46,4.91,210.33,1.72,43.07,0.04,1.00,0.00,0.47,0.00,0.75,0.00,0.00,0.71,0.71,0.0011,0.0055,     0,0,0,0.07,99.93,0.00,N/A,0.05,0.10,210.33,0.47,11.86,0.00,0.01,0.00,0.50,0.00,0.74,0.00,0.00,0.85,0.73,0.0005,0.0052,     0,0,0,0.07,99.93,0.00,N/A,0.05,0.10,210.33,0.50,12.59,0.00,0.01,0.00,0.47,0.00,0.72,0.00,0.00,0.88,0.69,0.0006,0.0065,     0,0,0,0.07,99.93,0.00,N/A,0.05,0.11,210.33,0.47,11.84,0.00,0.01,0.00,0.70,0.00,0.59,0.00,0.00,0.80,0.83,0.0003,0.0019,     0,0,0,0.25,99.75,0.00,N/A,0.21,0.31,210.33,0.70,17.45,0.00,0.03,0.00,0.51,0.00,0.91,0.00,0.00,0.73,0.53,0.0013,0.0067,     0,0,0,0.22,99.78,0.00,N/A,0.21,0.42,210.33,0.51,12.68,0.00,0.03,0.01,0.31,0.02,0.84,0.00,0.03,0.96,0.28,0.0008,0.0207,     0,0,0,2.46,97.54,0.00,N/A,1.34,4.33,210.33,0.31,7.75,0.01,0.16,0.00,0.52,0.00,0.56,0.00,0.00,0.67,0.72,0.0014,0.0055,     0,0,0,0.12,99.88,0.00,N/A,0.07,0.14,210.33,0.52,13.02,0.00,0.01,0.00,0.37,0.00,0.53,0.00,0.00,0.68,0.88,0.0006,0.0021,     0,0,0,0.05,99.95,0.00,N/A,0.02,0.05,210.33,0.37,9.15,0.00,0.00,0.00,0.49,0.00,0.69,0.00,0.00,0.91,0.69,0.0005,0.0063,     0,0,0,0.07,99.93,0.00,N/A,0.05,0.10,210.33,0.49,12.22,0.00,0.01,0.00,0.48,0.00,0.69,0.00,0.00,0.87,0.72,0.0006,0.0054,     0,0,0,0.07,99.93,0.00,N/A,0.05,0.10,210.33,0.48,11.94,0.00,0.01,0.00,0.48,0.00,0.69,0.00,0.00,0.88,0.70,0.0006,0.0056,     0,0,0,0.07,99.93,0.00,N/A,0.05,0.10,210.33,0.48,11.95,0.00,0.01,0.00,0.47,0.00,0.70,0.00,0.00,0.84,0.71,0.0008,0.0054,     0,0,0,0.07,99.93,0.00,N/A,0.05,0.10,210.33,0.47,11.78,0.00,0.01,0.00,0.54,0.00,0.74,0.00,0.00,0.84,0.57,0.0008,0.0064,     0,0,0,0.10,99.90,0.00,N/A,0.09,0.16,210.33,0.54,13.54,0.00,0.01,
2024-03-21,21:06:55.703,0.01,1.40,0.01,0.93,0.00,0.06,0.95,0.53,0.0001,0.0021,0.00,0.00,-2147483648,0.00,0.00,29.92,21.42,209.76,1.40,34.92,0.01,0.22,0.69,0.36,2.22,0.68,99.32,0.00,100.00,0.00,0.00,0.00,0.00,-nan,0.08,0.01,0.93,0.01,0.88,0.00,0.03,0.94,0.62,0.0002,0.0036,     0,0,0,0.00,0.00,-2147483648,0.00,0.00,N/A,9.33,10.05,209.76,0.93,23.21,0.01,0.14,0.01,1.81,0.01,0.98,0.00,0.03,0.95,0.35,0.0001,0.0015,     0,0,0,0.00,0.00,-2147483648,0.00,0.00,N/A,20.59,11.37,209.76,1.81,45.28,0.01,0.30,0.17,0.18,  0%,  0%,0.23,0.11,  0%,  0%,0.44,0.57,  0%,  0%,0.52,0.69,  0%,  0%,0.68,99.32,0.00,100.00,0.00,0.00,0.68,99.32,0.00,100.00,0.00,0.00,0.00,0.00,0.00 ,0.00 ,-nan ,-nan ,0.09,0.08,0.01,0.30,0.02,0.96,0.00,0.03,0.95,0.28,0.0009,0.0201,     0,0,0,2.28,97.72,0.00,N/A,1.37,4.60,209.76,0.30,7.46,0.01,0.16,0.00,0.46,0.00,0.82,0.00,0.00,0.65,0.71,0.0011,0.0055,     0,0,0,0.08,99.92,0.00,N/A,0.06,0.14,209.76,0.46,11.45,0.00,0.01,0.02,1.66,0.01,0.94,0.00,0.00,0.94,0.93,0.0000,0.0004,     0,0,0,1.02,98.98,0.00,N/A,3.35,2.02,209.76,1.66,41.51,0.02,0.40,0.00,0.42,0.00,0.78,0.00,0.00,0.89,0.68,0.0006,0.0066,     0,0,0,0.07,99.93,0.00,N/A,0.05,0.11,209.76,0.42,10.53,0.00,0.01,0.01,1.27,0.01,0.72,0.00,0.00,0.88,0.65,0.0002,0.0021,     0,0,0,0.75,99.25,0.00,N/A,1.42,1.12,209.76,1.27,31.64,0.01,0.17,0.01,1.68,0.01,0.78,0.00,0.00,0.94,0.95,0.0000,0.0003,     0,0,0,1.02,98.98,0.00,N/A,2.82,1.68,209.76,1.68,42.00,0.01,0.34,0.00,0.69,0.00,0.73,0.00,0.00,0.76,0.83,0.0003,0.0018,     0,0,0,0.22,99.78,0.00,N/A,0.23,0.33,209.76,0.69,17.31,0.00,0.03,0.00,0.41,0.00,0.84,0.00,0.00,0.89,0.90,0.0002,0.0018,     0,0,0,0.02,99.98,0.00,N/A,0.02,0.04,209.76,0.41,10.34,0.00,0.00,0.01,0.31,0.02,0.96,0.00,0.03,0.96,0.28,0.0008,0.0210,     0,0,0,2.14,97.86,0.00,N/A,1.32,4.31,209.76,0.31,7.65,0.01,0.16,0.00,0.47,0.00,0.89,0.00,0.00,0.57,0.70,0.0019,0.0054,     0,0,0,0.09,99.91,0.00,N/A,0.08,0.17,209.76,0.47,11.77,0.00,0.01,0.03,2.94,0.01,0.99,0.00,0.00,0.50,0.79,0.0000,0.0000,     0,0,0,1.02,98.98,0.00,N/A,6.26,2.13,209.76,2.94,73.47,0.03,0.75,0.00,0.50,0.00,0.92,0.00,0.00,0.87,0.73,0.0006,0.0054,     0,0,0,0.05,99.95,0.00,N/A,0.05,0.10,209.76,0.50,12.45,0.00,0.01,0.06,2.96,0.02,1.00,0.00,0.00,0.79,0.74,0.0000,0.0000,     0,0,0,1.87,98.13,0.00,N/A,12.68,4.28,209.76,2.96,74.08,0.06,1.38,0.00,0.50,0.00,0.91,0.00,0.00,0.84,0.70,0.0008,0.0059,     0,0,0,0.05,99.95,0.00,N/A,0.05,0.10,209.76,0.50,12.44,0.00,0.01,0.00,0.49,0.00,0.92,0.00,0.00,0.86,0.67,0.0008,0.0065,     0,0,0,0.06,99.94,0.00,N/A,0.05,0.11,209.76,0.49,12.37,0.00,0.01,0.00,0.56,0.00,1.00,0.00,0.00,0.84,0.56,0.0010,0.0071,     0,0,0,0.08,99.92,0.00,N/A,0.10,0.17,209.76,0.56,14.07,0.00,0.01,
2024-03-21,21:06:55.802,0.01,1.51,0.01,0.94,0.00,0.06,0.93,0.49,0.0001,0.0019,0.00,0.00,-2147483648,0.00,0.00,35.01,23.11,210.20,1.51,37.87,0.01,0.26,0.48,0.57,1.60,0.7,1.00,0.00,0.00,0.83,0.0000,0.0000,     0,0,0,3.74,96.26,0.00,N/A,25.22,8.35,210.27,3.02,75.52,0.11,2.82,0.00,0.60,0.00,1.00,0.00,0.00,0.83,0.57,0.0010,0.0068,     0,0,0,0.07,99.93,0.00,N/A,0.09,0.15,210.27,0.60,15.07,0.00,0.01,
2024-03-21,21:06:55.902,0.01,1.37,0.01,1.00,0.01,0.09,0.87,0.56,0.0002,0.0020,0.00,0.00,-2147483648,0.00,0.00,44.46,32.39,211.74,1.37,34.32,0.01,0.33,2.33,0.41,5.33,0.96,99.04,0.00,100.00,0.00,0.00,0.00,0.00,-nan,0.10,0.01,0.96,0.01,1.00,0.01,0.05,0.86,0.63,0.0004,0.0033,     0,0,0,0.00,0.00,-2147483648,0.00,0.00,N/A,15.73,16.43,211.74,0.96,23.95,0.01,0.23,0.02,1.80,0.01,1.00,0.00,0.04,0.88,0.42,0.0001,0.0012,     0,0,0,0.00,0.00,-2147483648,0.00,0.00,N/A,28.73,15.96,211.74,1.80,45.00,0.02,0.42,0.60,1.08,  0%,  0%,0.46,0.20,  0%,  0%,1.55,1.40,  1%,  1%,1.21,1.18,  1%,  1%,0.97,99.03,0.00,100.00,0.00,0.00,0.94,99.06,0.00,100.00,0.00,0.00,0.00,0.00,0.00 ,0.00 ,-nan ,-nan ,0.10,0.10,0.01,0.32,0.02,1.00,0.00,0.03,0.94,0.26,0.0012,0.0203,     0,0,0,2.13,97.87,0.00,N/A,1.46,4.52,211.74,0.32,8.08,0.01,0.17,0.00,0.92,0.01,1.00,0.00,0.00,0.49,0.77,0.0008,0.0021,     0,0,0,0.51,99.49,0.00,N/A,0.99,1.08,211.74,0.92,23.05,0.00,0.12,0.00,0.49,0.00,1.00,0.00,0.00,0.52,0.67,0.0020,0.0058,     0,0,0,0.09,99.91,0.00,N/A,0.10,0.20,211.74,0.49,12.30,0.00,0.01,0.00,0.84,0.00,1.00,0.00,0.00,0.73,0.72,0.0006,0.0028,     0,0,0,0.27,99.73,0.00,N/A,0.47,0.56,211.74,0.84,21.05,0.00,0.06,0.01,0.95,0.01,1.00,0.00,0.00,0.83,0.73,0.0002,0.0018,     0,0,0,0.81,99.19,0.00,N/A,1.63,1.72,211.74,0.95,23.73,0.01,0.19,0.02,1.45,0.01,1.00,0.00,0.00,0.65,0.85,0.0003,0.0009,     0,0,0,1.08,98.92,0.00,N/A,3.31,2.29,211.74,1.45,36.22,0.02,0.39,0.03,1.24,0.02,1.00,0.00,0.01,0.81,0.73,0.0003,0.0018,     0,0,0,2.04,97.96,0.00,N/A,5.43,4.38,211.74,1.24,31.00,0.03,0.63,0.01,1.39,0.01,1.00,0.00,0.00,0.61,0.86,0.0003,0.0010,     0,0,0,0.80,99.20,0.00,N/A,2.34,1.69,211.74,1.39,34.67,0.01,0.28,0.01,0.39,0.03,1.00,0.00,0.03,0.93,0.32,0.0011,0.0147,     0,0,0,2.54,97.46,0.00,N/A,2.07,5.38,211.74,0.39,9.63,0.01,0.24,0.00,0.44,0.00,1.00,0.00,0.00,0.64,0.69,0.0019,0.0061,     0,0,0,0.06,99.94,0.00,N/A,0.05,0.12,211.74,0.44,11.06,0.00,0.01,0.00,0.45,0.00,1.00,0.00,0.00,0.86,0.80,0.0004,0.0042,     0,0,0,0.02,99.98,0.00,N/A,0.02,0.05,211.74,0.45,11.25,0.00,0.00,0.00,0.47,0.00,1.00,0.00,0.00,0.84,0.68,0.0009,0.0063,     0,0,0,0.08,99.92,0.00,N/A,0.08,0.17,211.74,0.47,11.87,0.00,0.01,0.01,0.74,0.01,1.00,0.00,0.00,0.52,0.68,0.0012,0.0025,     0,0,0,0.79,99.21,0.00,N/A,1.24,1.68,211.74,0.74,18.48,0.01,0.15,0.00,0.47,0.00,1.00,0.00,0.00,0.84,0.71,0.0009,0.0059,     0,0,0,0.05,99.95,0.00,N/A,0.05,0.11,211.74,0.47,11.72,0.00,0.01,0.12,3.02,0.04,1.00,0.00,0.00,0.57,0.75,0.0000,0.0000,     0,0,0,3.97,96.03,0.00,N/A,25.13,8.33,211.74,3.02,75.42,0.12,2.99,0.00,0.65,0.00,1.00,0.00,0.00,0.88,0.57,0.0006,0.0061,     0,0,0,0.06,99.94,0.00,N/A,0.09,0.13,211.74,0.65,16.22,0.00,0.01,
2024-03-21,21:06:55.997,0.01,1.46,0.01,0.99,0.01,0.07,0.91,0.61,0.0002,0.0017,0.00,0.00,-2147483648,0.00,0.00,40.64,27.75,212.07,1.46,36.61,0.01,0.30,1.89,0.81,4.05,0.83,99.17,0.00,100.00,0.00,0.00,0.00,0.00,-nan,0.08,0.01,0.95,0.01,0.98,0.00,0.04,0.90,0.65,0.0003,0.0033,     0,0,0,0.00,0.00,-2147483648,0.00,0.00,N/A,11.28,11.90,212.07,0.95,23.69,0.01,0.17,0.02,1.85,0.01,1.00,0.00,0.03,0.91,0.57,0.0001,0.0011,     0,0,0,0.00,0.00,-2147483648,0.00,0.00,N/A,29.36,15.85,212.07,1.85,46.30,0.02,0.44,0.40,0.24,  0%,  0%,0.70,0.56,  0%,  0%,0.36,0.74,  0%,  0%,1.56,1.38,  1%,  1%,0.72,99.28,0.00,100.00,0.00,0.00,0.94,99.06,0.00,100.00,0.00,0.00,0.00,0.00,0.00 ,0.00 ,-nan ,-nan ,0.08,0.08,0.01,0.32,0.02,0.98,0.00,0.03,0.94,0.26,0.0012,0.0206,     0,0,0,2.11,97.89,0.00,N/A,1.41,4.38,212.07,0.32,8.06,0.01,0.17,0.00,0.45,0.00,0.97,0.00,0.00,0.53,0.61,0.0016,0.0073,     0,0,0,0.12,99.88,0.00,N/A,0.11,0.25,212.07,0.45,11.19,0.00,0.01,0.00,0.45,0.01,0.99,0.00,0.00,0.26,0.49,0.0009,0.0027,     0,0,0,0.52,99.48,0.00,N/A,0.49,1.09,212.07,0.45,11.31,0.00,0.06,0.00,0.45,0.00,0.93,0.00,0.00,0.67,0.66,0.0016,0.0067,     0,0,0,0.10,99.90,0.00,N/A,0.09,0.19,212.07,0.45,11.23,0.00,0.01,0.00,0.40,0.00,0.71,0.00,0.00,0.91,0.90,0.0002,0.0021,     0,0,0,0.04,99.96,0.00,N/A,0.02,0.06,212.07,0.40,10.08,0.00,0.00,0.00,0.48,0.00,0.77,0.00,0.00,0.76,0.70,0.0011,0.0067,     0,0,0,0.08,99.92,0.00,N/A,0.06,0.12,212.07,0.48,12.10,0.00,0.01,0.00,0.66,0.00,0.89,0.00,0.00,0.60,0.74,0.0011,0.0032,     0,0,0,0.24,99.76,0.00,N/A,0.29,0.44,212.07,0.66,16.50,0.00,0.04,0.04,1.64,0.03,1.00,0.00,0.00,0.83,0.93,0.0001,0.0004,     0,0,0,2.54,97.46,0.00,N/A,8.80,5.36,212.07,1.64,41.01,0.04,1.04,0.01,0.29,0.02,1.00,0.00,0.03,0.96,0.27,0.0008,0.0212,     0,0,0,2.13,97.87,0.00,N/A,1.32,4.51,212.07,0.29,7.29,0.01,0.16,0.00,0.44,0.00,1.00,0.00,0.00,0.47,0.69,0.0019,0.0062,     0,0,0,0.06,99.94,0.00,N/A,0.05,0.12,212.07,0.44,11.10,0.00,0.01,0.00,0.47,0.00,1.00,0.00,0.00,0.80,0.79,0.0007,0.0043,     0,0,0,0.02,99.98,0.00,N/A,0.02,0.05,212.07,0.47,11.69,0.00,0.00,0.00,0.46,0.00,1.00,0.00,0.00,0.73,0.70,0.0010,0.0044,     0,0,0,0.11,99.89,0.00,N/A,0.11,0.24,212.07,0.46,11.43,0.00,0.01,0.00,0.46,0.00,1.00,0.00,0.00,0.84,0.67,0.0009,0.0066,     0,0,0,0.05,99.95,0.00,N/A,0.05,0.11,212.07,0.46,11.42,0.00,0.01,0.01,1.27,0.01,1.00,0.00,0.00,0.51,0.91,0.0005,0.0011,     0,0,0,1.06,98.94,0.00,N/A,2.83,2.24,212.07,1.27,31.67,0.01,0.34,0.12,2.98,0.04,1.00,0.00,0.00,0.55,0.78,0.0000,0.0000,     0,0,0,4.15,95.85,0.00,N/A,24.81,8.33,212.07,2.98,74.48,0.12,3.09,0.00,0.63,0.00,1.00,0.00,0.00,0.82,0.50,0.0011,0.0073,     0,0,0,0.12,99.88,0.00,N/A,0.17,0.26,212.07,0.63,15.71,0.00,0.02,
2024-03-21,21:06:56.102,0.01,1.41,0.01,0.98,0.01,0.07,0.91,0.43,0.0002,0.0022,0.00,0.00,-2147483648,0.00,0.00,30.87,21.93,208.20,1.41,35.19,0.01,0.23,0.31,0.10,1.01,0.67,99.33,0.00,100.00,0.00,0.00,0.00,0.00,-nan,0.08,0.00,0.50,0.00,0.95,0.00,0.03,0.89,0.50,0.0009,0.0089,     0,0,0,0.00,0.00,-2147483648,0.00,0.00,N/A,3.89,7.73,208.20,0.50,12.57,0.00,0.06,0.02,1.90,0.01,1.00,0.00,0.03,0.92,0.35,0.0001,0.0012,     0,0,0,0.00,0.00,-2147483648,0.00,0.00,N/A,26.98,14.20,208.20,1.90,47.50,0.02,0.40,0.06,0.09,  0%,  0%,0.12,0.04,  0%,  0%,0.15,0.32,  0%,  0%,0.30,0.24,  0%,  0%,0.49,99.51,0.00,100.00,0.00,0.00,0.84,99.16,0.00,100.00,0.00,0.00,0.00,0.00,0.00 ,0.00 ,-nan ,-nan ,0.08,0.08,0.01,0.31,0.02,1.00,0.00,0.03,0.94,0.27,0.0012,0.0199,     0,0,0,2.24,97.76,0.00,N/A,1.46,4.65,208.20,0.31,7.83,0.01,0.18,0.00,0.44,0.00,1.00,0.00,0.00,0.52,0.69,0.0017,0.0058,     0,0,0,0.08,99.92,0.00,N/A,0.07,0.16,208.20,0.44,11.07,0.00,0.01,0.00,0.46,0.00,0.97,0.00,0.00,0.64,0.77,0.0011,0.0041,     0,0,0,0.05,99.95,0.00,N/A,0.04,0.09,208.20,0.46,11.46,0.00,0.01,0.00,0.48,0.00,1.00,0.00,0.00,0.77,0.66,0.0012,0.0070,     0,0,0,0.08,99.92,0.00,N/A,0.08,0.17,208.20,0.48,11.90,0.00,0.01,0.00,0.87,0.01,1.00,0.00,0.00,0.33,0.89,0.0009,0.0014,     0,0,0,0.50,99.50,0.00,N/A,0.91,1.05,208.20,0.87,21.82,0.00,0.11,0.00,0.49,0.00,0.97,0.00,0.00,0.85,0.72,0.0007,0.0062,     0,0,0,0.06,99.94,0.00,N/A,0.06,0.11,208.20,0.49,12.31,0.00,0.01,0.00,0.56,0.00,1.00,0.00,0.00,0.59,0.74,0.0012,0.0035,     0,0,0,0.26,99.74,0.00,N/A,0.31,0.55,208.20,0.56,13.95,0.00,0.04,0.00,1.02,0.00,0.69,0.00,0.00,0.64,0.80,0.0005,0.0017,     0,0,0,0.64,99.36,0.00,N/A,0.95,0.94,208.20,1.02,25.49,0.00,0.11,0.01,0.30,0.02,1.00,0.00,0.03,0.96,0.26,0.0008,0.0211,     0,0,0,2.13,97.87,0.00,N/A,1.35,4.43,208.20,0.30,7.60,0.01,0.16,0.00,0.48,0.00,1.00,0.00,0.00,0.49,0.73,0.0021,0.0055,     0,0,0,0.06,99.94,0.00,N/A,0.06,0.12,208.20,0.48,11.88,0.00,0.01,0.06,2.99,0.02,1.00,0.00,0.00,0.68,0.91,0.0000,0.0000,     0,0,0,1.90,98.10,0.00,N/A,12.55,4.19,208.20,2.99,74.83,0.06,1.42,0.00,0.50,0.00,1.00,0.00,0.00,0.81,0.68,0.0010,0.0064,     0,0,0,0.08,99.92,0.00,N/A,0.08,0.16,208.20,0.50,12.55,0.00,0.01,0.00,0.52,0.00,1.00,0.00,0.00,0.88,0.70,0.0006,0.0060,     0,0,0,0.05,99.95,0.00,N/A,0.06,0.11,208.20,0.52,12.95,0.00,0.01,0.00,0.60,0.00,1.00,0.00,0.00,0.42,0.61,0.0018,0.0042,     0,0,0,0.19,99.81,0.00,N/A,0.24,0.40,208.20,0.60,14.97,0.00,0.03,0.06,2.91,0.02,1.00,0.00,0.00,0.70,0.73,0.0000,0.0000,     0,0,0,2.04,97.96,0.00,N/A,12.35,4.24,208.20,2.91,72.82,0.06,1.48,0.00,0.55,0.00,1.00,0.00,0.00,0.65,0.50,0.0020,0.0062,     0,0,0,0.27,99.73,0.00,N/A,0.30,0.55,208.20,0.55,13.70,0.00,23.54,210.29,1.4,21:06:56.202,0.01,1.48,0.01,1.00,0.00,0.07,0.94,0.55,0.0001,0.0018,0.00,0.00,-2147483648,0.00,0.00,37.57,25.35,209.87,1.48,37.06,0.01,0.28,1.39,1.47,1.48,0.76,99.24,0.00,100.00,0.00,0.00,0.00,0.00,-nan,0.08,0.01,0.92,0.01,1.00,0.00,0.04,0.93,0.65,0.0002,0.0034,     0,0,0,0.00,0.00,-2147483648,0.00,0.00,N/A,10.76,11.74,209.87,0.92,22.92,0.01,0.16,0.02,1.97,0.01,1.00,0.00,0.03,0.95,0.33,0.0001,0.0011,     0,0,0,0.00,0.00,-2147483648,0.00,0.00,N/A,26.81,13.60,209.87,1.97,49.27,0.02,0.40,0.59,0.66,  0%,  0%,0.11,0.04,  0%,  0%,0.79,0.29,  0%,  0%,0.23,0.16,  0%,  0%,0.70,99.30,0.00,100.00,0.00,0.00,0.81,99.19,0.00,100.00,0.00,0.00,0.00,0.00,0.00 ,0.00 ,-nan ,-nan ,0.08,0.08,0.01,0.30,0.02,1.00,0.00,0.03,0.94,0.27,0.0011,0.0201,     0,0,0,2.32,97.68,0.00,N/A,1.44,4.86,209.87,0.30,7.42,0.01,0.17,0.00,0.36,0.00,1.00,0.00,0.00,0.58,0.65,0.0016,0.0055,     0,0,0,0.15,99.85,0.00,N/A,0.12,0.32,209.87,0.36,9.01,0.00,0.01,0.00,0.49,0.00,0.98,0.00,0.00,0.81,0.64,0.0009,0.0071,     0,0,0,0.09,99.91,0.00,N/A,0.09,0.19,209.87,0.49,12.18,0.00,0.01,0.00,0.45,0.00,1.00,0.00,0.00,0.77,0.63,0.0013,0.0075,     0,0,0,0.08,99.92,0.00,N/A,0.08,0.17,209.87,0.45,11.37,0.00,0.01,0.00,0.40,0.00,0.91,0.00,0.00,0.91,0.85,0.0002,0.0033,     0,0,0,0.03,99.97,0.00,N/A,0.03,0.06,209.87,0.40,10.07,0.00,0.00,0.00,0.51,0.00,0.92,0.00,0.00,0.81,0.68,0.0009,0.0065,     0,0,0,0.06,99.94,0.00,N/A,0.06,0.12,209.87,0.51,12.84,0.00,0.01,0.03,1.60,0.02,1.00,0.00,0.00,0.94,0.91,0.0000,0.0006,     0,0,0,1.70,98.30,0.00,N/A,5.73,3.58,209.87,1.60,40.05,0.03,0.68,0.02,1.32,0.01,1.00,0.00,0.00,0.75,0.92,0.0001,0.0005,     0,0,0,1.18,98.82,0.00,N/A,3.22,2.44,209.87,1.32,32.97,0.02,0.39,0.01,0.29,0.02,1.00,0.00,0.03,0.96,0.26,0.0009,0.0210,     0,0,0,2.20,97.80,0.00,N/A,1.34,4.62,209.87,0.29,7.22,0.01,0.16,0.00,0.46,0.00,1.00,0.00,0.00,0.75,0.67,0.0011,0.0067,     0,0,0,0.06,99.94,0.00,N/A,0.06,0.12,209.87,0.46,11.55,0.00,0.01,0.12,3.02,0.04,1.00,0.00,0.00,0.17,0.87,0.0000,0.0000,     0,0,0,3.96,96.04,0.00,N/A,25.15,8.32,209.87,3.02,75.53,0.12,2.99,0.00,0.51,0.00,1.00,0.00,0.00,0.83,0.69,0.0009,0.0063,     0,0,0,0.07,99.93,0.00,N/A,0.08,0.15,209.87,0.51,12.76,0.00,0.01,0.00,0.51,0.00,1.00,0.00,0.00,0.85,0.72,0.0007,0.0057,     0,0,0,0.05,99.95,0.00,N/A,0.05,0.10,209.87,0.51,12.84,0.00,0.01,0.00,0.51,0.00,1.00,0.00,0.00,0.84,0.72,0.0008,0.0059,     0,0,0,0.05,99.95,0.00,N/A,0.05,0.11,209.87,0.51,12.74,0.00,0.01,0.00,0.51,0.00,1.00,0.00,0.00,0.92,0.62,0.0005,0.0076,     0,0,0,0.06,99.94,0.00,N/A,0.06,0.12,209.87,0.51,12.73,0.00,0.01,0.00,0.43,0.00,1.00,0.00,0.00,0.87,0.80,0.0004,0.0040,     0,0,0,0.03,99.97,0.00,N/A,0.02,0.06,209.87,0.43,10.86,0.00,0.00,
2024-03-21,21:06:56.303,0.01,1.44,0.01,1.00,0.01,0.07,0.90,0.50,0.0002,0.0020,0.00,0.00,-2147483648,0.00,0.00,36.30,25.14,212.26,1.44,36.09,0.01,0.27,0.52,0.54,0.86,0.74,99.26,0.00,100.00,0.00,0.00,0.00,0.00,-nan,0.08,0.01,0.84,0.01,0.99,0.01,0.04,0.87,0.58,0.0005,0.0043,     0,0,0,0.00,0.00,-2147483648,0.00,0.00,N/A,9.59,11.36,212.26,0.84,21.10,0.01,0.14,0.02,1.94,0.01,1.00,0.00,0.03,0.94,0.34,0.0001,0.0011,     0,0,0,0.00,0.00,-2147483648,0.00,0.00,N/A,26.71,13.78,212.26,1.94,48.45,0.02,0.39,0.08,0.08,  0%,  0%,0.32,0.05,  0%,  0%,0.14,0.28,  0%,  0%,0.26,0.18,  0%,  0%,0.68,99.32,0.00,100.00,0.00,0.00,0.81,99.19,0.00,100.00,0.00,0.00,0.00,0.00,0.00 ,0.00 ,-nan ,-nan ,0.08,0.08,0.01,0.31,0.02,1.00,0.00,0.03,0.95,0.27,0.0010,0.0203,     0,0,0,2.16,97.84,0.00,N/A,1.42,4.59,212.26,0.31,7.73,0.01,0.17,0.00,0.53,0.00,0.99,0.00,0.00,0.51,0.63,0.0016,0.0060,     0,0,0,0.17,99.83,0.00,N/A,0.19,0.36,212.26,0.53,13.29,0.00,0.02,0.00,0.51,0.00,0.85,0.00,0.00,0.76,0.64,0.0011,0.0065,     0,0,0,0.11,99.89,0.00,N/A,0.10,0.20,212.26,0.51,12.83,0.00,0.01,0.00,0.45,0.00,0.99,0.00,0.00,0.71,0.59,0.0016,0.0081,     0,0,0,0.17,99.83,0.00,N/A,0.16,0.35,212.26,0.45,11.14,0.00,0.02,0.00,0.49,0.00,0.86,0.00,0.00,0.88,0.85,0.0002,0.0032,     0,0,0,0.03,99.97,0.00,N/A,0.03,0.05,212.26,0.49,12.34,0.00,0.00,0.00,0.55,0.00,0.79,0.00,0.00,0.63,0.68,0.0019,0.0066,     0,0,0,0.08,99.92,0.00,N/A,0.08,0.14,212.26,0.55,13.72,0.00,0.01,0.02,1.27,0.02,0.99,0.00,0.01,0.63,0.78,0.0005,0.0013,     0,0,0,1.72,98.28,0.00,N/A,4.62,3.64,212.26,1.27,31.74,0.02,0.54,0.01,1.48,0.01,0.99,0.00,0.00,0.66,0.88,0.0002,0.0008,     0,0,0,0.96,99.04,0.00,N/A,3.00,2.03,212.26,1.48,36.91,0.01,0.35,0.01,0.29,0.02,1.00,0.00,0.03,0.96,0.27,0.0008,0.0209,     0,0,0,2.18,97.82,0.00,N/A,1.33,4.64,212.26,0.29,7.18,0.01,0.16,0.00,0.45,0.00,1.00,0.00,0.00,0.60,0.64,0.0019,0.0064,     0,0,0,0.08,99.92,0.00,N/A,0.08,0.17,212.26,0.45,11.20,0.00,0.01,0.12,3.00,0.04,1.00,0.00,0.00,0.33,0.88,0.0000,0.0000,     0,0,0,3.92,96.08,0.00,N/A,24.96,8.31,212.26,3.00,75.06,0.12,2.94,0.00,0.50,0.00,1.00,0.00,0.00,0.83,0.68,0.0010,0.0065,     0,0,0,0.08,99.92,0.00,N/A,0.08,0.16,212.26,0.50,12.39,0.00,0.01,0.00,0.50,0.00,1.00,0.00,0.00,0.88,0.68,0.0007,0.0065,     0,0,0,0.04,99.96,0.00,N/A,0.05,0.09,212.26,0.50,12.60,0.00,0.01,0.00,0.49,0.00,1.00,0.00,0.00,0.86,0.69,0.0008,0.0064,     0,0,0,0.05,99.95,0.00,N/A,0.05,0.10,212.26,0.49,12.23,0.00,0.01,0.00,0.49,0.00,1.00,0.00,0.00,0.82,0.68,0.0009,0.0064,     0,0,0,0.05,99.95,0.00,N/A,0.05,0.10,212.26,0.49,12.25,0.00,0.01,0.00,0.54,0.00,1.00,0.00,0.00,0.74,0.60,0.0016,0.0069,     0,0,0,0.09,99.91,0.00,N/A,0.11,0.20,212.26,0.54,13.50,0.00,0.01,
2024-03-21,21:06:56.406,0.01,1.50,0.01,0.97,0.00,0.07,0.93,0.51,0.0001,0.0019,0.00,0.00,-2147483648,0.00,0.00,36.43,24.21,211.93,1.50,37.62,0.01,0.27,0.73,0.73,2.23,0.74,99.26,0.00,100.00,0.00,0.00,0.00,0.00,-nan,0.10,0.01,1.25,0.01,0.94,0.00,0.04,0.92,0.59,0.0002,0.0024,     0,0,0,0.00,0.00,-2147483648,0.00,0.00,N/A,15.48,12.34,211.93,1.25,31.35,0.01,0.23,0.01,1.77,0.01,1.00,0.00,0.03,0.94,0.35,0.0001,0.0015,     0,0,0,0.00,0.00,-2147483648,0.00,0.00,N/A,20.95,11.86,211.93,1.77,44.15,0.01,0.31,0.14,0.10,  0%,  0%,0.28,0.21,  0%,  0%,0.17,0.29,  0%,  0%,0.98,0.79,  0%,  0%,0.77,99.23,0.00,100.00,0.00,0.00,0.70,99.30,0.00,100.00,0.00,0.00,0.00,0.00,0.00 ,0.00 ,-nan ,-nan ,0.10,0.10,0.01,0.31,0.02,0.88,0.00,0.03,0.95,0.26,0.0011,0.0204,     0,0,0,2.52,97.48,0.00,N/A,1.44,4.68,211.93,0.31,7.71,0.01,0.17,0.00,0.53,0.00,0.95,0.00,0.00,0.55,0.64,0.0017,0.0069,     0,0,0,0.15,99.85,0.00,N/A,0.16,0.30,211.93,0.53,13.30,0.00,0.02,0.03,2.89,0.01,0.99,0.00,0.00,0.82,0.68,0.0000,0.0001,     0,0,0,1.04,98.96,0.00,N/A,6.31,2.18,211.93,2.89,72.34,0.03,0.75,0.01,1.41,0.00,0.98,0.00,0.00,0.70,0.66,0.0002,0.0007,     0,0,0,0.46,99.54,0.00,N/A,1.34,0.95,211.93,1.41,35.24,0.01,0.16,0.00,0.46,0.00,0.73,0.00,0.00,0.88,0.92,0.0001,0.0015,     0,0,0,0.03,99.97,0.00,N/A,0.02,0.05,211.93,0.46,11.50,0.00,0.00,0.00,0.50,0.00,0.93,0.00,0.00,0.86,0.69,0.0007,0.0061,     0,0,0,0.06,99.94,0.00,N/A,0.06,0.13,211.93,0.50,12.45,0.00,0.01,0.01,1.44,0.01,0.96,0.00,0.00,0.92,0.89,0.0001,0.0008,     0,0,0,0.89,99.11,0.00,N/A,2.62,1.83,211.93,1.44,35.91,0.01,0.31,0.02,1.58,0.01,1.00,0.00,0.00,0.84,0.91,0.0001,0.0006,     0,0,0,1.06,98.94,0.00,N/A,3.51,2.23,211.93,1.58,39.48,0.02,0.41,0.01,0.28,0.02,1.00,0.00,0.03,0.96,0.27,0.0009,0.0211,     0,0,0,2.21,97.79,0.00,N/A,1.33,4.67,211.93,0.28,7.11,0.01,0.16,0.00,0.48,0.00,1.00,0.00,0.00,0.65,0.68,0.0018,0.0064,     0,0,0,0.11,99.89,0.00,N/A,0.11,0.23,211.93,0.48,12.05,0.00,0.01,0.10,3.06,0.03,1.00,0.00,0.00,0.32,0.90,0.0000,0.0000,     0,0,0,3.11,96.89,0.00,N/A,19.13,6.24,211.93,3.06,76.58,0.10,2.38,0.00,0.51,0.00,1.00,0.00,0.00,0.85,0.70,0.0008,0.0061,     0,0,0,0.07,99.93,0.00,N/A,0.08,0.16,211.93,0.51,12.64,0.00,0.01,0.00,0.50,0.00,1.00,0.00,0.00,0.87,0.70,0.0007,0.0061,     0,0,0,0.05,99.95,0.00,N/A,0.05,0.10,211.93,0.50,12.56,0.00,0.01,0.00,0.50,0.00,1.00,0.00,0.00,0.85,0.70,0.0008,0.0062,     0,0,0,0.05,99.95,0.00,N/A,0.05,0.11,211.93,0.50,12.44,0.00,0.01,0.00,0.53,0.00,1.00,0.00,0.00,0.82,0.67,0.0009,0.0063,     0,0,0,0.10,99.90,0.00,N/A,0.11,0.21,211.93,0.53,13.17,0.00,0.01,0.00,0.62,0.00,1.00,0.00,0.00,0.85,0.57,0.0009,0.0067,     0,0,0,0.07,99.93,0.00,N/A,0.09,0.14,211.93,0.62,15.40,0.00,0.01,
2024-03-21,21:06:56.509,0.02,2.03,0.01,1.00,0.00,0.07,0.94,0.39,0.0001,0.0011,0.00,0.00,-2147483648,0.00,0.00,62.47,30.82,212.17,2.03,50.68,0.02,0.46,0.62,0.44,1.55,0.90,99.10,0.00,100.00,0.00,0.00,0.00,0.00,-nan,1.93,48.31,0.02,0.4,1.00,0.00,0.04,0.93,0.43,0.0001,0.0012,     0,0,0,0.00,0.00,-2147483648,0.00,0.00,N/A,29.19,15.11,212.17,1.93,48.28,0.02,0.43,0.02,2.12,0.01,1.00,0.00,0.03,0.95,0.34,0.0000,0.0009,     0,0,0,0.00,0.00,-2147483648,0.00,0.00,N/A,33.28,15.70,212.17,2.12,52.99,0.02,0.48,0.21,0.09,  0%,  0%,0.18,0.14,  0%,  0%,0.16,0.33,  0%,  0%,0.64,0.42,  0%,  0%,0.89,99.11,0.00,100.00,0.00,0.00,0.91,99.09,0.00,100.00,0.00,0.00,0.00,0.00,0.00 ,0.00 ,-nan ,-nan ,0.08,0.08,0.01,0.32,0.02,1.00,0.00,0.03,0.95,0.25,0.0010,0.0208,     0,0,0,2.06,97.94,0.00,N/A,1.42,4.37,212.17,0.32,8.12,0.01,0.17,0.06,2.97,0.02,1.00,0.00,0.00,0.63,0.65,0.0000,0.0000,     0,0,0,2.02,97.98,0.00,N/A,12.70,4.28,212.17,2.97,74.19,0.06,1.50,0.00,0.49,0.00,1.00,0.00,0.00,0.55,0.67,0.0015,0.0062,     0,0,0,0.06,99.94,0.00,N/A,0.06,0.13,212.17,0.49,12.33,0.00,0.01,0.00,0.47,0.00,1.00,0.00,0.00,0.80,0.63,0.0011,0.0074,     0,0,0,0.08,99.92,0.00,N/A,0.08,0.17,212.17,0.47,11.79,0.00,0.01,0.00,0.53,0.00,1.00,0.00,0.00,0.46,0.80,0.0016,0.0041,     0,0,0,0.03,99.97,0.00,N/A,0.03,0.06,212.17,0.53,13.33,0.00,0.00,0.06,2.99,0.02,1.00,0.00,0.00,0.77,0.66,0.0000,0.0000,     0,0,0,1.96,98.04,0.00,N/A,12.67,4.24,212.17,2.99,74.72,0.06,1.46,0.01,1.15,0.00,1.00,0.00,0.00,0.86,0.88,0.0001,0.0011,     0,0,0,0.45,99.55,0.00,N/A,1.08,0.94,212.17,1.15,28.63,0.01,0.13,0.01,1.24,0.00,1.00,0.00,0.00,0.90,0.58,0.0003,0.0028,     0,0,0,0.44,99.56,0.00,N/A,1.15,0.93,212.17,1.24,31.03,0.01,0.14,0.01,0.30,0.02,1.00,0.00,0.03,0.96,0.26,0.0009,0.0214,     0,0,0,2.10,97.90,0.00,N/A,1.31,4.45,212.17,0.30,7.38,0.01,0.15,0.05,3.03,0.02,1.00,0.00,0.00,0.49,0.78,0.0000,0.0000,     0,0,0,1.81,98.19,0.00,N/A,12.69,4.19,212.17,3.03,75.73,0.05,1.37,0.09,3.00,0.03,1.00,0.00,0.00,0.62,0.78,0.0000,0.0000,     0,0,0,2.96,97.04,0.00,N/A,18.88,6.28,212.17,3.00,75.12,0.09,2.22,0.00,0.52,0.00,1.00,0.00,0.00,0.82,0.65,0.0009,0.0071,     0,0,0,0.09,99.91,0.00,N/A,0.10,0.19,212.17,0.52,13.06,0.00,0.01,0.00,0.51,0.00,1.00,0.00,0.00,0.89,0.66,0.0006,0.0068,     0,0,0,0.08,99.92,0.00,N/A,0.08,0.17,212.17,0.51,12.71,0.00,0.01,0.00,0.53,0.00,1.00,0.00,0.00,0.88,0.65,0.0007,0.0073,     0,0,0,0.08,99.92,0.00,N/A,0.09,0.17,212.17,0.53,13.16,0.00,0.01,0.00,0.52,0.00,1.00,0.00,0.00,0.86,0.65,0.0008,0.0067,     0,0,0,0.10,99.90,0.00,N/A,0.11,0.21,212.17,0.52,12.93,0.00,0.01,0.00,0.43,0.00,1.00,0.00,0.00,0.74,0.88,0.0004,0.0019,     0,0,0,0.02,99.98,0.00,N/A,0.02,0.05,212.17,0.43,10.63,0.00,0.00,
2024-03-21,21:06:56.608,0.03,2.15,0.01,1.00,0.00,0.07,0.94,0.55,0.0000,0.0008,0.00,0.00,-2147483648,0.00,0.00,88.30,41.09,210.01,2.15,53.72,0.03,0.65,0.71,0.45,1.66,1.22,98.78,0.00,100.00,0.00,0.00,0.00,0.00,-nan,0.08,0.04,2.24,0.02,1.00,0.00,0.04,0.94,0.65,0.0000,0.0006,     0,0,0,0.00,0.00,-2147483648,0.00,0.00,N/A,61.19,27.29,210.01,2.24,56.05,0.04,0.90,0.02,1.97,0.01,1.00,0.00,0.03,0.95,0.35,0.0001,0.0011,     0,0,0,0.00,0.00,-2147483648,0.00,0.00,N/A,27.11,13.80,210.01,1.97,49.13,0.02,0.40,0.20,0.23,  0%,  0%,0.19,0.09,  0%,  0%,0.45,0.31,  0%,  0%,0.46,0.44,  0%,  0%,1.61,98.39,0.00,100.00,0.00,0.00,0.82,99.18,0.00,100.00,0.00,0.00,0.00,0.00,0.00 ,0.00 ,-nan ,-nan ,0.08,0.08,0.01,0.33,0.02,1.00,0.00,0.03,0.94,0.26,0.0012,0.0199,     0,0,0,2.15,97.85,0.00,N/A,1.51,4.53,210.01,0.33,8.33,0.01,0.18,0.08,2.98,0.03,1.00,0.00,0.00,0.70,0.61,0.0000,0.0000,     0,0,0,2.75,97.25,0.00,N/A,18.64,6.25,210.01,2.98,74.53,0.08,2.05,0.08,3.02,0.03,1.00,0.00,0.00,0.73,0.85,0.0000,0.0000,     0,0,0,2.75,97.25,0.00,N/A,18.91,6.26,210.01,3.02,75.50,0.08,2.08,0.00,0.48,0.00,1.00,0.00,0.00,0.68,0.63,0.0014,0.0072,     0,0,0,0.11,99.89,0.00,N/A,0.11,0.23,210.01,0.48,11.96,0.00,0.01,0.00,0.45,0.00,1.00,0.00,0.00,0.90,0.92,0.0001,0.0016,     0,0,0,0.02,99.98,0.00,N/A,0.02,0.05,210.01,0.45,11.27,0.00,0.00,0.07,2.99,0.02,1.00,0.00,0.00,0.86,0.80,0.0000,0.0000,     0,0,0,2.20,97.80,0.00,N/A,12.52,4.19,210.01,2.99,74.73,0.07,1.64,0.00,0.66,0.00,1.00,0.00,0.00,0.78,0.79,0.0005,0.0027,     0,0,0,0.17,99.83,0.00,N/A,0.24,0.36,210.01,0.66,16.54,0.00,0.03,0.04,1.70,0.03,1.00,0.00,0.00,0.99,0.92,0.0000,0.0005,     0,0,0,2.57,97.43,0.00,N/A,9.25,5.43,210.01,1.70,42.59,0.04,1.10,0.01,0.30,0.02,1.00,0.00,0.03,0.96,0.26,0.0008,0.0214,     0,0,0,2.09,97.91,0.00,N/A,1.31,4.39,210.01,0.30,7.43,0.01,0.16,0.07,2.88,0.02,1.00,0.00,0.00,0.68,0.66,0.0000,0.0001,     0,0,0,2.29,97.71,0.00,N/A,12.59,4.37,210.01,2.88,72.12,0.07,1.65,0.06,2.96,0.02,1.00,0.00,0.00,0.59,0.73,0.0000,0.0000,     0,0,0,1.86,98.14,0.00,N/A,12.53,4.23,210.01,2.96,74.01,0.06,1.38,0.00,0.50,0.00,1.00,0.00,0.00,0.84,0.68,0.0009,0.0063,     0,0,0,0.07,99.93,0.00,N/A,0.08,0.16,210.01,0.50,12.41,0.00,0.01,0.00,0.46,0.00,1.00,0.00,0.00,0.90,0.80,0.0002,0.0040,     0,0,0,0.03,99.97,0.00,N/A,0.02,0.05,210.01,0.46,11.49,0.00,0.00,0.00,0.44,0.00,1.00,0.00,0.00,0.91,0.78,0.0003,0.0047,     0,0,0,0.03,99.97,0.00,N/A,0.03,0.06,210.01,0.44,11.02,0.00,0.00,0.00,0.54,0.00,1.00,0.00,0.00,0.87,0.65,0.0008,0.0068,     0,0,0,0.10,99.90,0.00,N/A,0.11,0.21,210.01,0.54,13.38,0.00,0.01,0.00,1.34,0.00,1.00,0.00,0.00,0.51,0.81,0.0002,0.0005,     0,0,0,0.16,99.84,0.00,N/A,0.45,0.33,210.01,1.34,33.54,0.00,0.05,
2024-03-21,21:06:56.708,0.03,2.24,0.01,1.00,0.00,0.07,0.93,0.50,0.0000,0.0007,0.00,0.00,-2147483648,0.00,0.00,102.77,45.93,210.55,2.24,55.93,0.03,0.76,0.74,0.47,2.05,1.36,98.64,0.00,100.00,0.00,0.00,0.00,0.00,-nan,0.08,0.03,2.16,0.02,1.00,0.00,0.04,0.92,0.59,0.0001,0.0007,     0,0,0,0.00,0.00,-2147483648,0.00,0.00,N/A,55.57,25.72,210.55,2.16,54.00,0.03,0.83,0.03,2.34,0.01,1.00,0.00,0.03,0.95,0.34,0.0000,0.0007,     0,0,0,0.00,0.00,-2147483648,0.00,0.00,N/A,47.20,20.21,210.55,2.34,58.39,0.03,0.69,0.30,0.26,  0%,  0%,0.11,0.07,  0%,  0%,0.52,0.69,  0%,  0%,0.39,0.45,  0%,  0%,1.53,98.47,0.00,100.00,0.00,0.00,1.19,98.81,0.00,100.00,0.00,0.00,0.00,0.00,0.00 ,0.00 ,-nan ,-nan ,0.08,0.08,0.01,0.32,0.02,1.00,0.00,0.03,0.93,0.25,0.0013,0.0196,     0,0,0,2.34,97.66,0.00,N/A,1.58,4.93,210.55,0.32,7.98,0.01,0.19,0.13,3.01,0.04,1.00,0.00,0.00,0.52,0.85,0.0000,0.0000,     0,0,0,4.31,95.69,0.00,N/A,25.04,8.32,210.55,3.01,75.22,0.13,3.24,0.07,2.97,0.02,1.00,0.00,0.00,0.83,0.66,0.0000,0.0000,     0,0,0,2.38,97.62,0.00,N/A,14.65,4.94,210.55,2.97,74.17,0.07,1.76,0.02,1.55,0.01,1.00,0.00,0.00,0.83,0.89,0.0001,0.0006,     0,0,0,1.16,98.84,0.00,N/A,4.10,2.65,210.55,1.55,38.64,0.02,0.45,0.01,1.66,0.01,1.00,0.00,0.00,0.96,0.91,0.0000,0.0005,     0,0,0,0.88,99.12,0.00,N/A,3.10,1.86,210.55,1.66,41.53,0.01,0.37,0.00,1.18,0.00,1.00,0.00,0.00,0.74,0.72,0.0002,0.0010,     0,0,0,0.15,99.85,0.00,N/A,0.37,0.31,210.55,1.18,29.52,0.00,0.04,0.00,0.64,0.00,1.00,0.00,0.00,0.78,0.78,0.0005,0.0030,     0,0,0,0.20,99.80,0.00,N/A,0.28,0.43,210.55,0.64,16.05,0.00,0.03,0.03,2.84,0.01,1.00,0.00,0.00,0.68,0.58,0.0000,0.0001,     0,0,0,1.09,98.91,0.00,N/A,6.47,2.28,210.55,2.84,70.98,0.03,0.77,0.01,0.30,0.02,1.00,0.00,0.03,0.96,0.26,0.0009,0.0217,     0,0,0,2.06,97.94,0.00,N/A,1.30,4.34,210.55,0.30,7.48,0.01,0.15,0.00,0.47,0.00,1.00,0.00,0.00,0.68,0.62,0.0019,0.0073,     0,0,0,0.13,99.87,0.00,N/A,0.13,0.28,210.55,0.47,11.66,0.00,0.02,0.06,2.99,0.02,1.00,0.00,0.00,0.72,0.80,0.0000,0.0000,     0,0,0,2.17,97.83,0.00,N/A,12.53,4.20,210.55,2.99,74.63,0.06,1.62,0.06,2.91,0.02,1.00,0.00,0.00,0.79,0.67,0.0000,0.0001,     0,0,0,2.01,97.99,0.00,N/A,12.32,4.24,210.55,2.91,72.64,0.06,1.46,0.06,3.02,0.02,1.00,0.00,0.00,0.75,0.79,0.0000,0.0000,     0,0,0,1.84,98.16,0.00,N/A,12.62,4.18,210.55,3.02,75.53,0.06,1.39,0.00,0.56,0.00,1.00,0.00,0.00,0.88,0.75,0.0005,0.0051,     0,0,0,0.04,99.96,0.00,N/A,0.05,0.08,210.55,0.56,14.01,0.00,0.01,0.04,2.90,0.01,1.00,0.00,0.00,0.82,0.64,0.0000,0.0001,     0,0,0,1.25,98.75,0.00,N/A,8.22,2.84,210.55,2.90,72.47,0.04,0.90,0.00,0.41,0.00,1.00,0.00,0.00,0.82,0.90,0.0003,0.0017,     0,0,0,0.02,99.98,0.00,N/A,0.02,0.05,210.55,0.41,10.17,0.00,0.00,
2024-03-21,21:06:56.809,0.04,2.37,0.02,1.00,0.00,0.07,0.93,0.48,0.0000,0.0005,0.00,0.00,-2147483648,0.00,0.00,131.52,55.53,209.28,2.37,59.21,0.04,0.97,0.67,1.13,1.58,1.64,98.36,0.00,100.00,0.00,0.00,0.00,0.00,-nan,0.08,0.05,2.44,0.02,1.00,0.00,0.04,0.92,0.55,0.0000,0.0004,     0,0,0,0.00,0.00,-2147483648,0.00,0.00,N/A,88.68,36.39,209.28,2.44,60.92,0.05,1.29,0.03,2.24,0.01,1.00,0.00,0.03,0.95,0.34,0.0000,0.0007,    ,0.57,  0%,  0%,1.87,1.80,  ,0.00,0.00,N/A,42.84,19.13,209.28,2.24,55.98,0.03,0.65,0.19,0.32,  0%,  0%,0.12,0.04,  0%,  0%,0.57,0.47,  0%,  0%,0.31,0.22,  0%,  0%,2.11,97.89,0.00,100.00,0.00,0.00,1.15,98.85,0.00,100.00,0.00,0.00,0.00,0.00,0.00 ,0.00 ,-nan ,-nan ,0.08,0.08,0.01,0.31,0.02,1.00,0.00,0.03,0.93,0.25,0.0014,0.0195,     0,0,0,2.48,97.52,0.00,N/A,1.59,5.18,209.28,0.31,7.65,0.01,0.19,0.05,2.94,0.02,1.00,0.00,0.00,0.68,0.65,0.0000,0.0000,     0,0,0,1.86,98.14,0.00,N/A,12.54,4.27,209.28,2.94,73.44,0.05,1.37,0.12,3.04,0.04,1.00,0.00,0.00,0.72,0.84,0.0000,0.0000,     0,0,0,3.89,96.11,0.00,N/A,25.29,8.33,209.28,3.04,75.90,0.12,2.95,0.12,2.99,0.04,1.00,0.00,0.00,0.79,0.81,0.0000,0.0000,     0,0,0,3.93,96.07,0.00,N/A,24.93,8.33,209.28,2.99,74.85,0.12,2.94,0.08,2.95,0.03,1.00,0.00,0.00,0.87,0.57,0.0000,0.0000,     0,0,0,2.73,97.27,0.00,N/A,18.48,6.26,209.28,2.95,73.87,0.08,2.02,0.00,1.14,0.00,1.00,0.00,0.00,0.78,0.85,0.0002,0.0014,     0,0,0,0.11,99.89,0.00,N/A,0.26,0.23,209.28,1.14,28.41,0.00,0.03,0.03,1.56,0.02,1.00,0.00,0.00,0.95,0.87,0.0000,0.0008,     0,0,0,1.64,98.36,0.00,N/A,5.40,3.46,209.28,1.56,39.01,0.03,0.64,0.00,0.56,0.00,1.00,0.00,0.00,0.63,0.54,0.0020,0.0077,     0,0,0,0.16,99.84,0.00,N/A,0.19,0.34,209.28,0.56,13.90,0.00,0.02,0.02,0.72,0.03,1.00,0.00,0.03,0.96,0.26,0.0003,0.0071,     0,0,0,2.64,97.36,0.00,N/A,3.95,5.52,209.28,0.72,17.91,0.02,0.47,0.05,3.00,0.02,1.00,0.00,0.00,0.76,0.71,0.0000,0.0000,     0,0,0,1.83,98.17,0.00,N/A,12.59,4.20,209.28,3.00,75.05,0.05,1.37,0.00,0.47,0.00,1.00,0.00,0.00,0.85,0.71,0.0006,0.0056,     0,0,0,0.05,99.95,0.00,N/A,0.05,0.10,209.28,0.47,11.64,0.00,0.01,0.00,0.46,0.00,1.00,0.00,0.00,0.84,0.69,0.0009,0.0060,     0,0,0,0.08,99.92,0.00,N/A,0.08,0.17,209.28,0.46,11.55,0.00,0.01,0.07,2.98,0.02,1.00,0.00,0.00,0.85,0.77,0.0000,0.0000,     0,0,0,2.18,97.82,0.00,N/A,12.53,4.20,209.28,2.98,74.57,0.07,1.63,0.00,1.54,0.00,1.00,0.00,0.00,0.70,0.76,0.0001,0.0003,     0,0,0,0.26,99.74,0.00,N/A,0.84,0.55,209.28,1.54,38.44,0.00,0.10,0.07,2.93,0.02,1.00,0.00,0.00,0.85,0.68,0.0000,0.0001,     0,0,0,2.26,97.74,0.00,N/A,12.77,4.35,209.28,2.93,73.34,0.07,1.66,0.00,0.42,0.00,1.00,0.00,0.00,0.59,0.88,0.0008,0.0023,     0,0,0,0.02,99.98,0.00,N/A,0.02,0.05,209.28,0.42,10.47,0.00,0.00,
2024-03-21,21:06:56.909,0.04,2.39,0.02,1.00,0.00,0.07,0.93,0.54,0.0000,0.0005,0.00,0.00,-2147483648,0.00,0.00,142.81,59.74,210.20,2.39,59.77,0.04,1.06,0.59,0.55,2.28,1.78,98.22,0.00,100.00,0.00,0.00,0.00,0.00,-nan,0.08,0.07,2.52,0.03,1.00,0.00,0.04,0.92,0.64,0.0000,0.0003,     0,0,0,0.00,0.00,-2147483648,0.00,0.00,N/A,110.78,43.95,210.20,2.52,63.02,0.07,1.65,0.02,2.03,0.01,1.00,0.00,0.03,0.94,0.34,0.0001,0.0010,     0,0,0,0.00,0.00,-2147483648,0.00,0.00,N/A,32.03,15.79,210.20,2.03,50.71,0.02,0.48,0.27,0.17,  0%,  0%,0.11,0.03,  0%,  0%,0.34,1.49,  0%,  1%,0.27,0.18,  0%,  0%,2.62,97.38,0.00,100.00,0.00,0.00,0.94,99.06,0.00,100.00,0.00,0.00,0.00,0.00,0.00 ,0.00 ,-nan ,-nan ,0.08,0.08,0.01,0.31,0.02,1.00,0.00,0.03,0.93,0.25,0.0013,0.0197,     0,0,0,2.42,97.58,0.00,N/A,1.59,5.09,210.20,0.31,7.81,0.01,0.19,0.12,3.03,0.04,1.00,0.00,0.00,0.46,0.83,0.0000,0.0000,     0,0,0,3.97,96.03,0.00,N/A,25.25,8.33,210.20,3.03,75.81,0.12,3.01,0.12,3.01,0.04,1.00,0.00,0.00,0.81,0.76,0.0000,0.0000,     0,0,0,3.96,96.04,0.00,N/A,25.02,8.32,210.20,3.01,75.14,0.12,2.98,0.12,3.00,0.04,1.00,0.00,0.00,0.91,0.81,0.0000,0.0000,     0,0,0,3.97,96.03,0.00,N/A,25.01,8.33,210.20,3.00,75.07,0.12,2.98,0.07,3.02,0.02,1.00,0.00,0.00,0.83,0.91,0.0000,0.0000,     0,0,0,2.19,97.81,0.00,N/A,12.61,4.18,210.20,3.02,75.49,0.07,1.66,0.03,1.67,0.02,1.00,0.00,0.00,0.94,0.93,0.0000,0.0004,     0,0,0,1.69,98.31,0.00,N/A,5.93,3.54,210.20,1.67,41.83,0.03,0.71,0.07,2.60,0.03,1.00,0.00,0.00,0.91,0.92,0.0000,0.0001,     0,0,0,2.56,97.44,0.00,N/A,15.18,5.84,210.20,2.60,64.94,0.07,1.66,0.00,0.60,0.00,1.00,0.00,0.00,0.62,0.60,0.0019,0.0067,     0,0,0,0.15,99.85,0.00,N/A,0.19,0.32,210.20,0.60,14.97,0.00,0.02,0.01,0.29,0.02,1.00,0.00,0.03,0.96,0.26,0.0008,0.0211,     0,0,0,2.19,97.81,0.00,N/A,1.33,4.59,210.20,0.29,7.23,0.01,0.16,0.09,2.88,0.03,1.00,0.00,0.00,0.67,0.61,0.0000,0.0001,     0,0,0,3.18,96.82,0.00,N/A,17.45,6.05,210.20,2.88,72.09,0.09,2.29,0.00,0.42,0.00,1.00,0.00,0.00,0.86,0.70,0.0007,0.0060,     0,0,0,0.06,99.94,0.00,N/A,0.05,0.12,210.20,0.42,10.53,0.00,0.01,0.00,0.48,0.00,1.00,0.00,0.00,0.86,0.65,0.0008,0.0070,     0,0,0,0.08,99.92,0.00,N/A,0.08,0.16,210.20,0.48,11.96,0.00,0.01,0.00,0.43,0.00,1.00,0.00,0.00,0.86,0.88,0.0002,0.0023,     0,0,0,0.02,99.98,0.00,N/A,0.02,0.05,210.20,0.43,10.64,0.00,0.00,0.05,3.00,0.02,1.00,0.00,0.00,0.76,0.78,0.0000,0.0000,     0,0,0,1.82,98.18,0.00,N/A,12.49,4.17,210.20,3.00,74.88,0.05,1.36,0.00,1.00,0.00,1.00,0.00,0.00,0.74,0.59,0.0005,0.0020,     0,0,0,0.28,99.72,0.00,N/A,0.60,0.59,210.20,1.00,25.07,0.00,0.07,0.00,0.38,0.00,1.00,0.00,0.00,0.71,0.86,0.0007,0.0026,     0,0,0,0.02,99.98,0.00,N/A,0.02,0.05,210.20,0.38,9.57,0.00,0.00,
2024-03-21,21:06:57.008,0.04,2.38,0.02,1.00,0.01,0.07,0.91,0.53,0.0000,0.0005,0.00,0.00,-2147483648,0.00,0.00,145.35,61.13,209.94,2.38,59.44,0.04,1.11,0.64,0.70,4.20,1.86,98.14,0.00,100.00,0.00,0.00,0.00,0.00,-nan,0.10,0.07,2.55,0.03,1.00,0.00,0.04,0.91,0.48,0.0000,0.0003,     0,0,0,0.00,0.00,-2147483648,0.00,0.00,N/A,115.47,45.32,209.94,2.55,63.69,0.07,1.78,0.02,1.89,0.01,1.00,0.00,0.03,0.90,0.57,0.0001,0.0012,     0,0,0,0.00,0.00,-2147483648,0.00,0.00,N/A,29.88,15.81,209.94,1.89,47.25,0.02,0.45,0.17,0.27,  0%,  0%,0.12,0.08,  0%,  0%,0.44,0.51,  0%,  0%,1.65,1.59,  1%,  1%,2.80,97.20,0.00,100.00,0.00,0.00,0.95,99.05,0.00,100.00,0.00,0.00,0.00,0.00,0.00 ,0.00 ,-nan ,-nan ,0.10,0.10,0.02,0.72,0.03,1.00,0.00,0.03,0.93,0.25,0.0005,0.0070,     0,0,0,2.98,97.02,0.00,N/A,4.50,6.26,209.94,0.72,17.97,0.02,0.54,0.09,2.65,0.03,1.00,0.00,0.00,0.64,0.89,0.0000,0.0000,     0,0,0,3.28,96.72,0.00,N/A,16.55,6.25,209.94,2.65,66.20,0.09,2.17,0.09,3.00,0.03,1.00,0.00,0.00,0.73,0.88,0.0000,0.0000,     0,0,0,3.01,96.99,0.00,N/A,18.76,6.26,209.94,3.00,74.98,0.09,2.26,0.13,3.02,0.04,1.00,0.00,0.00,0.75,0.80,0.0000,0.0000,     0,0,0,4.37,95.63,0.00,N/A,25.13,8.32,209.94,3.02,75.51,0.13,3.30,0.06,2.88,0.02,1.00,0.00,0.00,0.65,0.80,0.0000,0.0000,     0,0,0,2.18,97.82,0.00,N/A,13.15,4.57,209.94,2.88,71.89,0.06,1.57,0.03,2.06,0.01,1.00,0.00,0.00,0.84,0.81,0.0001,0.0004,     0,0,0,1.46,98.54,0.00,N/A,6.34,3.07,209.94,2.06,51.59,0.03,0.75,0.10,2.93,0.03,1.00,0.00,0.00,0.88,0.85,0.0000,0.0000,     0,0,0,3.36,96.64,0.00,N/A,18.76,6.41,209.94,2.93,73.17,0.10,2.45,0.06,2.94,0.02,1.00,0.00,0.00,0.77,0.87,0.0000,0.0000,     0,0,0,1.99,98.01,0.00,N/A,12.27,4.18,209.94,2.94,73.38,0.06,1.46,0.01,0.29,0.02,1.00,0.00,0.03,0.96,0.26,0.0009,0.0214,     0,0,0,2.14,97.86,0.00,N/A,1.32,4.49,209.94,0.29,7.35,0.01,0.16,0.06,3.02,0.02,1.00,0.00,0.00,0.48,0.70,0.0000,0.0000,     0,0,0,2.02,97.98,0.00,N/A,12.82,4.24,209.94,3.02,75.56,0.06,1.53,0.00,0.47,0.00,1.00,0.00,0.00,0.80,0.70,0.0007,0.0061,     0,0,0,0.05,99.95,0.00,N/A,0.05,0.11,209.94,0.47,11.71,0.00,0.01,0.00,0.51,0.00,1.00,0.00,0.00,0.70,0.63,0.0017,0.0070,     0,0,0,0.10,99.90,0.00,N/A,0.11,0.21,209.94,0.51,12.64,0.00,0.01,0.00,0.49,0.00,1.00,0.00,0.00,0.85,0.66,0.0009,0.0066,     0,0,0,0.08,99.92,0.00,N/A,0.08,0.16,209.94,0.49,12.37,0.00,0.01,0.08,2.44,0.03,1.00,0.00,0.00,0.49,0.90,0.0001,0.0002,     0,0,0,3.30,96.70,0.00,N/A,15.34,6.29,209.94,2.44,60.96,0.08,2.01,0.00,0.51,0.00,1.00,0.00,0.00,0.87,0.65,0.0008,0.0068,     0,0,0,0.07,99.93,0.00,N/A,0.08,0.15,209.94,0.51,12.76,0.00,0.01,0.00,0.57,0.00,1.00,0.00,0.00,0.78,0.58,0.0013,0.0068,     0,0,0,0.08,99.92,0.00,N/A,0.09,0.16,209.94,0.57,14.34,0.00,0.01,
2024-03-21,21:06:57.108,0.04,2.35,0.02,1.00,0.00,0.07,0.93,0.61,0.0000,0.0005,0.00,0.00,-2147483648,0.00,0.00,139.40,59.24,212.00,2.35,58.83,0.04,1.01,0.55,0.36,1.93,1.72,98.28,0.00,100.00,0.00,0.00,0.00,0.00,-nan,0.08,0.06,2.40,0.02,1.00,0.00,0.04,0.92,0.70,0.0000,0.0004,     0,0,0,0.00,0.00,-2147483648,0.00,0.00,N/A,98.12,40.96,212.00,2.40,59.88,0.06,1.42,0.02,2.26,0.01,1.00,0.00,0.03,0.95,0.33,0.0000,0.0007,     0,0,0,0.00,0.00,-2147483648,0.00,0.00,N/A,41.29,18.28,212.00,2.26,56.47,0.02,0.60,0.18,0.22,  0%,  0%,0.11,0.05,  0%,  0%,0.51,0.91,  0%,  0%,0.31,0.19,  0%,  0%,2.38,97.62,0.00,100.00,0.00,0.0,     0,0,0,2.21,97.79,0.00,N,0.00,0.00,0.00,0.00 ,0.00 ,-nan ,-nan ,0.08,0.08,0.02,0.84,0.03,1.00,0.00,0.03,0.93,0.26,0.0004,0.0063,     0,0,0,2.70,97.30,0.00,N/A,4.81,5.73,212.00,0.84,21.00,0.02,0.57,0.10,2.95,0.03,1.00,0.00,0.00,0.59,0.60,0.0000,0.0000,     0,0,0,3.39,96.61,0.00,N/A,22.78,7.72,212.00,2.95,73.81,0.10,2.50,0.06,3.00,0.02,1.00,0.00,0.00,0.88,0.90,0.0000,0.0000,     0,0,0,2.15,97.85,0.00,N/A,12.53,4.18,212.00,3.00,74.96,0.06,1.61,0.11,3.03,0.04,1.00,0.00,0.00,0.78,0.83,0.0000,0.0000,     0,0,0,3.66,96.34,0.00,N/A,25.26,8.33,212.00,3.03,75.86,0.11,2.78,0.08,3.00,0.03,1.00,0.00,0.00,0.67,0.89,0.0000,0.0000,     0,0,0,2.75,97.25,0.00,N/A,18.75,6.26,212.00,3.00,74.92,0.08,2.06,0.03,1.69,0.02,1.00,0.00,0.00,0.94,0.95,0.0000,0.0003,     0,0,0,1.66,98.34,0.00,N/A,5.92,3.51,212.00,1.69,42.16,0.03,0.70,0.04,1.58,0.02,1.00,0.00,0.01,0.96,0.88,0.0000,0.0008,     0,0,0,2.38,97.62,0.00,N/A,7.95,5.03,212.00,1.58,39.51,0.04,0.94,0.00,0.50,0.00,1.00,0.00,0.00,0.48,0.61,0.0025,0.0068,     0,0,0,0.10,99.90,0.00,N/A,0.11,0.21,212.00,0.50,12.41,0.00,0.01,0.01,0.30,0.02,1.00,0.00,0.03,0.96,0.26,0.0008,0.0213,     0,0,0,2.09,97.91,0.00,N/A,1.31,4.43,212.00,0.30,7.39,0.01,0.15,0.06,3.02,0.02,1.00,0.00,0.00,0.46,0.89,0.0000,0.0000,     0,0,0,1.84,98.16,0.00,N/A,12.66,4.19,212.00,3.02,75.48,0.06,1.39,0.12,3.01,0.04,1.00,0.00,0.00,0.61,0.75,0.0000,0.0000,     0,0,0,3.94,96.06,0.00,N/A,26.98,8.96,212.00,3.01,75.27,0.12,2.96,0.00,0.50,0.00,1.00,0.00,0.00,0.68,0.68,0.0013,0.0063,     0,0,0,0.09,99.91,0.00,N/A,0.09,0.18,212.00,0.50,12.46,0.00,0.01,0.00,0.43,0.00,1.00,0.00,0.00,0.81,0.64,0.0011,0.0068,     0,0,0,0.07,99.93,0.00,N/A,0.06,0.14,212.00,0.43,10.77,0.00,0.01,0.00,0.47,0.00,1.00,0.00,0.00,0.73,0.70,0.0015,0.0060,     0,0,0,0.05,99.95,0.00,N/A,0.05,0.11,212.00,0.47,11.71,0.00,0.01,0.00,0.39,0.00,1.00,0.00,0.00,0.90,0.79,0.0003,0.0042,     0,0,0,0.03,99.97,0.00,N/A,0.02,0.06,212.00,0.39,9.77,0.00,0.00,0.00,0.55,0.00,1.00,0.00,0.00,0.73,0.61,0.0017,0.0070,     0,0,0,0.09,99.91,0.00,N/A,0.11,0.20,212.00,0.55,13.81,0.00,0.01,
2024-03-21,21:06:57.211,0.05,2.45,0.02,1.00,0.01,0.07,0.91,0.52,0.0000,0.0004,0.00,0.00,-2147483648,0.00,0.00,157.11,64.22,212.16,2.45,61.16,0.05,1.15,1.75,0.76,3.68,1.88,98.12,0.00,100.00,0.00,0.00,0.00,0.00,-nan,0.08,0.05,2.38,0.02,1.00,0.00,0.04,0.89,0.62,0.0000,0.0005,     0,0,0,0.00,0.00,-2147483648,0.00,0.00,N/A,83.72,35.23,212.16,2.38,59.41,0.05,1.22,0.04,2.53,0.02,1.00,0.00,0.03,0.94,0.33,0.0000,0.0004,     0,0,0,0.00,0.00,-2147483648,0.00,0.00,N/A,73.39,28.99,212.16,2.53,63.28,0.04,1.08,0.28,0.17,  0%,  0%,0.55,0.74,  0%,  0%,0.42,0.49,  0%,  0%,1.51,1.25,  1%,  1%,2.06,97.94,0.00,100.00,0.00,0.00,1.70,98.30,0.00,100.00,0.00,0.00,0.00,0.00,0.00 ,0.00 ,-nan ,-nan ,0.08,0.08,0.01,0.34,0.02,1.00,0.00,0.03,0.92,0.27,0.0015,0.0191,     0,0,0,2.24,97.76,0.00,N/A,1.61,4.74,212.16,0.34,8.51,0.01,0.19,0.06,2.90,0.02,1.00,0.00,0.00,0.61,0.67,0.0000,0.0000,     0,0,0,2.01,97.99,0.00,N/A,12.59,4.35,212.16,2.90,72.39,0.06,1.46,0.03,2.97,0.01,1.00,0.00,0.00,0.90,0.89,0.0000,0.0000,     0,0,0,0.91,99.09,0.00,N/A,6.27,2.11,212.16,2.97,74.23,0.03,0.68,0.13,3.05,0.04,1.00,0.00,0.00,0.79,0.82,0.0000,0.0000,     0,0,0,4.23,95.77,0.00,N/A,25.36,8.32,212.16,3.05,76.22,0.13,3.22,0.06,2.98,0.02,1.00,0.00,0.00,0.74,0.80,0.0000,0.0000,     0,0,0,2.14,97.86,0.00,N/A,12.54,4.21,212.16,2.98,74.52,0.06,1.59,0.01,0.83,0.01,1.00,0.00,0.00,0.41,0.90,0.0007,0.0012,     0,0,0,0.65,99.35,0.00,N/A,1.24,1.50,212.16,0.83,20.68,0.01,0.13,0.08,2.43,0.03,1.00,0.00,0.00,0.97,0.92,0.0000,0.0002,     0,0,0,3.32,96.68,0.00,N/A,17.12,7.03,212.16,2.43,60.87,0.08,2.02,0.03,2.35,0.01,1.00,0.00,0.00,0.48,0.65,0.0001,0.0003,     0,0,0,1.40,98.60,0.00,N/A,6.99,2.97,212.16,2.35,58.85,0.03,0.82,0.02,0.74,0.03,1.00,0.00,0.03,0.96,0.26,0.0003,0.0071,     0,0,0,2.62,97.38,0.00,N/A,4.11,5.55,212.16,0.74,18.51,0.02,0.48,0.09,3.02,0.03,1.00,0.00,0.00,0.76,0.81,0.0000,0.0000,     0,0,0,2.90,97.10,0.00,N/A,18.93,6.26,212.16,3.02,75.55,0.09,2.19,0.06,2.99,0.02,1.00,0.00,0.00,0.79,0.83,0.0000,0.0000,     0,0,0,1.94,98.06,0.00,N/A,12.55,4.19,212.16,2.99,74.84,0.06,1.45,0.00,0.55,0.00,1.00,0.00,0.00,0.60,0.69,0.0016,0.0060,     0,0,0,0.10,99.90,0.00,N/A,0.12,0.21,212.16,0.55,13.79,0.00,0.01,0.06,3.00,0.02,1.00,0.00,0.00,0.88,0.87,0.0000,0.0000,     0,0,0,1.97,98.03,0.00,N/A,12.55,4.18,212.16,3.00,74.97,0.06,1.48,0.06,2.98,0.02,1.00,0.00,0.00,0.51,0.88,0.0000,0.0000,     0,0,0,1.97,98.03,0.00,N/A,12.48,4.19,212.16,2.98,74.46,0.06,1.47,0.06,2.99,0.02,1.00,0.00,0.00,0.72,0.89,0.0000,0.0000,     0,0,0,1.97,98.03,0.00,N/A,12.54,4.19,212.16,2.99,74.81,0.06,1.48,0.00,0.57,0.00,1.00,0.00,0.00,0.69,0.63,0.0018,0.0066,     0,0,0,0.10,99.90,0.00,N/A,0.12,0.21,212.16,0.57,14.34,0.00,0.01,
2024-03-21,21:06:57.312,0.04,2.37,0.02,1.00,0.00,0.07,0.93,0.44,0.0000,0.0005,0.00,0.00,-2147483648,0.00,0.00,120.00,50.55,209.86,2.37,59.35,0.04,0.89,0.38,0.21,1.13,1.51,98.49,0.00,100.00,0.00,0.00,0.00,0.00,-nan,0.08,0.04,2.42,0.02,1.00,0.00,0.03,0.92,0.51,0.0000,0.0005,     0,0,0,0.00,0.00,-2147483648,0.00,0.00,N/A,74.55,30.80,209.86,2.42,60.51,0.04,1.11,0.03,2.30,0.01,1.00,0.00,0.03,0.93,0.33,0.0000,0.0007,     0,0,0,0.00,0.00,-2147483648,0.00,0.00,N/A,45.45,19.75,209.86,2.30,57.53,0.03,0.68,0.08,0.08,  0%,  0%,0.19,0.04,  0%,  0%,0.16,0.50,  0%,  0%,0.28,0.20,  0%,  0%,1.84,98.16,0.00,100.00,0.00,0.00,1.17,98.83,0.00,100.00,0.00,0.00,0.00,0.00,0.00 ,0.00 ,-nan ,-nan ,0.08,0.08,0.01,0.32,0.02,1.00,0.00,0.03,0.93,0.27,0.0014,0.0188,     0,0,0,2.43,97.57,0.00,N/A,1.64,5.11,209.86,0.32,8.02,0.01,0.20,0.13,3.04,0.04,1.00,0.00,0.00,0.67,0.83,0.0000,0.0000,     0,0,0,4.37,95.63,0.00,N/A,25.31,8.31,209.86,3.04,76.10,0.13,3.33,0.10,3.02,0.03,1.00,0.00,0.00,0.95,0.90,0.0000,0.0000,     0,0,0,3.29,96.71,0.00,N/A,18.91,6.25,209.86,3.02,75.61,0.10,2.49,0.00,0.94,0.00,1.00,0.00,0.00,0.60,0.67,0.0005,0.0021,     0,0,0,0.19,99.81,0.00,N/A,0.41,0.43,209.86,0.94,23.50,0.00,0.04,0.06,3.02,0.02,1.00,0.00,0.00,0.92,0.87,0.0000,0.0000,     0,0,0,2.00,98.00,0.00,N/A,12.65,4.19,209.86,3.02,75.52,0.06,1.51,0.06,2.94,0.02,1.00,0.00,0.00,0.77,0.74,0.0000,0.0000,     0,0,0,1.99,98.01,0.00,N/A,12.28,4.17,209.86,2.94,73.57,0.06,1.46,0.01,1.38,0.01,1.00,0.00,0.00,0.90,0.90,0.0001,0.0007,     0,0,0,0.78,99.22,0.00,N/A,2.40,1.74,209.86,1.38,34.43,0.01,0.27,0.00,1.61,0.00,1.00,0.00,0.00,0.97,0.95,0.0000,0.0003,     0,0,0,0.28,99.72,0.00,N/A,0.94,0.59,209.86,1.61,40.27,0.00,0.11,0.01,0.30,0.02,1.00,0.00,0.03,0.96,0.26,0.0008,0.0218,     0,0,0,2.03,97.97,0.00,N/A,1.29,4.25,209.86,0.30,7.60,0.01,0.15,0.03,2.95,0.01,1.00,0.00,0.00,0.52,0.83,0.0000,0.0000,     0,0,0,1.11,98.89,0.00,N/A,6.23,2.11,209.86,2.95,73.67,0.03,0.82,0.10,3.02,0.03,1.00,0.00,0.00,0.56,0.88,0.0000,0.0000,     0,0,0,3.28,96.72,0.00,N/A,18.84,6.25,209.86,3.02,75.42,0.10,2.48,0.06,2.96,0.02,1.00,0.00,0.00,0.77,0.72,0.0000,0.0000,     0,0,0,2.02,97.98,0.00,N/A,12.52,4.24,209.86,2.96,73.89,0.06,1.49,0.03,2.90,0.01,1.00,0.00,0.00,0.60,0.75,0.0000,0.0000,     0,0,0,0.94,99.06,0.00,N/A,6.30,2.17,209.86,2.90,72.45,0.03,0.68,0.00,0.44,0.00,1.00,0.00,0.00,0.83,0.84,0.0006,0.0041,     0,0,0,0.03,99.97,0.00,N/A,0.03,0.07,209.86,0.44,11.10,0.00,0.00,0.00,0.48,0.00,1.00,0.00,0.00,0.76,0.72,0.0011,0.0052,     0,0,0,0.05,99.95,0.00,N/A,0.05,0.11,209.86,0.48,11.96,0.00,0.01,0.00,0.32,0.00,1.00,0.00,0.00,0.46,0.51,0.0046,0.0101,     0,0,0,0.26,99.74,0.00,N/A,0.18,0.55,209.86,0.32,8.11,0.00,0.02,
2024-03-21,21:06:57.412,0.04,2.38,0.02,1.00,0.01,0.07,0.92,0.42,0.0000,0.0005,0.00,0.00,-2147483648,0.00,0.00,145.96,61.40,210.77,2.38,59.43,0.04,1.08,0.56,0.76,1.58,1.82,98.18,0.00,100.00,0.00,0.00,0.00,0.00,-nan,0.08,0.06,2.38,0.02,1.00,0.00,0.04,0.89,0.47,0.0000,0.0004,     0,0,0,0.00,0.00,-2147483648,0.00,0.00,N/A,93.93,39.53,210.77,2.38,59.40,0.06,1.38,0.03,2.38,0.01,1.00,0.00,0.03,0.95,0.33,0.0000,0.0006,     0,0,0,0.00,0.00,-2147483648,0.00,0.00,N/A,52.03,21.87,210.77,2.38,59.48,0.03,0.78,0.10,0.13,  0%,  0%,0.22,0.11,  0%,  0%,0.20,0.29,  0%,  0%,0.59,0.50,  0%,  0%,2.33,97.67,0.00,100.00,0.00,0.00,1.31,98.69,0.00,100.00,0.00,0.00,0.00,0.00,0.00 ,0.00 ,-nan ,-nan ,0.08,0.08,0.01,0.39,0.03,1.00,0.00,0.03,0.91,0.27,0.0011,0.0125,     0,0,0,3.31,96.69,0.00,N/A,2.74,6.98,210.77,0.39,9.82,0.01,,2.96,0.03,1.00,0.00,0.00,0.7,0.00,0.69,0.71,0.0000,0.0000,     0,0,0,2.06,97.94,0.00,N/A,12.71,4.33,210.77,2.93,73.32,0.06,1.51,0.11,3.03,0.04,1.00,0.00,0.00,0.83,0.91,0.0000,0.0000,     0,0,0,3.59,96.41,0.00,N/A,25.23,8.32,210.77,3.03,75.77,0.11,2.72,0.13,3.01,0.04,1.00,0.00,0.00,0.86,0.82,0.0000,0.0000,     0,0,0,4.36,95.64,0.00,N/A,25.10,8.32,210.77,3.01,75.37,0.13,3.29,0.00,0.48,0.00,1.00,0.00,0.00,0.82,0.91,0.0002,0.0016,     0,0,0,0.02,99.98,0.00,N/A,0.02,0.05,210.77,0.48,11.88,0.00,0.00,0.09,3.00,0.03,1.00,0.00,0.00,0.81,0.86,0.0000,0.0000,     0,0,0,2.94,97.06,0.00,N/A,18.71,6.24,210.77,3.00,74.95,0.09,2.21,0.04,1.86,0.02,1.00,0.00,0.00,0.75,0.80,0.0001,0.0004,     0,0,0,2.30,97.70,0.00,N/A,8.43,4.52,210.77,1.86,46.60,0.04,1.07,0.00,1.30,0.00,1.00,0.00,0.00,0.75,0.85,0.0002,0.0012,     0,0,0,0.36,99.64,0.00,N/A,0.99,0.76,210.77,1.30,32.54,0.00,0.12,0.01,0.29,0.02,1.00,0.00,0.03,0.96,0.26,0.0009,0.0210,     0,0,0,2.22,97.78,0.00,N/A,1.34,4.68,210.77,0.29,7.15,0.01,0.16,0.06,3.03,0.02,1.00,0.00,0.00,0.45,0.88,0.0000,0.0000,     0,0,0,1.99,98.01,0.00,N/A,12.69,4.19,210.77,3.03,75.69,0.06,1.51,0.03,2.96,0.01,1.00,0.00,0.00,0.74,0.81,0.0000,0.0000,     0,0,0,0.91,99.09,0.00,N/A,6.28,2.12,210.77,2.96,74.02,0.03,0.68,0.00,0.51,0.00,1.00,0.00,0.00,0.87,0.68,0.0007,0.0067,     0,0,0,0.08,99.92,0.00,N/A,0.08,0.16,210.77,0.51,12.72,0.00,0.01,0.03,2.94,0.01,1.00,0.00,0.00,0.70,0.71,0.0000,0.0000,     0,0,0,1.08,98.92,0.00,N/A,6.27,2.14,210.77,2.94,73.42,0.03,0.79,0.07,3.01,0.02,1.00,0.00,0.00,0.70,0.81,0.0000,0.0000,     0,0,0,2.19,97.81,0.00,N/A,12.58,4.18,210.77,3.01,75.29,0.07,1.65,0.06,3.01,0.02,1.00,0.00,0.00,0.47,0.78,0.0000,0.0000,     0,0,0,2.00,98.00,0.00,N/A,12.68,4.21,210.77,3.01,75.32,0.06,1.50,0.00,0.56,0.00,1.00,0.00,0.00,0.75,0.61,0.0015,0.0070,     0,0,0,0.09,99.91,0.00,N/A,0.10,0.19,210.77,0.56,14.00,0.00,0.01,
2024-03-21,21:06:57.512,0.04,2.39,0.02,1.00,0.01,0.07,0.91,0.44,0.0000,0.0005,0.00,0.00,-2147483648,0.00,0.00,141.89,59.29,211.30,2.39,59.83,0.04,1.05,0.58,0.34,1.63,1.75,98.25,0.00,100.00,0.00,0.00,0.00,0.00,-nan,0.10,0.05,2.36,0.02,1.00,0.00,0.04,0.88,0.51,0.0001,0.0005,     0,0,0,0.00,0.00,-2147483648,0.00,0.00,N/A,84.09,35.57,211.30,2.36,59.10,0.05,1.25,0.03,2.44,0.01,1.00,0.00,0.03,0.95,0.31,0.0000,0.0005,     0,0,0,0.00,0.00,-2147483648,0.00,0.00,N/A,57.80,23.72,211.30,2.44,60.92,0.03,0.85,0.07,0.09,  0%,  0%,0.23,0.18,  0%,  0%,0.16,0.25,  0%,  0%,0.69,0.53,  0%,  0%,2.11,97.89,0.00,100.00,0.00,0.00,1.39,98.61,0.00,100.00,0.00,0.00,0.00,0.00,0.00 ,0.00 ,-nan ,-nan ,0.10,0.10,0.02,0.58,0.03,1.00,0.00,0.03,0.89,0.29,0.0009,0.0086,     0,0,0,3.29,96.71,0.00,N/A,4.00,6.95,211.30,0.58,14.39,0.02,0.47,0.11,3.01,0.04,1.00,0.00,0.00,0.61,0.75,0.0000,0.0000,     0,0,0,3.60,96.40,0.00,N/A,25.01,8.32,211.30,3.01,75.13,0.11,2.71,0.00,0.47,0.00,1.00,0.00,0.00,0.83,0.70,0.0007,0.0058,     0,0,0,0.06,99.94,0.00,N/A,0.05,0.12,211.30,0.47,11.63,0.00,0.01,0.01,1.38,0.00,1.00,0.00,0.00,0.65,0.64,0.0002,0.0007,     0,0,0,0.46,99.54,0.00,N/A,1.34,0.97,211.30,1.38,34.44,0.01,0.16,0.12,2.99,0.04,1.00,0.00,0.00,0.81,0.89,0.0000,0.0000,     0,0,0,3.96,96.04,0.00,N/A,24.93,8.32,211.30,2.99,74.87,0.12,2.97,0.12,3.05,0.04,1.00,0.00,0.00,0.68,0.91,0.0000,0.0000,     0,0,0,3.96,96.04,0.00,N/A,25.36,8.32,211.30,3.05,76.20,0.12,3.02,0.02,1.40,0.01,1.00,0.00,0.00,0.83,0.89,0.0001,0.0008,     0,0,0,1.11,98.89,0.00,N/A,3.29,2.35,211.30,1.40,34.93,0.02,0.39,0.00,0.52,0.00,1.00,0.00,0.00,0.67,0.62,0.0018,0.0069,     0,0,0,0.10,99.90,0.00,N/A,0.11,0.21,211.30,0.52,12.93,0.00,0.01,0.01,0.29,0.02,1.00,0.00,0.03,0.96,0.26,0.0008,0.0213,     0,0,0,2.18,97.82,0.00,N/A,1.33,4.61,211.30,0.29,7.23,0.01,0.16,0.03,2.95,0.01,1.00,0.00,0.00,0.65,0.81,0.0000,0.0000,     0,0,0,0.92,99.08,0.00,N/A,6.30,2.14,211.30,2.95,73.68,0.03,0.68,0.06,2.99,0.02,1.00,0.00,0.00,0.60,0.86,0.0000,0.0000,     0,0,0,2.00,98.00,0.00,N/A,12.53,4.20,211.30,2.99,74.65,0.06,1.49,0.06,2.94,0.02,1.00,0.00,0.00,0.79,0.66,0.0000,0.0000,     0,0,0,2.01,97.99,0.00,N/A,12.50,4.25,211.30,2.94,73.55,0.06,1.48,0.00,0.45,0.00,1.00,0.00,0.00,0.52,0.73,0.0024,0.0052,     0,0,0,0.04,99.96,0.00,N/A,0.04,0.09,211.30,0.45,11.20,0.00,0.01,0.06,3.01,0.02,1.00,0.00,0.00,0.59,0.88,0.0000,0.0000,     0,0,0,1.98,98.02,0.00,N/A,12.60,4.19,211.30,3.01,75.14,0.06,1.49,0.00,0.45,0.00,1.00,0.00,0.00,0.94,0.77,0.0002,0.0048,     0,0,0,0.03,99.97,0.00,N/A,0.02,0.05,211.30,0.45,11.13,0.00,0.00,0.06,2.98,0.02,1.00,0.00,0.00,0.71,0.86,0.0000,0.0000,     0,0,0,1.98,98.02,0.00,N/A,12.47,4.19,211.30,2.98,74.46,0.06,1.48,
2024-03-21,21:06:57.611,0.04,2.29,0.02,1.00,0.00,0.07,0.94,0.57,0.0000,0.0006,0.00,0.00,-2147483648,0.00,0.00,121.52,53.13,208.11,2.29,57.18,0.04,0.91,0.43,0.33,1.44,1.60,98.40,0.00,100.00,0.00,0.00,0.00,0.00,-nan,0.08,0.05,2.26,0.02,1.00,0.00,0.04,0.93,0.67,0.0000,0.0005,     0,0,0,0.00,0.00,-2147483648,0.00,0.00,N/A,75.65,33.52,208.11,2.26,56.41,0.05,1.14,0.03,2.34,0.01,1.00,0.00,0.03,0.95,0.32,0.0000,0.0007,     0,0,0,0.00,0.00,-2147483648,0.00,0.00,N/A,45.87,19.61,208.11,2.34,58.49,0.03,0.69,0.08,0.10,  0%,  0%,0.16,0.09,  0%,  0%,0.16,0.29,  0%,  0%,0.46,0.53,  0%,  0%,2.01,97.99,0.00,100.00,0.00,0.00,1.18,98.82,0.00,100.00,0.00,0.00,0.00,0.00,0.00 ,0.00 ,-nan ,-nan ,0.08,0.08,0.01,0.30,0.02,1.00,0.00,0.03,0.95,0.28,0.0011,0.0197,     0,0,0,2.35,97.65,0.00,N/A,1.44,4.89,208.11,0.30,7.38,0.01,0.17,0.08,2.67,0.03,1.00,0.00,0.00,0.89,0.94,0.0000,0.0001,     0,0,0,2.99,97.01,0.00,N/A,15.04,5.63,208.11,2.67,66.80,0.08,2.00,0.03,3.00,0.01,1.00,0.00,0.00,0.80,0.70,0.0000,0.0000,     0,0,0,0.96,99.04,0.00,N/A,6.54,2.18,208.11,3.00,74.91,0.03,0.72,0.05,2.85,0.02,1.00,0.00,0.00,0.75,0.57,0.0000,0.0001,     0,0,0,1.88,98.12,0.00,N/A,12.18,4.27,208.11,2.85,71.30,0.05,1.34,0.07,2.68,0.03,1.00,0.00,0.00,0.70,0.69,0.0000,0.0001,     0,0,0,2.53,97.47,0.00,N/A,14.09,5.26,208.11,2.68,67.02,0.07,1.69,0.03,3.06,0.01,1.00,0.00,0.00,0.82,0.90,0.0000,0.0000,     0,0,0,1.12,98.88,0.00,N/A,6.42,2.10,208.11,3.06,76.41,0.03,0.85,0.09,2.31,0.04,1.00,0.00,0.00,0.91,0.92,0.0000,0.0002,     0,0,0,3.71,96.29,0.00,N/A,17.85,7.73,208.11,2.31,57.75,0.09,2.15,0.01,1.42,0.01,1.00,0.00,0.00,0.86,0.76,0.0002,0.0015,     0,0,0,0.71,99.29,0.00,N/A,2.09,1.47,208.11,1.42,35.42,0.01,0.25,0.01,0.30,0.02,1.00,0.00,0.03,0.96,0.26,0.0009,0.0213,     0,0,0,2.19,97.81,0.00,N/A,1.35,4.55,208.11,0.30,7.39,0.01,0.16,0.03,2.98,0.01,1.00,0.00,0.00,0.36,0.85,0.0000,0.0000,     0,0,0,1.12,98.88,0.00,N/A,6.25,2.10,208.11,2.98,74.43,0.03,0.83,0.07,3.03,0.02,1.00,0.00,0.00,0.49,0.87,0.0000,0.0000,     0,0,0,2.22,97.78,0.00,N/A,12.68,4.19,208.11,3.03,75.67,0.07,1.68,0.00,0.51,0.00,1.00,0.00,0.00,0.86,0.62,0.0008,0.0075,     0,0,0,0.12,99.88,0.00,N/A,0.14,0.28,208.11,0.51,12.63,0.00,0.02,0.06,3.04,0.02,1.00,0.00,0.00,0.53,0.93,0.0000,0.0000,     0,0,0,2.01,97.99,0.00,N/A,12.72,4.18,208.11,3.04,76.01,0.06,1.53,0.00,0.44,0.00,1.00,0.00,0.00,0.86,0.81,0.0006,0.0045,     0,0,0,0.03,99.97,0.00,N/A,0.03,0.06,208.11,0.44,11.08,0.00,0.00,0.06,3.02,0.02,1.00,0.00,0.00,0.57,0.86,0.0000,0.0000,     0,0,0,2.02,97.98,0.00,N/A,12.69,4.20,208.11,3.02,75.59,0.06,1.53,0.00,0.47,0.00,1.00,0.00,0.00,0.89,0.79,0.0003,0.0042,     0,0,0,0.02,99.98,0.00,N/A,0.02,0.05,208.11,0.47,11.75,0.00,0.00,
2024-03-21,21:06:57.711,0.04,2.38,0.02,1.00,0.00,0.07,0.94,0.58,0.0000,0.0005,0.00,0.00,-2147483648,0.00,0.00,149.40,62.80,211.93,2.38,59.47,0.04,1.10,0.61,0.46,2.02,1.86,98.14,0.00,100.00,0.00,0.00,0.00,0.00,-nan,0.08,0.05,2.33,0.02,1.00,0.00,0.04,0.92,0.68,0.0000,0.0004,     0,0,0,0.00,0.00,-2147483648,0.00,0.00,N/A,91.60,39.29,211.93,2.33,58.29,0.05,1.36,0.03,2.46,0.01,1.00,0.00,0.03,0.96,0.31,0.0000,0.0005,     0,0,0,0.00,0.00,-2147483648,0.00,0.00,N/A,57.80,23.51,211.93,2.46,61.45,0.03,0.85,0.08,0.16,  0%,  0%,0.25,0.12,  0%,  0%,0.22,0.50,  0%,  0%,0.73,0.56,  0%,  0%,2.33,97.67,0.00,100.00,0.00,0.00,1.39,98.61,0.00,100.00,0.00,0.00,0.00,0.00,0.00 ,0.00 ,-nan ,-nan ,0.08,0.08,0.01,0.33,0.02,1.00,0.00,0.03,0.93,0.27,0.0013,0.0195,     0,0,0,2.20,97.80,0.00,N/A,1.55,4.67,211.93,0.33,8.33,0.01,0.18,0.03,1.59,0.02,1.00,0.00,0.00,0.86,0.91,0.0001,0.0005,     0,0,0,2.08,97.92,0.00,N/A,7.00,4.40,211.93,1.59,39.75,0.03,0.83,0.12,3.03,0.04,1.00,0.00,0.00,0.59,0.84,0.0000,0.0000,     0,0,0,3.97,,N/A,19.04,6.25,209.37,3.0211.93,3.03,75.86,0.12,3.01,0.13,3.01,0.04,1.00,0.00,0.00,0.75,0.79,0.0000,0.0000,     0,0,0,4.33,95.67,0.00,N/A,25.08,8.32,211.93,3.01,75.37,0.13,3.26,0.12,2.99,0.04,1.00,0.00,0.00,0.88,0.89,0.0000,0.0000,     0,0,0,3.97,96.03,0.00,N/A,24.88,8.33,211.93,2.99,74.71,0.12,2.96,0.00,0.38,0.00,1.00,0.00,0.00,0.88,0.87,0.0002,0.0025,     0,0,0,0.02,99.98,0.00,N/A,0.02,0.05,211.93,0.38,9.42,0.00,0.00,0.01,1.18,0.01,1.00,0.00,0.00,0.66,0.74,0.0002,0.0009,     0,0,0,0.56,99.44,0.00,N/A,1.53,1.29,211.93,1.18,29.61,0.01,0.17,0.03,1.61,0.02,1.00,0.00,0.00,0.92,0.88,0.0001,0.0007,     0,0,0,1.84,98.16,0.00,N/A,6.26,3.90,211.93,1.61,40.15,0.03,0.74,0.01,0.30,0.02,1.00,0.00,0.03,0.96,0.26,0.0008,0.0216,     0,0,0,2.07,97.93,0.00,N/A,1.31,4.39,211.93,0.30,7.46,0.01,0.15,0.03,2.90,0.01,1.00,0.00,0.00,0.67,0.84,0.0000,0.0000,     0,0,0,0.94,99.06,0.00,N/A,6.23,2.15,211.93,2.90,72.47,0.03,0.68,0.03,2.95,0.01,1.00,0.00,0.00,0.88,0.77,0.0000,0.0000,     0,0,0,1.01,98.99,0.00,N/A,6.29,2.13,211.93,2.95,73.73,0.03,0.74,0.07,2.93,0.02,1.00,0.00,0.00,0.83,0.68,0.0000,0.0000,     0,0,0,2.24,97.76,0.00,N/A,12.64,4.31,211.93,2.93,73.34,0.07,1.64,0.06,3.02,0.02,1.00,0.00,0.00,0.51,0.87,0.0000,0.0000,     0,0,0,1.98,98.02,0.00,N/A,12.63,4.19,211.93,3.02,75.46,0.06,1.49,0.06,2.97,0.02,1.00,0.00,0.00,0.74,0.79,0.0000,0.0000,     0,0,0,2.17,97.83,0.00,N/A,12.39,4.16,211.93,2.97,74.36,0.06,1.61,0.03,2.94,0.01,1.00,0.00,0.00,0.81,0.82,0.0000,0.0000,     0,0,0,0.93,99.07,0.00,N/A,6.29,2.14,211.93,2.94,73.50,0.03,0.69,0.00,0.44,0.00,1.00,0.00,0.00,0.89,0.90,0.0001,0.0018,     0,0,0,0.02,99.98,0.00,N/A,0.02,0.05,211.93,0.44,10.96,0.00,0.00,
2024-03-21,21:06:57.812,0.04,2.41,0.02,1.00,0.00,0.06,0.94,0.47,0.0000,0.0005,0.00,0.00,-2147483648,0.00,0.00,127.88,52.99,210.04,2.41,60.33,0.04,0.95,0.53,0.31,1.50,1.58,98.42,0.00,100.00,0.00,0.00,0.00,0.00,-nan,0.08,0.05,2.49,0.02,1.00,0.00,0.04,0.92,0.55,0.0000,0.0004,     0,0,0,0.00,0.00,-2147483648,0.00,0.00,N/A,88.93,35.66,210.04,2.49,62.34,0.05,1.31,0.02,2.25,0.01,1.00,0.00,0.03,0.96,0.33,0.0000,0.0008,     0,0,0,0.00,0.00,-2147483648,0.00,0.00,N/A,38.94,17.33,210.04,2.25,56.19,0.02,0.59,0.11,0.11,  0%,  0%,0.18,0.12,  0%,  0%,0.18,0.30,  0%,  0%,0.52,0.51,  0%,  0%,2.10,97.90,0.00,100.00,0.00,0.00,1.04,98.96,0.00,100.00,0.00,0.00,0.00,0.00,0.00 ,0.00 ,-nan ,-nan ,0.08,0.08,0.01,0.40,0.02,1.00,0.00,0.03,0.94,0.26,0.0010,0.0161,     0,0,0,2.28,97.72,0.00,N/A,1.90,4.79,210.04,0.40,9.92,0.01,0.23,0.00,0.87,0.00,1.00,0.00,0.00,0.56,0.68,0.0007,0.0025,     0,0,0,0.22,99.78,0.00,N/A,0.40,0.47,210.04,0.87,21.66,0.00,0.05,0.12,3.01,0.04,1.00,0.00,0.00,0.88,0.85,0.0000,0.0000,     0,0,0,3.97,96.03,0.00,N/A,25.05,8.33,210.04,3.01,75.22,0.12,2.98,0.06,2.98,0.02,1.00,0.00,0.00,0.83,0.69,0.0000,0.0000,     0,0,0,1.86,98.14,0.00,N/A,12.64,4.24,210.04,2.98,74.59,0.06,1.39,0.12,3.02,0.04,1.00,0.00,0.00,0.86,0.90,0.0000,0.0000,     0,0,0,3.96,96.04,0.00,N/A,25.17,8.32,210.04,3.02,75.62,0.12,3.00,0.00,0.48,0.00,1.00,0.00,0.00,0.79,0.90,0.0003,0.0021,     0,0,0,0.02,99.98,0.00,N/A,0.02,0.05,210.04,0.48,11.88,0.00,0.00,0.07,2.80,0.02,1.00,0.00,0.00,0.82,0.78,0.0000,0.0001,     0,0,0,2.42,97.58,0.00,N/A,13.04,4.66,210.04,2.80,69.93,0.07,1.70,0.05,2.22,0.02,1.00,0.00,0.00,0.84,0.92,0.0000,0.0002,     0,0,0,2.09,97.91,0.00,N/A,10.69,4.81,210.04,2.22,55.60,0.05,1.16,0.01,0.30,0.02,1.00,0.00,0.03,0.96,0.26,0.0008,0.0216,     0,0,0,2.08,97.92,0.00,N/A,1.30,4.37,210.04,0.30,7.46,0.01,0.16,0.10,3.00,0.03,1.00,0.00,0.00,0.72,0.78,0.0000,0.0000,     0,0,0,3.24,96.76,0.00,N/A,18.70,6.24,210.04,3.00,74.90,0.10,2.43,0.00,0.54,0.00,1.00,0.00,0.00,0.61,0.79,0.0010,0.0040,     0,0,0,0.04,99.96,0.00,N/A,0.04,0.08,210.04,0.54,13.42,0.00,0.01,0.00,0.52,0.00,1.00,0.00,0.00,0.86,0.65,0.0008,0.0071,     0,0,0,0.10,99.90,0.00,N/A,0.11,0.22,210.04,0.52,12.88,0.00,0.01,0.00,0.45,0.00,1.00,0.00,0.00,0.70,0.88,0.0005,0.0021,     0,0,0,0.02,99.98,0.00,N/A,0.02,0.05,210.04,0.45,11.17,0.00,0.00,0.00,0.47,0.00,1.00,0.00,0.00,0.79,0.78,0.0008,0.0051,     0,0,0,0.03,99.97,0.00,N/A,0.03,0.07,210.04,0.47,11.71,0.00,0.00,0.10,2.99,0.03,1.00,0.00,0.00,0.74,0.80,0.0000,0.0000,     0,0,0,3.25,96.75,0.00,N/A,18.72,6.25,210.04,2.99,74.85,0.10,2.43,0.00,0.36,0.00,1.00,0.00,0.00,0.66,0.87,0.0007,0.0023,     0,0,0,0.03,99.97,0.00,N/A,0.02,0.06,210.04,0.36,9.03,0.00,0.00,
2024-03-21,21:06:57.912,0.04,2.43,0.02,1.00,0.00,0.06,0.93,0.48,0.0000,0.0004,0.00,0.00,-2147483648,0.00,0.00,143.40,59.06,211.83,2.43,60.70,0.04,1.06,0.70,0.44,1.40,1.75,98.25,0.00,100.00,0.00,0.00,0.00,0.00,-nan,0.08,0.06,2.56,0.03,1.00,0.00,0.03,0.93,0.57,0.0000,0.0003,     0,0,0,0.00,0.00,-2147483648,0.00,0.00,N/A,108.59,42.43,211.83,2.56,63.98,0.06,1.61,0.02,2.09,0.01,1.00,0.00,0.03,0.94,0.33,0.0001,0.0009,     0,0,0,0.00,0.00,-2147483648,0.00,0.00,N/A,34.81,16.62,211.83,2.09,52.35,0.02,0.51,0.25,0.16,  0%,  0%,0.20,0.09,  0%,  0%,0.29,0.34,  0%,  0%,0.39,0.38,  0%,  0%,2.51,97.49,0.00,100.00,0.00,0.00,0.98,99.02,0.00,100.00,0.00,0.00,0.00,0.00,0.00 ,0.00 ,-nan ,-nan ,0.08,0.08,0.01,0.51,0.03,1.00,0.00,0.03,0.94,0.26,0.0006,0.0105,     0,0,0,2.69,97.31,0.00,N/A,2.92,5.69,211.83,0.51,12.83,0.01,0.34,0.12,3.02,0.04,1.00,0.00,0.00,0.82,0.83,0.0000,0.0000,     0,0,0,3.95,96.05,0.00,N/A,25.12,8.32,211.83,3.02,75.52,0.12,2.98,0.12,3.02,0.04,1.00,0.00,0.00,0.26,0.71,0.0000,0.0000,     0,0,0,3.93,96.07,0.00,N/A,25.16,8.33,211.83,3.02,75.53,0.12,2.97,0.12,3.01,0.04,1.00,0.00,0.00,0.73,0.85,0.0000,0.0000,     0,0,0,3.92,96.08,0.00,N/A,25.00,8.31,211.83,3.01,75.19,0.12,2.95,0.12,3.02,0.04,1.00,0.00,0.00,0.90,0.83,0.0000,0.0000,     0,0,0,3.93,96.07,0.00,N/A,25.16,8.33,211.83,3.02,75.48,0.12,2.97,0.02,1.70,0.01,1.00,0.00,0.00,0.95,0.95,0.0000,0.0003,     0,0,0,1.36,98.64,0.00,N/A,4.89,2.88,211.83,1.70,42.45,0.02,0.58,0.00,0.64,0.00,1.00,0.00,0.00,0.57,0.85,0.0005,0.0017,     0,0,0,0.16,99.84,0.00,N/A,0.23,0.36,211.83,0.64,15.90,0.00,0.02,0.00,0.49,0.00,1.00,0.00,0.00,0.64,0.56,0.0021,0.0075,     0,0,0,0.11,99.89,0.00,N/A,0.10,0.21,211.83,0.49,12.25,0.00,0.01,0.01,0.30,0.02,1.00,0.00,0.03,0.95,0.27,0.0010,0.0207,     0,0,0,2.18,97.82,0.00,N/A,1.41,4.62,211.83,0.30,7.62,0.01,0.17,0.03,2.98,0.01,1.00,0.00,0.00,0.66,0.81,0.0000,0.0000,     0,0,0,0.93,99.07,0.00,N/A,6.39,2.14,211.83,2.98,74.62,0.03,0.70,0.00,1.55,0.00,1.00,0.00,0.00,0.54,0.79,0.0001,0.0003,     0,0,0,0.22,99.78,0.00,N/A,0.72,0.46,211.83,1.55,38.75,0.00,0.09,0.06,2.96,0.02,1.00,0.00,0.00,0.85,0.73,0.0000,0.0000,     0,0,0,2.01,97.99,0.00,N/A,12.55,4.23,211.83,2.96,74.09,0.06,1.49,0.00,0.43,0.00,1.00,0.00,0.00,0.85,0.89,0.0003,0.0021,     0,0,0,0.02,99.98,0.00,N/A,0.02,0.05,211.83,0.43,10.68,0.00,0.00,0.06,2.98,0.02,1.00,0.00,0.00,0.62,0.82,0.0000,0.0000,     0,0,0,2.15,97.85,0.00,N/A,12.42,4.17,211.83,2.98,74.44,0.06,1.60,0.01,1.45,0.00,1.00,0.00,0.00,0.47,0.68,0.0002,0.0004,     0,0,0,0.42,99.58,0.00,N/A,1.28,0.89,211.83,1.45,36.28,0.01,0.15,0.00,0.35,0.00,1.00,0.00,0.00,0.80,0.87,0.0004,0.0024,     0,0,0,0.03,99.97,0.00,N/A,0.02,0.06,211.83,0.35,8.66,0.00,0.00,
2024-03-21,21:06:58.013,0.04,2.35,0.02,1.00,0.00,0.07,0.93,0.47,0.0000,0.0005,0.00,0.00,-2147483648,0.00,0.00,136.19,57.93,208.38,2.35,58.77,0.04,1.01,0.64,0.84,1.66,1.72,98.28,0.00,100.00,0.00,0.00,0.00,0.00,-nan,0.08,0.07,2.50,0.03,1.00,0.00,0.04,0.92,0.55,0.0000,0.0003,     0,0,0,0.00,0.00,-2147483648,0.00,0.00,N/A,109.58,43.76,208.38,2.50,62.60,0.07,1.63,0.02,1.88,0.01,1.00,0.00,0.03,0.95,0.32,0.0001,0.0011,     0,0,0,0.00,0.00,-2147483648,0.00,0.00,N/A,26.61,14.17,208.38,1.88,46.96,0.02,0.40,0.26,0.19,  0%,  0%,0.12,0.07,  0%,  0%,0.34,0.60,  0%,  0%,0.38,0.34,  0%,  0%,2.60,97.40,0.00,100.00,0.00,0.00,0.85,99.15,0.00,100.00,0.00,0.00,0.00,0.00,0.00 ,0.00 ,-nan ,-nan ,0.08,0.08,0.01,0.31,0.02,1.00,0.00,0.03,0.93,0.27,0.0012,0.0191,     0,0,0,2.48,97.52,0.00,N/A,1.60,5.16,208.38,0.31,7.76,0.01,0.19,0.01,1.49,0.01,1.00,0.00,0.00,0.52,0.66,0.0001,0.0004,     0,0,0,0.82,99.18,0.00,N/A,2.56,1.72,208.38,1.49,37.24,0.01,0.31,0.12,3.00,0.04,1.00,0.00,0.00,0.93,0.90,0.0000,0.0000,     0,0,0,3.93,96.07,0.00,N/A,25.01,8.33,208.38,3.00,75.10,0.12,2.95,0.12,3.03,0.04,1.00,0.00,0.00,0.81,0.82,0.0000,0.0000,     0,0,0,3.93,96.07,0.00,N/A,25.23,8.34,208.38,3.03,75.68,0.12,2.97,0.12,3.03,0.04,1.00,0.,0.86,0.0001,0.0009,    ,0.0000,     0,0,0,3.93,96.07,0.00,N/A,25.23,8.33,208.38,3.03,75.74,0.12,2.97,0.02,1.64,0.01,1.00,0.00,0.00,0.99,0.89,0.0000,0.0007,     0,0,0,1.46,98.54,0.00,N/A,5.03,3.07,208.38,1.64,41.05,0.02,0.60,0.12,2.95,0.04,1.00,0.00,0.00,0.70,0.80,0.0000,0.0000,     0,0,0,3.93,96.07,0.00,N/A,24.61,8.33,208.38,2.95,73.85,0.12,2.90,0.00,0.59,0.00,1.00,0.00,0.00,0.81,0.62,0.0010,0.0060,     0,0,0,0.24,99.76,0.00,N/A,0.29,0.50,208.38,0.59,14.67,0.00,0.03,0.01,0.29,0.02,1.00,0.00,0.03,0.95,0.27,0.0009,0.0205,     0,0,0,2.30,97.70,0.00,N/A,1.40,4.80,208.38,0.29,7.30,0.01,0.17,0.10,3.01,0.03,1.00,0.00,0.00,0.71,0.75,0.0000,0.0000,     0,0,0,3.28,96.72,0.00,N/A,18.78,6.25,208.38,3.01,75.16,0.10,2.46,0.03,2.27,0.01,1.00,0.00,0.00,0.16,0.74,0.0000,0.0000,     0,0,0,1.32,98.68,0.00,N/A,6.29,2.77,208.38,2.27,56.67,0.03,0.75,0.00,0.45,0.00,1.00,0.00,0.00,0.85,0.70,0.0008,0.0065,     0,0,0,0.06,99.94,0.00,N/A,0.06,0.13,208.38,0.45,11.32,0.00,0.01,0.00,0.37,0.00,1.00,0.00,0.00,0.71,0.90,0.0005,0.0018,     0,0,0,0.02,99.98,0.00,N/A,0.02,0.05,208.38,0.37,9.25,0.00,0.00,0.00,0.39,0.00,1.00,0.00,0.00,0.79,0.89,0.0003,0.0020,     0,0,0,0.03,99.97,0.00,N/A,0.02,0.05,208.38,0.39,9.79,0.00,0.00,0.00,0.42,0.00,1.00,0.00,0.00,0.64,0.77,0.0009,0.0044,     0,0,0,0.03,99.97,0.00,N/A,0.03,0.06,208.38,0.42,10.59,0.00,0.00,0.00,0.43,0.00,1.00,0.00,0.00,0.97,0.80,0.0001,0.0039,     0,0,0,0.03,99.97,0.00,N/A,0.02,0.06,208.38,0.43,10.63,0.00,0.00,
2024-03-21,21:06:58.113,0.04,2.38,0.02,1.00,0.00,0.06,0.93,0.55,0.0000,0.0005,0.00,0.00,-2147483648,0.00,0.00,142.28,59.84,211.85,2.38,59.44,0.04,1.06,0.61,0.40,2.76,1.78,98.22,0.00,100.00,0.00,0.00,0.00,0.00,-nan,0.10,0.07,2.58,0.03,1.00,0.00,0.03,0.93,0.60,0.0000,0.0003,     0,0,0,0.00,0.00,-2147483648,0.00,0.00,N/A,112.68,43.64,211.85,2.58,64.55,0.07,1.67,0.02,1.83,0.01,1.00,0.00,0.03,0.93,0.48,0.0001,0.0011,     0,0,0,0.00,0.00,-2147483648,0.00,0.00,N/A,29.60,16.20,211.85,1.83,45.67,0.02,0.44,0.24,0.23,  0%,  0%,0.11,0.03,  0%,  0%,0.82,1.53,  0%,  1%,0.25,0.16,  0%,  0%,2.59,97.41,0.00,100.00,0.00,0.00,0.97,99.03,0.00,100.00,0.00,0.00,0.00,0.00,0.00 ,0.00 ,-nan ,-nan ,0.10,0.10,0.01,0.30,0.02,1.00,0.00,0.03,0.95,0.28,0.0010,0.0198,     0,0,0,2.22,97.78,0.00,N/A,1.43,4.70,211.85,0.30,7.62,0.01,0.17,0.03,2.64,0.01,1.00,0.00,0.00,0.64,0.59,0.0000,0.0002,     0,0,0,1.05,98.95,0.00,N/A,5.88,2.23,211.85,2.64,66.11,0.03,0.69,0.12,3.03,0.04,1.00,0.00,0.00,0.75,0.90,0.0000,0.0000,     0,0,0,3.97,96.03,0.00,N/A,25.27,8.33,211.85,3.03,75.84,0.12,3.01,0.12,2.96,0.04,1.00,0.00,0.00,0.82,0.69,0.0000,0.0000,     0,0,0,3.97,96.03,0.00,N/A,24.62,8.33,211.85,2.96,73.90,0.12,2.93,0.12,3.03,0.04,1.00,0.00,0.00,0.84,0.85,0.0000,0.0000,     0,0,0,3.96,96.04,0.00,N/A,25.23,8.32,211.85,3.03,75.86,0.12,3.00,0.03,2.88,0.01,1.00,0.00,0.00,0.42,0.72,0.0000,0.0000,     0,0,0,0.95,99.05,0.00,N/A,6.32,2.19,211.85,2.88,71.96,0.03,0.68,0.10,2.93,0.03,1.00,0.00,0.00,0.72,0.82,0.0000,0.0000,     0,0,0,3.34,96.66,0.00,N/A,18.57,6.35,211.85,2.93,73.15,0.10,2.44,0.03,1.68,0.02,1.00,0.00,0.00,0.94,0.95,0.0000,0.0003,     0,0,0,1.51,98.49,0.00,N/A,5.36,3.19,211.85,1.68,41.94,0.03,0.63,0.01,0.41,0.03,1.00,0.00,0.03,0.95,0.28,0.0006,0.0132,     0,0,0,2.53,97.47,0.00,N/A,2.23,5.42,211.85,0.41,10.27,0.01,0.26,0.03,3.03,0.01,1.00,0.00,0.00,0.63,0.80,0.0000,0.0000,     0,0,0,0.99,99.01,0.00,N/A,6.45,2.13,211.85,3.03,75.78,0.03,0.75,0.01,1.03,0.01,1.00,0.00,0.00,0.67,0.91,0.0002,0.0007,     0,0,0,1.00,99.00,0.00,N/A,2.20,2.13,211.85,1.03,25.81,0.01,0.26,0.07,2.91,0.02,1.00,0.00,0.00,0.47,0.66,0.0000,0.0000,     0,0,0,2.23,97.77,0.00,N/A,12.38,4.25,211.85,2.91,72.82,0.07,1.63,0.00,0.41,0.00,1.00,0.00,0.00,0.65,0.90,0.0007,0.0020,     0,0,0,0.02,99.98,0.00,N/A,0.02,0.04,211.85,0.41,10.18,0.00,0.00,0.03,2.97,0.01,1.00,0.00,0.00,0.64,0.88,0.0000,0.0000,     0,0,0,1.00,99.00,0.00,N/A,6.28,2.12,211.85,2.97,74.28,0.03,0.74,0.00,0.38,0.00,1.00,0.00,0.00,0.82,0.79,0.0005,0.0044,     0,0,0,0.03,99.97,0.00,N/A,0.02,0.06,211.85,0.38,9.53,0.00,0.00,0.00,0.36,0.00,1.00,0.00,0.00,0.78,0.87,0.0005,0.0024,     0,0,0,0.03,99.97,0.00,N/A,0.02,0.05,211.85,0.36,9.05,0.00,0.00,
2024-03-21,21:06:58.213,0.04,2.17,0.02,1.00,0.01,0.08,0.88,0.66,0.0001,0.0006,0.00,0.00,-2147483648,0.00,0.00,142.59,65.78,210.21,2.17,54.19,0.04,1.06,2.86,0.66,3.66,1.95,98.05,0.00,100.00,0.00,0.00,0.00,0.00,-nan,0.08,0.06,2.27,0.02,1.00,0.01,0.04,0.86,0.67,0.0001,0.0005,     0,0,0,0.00,0.00,-2147483648,0.00,0.00,N/A,93.40,41.07,210.21,2.27,56.85,0.06,1.41,0.03,1.99,0.01,1.00,0.00,0.04,0.90,0.65,0.0001,0.0008,     0,0,0,0.00,0.00,-2147483648,0.00,0.00,N/A,49.18,24.71,210.21,1.99,49.76,0.03,0.72,1.15,0.91,  1%,  0%,0.52,0.28,  0%,  0%,1.12,0.78,  1%,  0%,1.08,0.69,  0%,  0%,2.49,97.51,0.00,100.00,0.00,0.00,1.44,98.56,0.00,100.00,0.00,0.00,0.00,0.00,0.00 ,0.00 ,-nan ,-nan ,0.08,0.08,0.01,0.30,0.02,1.00,0.00,0.03,0.94,0.27,0.0011,0.0195,     0,0,0,2.33,97.67,0.00,N/A,1.48,4.90,210.21,0.30,7.56,0.01,0.18,0.02,1.11,0.02,1.00,0.00,0.00,0.51,0.76,0.0004,0.0009,     0,0,0,1.58,98.42,0.00,N/A,4.05,3.64,210.21,1.11,27.82,0.02,0.44,0.02,1.26,0.01,1.00,0.00,0.00,0.54,0.88,0.0007,0.0015,     0,0,0,1.19,98.81,0.00,N/A,2.86,2.26,210.21,1.26,31.60,0.02,0.38,0.12,2.90,0.04,1.00,0.00,0.00,0.64,0.55,0.0000,0.0001,     0,0,0,4.26,95.74,0.00,N/A,23.52,8.11,210.21,2.90,72.48,0.12,3.09,0.12,3.02,0.04,1.00,0.00,0.00,0.81,0.83,0.0000,0.0000,     0,0,0,3.96,96.04,0.00,N/A,25.12,8.31,210.21,3.02,75.55,0.12,2.99,0.10,2.99,0.03,1.00,0.00,0.00,0.72,0.84,0.0000,0.0000,     0,0,0,3.28,96.72,0.00,N/A,18.70,6.24,210.21,2.99,74.85,0.10,2.46,0.07,2.51,0.03,1.00,0.00,0.00,0.84,0.89,0.0000,0.0001,     0,0,0,2.94,97.06,0.00,N/A,15.49,6.18,210.21,2.51,62.65,0.07,1.84,0.01,1.54,0.01,1.00,0.00,0.00,0.95,0.82,0.0001,0.0011,     0,0,0,0.64,99.36,0.00,N/A,2.18,1.42,210.21,1.54,38.51,0.01,0.25,0.02,0.73,0.03,1.00,0.00,0.03,0.95,0.26,0.0004,0.0072,     0,0,0,2.69,97.31,0.00,N/A,4.06,5.59,210.21,0.73,18.15,0.02,0.49,0.04,2.06,0.02,1.00,0.00,0.00,0.50,0.88,0.0000,0.0001,     0,0,0,2.02,97.98,0.00,N/A,8.58,4.17,210.21,2.06,51.43,0.04,1.04,0.01,0.94,0.01,1.00,0.00,0.00,0.75,0.76,0.0004,0.0019,     0,0,0,0.88,99.12,0.00,N/A,1.90,2.03,210.21,0.94,23.49,0.01,0.21,0.09,3.00,0.03,1.00,0.00,0.00,0.45,0.81,0.0000,0.0000,     0,0,0,2.97,97.03,0.00,N/A,18.75,6.25,210.21,3.00,75.00,0.09,2.23,0.03,2.83,0.01,1.00,0.00,0.00,0.43,0.62,0.0000,0.0001,     0,0,0,1.06,98.94,0.00,N/A,6.28,2.22,210.21,2.83,70.65,0.03,0.75,0.04,2.21,0.02,1.00,0.00,0.00,0.64,0.94,0.0001,0.0003,     0,0,0,1.88,98.12,0.00,N/A,9.55,4.32,210.21,2.21,55.33,0.04,1.04,0.00,0.39,0.00,1.00,0.00,0.00,0.83,0.78,0.0005,0.0050,     0,0,0,0.03,99.97,0.00,N/A,0.03,0.07,210.21,0.39,9.63,0.00,0.00,0.00,0.46,0.00,1.00,0.00,0.00,0.85,0.78,0.0003,0.0047,     0,0,0,0.03,99.97,0.00,N/A,0.03,0.06,210.21,0.46,11.39,0.00,0.00,
2024-03-21,21:06:58.314,0.05,2.51,0.02,1.00,0.00,0.06,0.93,0.48,0.0000,0.0004,0.00,0.00,-2147483648,0.00,0.00,167.75,66.88,211.88,2.51,62.70,0.05,1.23,0.58,0.18,1.77,1.96,98.04,0.00,100.00,0.00,0.00,0.00,0.00,-nan,0.08,0.06,2.53,0.02,1.00,0.00,0.03,0.92,0.57,0.0000,0.0003,     0,0,0,0.00,0.00,-2147483648,0.00,0.00,N/A,101.63,40.24,211.88,2.53,63.14,0.06,1.47,0.04,2.48,0.02,1.00,0.00,0.03,0.94,0.32,0.0000,0.0004,     0,0,0,0.00,0.00,-2147483648,0.00,0.00,N/A,66.12,26.64,211.88,2.48,62.04,0.04,0.97,0.09,0.31,  0%,  0%,0.13,0.04,  0%,  0%,0.57,0.65,  0%,  0%,0.32,0.23,  0%,  0%,2.33,97.67,0.00,100.00,0.00,0.00,1.57,98.43,0.00,100.00,0.00,0.00,0.00,0.00,0.00 ,0.00 ,-nan ,-nan ,0.08,0.08,0.01,0.34,0.02,1.00,0.00,0.03,0.95,0.27,0.0010,0.0182,     0,0,0,2.18,97.82,0.00,N/A,1.59,4.62,211.88,0.34,8.62,0.01,0.19,0.04,2.73,0.01,1.00,0.00,0.00,0.45,0.63,0.0000,0.0001,     0,0,0,1.48,98.52,0.00,N/A,7.78,2.84,211.88,2.73,68.35,0.04,1.01,0.05,3.02,0.02,1.00,0.00,0.00,0.81,0.90,0.0000,0.0000,     0,0,0,1.81,98.19,0.00,N/A,12.62,4.17,211.88,3.02,75.57,0.05,1.37,0.04,2.23,0.02,1.00,0.00,0.00,0.91,0.89,0.0000,0.0002,     0,0,0,1.84,98.16,0.00,N/A,9.52,4.26,211.88,2.23,55.87,0.04,1.03,0.12,3.03,0.04,1.00,0.00,0.00,0.87,0.81,0.0000,0.0000,     0,0,0,3.93,96.07,0.00,N/A,25.26,8.33,211.88,3.03,75.78,0.12,2.98,0.11,3.00,0.04,1.00,0.00,0.00,0.69,0.85,0.0000,0.0000,     0,0,0,3.60,96.40,0.00,N/A,25.05,8.34,211.880.08,2.04,0.03,2.23,0.01,1,2.69,0.03,1.00,0.00,0.00,0.79,0.89,0.0000,0.0001,     0,0,0,3.44,96.56,0.00,N/A,19.62,7.30,211.88,2.69,67.25,0.09,2.31,0.00,0.53,0.00,1.00,0.00,0.00,0.48,0.62,0.0019,0.0058,     0,0,0,0.19,99.81,0.00,N/A,0.20,0.38,211.88,0.53,13.16,0.00,0.02,0.01,0.30,0.02,1.00,0.00,0.03,0.96,0.27,0.0008,0.0208,     0,0,0,2.14,97.86,0.00,N/A,1.35,4.54,211.88,0.30,7.44,0.01,0.16,0.00,1.15,0.00,1.00,0.00,0.00,0.30,0.64,0.0007,0.0012,     0,0,0,0.19,99.81,0.00,N/A,0.46,0.40,211.88,1.15,28.63,0.00,0.05,0.10,3.01,0.03,1.00,0.00,0.00,0.58,0.80,0.0000,0.0000,     0,0,0,3.25,96.75,0.00,N/A,18.85,6.26,211.88,3.01,75.30,0.10,2.45,0.01,2.31,0.00,1.00,0.00,0.00,0.71,0.66,0.0001,0.0004,     0,0,0,0.34,99.66,0.00,N/A,1.65,0.72,211.88,2.31,57.74,0.01,0.20,0.03,2.93,0.01,1.00,0.00,0.00,0.88,0.81,0.0000,0.0000,     0,0,0,0.93,99.07,0.00,N/A,6.29,2.14,211.88,2.93,73.33,0.03,0.68,0.10,3.00,0.03,1.00,0.00,0.00,0.83,0.87,0.0000,0.0000,     0,0,0,3.25,96.75,0.00,N/A,18.74,6.24,211.88,3.00,75.04,0.10,2.44,0.06,2.99,0.02,1.00,0.00,0.00,0.61,0.85,0.0000,0.0000,     0,0,0,1.98,98.02,0.00,N/A,12.54,4.19,211.88,2.99,74.76,0.06,1.48,0.03,2.90,0.01,1.00,0.00,0.00,0.27,0.76,0.0000,0.0000,     0,0,0,0.93,99.07,0.00,N/A,6.24,2.15,211.88,2.90,72.55,0.03,0.67,
2024-03-21,21:06:58.404,0.04,2.38,0.02,1.00,0.00,0.07,0.93,0.44,0.0000,0.0005,0.00,0.00,-2147483648,0.00,0.00,127.77,53.61,208.50,2.38,59.58,0.04,0.99,0.64,0.37,1.25,1.67,98.33,0.00,100.00,0.00,0.00,0.00,0.00,-nan,0.08,0.05,2.43,0.02,1.00,0.00,0.04,0.92,0.51,0.0000,0.0005,     0,0,0,0.00,0.00,-2147483648,0.00,0.00,N/A,80.50,33.17,208.50,2.43,60.67,0.05,1.27,0.03,2.31,0.01,1.00,0.00,0.03,0.94,0.33,0.0000,0.0006,     0,0,0,0.00,0.00,-2147483648,0.00,0.00,N/A,47.27,20.44,208.50,2.31,57.82,0.03,0.73,0.22,0.24,  0%,  0%,0.14,0.04,  0%,  0%,0.51,0.27,  0%,  0%,0.28,0.19,  0%,  0%,2.09,97.91,0.00,100.00,0.00,0.00,1.26,98.74,0.00,100.00,0.00,0.00,0.00,0.00,0.00 ,0.00 ,-nan ,-nan ,0.09,0.08,0.01,0.33,0.02,1.00,0.00,0.03,0.95,0.28,0.0011,0.0202,     0,0,0,2.05,97.95,0.00,N/A,1.41,4.27,208.50,0.33,8.26,0.01,0.17,0.01,1.34,0.01,1.00,0.00,0.00,0.56,0.72,0.0002,0.0008,     0,0,0,0.50,99.50,0.00,N/A,1.41,1.05,208.50,1.34,33.55,0.01,0.17,0.13,3.01,0.04,1.00,0.00,0.00,0.91,0.92,0.0000,0.0000,     0,0,0,4.37,95.63,0.00,N/A,25.08,8.32,208.50,3.01,75.30,0.13,3.29,0.02,2.76,0.01,1.00,0.00,0.00,0.79,0.63,0.0000,0.0001,     0,0,0,0.71,99.29,0.00,N/A,3.72,1.34,208.50,2.76,69.12,0.02,0.49,0.13,2.88,0.04,1.00,0.00,0.00,0.67,0.61,0.0000,0.0000,     0,0,0,4.38,95.62,0.00,N/A,23.79,8.26,208.50,2.88,72.04,0.13,3.15,0.10,3.05,0.03,1.00,0.00,0.00,0.94,0.89,0.0000,0.0000,     0,0,0,3.31,96.69,0.00,N/A,19.05,6.24,208.50,3.05,76.36,0.10,2.52,0.03,1.68,0.02,1.00,0.00,0.00,0.89,0.81,0.0001,0.0008,     0,0,0,1.71,98.29,0.00,N/A,5.99,3.56,208.50,1.68,42.04,0.03,0.72,0.00,0.44,0.00,1.00,0.00,0.00,0.71,0.73,0.0012,0.0051,     0,0,0,0.06,99.94,0.00,N/A,0.05,0.12,208.50,0.44,11.03,0.00,0.01,0.01,0.50,0.03,1.00,0.00,0.03,0.95,0.27,0.0006,0.0107,     0,0,0,2.61,97.39,0.00,N/A,2.74,5.44,208.50,0.50,12.61,0.01,0.33,0.09,3.06,0.03,1.00,0.00,0.00,0.66,0.75,0.0000,0.0000,     0,0,0,3.00,97.00,0.00,N/A,19.17,6.26,208.50,3.06,76.62,0.09,2.30,0.03,2.96,0.01,1.00,0.00,0.00,0.79,0.86,0.0000,0.0000,     0,0,0,1.02,98.98,0.00,N/A,6.28,2.12,208.50,2.96,74.01,0.03,0.75,0.00,0.48,0.00,1.00,0.00,0.00,0.64,0.67,0.0018,0.0070,     0,0,0,0.09,99.91,0.00,N/A,0.09,0.18,208.50,0.48,11.97,0.00,0.01,0.03,2.98,0.01,1.00,0.00,0.00,0.81,0.89,0.0000,0.0000,     0,0,0,1.11,98.89,0.00,N/A,6.26,2.10,208.50,2.98,74.43,0.03,0.83,0.00,0.44,0.00,1.00,0.00,0.00,0.81,0.84,0.0003,0.0033,     0,0,0,0.03,99.97,0.00,N/A,0.03,0.06,208.50,0.44,10.94,0.00,0.00,0.00,0.50,0.00,1.00,0.00,0.00,0.86,0.75,0.0006,0.0055,     0,0,0,0.04,99.96,0.00,N/A,0.05,0.09,208.50,0.50,12.57,0.00,0.01,0.07,3.02,0.02,1.00,0.00,0.00,0.67,0.88,0.0000,0.0000,     0,0,0,2.22,97.78,0.00,N/A,12.66,4.19,208.50,3.02,75.52,0.07,1.68,
2024-03-21,21:06:58.504,0.05,2.52,0.02,1.00,0.00,0.06,0.93,0.51,0.0000,0.0004,0.00,0.00,-2147483648,0.00,0.00,173.07,68.68,211.29,2.52,63.00,0.05,1.29,0.45,0.26,1.38,2.04,97.96,0.00,100.00,0.00,0.00,0.00,0.00,-nan,0.08,0.05,2.44,0.02,1.00,0.00,0.03,0.92,0.60,0.0000,0.0004,     0,0,0,0.00,0.00,-2147483648,0.00,0.00,N/A,89.69,36.76,211.29,2.44,61.00,0.05,1.33,0.05,2.61,0.02,1.00,0.00,0.03,0.94,0.32,0.0000,0.0004,     0,0,0,0.00,0.00,-2147483648,0.00,0.00,N/A,83.38,31.92,211.29,2.61,65.30,0.05,1.24,0.12,0.15,  0%,  0%,0.11,0.06,  0%,  0%,0.28,0.57,  0%,  0%,0.27,0.25,  0%,  0%,2.18,97.82,0.00,100.00,0.00,0.00,1.90,98.10,0.00,100.00,0.00,0.00,0.00,0.00,0.00 ,0.00 ,-nan ,-nan ,0.08,0.08,0.01,0.32,0.02,1.00,0.00,0.03,0.94,0.28,0.0011,0.0196,     0,0,0,2.21,97.79,0.00,N/A,1.47,4.66,211.29,0.32,7.88,0.01,0.17,0.09,3.02,0.03,1.00,0.00,0.00,0.66,0.71,0.0000,0.0000,     0,0,0,3.02,96.98,0.00,N/A,19.16,6.34,211.29,3.02,75.55,0.09,2.28,0.12,2.95,0.04,1.00,0.00,0.00,0.75,0.90,0.0000,0.0000,     0,0,0,3.96,96.04,0.00,N/A,24.50,8.32,211.29,2.95,73.64,0.12,2.91,0.09,2.85,0.03,1.00,0.00,0.00,0.77,0.91,0.0000,0.0000,     0,0,0,3.23,96.77,0.00,N/A,19.36,6.79,211.29,2.85,71.30,0.09,2.30,0.07,2.68,0.03,1.00,0.00,0.00,0.99,0.95,0.0000,0.0000,     0,0,0,2.63,97.37,0.00,N/A,14.85,5.54,211.29,2.68,67.04,0.07,1.77,0.00,0.50,0.00,1.00,0.00,0.00,0.52,0.77,0.0013,0.0043,     0,0,0,0.04,99.96,0.00,N/A,0.04,0.08,211.29,0.50,12.56,0.00,0.00,0.04,2.30,0.02,1.00,0.00,0.00,0.78,0.78,0.0000,0.0002,     0,0,0,1.68,98.32,0.00,N/A,8.12,3.53,211.29,2.30,57.43,0.04,0.97,0.01,1.47,0.01,1.00,0.00,0.00,0.78,0.88,0.0001,0.0008,     0,0,0,0.71,99.29,0.00,N/A,2.20,1.50,211.29,1.47,36.63,0.01,0.26,0.01,0.31,0.02,1.00,0.00,0.03,0.95,0.27,0.0011,0.0207,     0,0,0,2.20,97.80,0.00,N/A,1.41,4.62,211.29,0.31,7.66,0.01,0.17,0.12,3.01,0.04,1.00,0.00,0.00,0.78,0.79,0.0000,0.0000,     0,0,0,3.96,96.04,0.00,N/A,25.01,8.32,211.29,3.01,75.14,0.12,2.97,0.12,3.04,0.04,1.00,0.00,0.00,0.53,0.88,0.0000,0.0000,     0,0,0,3.96,96.04,0.00,N/A,25.32,8.32,211.29,3.04,76.06,0.12,3.01,0.03,2.99,0.01,1.00,0.00,0.00,0.72,0.71,0.0000,0.0000,     0,0,0,1.02,98.98,0.00,N/A,6.40,2.14,211.29,2.99,74.71,0.03,0.76,0.00,0.47,0.00,1.00,0.00,0.00,0.60,0.73,0.0013,0.0053,     0,0,0,0.04,99.96,0.00,N/A,0.04,0.09,211.29,0.47,11.76,0.00,0.00,0.06,3.02,0.02,1.00,0.00,0.00,0.58,0.88,0.0000,0.0000,     0,0,0,1.99,98.01,0.00,N/A,12.66,4.19,211.29,3.02,75.53,0.06,1.51,0.00,0.48,0.00,1.00,0.00,0.00,0.94,0.81,0.0002,0.0039,     0,0,0,0.02,99.98,0.00,N/A,0.02,0.05,211.29,0.48,11.89,0.00,0.00,0.06,2.99,0.02,1.00,0.00,0.00,0.70,0.83,0.0000,0.0000,     0,0,0,1.99,98.01,0.00,N/A,12.50,4.19,211.29,2.99,74.64,0.06,1.49,
2024-03-21,21:06:58.615,0.04,2.40,0.02,1.00,0.01,0.07,0.91,0.46,0.0000,0.0005,0.00,0.00,-2147483648,0.00,0.00,146.36,60.87,210.13,2.40,60.11,0.04,1.08,2.30,1.27,5.30,1.80,98.20,0.00,100.00,0.00,0.00,0.00,0.00,-nan,0.09,0.04,2.27,0.02,1.00,0.00,0.04,0.89,0.54,0.0001,0.0005,     0,0,0,0.00,0.00,-2147483648,0.00,0.00,N/A,69.12,30.40,210.13,2.27,56.84,0.04,1.02,0.05,2.54,0.02,1.00,0.00,0.03,0.94,0.32,0.0000,0.0004,     0,0,0,0.00,0.00,-2147483648,0.00,0.00,N/A,77.24,30.47,210.13,2.54,63.38,0.05,1.14,1.10,0.65,  0%,  0%,0.36,0.18,  0%,  0%,3.13,1.04,  2%,  0%,0.63,0.50,  0%,  0%,1.80,98.20,0.00,100.00,0.00,0.00,1.80,98.20,0.00,100.00,0.00,0.00,0.00,0.00,0.00 ,0.00 ,-nan ,-nan ,0.10,0.08,0.01,0.29,0.02,1.00,0.00,0.03,0.95,0.28,0.0009,0.0204,     0,0,0,2.21,97.79,0.00,N/A,1.35,4.65,210.13,0.29,7.28,0.01,0.16,0.07,2.63,0.03,1.00,0.00,0.00,0.82,0.80,0.0000,0.0002,     0,0,0,2.50,97.50,0.00,N/A,13.92,5.29,210.13,2.63,65.83,0.07,1.65,0.06,2.97,0.02,1.00,0.00,0.00,0.57,0.78,0.0000,0.0000,     0,0,0,1.98,98.02,0.00,N/A,12.45,4.19,210.13,2.97,74.22,0.06,1.47,0.12,2.97,0.04,1.00,0.00,0.00,0.75,0.68,0.0000,0.0000,     0,0,0,3.94,96.06,0.00,N/A,24.69,8.33,210.13,2.97,74.14,0.12,2.92,0.01,1.13,0.01,1.00,0.00,0.00,0.52,0.64,0.0004,0.0013,     0,0,0,0.54,99.46,0.00,N/A,1.29,1.14,210.13,1.13,28.19,0.01,0.15,0.06,3.03,0.02,1.00,0.00,0.00,0.78,0.89,0.0000,0.0000,     0,0,0,1.98,98.02,0.00,N/A,12.68,4.18,210.13,3.03,75.81,0.06,1.50,0.00,0.65,0.00,1.00,0.00,0.00,0.77,0.81,0.0004,0.0023,     0,0,0,0.12,99.88,0.00,N/A,0.16,0.25,210.13,0.65,16.25,0.00,0.02,0.01,1.09,0.01,1.00,0.00,0.00,0.57,0.82,0.0005,0.02.55,97.45,0.00,N/A,3.80,50.00,N/A,2.58,2.37,210.13,1.09,27.23,0.01,0.31,0.01,0.34,0.02,1.00,0.00,0.03,0.94,0.28,0.0010,0.0170,     0,0,0,2.48,97.52,0.00,N/A,1.76,5.25,210.13,0.34,8.41,0.01,0.21,0.03,2.92,0.01,1.00,0.00,0.00,0.42,0.76,0.0000,0.0000,     0,0,0,1.02,98.98,0.00,N/A,6.27,2.14,210.13,2.92,73.11,0.03,0.74,0.06,3.05,0.02,1.00,0.00,0.00,0.56,0.76,0.0000,0.0000,     0,0,0,1.99,98.01,0.00,N/A,12.77,4.19,210.13,3.05,76.13,0.06,1.51,0.12,3.01,0.04,1.00,0.00,0.00,0.48,0.84,0.0000,0.0000,     0,0,0,3.94,96.06,0.00,N/A,25.05,8.32,210.13,3.01,75.24,0.12,2.97,0.06,2.98,0.02,1.00,0.00,0.00,0.66,0.88,0.0000,0.0000,     0,0,0,1.98,98.02,0.00,N/A,12.48,4.19,210.13,2.98,74.53,0.06,1.48,0.00,0.48,0.00,1.00,0.00,0.00,0.71,0.82,0.0004,0.0035,     0,0,0,0.02,99.98,0.00,N/A,0.02,0.05,210.13,0.48,12.05,0.00,0.00,0.06,2.98,0.02,1.00,0.00,0.00,0.58,0.81,0.0000,0.0000,     0,0,0,1.99,98.01,0.00,N/A,12.49,4.20,210.13,2.98,74.41,0.06,1.48,0.03,3.00,0.01,1.00,0.00,0.00,0.68,0.85,0.0000,0.0000,     0,0,0,1.01,98.99,0.00,N/A,6.38,2.12,210.13,3.00,75.09,0.03,0.76,
2024-03-21,21:06:58.705,0.01,1.30,0.01,0.96,0.01,0.07,0.86,0.47,0.0003,0.0020,0.01,0.01,-2147483648,0.00,0.00,35.26,27.18,212.24,1.30,32.44,0.01,0.26,0.71,0.03,2.07,0.83,99.17,0.00,100.00,0.00,0.00,0.00,0.00,-nan,0.08,0.02,1.53,0.01,1.00,0.01,0.04,0.85,0.55,0.0002,0.0014,     0,0,0,0.00,0.00,-2147483648,0.00,0.00,N/A,26.79,17.56,212.24,1.53,38.13,0.02,0.39,0.00,0.88,0.01,0.89,0.00,0.03,0.88,0.34,0.0005,0.0039,     0,0,0,0.01,0.01,-2147483648,0.00,0.00,N/A,8.47,9.62,212.24,0.88,22.03,0.00,0.12,0.08,0.08,  0%,  0%,0.29,0.26,  0%,  0%,0.16,0.34,  0%,  0%,1.02,0.55,  0%,  0%,1.03,98.97,0.00,100.00,0.00,0.00,0.63,99.37,0.00,100.00,0.00,0.00,0.00,0.00,0.00 ,0.00 ,-nan ,-nan ,0.08,0.09,0.01,0.28,0.02,1.00,0.00,0.03,0.95,0.27,0.0009,0.0204,     0,0,0,2.30,97.70,0.00,N/A,1.38,4.87,212.24,0.28,7.06,0.01,0.16,0.03,2.85,0.01,1.00,0.00,0.00,0.59,0.70,0.0000,0.0001,     0,0,0,1.03,98.97,0.00,N/A,6.23,2.19,212.24,2.85,71.27,0.03,0.74,0.00,0.47,0.00,1.00,0.00,0.00,0.90,0.89,0.0002,0.0021,     0,0,0,0.03,99.97,0.00,N/A,0.03,0.06,212.24,0.47,11.68,0.00,0.00,0.03,2.89,0.01,1.00,0.00,0.00,0.76,0.64,0.0000,0.0001,     0,0,0,1.03,98.97,0.00,N/A,6.30,2.18,212.24,2.89,72.26,0.03,0.74,0.01,0.90,0.01,1.00,0.00,0.00,0.20,0.53,0.0012,0.0016,     0,0,0,1.25,98.75,0.00,N/A,2.37,2.64,212.24,0.90,22.43,0.01,0.28,0.01,1.62,0.00,1.00,0.00,0.00,0.95,0.93,0.0000,0.0004,     0,0,0,0.49,99.51,0.00,N/A,1.68,1.03,212.24,1.62,40.60,0.01,0.20,0.00,0.85,0.00,1.00,0.00,0.00,0.71,0.93,0.0002,0.0007,     0,0,0,0.32,99.68,0.00,N/A,0.57,0.67,212.24,0.85,21.15,0.00,0.07,0.04,2.10,0.02,1.00,0.00,0.00,0.56,0.82,0.0001,0.0003,     0,0,0,1.85,98.15,0.00,N/A,8.23,3.92,212.24,2.10,52.55,0.04,0.97,0.01,0.31,0.02,0.87,0.00,0.03,0.94,0.28,0.0012,0.0204,     0,0,0,2.54,97.46,0.00,N/A,1.43,4.67,212.24,0.31,7.64,0.01,0.17,0.00,0.49,0.00,0.50,0.00,0.00,0.80,0.67,0.0010,0.0069,     0,0,0,0.09,99.91,0.00,N/A,0.05,0.10,212.24,0.49,12.13,0.00,0.01,0.00,0.23,0.01,0.98,0.00,0.00,0.21,0.48,0.0032,0.0045,     0,0,0,1.09,98.91,0.00,N/A,0.51,2.25,212.24,0.23,5.68,0.00,0.06,0.03,2.87,0.01,0.98,0.00,0.00,0.55,0.63,0.0000,0.0000,     0,0,0,1.06,98.94,0.00,N/A,6.30,2.20,212.24,2.87,71.75,0.03,0.74,0.00,0.42,0.00,0.60,0.00,0.00,0.86,0.82,0.0003,0.0038,     0,0,0,0.04,99.96,0.00,N/A,0.02,0.06,212.24,0.42,10.50,0.00,0.00,0.00,0.39,0.00,0.60,0.00,0.00,0.69,0.88,0.0007,0.0024,     0,0,0,0.04,99.96,0.00,N/A,0.02,0.06,212.24,0.39,9.81,0.00,0.00,0.00,0.47,0.00,0.48,0.00,0.00,0.73,0.67,0.0016,0.0064,     0,0,0,0.09,99.91,0.00,N/A,0.05,0.10,212.24,0.47,11.85,0.00,0.01,0.00,0.48,0.00,0.79,0.00,0.00,0.36,0.57,0.0038,0.0070,     0,0,0,0.12,99.88,0.00,N/A,0.10,0.20,212.24,0.48,12.02,0.00,0.01,
2024-03-21,21:06:58.806,0.00,0.69,0.01,0.89,0.01,0.07,0.88,0.51,0.0007,0.0058,0.00,0.00,-2147483648,0.00,0.00,12.36,17.99,210.21,0.69,17.19,0.00,0.09,0.41,0.27,1.28,0.60,99.40,0.00,100.00,0.00,0.00,0.00,0.00,-nan,0.08,0.01,0.87,0.01,0.96,0.00,0.04,0.91,0.60,0.0003,0.0037,     0,0,0,0.00,0.00,-2147483648,0.00,0.00,N/A,10.24,11.72,210.21,0.87,21.84,0.01,0.15,0.00,0.34,0.00,0.79,0.01,0.03,0.84,0.35,0.0025,0.0162,     0,0,0,0.00,0.00,-2147483648,0.00,0.00,N/A,2.13,6.27,210.21,0.34,8.48,0.00,0.03,0.09,0.12,  0%,  0%,0.16,0.04,  0%,  0%,0.19,0.29,  0%,  0%,0.27,0.54,  0%,  0%,0.73,99.27,0.00,100.00,0.00,0.00,0.47,99.53,0.00,100.00,0.00,0.00,0.00,0.00,0.00 ,0.00 ,-nan ,-nan ,0.08,0.08,0.01,0.30,0.02,0.97,0.00,0.03,0.96,0.28,0.0008,0.0199,     0,0,0,2.29,97.71,0.00,N/A,1.42,4.69,210.21,0.30,7.59,0.01,0.17,0.00,1.06,0.00,0.98,0.00,0.00,0.45,0.66,0.0005,0.0013,     0,0,0,0.35,99.65,0.00,N/A,0.77,0.73,210.21,1.06,26.53,0.00,0.09,0.00,0.73,0.00,0.93,0.00,0.00,0.84,0.73,0.0000,0.0021,     0,0,0,0.23,99.77,0.00,N/A,0.33,0.46,210.21,0.73,18.19,0.00,0.04,0.00,0.81,0.00,0.80,0.00,0.00,0.66,0.76,0.0003,0.0023,     0,0,0,0.22,99.78,0.00,N/A,0.30,0.36,210.21,0.81,20.35,0.00,0.04,0.00,0.44,0.00,0.88,0.00,0.00,0.73,0.71,0.0013,0.0056,     0,0,0,0.06,99.94,0.00,N/A,0.05,0.12,210.21,0.44,11.03,0.00,0.01,0.00,0.32,0.00,0.98,0.00,0.00,0.27,0.60,0.0034,0.0065,     0,0,0,0.22,99.78,0.00,N/A,0.15,0.46,210.21,0.32,7.94,0.00,0.02,0.00,0.79,0.00,0.94,0.00,0.00,0.80,0.87,0.0002,0.0012,     0,0,0,0.18,99.82,0.00,N/A,0.27,0.35,210.21,0.79,19.68,0.00,0.03,0.03,1.52,0.02,0.96,0.00,0.01,0.82,0.87,0.0001,0.0008,     0,0,0,2.24,97.76,0.00,N/A,6.94,4.55,210.21,1.52,38.12,0.03,0.82,0.01,0.32,0.02,0.77,0.00,0.03,0.96,0.28,0.0009,0.0211,     0,0,0,2.57,97.43,0.00,N/A,1.34,4.17,210.21,0.32,8.03,0.01,0.16,0.00,0.39,0.00,0.79,0.00,0.00,0.74,0.60,0.0016,0.0076,     0,0,0,0.12,99.88,0.00,N/A,0.08,0.20,210.21,0.39,9.81,0.00,0.01,0.00,0.52,0.00,0.43,0.00,0.00,0.63,0.68,0.0019,0.0058,     0,0,0,0.15,99.85,0.00,N/A,0.07,0.13,210.21,0.52,13.09,0.00,0.01,0.00,0.41,0.00,0.66,0.00,0.00,0.67,0.78,0.0012,0.0040,     0,0,0,0.07,99.93,0.00,N/A,0.04,0.10,210.21,0.41,10.29,0.00,0.00,0.00,0.33,0.01,0.97,0.00,0.00,0.04,0.47,0.0088,0.0093,     0,0,0,0.54,99.46,0.00,N/A,0.36,1.09,210.21,0.33,8.29,0.00,0.04,0.00,0.27,0.00,0.84,0.00,0.00,0.27,0.61,0.0048,0.0090,     0,0,0,0.13,99.87,0.00,N/A,0.06,0.22,210.21,0.27,6.85,0.00,0.01,0.00,0.45,0.00,0.78,0.00,0.00,0.79,0.66,0.0012,0.0066,     0,0,0,0.10,99.90,0.00,N/A,0.08,0.17,210.21,0.45,11.33,0.00,0.01,0.00,0.54,0.00,0.71,0.00,0.00,0.68,0.56,0.0018,0.0071,     0,0,0,0.12,99.88,0.00,N/A,0.10,0.18,210.21,0.54,13.45,0.00,0.01,
2024-03-21,21:06:58.905,0.01,1.80,0.01,0.94,0.00,0.06,0.93,0.48,0.0001,0.0014,0.00,0.00,-2147483648,0.00,0.00,47.05,26.08,209.89,1.80,45.10,0.01,0.35,0.63,0.36,2.70,0.83,99.17,0.00,100.00,0.00,0.00,0.00,0.00,-nan,0.08,0.02,1.75,0.01,0.97,0.00,0.03,0.92,0.57,0.0001,0.0013,     0,0,0,0.00,0.00,-2147483648,0.00,0.00,N/A,26.07,14.86,209.89,1.75,43.86,0.02,0.39,0.01,1.87,0.01,0.89,0.00,0.03,0.94,0.33,0.0001,0.0015,     0,0,0,0.00,0.00,-2147483648,0.00,0.00,N/A,20.97,11.22,209.89,1.87,46.73,0.01,0.31,0.09,0.14,  0%,  0%,0.25,0.15,  0%,  0%,0.25,0.33,  0%,  0%,0.60,1.51,  0%,  1%,0.91,99.09,0.00,100.00,0.00,0.00,0.75,99.25,0.00,100.00,0.00,0.00,0.00,0.00,0.00 ,0.00 ,-nan ,-nan ,0.08,0.08,0.01,0.31,0.02,1.00,0.00,0.03,0.96,0.28,0.0008,0.0207,     0,0,0,2.02,97.98,0.00,N/A,1.31,4.24,209.89,0.31,7.71,0.01,0.16,0.06,3.07,0.02,0.98,0.00,0.00,0.39,0.64,0.0000,0.0000,     0,0,0,2.08,97.92,0.00,N/A,13.05,4.25,209.89,3.07,76.81,0.06,1.56,0.03,2.74,0.01,1.00,0.00,0.00,0.56,0.70,0.0000,0.0001,     0,0,0,1.24,98.76,0.00,N/A,7.11,2.59,209.89,2.74,68.58,0.03,0.85,0.00,0.39,0.00,0.53,0.00,0.00,0.76,0.66,0.0013,0.0065,     0,0,0,0.11,99.89,0.00,N/A,0.05,0.12,209.89,0.39,9.70,0.00,0.01,0.00,0.43,0.00,0.86,0.00,0.00,0.72,0.74,0.0011,0.0051,     0,0,0,0.07,99.93,0.00,N/A,0.05,0.12,209.89,0.43,10.84,0.00,0.01,0.00,0.45,0.00,0.75,0.00,0.00,0.87,0.78,0.0004,0.0043,     0,0,0,0.03,99.97,0.00,N/A,0.02,0.06,209.89,0.45,11.14,0.00,0.00,0.00,0.91,0.00,0.86,0.00,0.00,0.62,0.94,0.0002,0.0006,     0,0,0,0.47,99.53,0.00,N/A,0.76,0.84,209.89,0.91,22.65,0.00,0.09,0.02,1.41,0.01,1.00,0.00,0.00,0.64,0.86,0.0003,0.0010,     0,0,0,1.27,98.73,0.00,N/A,3.72,2.64,209.89,1.41,35.26,0.02,0.45,0.01,0.32,0.02,0.79,0.00,0.03,0.96,0.27,0.0008,0.0211,     0,0,0,2.52,97.48,0.00,N/A,1.34,4.19,209.89,0.32,8.02,0.01,0.16,0.00,0.44,0.00,0.80,0.00,0.00,0.,0.0018,0.0036,     0,0,0,0.,0,0,0.07,99.93,0.00,N/A,0.05,0.11,209.89,0.44,10.99,0.00,0.01,0.03,2.92,0.01,0.99,0.00,0.00,0.75,0.65,0.0000,0.0001,     0,0,0,1.02,98.98,0.00,N/A,6.19,2.12,209.89,2.92,73.08,0.03,0.74,0.00,0.44,0.00,0.77,0.00,0.00,0.79,0.73,0.0009,0.0051,     0,0,0,0.07,99.93,0.00,N/A,0.05,0.11,209.89,0.44,11.10,0.00,0.01,0.00,0.57,0.00,0.57,0.00,0.00,0.91,0.73,0.0003,0.0058,     0,0,0,0.07,99.93,0.00,N/A,0.05,0.08,209.89,0.57,14.31,0.00,0.01,0.00,0.45,0.00,0.68,0.00,0.00,0.82,0.78,0.0006,0.0048,     0,0,0,0.05,99.95,0.00,N/A,0.03,0.07,209.89,0.45,11.35,0.00,0.00,0.06,3.12,0.02,0.99,0.00,0.00,0.56,0.82,0.0000,0.0000,     0,0,0,2.01,97.99,0.00,N/A,13.08,4.20,209.89,3.12,77.94,0.06,1.56,0.00,0.52,0.00,0.92,0.00,0.00,0.75,0.51,0.0017,0.0077,     0,0,0,0.18,99.82,0.00,N/A,0.18,0.34,209.89,0.52,13.07,0.00,0.02,
2024-03-21,21:06:59.017,0.05,2.70,0.02,1.00,0.00,0.06,0.93,0.44,0.0000,0.0004,0.00,0.00,-2147483648,0.00,0.00,174.45,64.58,212.14,2.70,67.53,0.05,1.24,0.53,0.27,1.44,1.84,98.16,0.00,100.00,0.00,0.00,0.00,0.00,-nan,0.08,0.05,2.68,0.02,1.00,0.00,0.04,0.92,0.51,0.0000,0.0004,     0,0,0,0.00,0.00,-2147483648,0.00,0.00,N/A,90.38,33.77,212.14,2.68,66.90,0.05,1.28,0.05,2.73,0.02,1.00,0.00,0.03,0.95,0.33,0.0000,0.0003,     0,0,0,0.00,0.00,-2147483648,0.00,0.00,N/A,84.07,30.81,212.14,2.73,68.22,0.05,1.21,0.19,0.17,  0%,  0%,0.12,0.06,  0%,  0%,0.34,0.30,  0%,  0%,0.32,0.47,  0%,  0%,1.91,98.09,0.00,100.00,0.00,0.00,1.77,98.23,0.00,100.00,0.00,0.00,0.00,0.00,0.00 ,0.00 ,-nan ,-nan ,0.08,0.08,0.01,0.33,0.02,1.00,0.00,0.03,0.96,0.28,0.0008,0.0209,     0,0,0,1.93,98.07,0.00,N/A,1.34,4.10,212.14,0.33,8.17,0.01,0.16,0.01,1.39,0.01,1.00,0.00,0.00,0.91,0.81,0.0001,0.0012,     0,0,0,0.69,99.31,0.00,N/A,2.04,1.46,212.14,1.39,34.82,0.01,0.24,0.03,2.99,0.01,1.00,0.00,0.00,0.52,0.73,0.0000,0.0000,     0,0,0,0.90,99.10,0.00,N/A,6.30,2.11,212.14,2.99,74.67,0.03,0.67,0.12,3.39,0.04,1.00,0.00,0.00,0.76,0.89,0.0000,0.0000,     0,0,0,3.56,96.44,0.00,N/A,28.27,8.34,212.14,3.39,84.79,0.12,3.02,0.03,3.07,0.01,1.00,0.00,0.00,0.73,0.65,0.0000,0.0001,     0,0,0,1.10,98.90,0.00,N/A,7.22,2.35,212.14,3.07,76.79,0.03,0.85,0.03,2.94,0.01,1.00,0.00,0.00,0.60,0.96,0.0000,0.0000,     0,0,0,1.19,98.81,0.00,N/A,7.44,2.53,212.14,2.94,73.38,0.03,0.87,0.14,3.11,0.04,1.00,0.00,0.00,0.78,0.72,0.0000,0.0000,     0,0,0,4.45,95.55,0.00,N/A,32.39,10.40,212.14,3.11,77.87,0.14,3.46,0.03,2.17,0.01,1.00,0.00,0.00,0.52,0.74,0.0002,0.0005,     0,0,0,1.17,98.83,0.00,N/A,5.38,2.48,212.14,2.17,54.31,0.03,0.63,0.02,0.86,0.03,1.00,0.00,0.03,0.95,0.29,0.0003,0.0058,     0,0,0,2.63,97.37,0.00,N/A,4.81,5.57,212.14,0.86,21.61,0.02,0.57,0.12,3.13,0.04,1.00,0.00,0.00,0.32,0.85,0.0000,0.0000,     0,0,0,3.92,96.08,0.00,N/A,26.01,8.31,212.14,3.13,78.21,0.12,3.07,0.09,3.22,0.03,1.00,0.00,0.00,0.83,0.90,0.0000,0.0000,     0,0,0,2.68,97.32,0.00,N/A,20.13,6.26,212.14,3.22,80.44,0.09,2.15,0.03,3.29,0.01,1.00,0.00,0.00,0.82,0.74,0.0000,0.0000,     0,0,0,1.00,99.00,0.00,N/A,6.99,2.12,212.14,3.29,82.19,0.03,0.82,0.03,3.07,0.01,1.00,0.00,0.00,0.37,0.74,0.0000,0.0000,     0,0,0,1.00,99.00,0.00,N/A,6.52,2.12,212.14,3.07,76.85,0.03,0.77,0.03,3.06,0.01,1.00,0.00,0.00,0.73,0.89,0.0000,0.0000,     0,0,0,0.91,99.09,0.00,N/A,6.53,2.13,212.14,3.06,76.53,0.03,0.70,0.06,3.08,0.02,1.00,0.00,0.00,0.78,0.70,0.0000,0.0000,     0,0,0,2.00,98.00,0.00,N/A,13.07,4.24,212.14,3.08,76.96,0.06,1.54,0.00,0.46,0.00,1.00,0.00,0.00,0.81,0.89,0.0003,0.0018,     0,0,0,0.02,99.98,0.00,N/A,0.02,0.04,212.14,0.46,11.39,0.00,0.00,
2024-03-21,21:06:59.113,0.04,2.52,0.02,1.00,0.01,0.07,0.92,0.56,0.0000,0.0005,0.00,0.00,-2147483648,0.00,0.00,141.94,56.43,211.89,2.52,62.88,0.04,1.07,1.09,0.50,2.60,1.70,98.30,0.00,100.00,0.00,0.00,0.00,0.00,-nan,0.08,0.03,2.18,0.01,1.00,0.00,0.04,0.90,0.65,0.0001,0.0007,     0,0,0,0.00,0.00,-2147483648,0.00,0.00,N/A,52.91,24.31,211.89,2.18,54.42,0.03,0.81,0.05,2.77,0.02,1.00,0.00,0.03,0.95,0.34,0.0000,0.0003,     0,0,0,0.00,0.00,-2147483648,0.00,0.00,N/A,89.03,32.13,211.89,2.77,69.28,0.05,1.31,0.31,0.39,  0%,  0%,0.22,0.18,  0%,  0%,0.73,0.63,  0%,  0%,0.71,0.53,  0%,  0%,1.49,98.51,0.00,100.00,0.00,0.00,1.89,98.11,0.00,100.00,0.00,0.00,0.00,0.00,0.00 ,0.00 ,-nan ,-nan ,0.08,0.08,0.01,0.33,0.02,1.00,0.00,0.03,0.96,0.27,0.0008,0.0194,     0,0,0,2.14,97.86,0.00,N/A,1.48,4.53,211.89,0.33,8.18,0.01,0.18,0.04,2.68,0.01,1.00,0.00,0.00,0.87,0.96,0.0000,0.0000,     0,0,0,1.41,98.59,0.00,N/A,7.95,2.97,211.89,2.68,66.94,0.04,0.94,0.05,3.09,0.02,1.00,0.00,0.00,0.60,0.64,0.0000,0.0000,     0,0,0,1.58,98.42,0.00,N/A,9.27,3.00,211.89,3.09,77.26,0.05,1.22,0.11,3.36,0.03,1.00,0.00,0.00,0.39,0.67,0.0000,0.0000,     0,0,0,3.28,96.72,0.00,N/A,20.98,6.24,211.89,3.36,84.10,0.11,2.76,0.00,0.63,0.00,1.00,0.00,0.00,0.52,0.64,0.0011,0.0042,     0,0,0,0.44,99.56,0.00,N/A,0.60,0.96,211.89,0.63,15.75,0.00,0.07,0.01,1.29,0.01,1.00,0.00,0.00,0.74,0.88,0.0003,0.0013,     0,0,0,1.04,98.96,0.00,N/A,2.83,2.19,211.89,1.29,32.30,0.01,0.34,0.03,3.00,0.01,1.00,0.00,0.00,0.82,0.71,0.0000,0.0000,     0,0,0,1.16,98.84,0.00,N/A,6.60,2.20,211.89,3.00,75.08,0.03,0.87,0.01,1.44,0.01,1.00,0.00,0.00,0.72,0.86,0.0002,0.0010,     0,0,0,1.04,98.96,0.00,N/A,3.18,2.21,211.89,1.44,35.89,0.01,0.37,0.01,0.30,0.02,1.00,0.00,0.03,0.96,0.28,0.0009,0.0206,     0,0,0,2.14,97.86,0.00,N/A,1.38,4.53,211.89,0.30,7.60,0.01,0.16,0.09,3.38,0.03,1.00,0.00,0.00,0.57,0.81,0.0000,0.0000,     0,0,0,2.80,97.20,0.00,N/A,21.18,6.26,211.89,3.38,84.56,0.09,2.37,0.07,3.24,0.02,1.00,0.00,0.00,0.57,0.85,0.0000,0.0000,     0,0,0,2.08,97.92,0.00,N/A,13.55,4.19,211.89,3.24,80.91,0.07,1.68,0.06,3.11,0.02,1.00,0.00,0.00,0.85,0.79,0.0000,0.0000,     0,0,0,1.98,98.02,0.00,N/A,13.03,4.19,211.89,3.11,77.70,0.06,1.54,0.09,3.11,0.03,1.00,0.00,0.00,0.74,0.73,0.0000,0.0000,     0,0,0,2.83,97.17,0.00,N/A,19.67,6.32,211.89,3.11,77.78,0.09,2.20,0.03,3.09,0.01,1.00,0.00,0.00,0.45,0.86,0.0000,0.0000,     0,0,0,1.11,98.89,0.00,N/A,6.50,2.11,211.89,3.09,77.21,0.03,0.85,0.03,2.98,0.01,1.00,0.00,0.00,0.79,0.59,0.0000,0.0002,     0,0,0,1.08,98.92,0.00,N/A,7.21,2.42,211.89,2.98,74.54,0.03,0.81,0.03,3.09,0.01,1.00,0.00,0.00,0.61,0.87,0.0000,0.0000,     0,0,0,1.00,99.00,0.00,N/A,6.51,2.11,211.89,3.09,77.19,0.03,0.77,
2024-03-21,21:06:59.217,0.04,2.44,0.02,1.00,0.00,0.07,0.93,0.51,0.0000,0.0005,0.00,0.00,-2147483648,0.00,0.00,129.34,53.07,212.14,2.44,60.94,0.04,0.95,0.80,0.85,2.08,1.56,98.44,0.00,100.00,0.00,0.00,0.00,0.00,-nan,0.10,0.05,2.43,0.02,1.00,0.00,0.04,0.91,0.60,0.0000,0.0005,     0,0,0,0.00,0.00,-2147483648,0.00,0.00,N/A,81.16,33.39,212.14,2.43,60.77,0.05,1.17,0.03,2.45,0.01,1.00,0.00,0.03,0.95,0.32,0.0000,0.0006,     0,0,0,0.00,0.00,-2147483648,0.00,0.00,N/A,48.18,19.68,212.14,2.45,61.21,0.03,0.72,0.21,0.26,  0%,  0%,0.20,0.14,  0%,  0%,0.50,0.72,  0%,  0%,0.52,0.33,  0%,  0%,1.93,98.07,0.00,100.00,0.00,0.00,1.18,98.82,0.00,100.00,0.00,0.00,0.00,0.00,0.00 ,0.00 ,-nan ,-nan ,0.10,0.10,0.02,0.82,0.03,1.00,0.00,0.03,0.94,0.26,0.0004,0.0060,     0,0,0,2.81,97.19,0.00,N/A,4.86,5.96,212.14,0.82,20.39,0.02,0.57,0.10,3.03,0.03,1.00,0.00,0.00,0.37,0.73,0.0000,0.0000,     0,0,0,3.41,96.59,0.00,N/A,23.76,7.85,212.14,3.03,75.68,0.10,2.58,0.03,2.45,0.01,1.00,0.00,0.00,0.55,0.81,0.0001,0.0002,     0,0,0,1.32,98.68,0.00,N/A,7.44,3.04,212.14,2.45,61.14,0.03,0.81,0.01,1.64,0.01,1.00,0.00,0.00,0.92,0.94,0.0000,0.0004,     0,0,0,0.74,99.26,0.00,N/A,2.58,1.57,212.14,1.64,40.93,0.01,0.30,0.03,2.66,0.01,1.00,0.00,0.00,0.68,0.66,0.0000,0.0002,     0,0,0,1.20,98.80,0.00,N/A,6.60,2.48,212.14,2.66,66.39,0.03,0.80,0.00,0.99,0.00,1.00,0.00,0.00,0.69,0.96,0.0001,0.0003,     0,0,0,0.11,99.89,0.00,N/A,0.24,0.24,212.14,0.99,24.87,0.00,0.03,0.12,3.10,0.04,1.00,0.00,0.00,0.67,0.69,0.0000,0.0000,     0,0,0,3.92,96.08,0.00,N/A,25.82,8.32,212.14,3.10,77.59,0.12,3.04,0.05,2.52,0.02,1.00,0.00,0.00,0.95,0.87,0.0000,0.0002,     0,0,0,1.85,98.15,0.00,N/A,9.87,3.92,212.14,2.52,62.96,0.05,1.16,0.01,0.29,0.02,1.00,0.00,0.03,0.95,0.27,0.0010,0.0204,     0,0,0,2.24,97.76,0.00,N/A,1.40,4.74,212.14,0.29,7.36,0.01,0.16,0.03,3.30,0.01,1.00,0.00,0.00,0.58,0.88,0.0000,0.0000,     0,0,0,1.05,98.95,0.00,N/A,6.95,2.11,212.14,3.30,82.42,0.03,0.87,0.06,3.07,0.02,1.00,0.00,0.00,0.73,0.72,0.0000,0.0000,     0,0,0,2.03,97.97,0.00,N/A,13.07,4.26,212.14,3.07,76.75,1.47,0.03,3.10,0.01,1.00,1.00,0.00,0.00,0.78,0.70,0.0000,0.0000,     0,0,0,1.92,98.08,0.00,N/A,13.08,4.25,212.14,3.08,76.95,0.06,1.48,0.03,3.12,0.01,1.00,0.00,0.00,0.77,0.87,0.0000,0.0000,     0,0,0,1.05,98.95,0.00,N/A,6.57,2.11,212.14,3.12,77.98,0.03,0.82,0.00,0.42,0.00,1.00,0.00,0.00,0.71,0.87,0.0005,0.0022,     0,0,0,0.02,99.98,0.00,N/A,0.02,0.05,212.14,0.42,10.62,0.00,0.00,0.04,3.35,0.01,1.00,0.00,0.00,0.74,0.80,0.0000,0.0000,     0,0,0,1.05,98.95,0.00,N/A,7.07,2.11,212.14,3.35,83.71,0.04,0.88,0.00,0.37,0.00,1.00,0.00,0.00,0.75,0.89,0.0005,0.0019,     0,0,0,0.02,99.98,0.00,N/A,0.02,0.05,212.14,0.37,9.33,0.00,0.00,
2024-03-21,21:06:59.318,0.05,2.57,0.02,1.00,0.00,0.07,0.94,0.52,0.0000,0.0004,0.00,0.00,-2147483648,0.00,0.00,151.89,59.16,210.10,2.57,64.19,0.05,1.13,0.61,0.30,1.57,1.76,98.24,0.00,100.00,0.00,0.00,0.00,0.00,-nan,0.08,0.07,2.68,0.02,1.00,0.00,0.04,0.94,0.62,0.0000,0.0003,     0,0,0,0.00,0.00,-2147483648,0.00,0.00,N/A,110.47,41.19,210.10,2.68,67.05,0.07,1.65,0.02,2.31,0.01,1.00,0.00,0.03,0.94,0.34,0.0000,0.0007,     0,0,0,0.00,0.00,-2147483648,0.00,0.00,N/A,41.42,17.96,210.10,2.31,57.64,0.02,0.61,0.32,0.11,  0%,  0%,0.13,0.05,  0%,  0%,0.22,0.64,  0%,  0%,0.34,0.37,  0%,  0%,2.46,97.54,0.00,100.00,0.00,0.00,1.06,98.94,0.00,100.00,0.00,0.00,0.00,0.00,0.00 ,0.00 ,-nan ,-nan ,0.08,0.08,0.01,0.53,0.03,1.00,0.00,0.03,0.94,0.37,0.0006,0.0101,     0,0,0,2.75,97.25,0.00,N/A,3.05,5.78,210.10,0.53,13.21,0.01,0.36,0.10,3.34,0.03,1.00,0.00,0.00,0.62,0.66,0.0000,0.0000,     0,0,0,3.13,96.87,0.00,N/A,21.09,6.31,210.10,3.34,83.62,0.10,2.61,0.15,3.40,0.04,1.00,0.00,0.00,0.86,0.87,0.0000,0.0000,     0,0,0,4.33,95.67,0.00,N/A,28.28,8.33,210.10,3.40,84.89,0.15,3.67,0.06,3.05,0.02,1.00,0.00,0.00,0.48,0.66,0.0000,0.0000,     0,0,0,1.82,98.18,0.00,N/A,12.70,4.17,210.10,3.05,76.20,0.06,1.39,0.05,2.30,0.02,1.00,0.00,0.00,0.97,0.91,0.0000,0.0002,     0,0,0,2.32,97.68,0.00,N/A,11.18,4.87,210.10,2.30,57.39,0.05,1.33,0.06,3.03,0.02,1.00,0.00,0.00,0.77,0.96,0.0000,0.0000,     0,0,0,2.07,97.93,0.00,N/A,13.19,4.35,210.10,3.03,75.76,0.06,1.57,0.04,2.64,0.01,1.00,0.00,0.00,0.90,0.94,0.0000,0.0001,     0,0,0,1.41,98.59,0.00,N/A,7.85,2.97,210.10,2.64,66.10,0.04,0.93,0.06,2.97,0.02,1.00,0.00,0.00,0.81,0.71,0.0000,0.0001,     0,0,0,2.11,97.89,0.00,N/A,13.14,4.43,210.10,2.97,74.18,0.06,1.56,0.01,0.30,0.02,1.00,0.00,0.03,0.95,0.28,0.0010,0.0201,     0,0,0,2.27,97.73,0.00,N/A,1.43,4.78,210.10,0.30,7.48,0.01,0.17,0.03,2.99,0.01,1.00,0.00,0.00,0.63,0.71,0.0000,0.0000,     0,0,0,1.00,99.00,0.00,N/A,6.57,2.19,210.10,2.99,74.87,0.03,0.75,0.06,3.11,0.02,1.00,0.00,0.00,0.34,0.82,0.0000,0.0000,     0,0,0,1.99,98.01,0.00,N/A,12.99,4.18,210.10,3.11,77.68,0.06,1.55,0.00,0.51,0.00,1.00,0.00,0.00,0.88,0.64,0.0006,0.0063,     0,0,0,0.05,99.95,0.00,N/A,0.05,0.09,210.10,0.51,12.84,0.00,0.01,0.03,3.33,0.01,1.00,0.00,0.00,0.70,0.90,0.0000,0.0000,     0,0,0,0.97,99.03,0.00,N/A,7.08,2.13,210.10,3.33,83.23,0.03,0.81,0.03,3.12,0.01,1.00,0.00,0.00,0.82,0.90,0.0000,0.0000,     0,0,0,1.01,98.99,0.00,N/A,6.60,2.11,210.10,3.12,78.11,0.03,0.79,0.00,0.39,0.00,1.00,0.00,0.00,0.82,0.59,0.0014,0.0085,     0,0,0,0.13,99.87,0.00,N/A,0.11,0.28,210.10,0.39,9.75,0.00,0.01,0.03,3.00,0.01,1.00,0.00,0.00,0.89,0.59,0.0000,0.0001,     0,0,0,1.05,98.95,0.00,N/A,6.59,2.20,210.10,3.00,74.88,0.03,0.78,
2024-03-21,21:06:59.417,0.04,2.35,0.02,1.00,0.01,0.08,0.86,0.58,0.0001,0.0005,0.00,0.00,-2147483648,0.00,0.00,146.94,62.64,210.58,2.35,58.65,0.04,1.09,0.92,1.15,2.84,1.86,98.14,0.00,100.00,0.00,0.00,0.00,0.00,-nan,0.08,0.04,2.07,0.02,1.00,0.00,0.04,0.90,0.69,0.0001,0.0006,     0,0,0,0.00,0.00,-2147483648,0.00,0.00,N/A,65.31,31.53,210.58,2.07,51.78,0.04,0.97,0.05,2.62,0.02,1.00,0.01,0.03,0.80,0.32,0.0001,0.0004,     0,0,0,0.00,0.00,-2147483648,0.00,0.00,N/A,81.63,31.10,210.58,2.62,65.61,0.05,1.21,0.24,0.50,  0%,  0%,0.13,0.04,  0%,  0%,1.09,1.28,  0%,  1%,0.28,0.20,  0%,  0%,1.87,98.13,0.00,100.00,0.00,0.00,1.85,98.15,0.00,100.00,0.00,0.00,0.00,0.00,0.00 ,0.00 ,-nan ,-nan ,0.08,0.08,0.01,0.30,0.03,1.00,0.00,0.03,0.94,0.34,0.0009,0.0170,     0,0,0,2.76,97.24,0.00,N/A,1.76,5.81,210.58,0.30,7.58,0.01,0.21,0.07,3.31,0.02,1.00,0.00,0.00,0.54,0.68,0.0000,0.0000,     0,0,0,2.13,97.87,0.00,N/A,14.19,4.28,210.58,3.31,82.81,0.07,1.76,0.00,0.55,0.00,1.00,0.00,0.00,0.38,0.61,0.0016,0.0048,     0,0,0,0.37,99.63,0.00,N/A,0.43,0.78,210.58,0.55,13.75,0.00,0.05,0.02,1.32,0.01,1.00,0.00,0.00,0.68,0.80,0.0003,0.0012,     0,0,0,1.16,98.84,0.00,N/A,3.07,2.32,210.58,1.32,33.08,0.02,0.38,0.10,2.99,0.03,1.00,0.00,0.00,0.96,0.96,0.0000,0.0000,     0,0,0,3.27,96.73,0.00,N/A,20.65,6.89,210.58,2.99,74.87,0.10,2.45,0.03,2.08,0.02,1.00,0.00,0.00,0.82,0.83,0.0000,0.0001,     0,0,0,1.58,98.42,0.00,N/A,7.46,3.59,210.58,2.08,51.96,0.03,0.82,0.03,3.27,0.01,1.00,0.00,0.00,0.77,0.71,0.0000,0.0000,     0,0,0,1.03,98.97,0.00,N/A,7.13,2.18,210.58,3.27,81.84,0.03,0.85,0.05,1.87,0.03,1.00,0.00,0.00,0.93,0.91,0.0000,0.0004,     0,0,0,2.70,97.30,0.00,N/A,10.62,5.68,210.58,1.87,46.78,0.05,1.26,0.01,0.30,0.02,1.00,0.00,0.03,0.95,0.28,0.0010,0.0204,     0,0,0,2.20,97.80,0.00,N/A,1.40,4.64,210.58,0.30,7.54,0.01,0.17,0.06,2.96,0.02,1.00,0.00,0.00,0.60,0.67,0.0000,0.0000,     0,0,0,2.12,97.88,0.00,N/A,13.21,4.46,210.58,2.96,74.02,0.06,1.57,0.06,3.08,0.02,1.00,0.00,0.00,0.52,0.73,0.0000,0.0000,     0,0,0,2.03,97.97,0.00,N/A,13.11,4.26,210.58,3.08,76.99,0.06,1.56,0.13,3.25,0.04,1.00,0.00,0.00,0.52,0.70,0.0000,0.0000,     0,0,0,3.96,96.04,0.00,N/A,27.05,8.33,210.58,3.25,81.16,0.13,3.21,0.04,2.41,0.01,1.00,0.00,0.00,0.01,0.25,0.0007,0.0007,     0,0,0,1.50,98.50,0.00,N/A,7.29,3.02,210.58,2.41,60.37,0.04,0.90,0.00,0.40,0.00,1.00,0.00,0.00,0.60,0.81,0.0007,0.0039,     0,0,0,0.03,99.97,0.00,N/A,0.02,0.06,210.58,0.40,9.95,0.00,0.00,0.09,3.11,0.03,1.00,0.00,0.00,0.59,0.89,0.0000,0.0000,     0,0,0,2.86,97.14,0.00,N/A,19.52,6.27,210.58,3.11,77.80,0.09,2.23,0.00,0.40,0.00,1.00,0.00,0.00,0.76,0.81,0.0005,0.0039,     0,0,0,0.03,99.97,0.00,N/A,0.03,0.06,210.58,0.40,9.96,0.00,0.00,
2024-03-21,21:06:59.514,0.05,2.54,0.02,1.00,0.00,0.06,0.94,0.61,0.0000,0.0004,0.00,0.00,-2147483648,0.00,0.00,155.01,61.08,209.46,2.54,63.44,0.05,1.16,0.66,0.36,2.15,1.82,98.18,0.00,100.00,0.00,0.00,0.00,0.00,-nan,0.08,0.06,2.55,0.02,1.00,0.00,0.04,0.94,0.71,0.0000,0.0004,     0,0,0,0.00,0.00,-2147483648,0.00,0.00,N/A,100.19,39.36,209.46,2.55,63.63,0.06,1.51,0.03,2.52,0.01,1.00,0.00,0.03,0.95,0.34,0.0000,0.0005,     0,0,0,0.00,0.00,-2147483648,0.00,0.00,N/A,54.82,21.72,209.46,2.52,63.10,0.03,0.81,0.25,0.22,  0%,  0%,0.13,0.06,  0%,  0%,0.53,0.97,  0%,  0%,0.37,0.27,  0%,  0%,2.37,97.63,0.00,100.00,0.00,0.00,1.29,98.71,0.00,100.00,0.00,0.00,0.00,0.00,0.00 ,0.00 ,-nan ,-nan ,0.08,0.08,0.01,0.33,0.02,1.00,0.00,0.03,0.95,0.27,0.0010,0.0197,     0,0,0,2.16,97.84,0.00,N/A,1.49,4.52,209.46,0.33,8.24,0.01,0.18,0.07,2.97,0.02,1.00,0.00,0.00,0.43,0.70,0.0000,0.0000,     0,0,0,2.37,97.63,0.00,N/A,14.76,4.97,209.46,2.97,74.29,0.07,1.76,0.07,3.30,0.02,1.00,0.00,0.00,0.70,0.74,0.0000,0.0000,     0,0,0,2.06,97.94,0.00,N/A,14.23,4.31,209.46,3.30,82.57,0.07,1.70,0.09,2.99,0.03,1.00,0.00,0.00,0.70,0.66,0.0000,0.0001,     0,0,0,2.87,97.13,0.00,N/A,17.21,5.75,209.46,2.99,74.83,0.09,2.15,0.03,3.09,0.01,1.00,0.00,0.00,0.79,0.82,0.0000,0.0000,     0,0,0,1.01,98.99,0.00,N/A,6.55,2.12,209.46,3.09,77.27,0.03,0.78,0.13,3.19,0.04,1.00,0.00,0.00,0.66,0.85,0.0000,0.0000,     0,0,0,4.08,95.92,0.00,N/A,26.57,8.32,209.46,3.19,79.81,0.13,3.26,0.03,1.68,0.02,1.00,0.00,0.00,0.98,0.94,0.0000,0.0004,     0,0,0,1.77,98.23,0.00,N/A,6.23,3.71,209.46,1.68,41.96,0.03,0.74,0.06,2.32,0.03,1.00,0.00,0.00,0.97,0.95,0.0000,0.0001,     0,0,0,2.71,97.29,0.00,N/A,13.16,5.67,209.46,2.32,58.07,0.06,1.57,0.01,0.30,0.02,1.00,0.00,0.03,0.95,0.28,0.0009,0.0203,     0,0,0,2.21,97.79,0.00,N/A,1.40,4.63,209.46,0.30,7.57,0.01,0.17,0.06,3.19,0.02,1.00,0.00,0.00,0.65,0.68,0.0000,0.0000,     0,0,0,2.03,97.97,0.00,N/A,13.59,4.26,209.46,3.19,79.75,0.06,1.62,0.03,3.28,0.01,1.00,0.00,0.00,0.80,0.72,0.0000,0.0000,     0,0,0,1.03,98.97,0.00,N/A,7.12,2.17,209.46,3.28,81.97,0.03,0.85,0.09,3.12,0.03,1.00,0.00,0.00,0.53,0.86,0.0000,0.0000,     0,0,0,2.84,97.16,0.00,N/A,19.59,6.27,209.46,3.12,78.09,0.09,2.22,0.00,0.43,0.00,1.00,0.00,0.00,0.62,0.90,0.0006,0.0018,     0,0,0,,99.95,0.00,N/A,0.05,0.1,0.04,209.46,0.43,10.76,0.00,0.00,0.03,3.07,0.01,1.00,0.00,0.00,0.78,0.91,0.0000,0.0000,     0,0,0,0.97,99.03,0.00,N/A,6.54,2.13,209.46,3.07,76.81,0.03,0.75,0.03,3.03,0.01,1.00,0.00,0.00,0.77,0.71,0.0000,0.0000,     0,0,0,1.07,98.93,0.00,N/A,6.53,2.16,209.46,3.03,75.65,0.03,0.81,0.00,0.48,0.00,1.00,0.00,0.00,0.96,0.83,0.0001,0.0035,     0,0,0,0.03,99.97,0.00,N/A,0.03,0.06,209.46,0.48,11.96,0.00,0.00,
2024-03-21,21:06:59.618,0.04,2.49,0.02,1.00,0.01,0.07,0.88,0.53,0.0000,0.0004,0.00,0.00,-2147483648,0.00,0.00,150.77,60.55,211.86,2.49,62.25,0.04,1.11,0.84,0.48,3.29,1.79,98.21,0.00,100.00,0.00,0.00,0.00,0.00,-nan,0.08,0.04,2.16,0.02,1.00,0.01,0.04,0.83,0.62,0.0001,0.0006,     0,0,0,0.00,0.00,-2147483648,0.00,0.00,N/A,61.61,28.47,211.86,2.16,54.10,0.04,0.90,0.05,2.78,0.02,1.00,0.00,0.03,0.94,0.33,0.0000,0.0003,     0,0,0,0.00,0.00,-2147483648,0.00,0.00,N/A,89.16,32.08,211.86,2.78,69.49,0.05,1.33,0.29,0.15,  0%,  0%,0.23,0.17,  0%,  0%,0.31,0.67,  0%,  0%,1.13,1.17,  0%,  1%,1.67,98.33,0.00,100.00,0.00,0.00,1.91,98.09,0.00,100.00,0.00,0.00,0.00,0.00,0.00 ,0.00 ,-nan ,-nan ,0.08,0.08,0.01,0.33,0.02,1.00,0.00,0.03,0.95,0.28,0.0010,0.0205,     0,0,0,2.00,98.00,0.00,N/A,1.38,4.24,211.86,0.33,8.16,0.01,0.16,0.00,0.22,0.01,1.00,0.00,0.00,0.50,0.88,0.0004,0.0009,     0,0,0,0.68,99.32,0.00,N/A,0.31,1.43,211.86,0.22,5.39,0.00,0.04,0.10,3.30,0.03,1.00,0.00,0.00,0.69,0.88,0.0000,0.0000,     0,0,0,2.96,97.04,0.00,N/A,20.65,6.25,211.86,3.30,82.61,0.10,2.45,0.05,2.30,0.02,1.00,0.00,0.00,0.90,0.94,0.0000,0.0001,     0,0,0,2.14,97.86,0.00,N/A,11.34,4.93,211.86,2.30,57.56,0.05,1.23,0.01,0.63,0.01,1.00,0.00,0.01,0.19,0.75,0.0025,0.0037,     0,0,0,1.10,98.90,0.00,N/A,1.49,2.34,211.86,0.63,15.87,0.01,0.18,0.10,3.14,0.03,1.00,0.00,0.00,0.41,0.87,0.0000,0.0000,     0,0,0,3.11,96.89,0.00,N/A,19.60,6.25,211.86,3.14,78.44,0.10,2.44,0.03,3.06,0.01,1.00,0.00,0.00,0.72,0.81,0.0000,0.0000,     0,0,0,0.97,99.03,0.00,N/A,6.56,2.14,211.86,3.06,76.53,0.03,0.74,0.00,0.31,0.00,1.00,0.00,0.00,0.48,0.61,0.0012,0.0041,     0,0,0,0.42,99.58,0.00,N/A,0.28,0.89,211.86,0.31,7.84,0.00,0.03,0.01,0.31,0.02,1.00,0.00,0.03,0.95,0.28,0.0010,0.0202,     0,0,0,2.20,97.80,0.00,N/A,1.43,4.67,211.86,0.31,7.67,0.01,0.17,0.13,3.20,0.04,1.00,0.00,0.00,0.51,0.84,0.0000,0.0000,     0,0,0,3.96,96.04,0.00,N/A,26.63,8.32,211.86,3.20,79.97,0.13,3.17,0.03,3.19,0.01,1.00,0.00,0.00,0.78,0.65,0.0000,0.0001,     0,0,0,1.07,98.93,0.00,N/A,7.14,2.24,211.86,3.19,79.72,0.03,0.85,0.03,3.11,0.01,1.00,0.00,0.00,0.78,0.79,0.0000,0.0000,     0,0,0,1.05,98.95,0.00,N/A,6.56,2.11,211.86,3.11,77.83,0.03,0.82,0.06,3.12,0.02,1.00,0.00,0.00,0.56,0.88,0.0000,0.0000,     0,0,0,1.98,98.02,0.00,N/A,13.09,4.19,211.86,3.12,78.04,0.06,1.54,0.13,3.33,0.04,1.00,0.00,0.00,0.65,0.88,0.0000,0.0000,     0,0,0,3.96,96.04,0.00,N/A,27.68,8.32,211.86,3.33,83.17,0.13,3.30,0.00,0.47,0.00,1.00,0.00,0.00,0.80,0.70,0.0010,0.0058,     0,0,0,0.05,99.95,0.00,N/A,0.05,0.10,211.86,0.47,11.72,0.00,0.01,0.03,3.11,0.01,1.00,0.00,0.00,0.60,0.90,0.0000,0.0000,     0,0,0,1.00,99.00,0.00,N/A,6.57,2.11,211.86,3.11,77.68,0.03,0.78,
2024-03-21,21:06:59.714,0.04,2.49,0.02,1.00,0.01,0.07,0.92,0.53,0.0000,0.0005,0.00,0.00,-2147483648,0.00,0.00,130.43,52.45,208.15,2.49,62.17,0.04,0.98,0.51,0.26,1.55,1.57,98.43,0.00,100.00,0.00,0.00,0.00,0.00,-nan,0.09,0.03,2.16,0.01,1.00,0.00,0.04,0.92,0.63,0.0001,0.0007,     0,0,0,0.00,0.00,-2147483648,0.00,0.00,N/A,51.14,23.65,208.15,2.16,54.05,0.03,0.76,0.05,2.75,0.02,1.00,0.00,0.03,0.92,0.32,0.0000,0.0004,     0,0,0,0.00,0.00,-2147483648,0.00,0.00,N/A,79.30,28.80,208.15,2.75,68.83,0.05,1.19,0.09,0.08,  0%,  0%,0.22,0.12,  0%,  0%,0.17,0.35,  0%,  0%,0.59,0.44,  0%,  0%,1.41,98.59,0.00,100.00,0.00,0.00,1.73,98.27,0.00,100.00,0.00,0.00,0.00,0.00,0.00 ,0.00 ,-nan ,-nan ,0.09,0.09,0.01,0.33,0.02,1.00,0.00,0.03,0.94,0.27,0.0011,0.0192,     0,0,0,2.27,97.73,0.00,N/A,1.55,4.73,208.15,0.33,8.17,0.01,0.19,0.04,2.84,0.01,1.00,0.00,0.00,0.52,0.70,0.0000,0.0001,     0,0,0,1.34,98.66,0.00,N/A,8.37,2.95,208.15,2.84,70.97,0.04,0.95,0.00,0.72,0.00,1.00,0.00,0.00,0.78,0.69,0.0002,0.0028,     0,0,0,0.16,99.84,0.00,N/A,0.25,0.35,208.15,0.72,18.07,0.00,0.03,0.04,2.83,0.01,1.00,0.00,0.00,0.77,0.67,0.0000,0.0001,     0,0,0,1.24,98.76,0.00,N/A,6.66,2.35,208.15,2.83,70.72,0.04,0.88,0.04,1.67,0.02,1.00,0.00,0.00,0.92,0.94,0.0000,0.0004,     0,0,0,2.19,97.81,0.00,N/A,7.61,4.56,208.15,1.67,41.68,0.04,0.91,0.03,3.05,0.01,1.00,0.00,0.00,0.77,0.92,0.0000,0.0000,     0,0,0,1.03,98.97,0.00,N/A,6.53,2.14,208.15,3.05,76.31,0.03,0.78,0.06,3.09,0.02,1.00,0.00,0.00,0.72,0.76,0.0000,0.0000,     0,0,0,2.00,98.00,0.00,N/A,12.93,4.19,208.15,3.09,77.13,0.06,1.54,0.03,3.05,0.01,1.00,0.00,0.00,0.49,0.58,0.0001,0.0002,     0,0,0,1.14,98.86,0.00,N/A,7.24,2.38,208.15,3.05,76.14,0.03,0.87,0.02,0.80,0.03,1.00,0.00,0.03,0.95,0.28,0.0003,0.0066,     0,0,0,2.62,97.38,0.00,N/A,4.35,5.45,208.15,0.80,19.94,0.02,0.52,0.13,3.33,0.04,1.00,0.00,0.00,0.48,0.82,0.0000,0.0000,     0,0,0,3.93,96.07,0.00,N/A,27.72,8.33,208.15,3.33,83.19,0.13,3.27,0.13,3.24,0.04,1.00,0.00,0.00,0.04,0.38,0.0000,0.0000,     0,0,0,3.93,96.07,0.00,N/A,26.95,8.33,208.15,3.24,80.91,0.13,3.18,0.00,0.43,0.00,1.00,0.00,0.00,0.80,0.72,0.0007,0.0057,     0,0,0,0.03,99.97,0.00,N/A,0.03,0.07,208.15,0.43,10.70,0.00,0.00,0.00,0.49,0.00,1.00,0.00,0.00,0.76,0.83,0.0004,0.0033,     0,0,0,0.02,99.98,0.00,N/A,0.02,0.05,208.15,0.49,12.35,0.00,0.00,0.10,3.22,0.03,1.00,0.00,0.00,0.26,0.92,0.0000,0.0000,     0,0,0,3.11,96.89,0.00,N/A,20.10,6.25,208.15,3.22,80.41,0.10,2.50,0.00,0.38,0.00,1.00,0.00,0.00,0.78,0.60,0.0017,0.0083,     0,0,0,0.14,99.86,0.00,N/A,0.11,0.29,208.15,0.38,9.53,0.00,0.01,0.00,0.45,0.00,1.00,0.00,0.00,0.73,0.88,0.0005,0.0022,     0,0,0,0.02,99.98,0.00,N/A,0.02,0.04,208.15,0.45,11.35,0.00,0.00,
2024-03-21,21:06:59.814,0.04,2.57,0.02,1.00,0.00,0.06,0.94,0.47,0.0000,0.0004,0.00,0.00,-2147483648,0.00,0.00,150.19,58.46,212.04,2.57,64.23,0.04,1.11,0.60,0.75,1.93,1.73,98.27,0.00,100.00,0.00,0.00,0.00,0.00,-nan,0.09,0.05,2.55,0.02,1.00,0.00,0.03,0.94,0.56,0.0000,0.0004,     0,0,0,0.00,0.00,-2147483648,0.00,0.00,N/A,80.63,31.66,212.04,2.55,63.67,0.05,1.21,0.04,2.60,0.02,1.00,0.00,0.03,0.94,0.32,0.0000,0.0004,     0,0,0,0.00,0.00,-2147483648,0.00,0.00,N/A,69.56,26.80,212.04,2.60,64.89,0.04,1.02,0.10,0.12,  0%,  0%,0.21,0.16,  0%,  0%,0.21,0.38,  0%,  0%,0.78,0.56,  0%,  0%,1.89,98.11,0.00,100.00,0.00,0.00,1.57,98.43,0.00,100.00,0.00,0.00,0.00,0.00,0.00 ,0.00 ,-nan ,-nan ,0.09,0.09,0.01,0.31,0.02,1.00,0.00,0.03,0.94,0.26,0.0011,0.0194,     0,0,0,2.34,97.66,0.00,N/A,1.53,4.96,212.04,0.31,7.74,0.01,0.18,0.04,3.36,0.01,1.00,0.00,0.00,0.79,0.84,0.0000,0.0000,     0,0,0,1.04,98.96,0.00,N/A,7.05,2.10,212.04,3.36,83.93,0.04,0.88,0.12,3.11,0.04,1.00,0.00,0.00,0.72,0.63,0.0000,0.0000,     0,0,0,3.96,96.04,0.00,N/A,25.82,8.31,212.04,3.11,77.66,0.12,3.07,0.00,0.90,0.00,1.00,0.00,0.00,0.85,0.73,0.0000,0.0022,     0,0,0,0.13,99.87,0.00,N/A,0.26,0.29,212.04,0.90,22.42,0.00,0.03,0.04,2.71,0.02,1.00,0.00,0.00,0.95,0.78,0.0000,0.0003,     0,0,0,1.54,98.46,0.00,N/A,8.87,3.27,212.04,2.71,67.80,0.04,1.05,0.03,2.98,0.01,1.00,0.00,0.00,0.71,0.97,0.0000,0.0000,     0,0,0,1.17,98.83,0.00,N/A,7.42,2.49,212.04,2.98,74.53,0.03,0.87,0.10,3.12,0.03,1.00,0.00,0.00,0.67,0.74,0.0000,0.0000,     0,0,0,3.11,96.89,0.00,N/A,19.46,6.24,212.04,3.12,77.93,0.10,2.42,0.05,2.55,0.02,1.00,0.00,0.00,0.89,0.95,0.0000,0.0001,     0,0,0,1.89,98.11,0.00,N/A,10.23,4.01,212.04,2.55,63.81,0.05,1.21,0.01,0.47,0.03,1.00,0.00,0.03,0.94,0.27,0.0006,0.0111,     0,0,0,2.68,97.32,0.00,N/A,2.65,5.68,212.04,0.47,11.67,0.01,0.31,0.13,3.20,0.04,1.00,0.00,0.00,0.30,0.88,0.0000,0.0000,     0,0,0,4.01,95.99,0.00,N/A,26.67,8.33,212.04,3.20,80.06,0.13,3.21,0.13,3.25,0.04,1.00,0.00,0.00,0.47,0.78,0.0000,0.0000,     0,0,0,4.00,96.00,0.00,N/A,27.08,8.32,212.04,3.25,81.35,0.13,3.26,0.00,0.44,0.00,1.00,0.00,0.00,0.86,0.70,0.0006,0.0065,     0,0,0,0.03,99.97,0.00,N/A,0.03,0.06,212.04,0.44,11.11,0.00,0.00,0.03,3.06,0.01,1.00,0.00,0.00,0.85,0.89,0.0000,0.0000,     0,0,0,0.97,99.03,0.00,N/A,6.52,2.13,212.04,3.06,76.59,0.03,0.74,0.03,3.07,0.01,1.00,0.00,0.00,0.72,0.90,0.0000,0.0000,     0,0,0,0.97,99.03,0.00,N/A,6.54,2.13,212.04,3.07,76.82,0.03,0.75,0.00,0.49,0.00,1.00,0.,0.00,0.00,0.87,0.59,0.0006,0.0069,     0,0,0,0.09,99.91,0.00,N/A,0.11,0.18,208.76,0.63,15.65,0.00,0.01,
2024-03-21,21:06:59.902,0.04,2.55,0.02,1.00,0.00,0.07,0.94,0.54,0.0000,0.0004,0.00,0.00,-2147483648,0.00,0.00,145.96,57.24,209.95,2.55,63.75,0.04,1.09,0.48,0.20,1.22,1.70,98.30,0.00,100.00,0.00,0.00,0.00,0.00,-nan,0.08,0.03,2.17,0.01,1.00,0.00,0.04,0.93,0.64,0.0000,0.0007,     0,0,0,0.00,0.00,-2147483648,0.00,0.00,N/A,49.98,23.08,209.95,2.17,54.15,0.03,0.74,0.06,2.81,0.02,1.00,0.00,0.03,0.95,0.33,0.0000,0.0003,     0,0,0,0.00,0.00,-2147483648,0.00,0.00,N/A,95.99,34.17,209.95,2.81,70.23,0.06,1.43,0.15,0.09,  0%,  0%,0.16,0.07,  0%,  0%,0.20,0.40,  0%,  0%,0.35,0.27,  0%,  0%,1.37,98.63,0.00,100.00,0.00,0.00,2.03,97.97,0.00,100.00,0.00,0.00,0.00,0.00,0.00 ,0.00 ,-nan ,-nan ,0.08,0.08,0.01,0.31,0.02,1.00,0.00,0.03,0.94,0.27,0.0012,0.0200,     0,0,0,2.22,97.78,0.00,N/A,1.47,4.66,209.95,0.31,7.87,0.01,0.17,0.01,1.47,0.01,1.00,0.00,0.00,0.75,0.93,0.0001,0.0005,     0,0,0,0.89,99.11,0.00,N/A,2.75,1.87,209.95,1.47,36.75,0.01,0.33,0.07,3.37,0.02,1.00,0.00,0.00,0.61,0.89,0.0000,0.0000,     0,0,0,2.00,98.00,0.00,N/A,14.14,4.19,209.95,3.37,84.34,0.07,1.68,0.06,3.09,0.02,1.00,0.00,0.00,0.80,0.83,0.0000,0.0000,     0,0,0,1.95,98.05,0.00,N/A,13.01,4.21,209.95,3.09,77.27,0.06,1.51,0.00,0.66,0.00,1.00,0.00,0.00,0.66,0.69,0.0005,0.0032,     0,0,0,0.23,99.77,0.00,N/A,0.32,0.48,209.95,0.66,16.59,0.00,0.04,0.00,0.51,0.00,1.00,0.00,0.00,0.85,0.79,0.0003,0.0043,     0,0,0,0.02,99.98,0.00,N/A,0.02,0.04,209.95,0.51,12.65,0.00,0.00,0.06,3.00,0.02,1.00,0.00,0.00,0.77,0.90,0.0000,0.0000,     0,0,0,2.10,97.90,0.00,N/A,13.26,4.41,209.95,3.00,75.10,0.06,1.58,0.02,1.56,0.02,1.00,0.00,0.00,0.96,0.90,0.0000,0.0007,     0,0,0,1.53,98.47,0.00,N/A,5.02,3.21,209.95,1.56,39.10,0.02,0.60,0.01,0.41,0.02,1.00,0.00,0.03,0.96,0.27,0.0007,0.0150,     0,0,0,2.22,97.78,0.00,N/A,1.93,4.66,209.95,0.41,10.36,0.01,0.23,0.06,3.12,0.02,1.00,0.00,0.00,0.69,0.91,0.0000,0.0000,     0,0,0,2.05,97.95,0.00,N/A,13.07,4.19,209.95,3.12,78.07,0.06,1.60,0.10,3.38,0.03,1.00,0.00,0.00,0.91,0.85,0.0000,0.0000,     0,0,0,2.98,97.02,0.00,N/A,21.17,6.26,209.95,3.38,84.60,0.10,2.52,0.07,3.36,0.02,1.00,0.00,0.00,0.20,0.81,0.0000,0.0000,     0,0,0,2.00,98.00,0.00,N/A,14.13,4.21,209.95,3.36,83.97,0.07,1.68,0.06,3.11,0.02,1.00,0.00,0.00,0.79,0.90,0.0000,0.0000,     0,0,0,1.99,98.01,0.00,N/A,13.02,4.18,209.95,3.11,77.81,0.06,1.55,0.06,3.03,0.02,1.00,0.00,0.00,0.85,0.69,0.0000,0.0001,     0,0,0,2.07,97.93,0.00,N/A,13.16,4.35,209.95,3.03,75.71,0.06,1.57,0.06,3.08,0.02,1.00,0.00,0.00,0.73,0.75,0.0000,0.0000,     0,0,0,1.95,98.05,0.00,N/A,12.98,4.21,209.95,3.08,77.01,0.06,1.50,0.03,3.08,0.01,1.00,0.00,0.00,0.56,0.87,0.0000,0.0000,     0,0,0,1.01,98.99,0.00,N/A,6.52,2.12,209.95,3.08,76.96,0.03,0.78,
2024-03-21,21:07:00.002,0.05,2.55,0.02,1.00,0.00,0.07,0.94,0.60,0.0000,0.0004,0.00,0.00,-2147483648,0.00,0.00,171.80,67.31,210.01,2.55,63.80,0.05,1.28,0.55,0.30,1.75,2.01,97.99,0.00,100.00,0.00,0.00,0.00,0.00,-nan,0.08,0.06,2.53,0.02,1.00,0.00,0.04,0.92,0.70,0.0000,0.0004,     0,0,0,0.00,0.00,-2147483648,0.00,0.00,N/A,104.37,41.27,210.01,2.53,63.23,0.06,1.55,0.04,2.59,0.02,1.00,0.00,0.03,0.95,0.34,0.0000,0.0004,     0,0,0,0.00,0.00,-2147483648,0.00,0.00,N/A,67.43,26.05,210.01,2.59,64.72,0.04,1.01,0.11,0.14,  0%,  0%,0.19,0.11,  0%,  0%,0.30,0.43,  0%,  0%,0.55,0.47,  0%,  0%,2.45,97.55,0.00,100.00,0.00,0.00,1.56,98.44,0.00,100.00,0.00,0.00,0.00,0.00,0.00 ,0.00 ,-nan ,-nan ,0.08,0.08,0.02,0.79,0.03,1.00,0.00,0.03,0.95,0.28,0.0003,0.0065,     0,0,0,2.57,97.43,0.00,N/A,4.28,5.40,210.01,0.79,19.81,0.02,0.51,0.03,2.76,0.01,1.00,0.00,0.00,0.51,0.68,0.0000,0.0001,     0,0,0,1.17,98.83,0.00,N/A,6.75,2.45,210.01,2.76,68.88,0.03,0.80,0.04,2.02,0.02,1.00,0.00,0.00,0.53,0.51,0.0001,0.0003,     0,0,0,1.75,98.25,0.00,N/A,7.22,3.58,210.01,2.02,50.46,0.04,0.89,0.05,2.51,0.02,1.00,0.00,0.00,0.91,0.93,0.0000,0.0001,     0,0,0,1.87,98.13,0.00,N/A,9.87,3.93,210.01,2.51,62.70,0.05,1.17,0.06,3.14,0.02,1.00,0.00,0.00,0.86,0.78,0.0000,0.0000,     0,0,0,2.02,97.98,0.00,N/A,13.68,4.35,210.01,3.14,78.53,0.06,1.58,0.13,3.40,0.04,1.00,0.00,0.00,0.63,0.90,0.0000,0.0000,     0,0,0,3.86,96.14,0.00,N/A,28.31,8.33,210.01,3.40,84.92,0.13,3.28,0.09,3.05,0.03,1.00,0.00,0.00,0.67,0.61,0.0000,0.0000,     0,0,0,2.94,97.06,0.00,N/A,18.54,6.07,210.01,3.05,76.37,0.09,2.24,0.08,2.20,0.03,1.00,0.00,0.00,0.98,0.94,0.0000,0.0002,     0,0,0,3.42,96.58,0.00,N/A,15.73,7.15,210.01,2.20,54.99,0.08,1.88,0.01,0.29,0.02,1.00,0.00,0.03,0.95,0.28,0.0009,0.0206,     0,0,0,2.25,97.75,0.00,N/A,1.37,4.72,210.01,0.29,7.28,0.01,0.16,0.12,3.14,0.04,1.00,0.00,0.00,0.69,0.91,0.0000,0.0000,     0,0,0,3.96,96.04,0.00,N/A,26.14,8.32,210.01,3.14,78.53,0.12,3.11,0.00,0.50,0.00,1.00,0.00,0.00,0.79,0.78,0.0004,0.0042,     0,0,0,0.02,99.98,0.00,N/A,0.02,0.04,210.01,0.50,12.41,0.00,0.00,0.06,3.22,0.02,1.00,0.00,0.00,0.39,0.82,0.0000,0.0000,     0,0,0,1.95,98.05,0.00,N/A,13.60,4.22,210.01,3.22,80.59,0.06,1.57,0.00,0.43,0.00,1.00,0.00,0.00,0.94,0.88,0.0001,0.0022,     0,0,0,0.02,99.98,0.00,N/A,0.02,0.05,210.01,0.43,10.75,0.00,0.00,0.06,3.02,0.02,1.00,0.00,0.00,0.85,0.69,0.0000,0.0001,     0,0,0,2.07,97.93,0.00,N/A,13.11,4.35,210.01,3.02,75.41,0.06,1.56,0.06,3.05,0.02,1.00,0.00,0.00,0.83,0.68,0.0000,0.0000,     0,0,0,2.11,97.89,0.00,N/A,13.14,4.31,210.01,3.05,76.27,0.06,1.61,0.00,0.47,0.00,1.00,0.00,0.00,0.93,0.83,0.0002,0.0034,     0,0,0,0.02,99.98,0.00,N/A,0.02,0.05,210.01,0.47,11.85,0.00,0.00,
2024-03-21,21:07:00.108,0.05,2.53,0.02,0.99,0.01,0.07,0.92,0.55,0.0000,0.0004,0.00,0.00,-2147483648,0.00,0.00,163.21,64.50,212.16,2.53,63.26,0.05,1.19,0.40,0.23,1.71,1.89,98.11,0.00,100.00,0.00,0.00,0.00,0.00,-nan,0.10,0.04,2.27,0.02,0.98,0.00,0.04,0.90,0.64,0.0001,0.0005,     0,0,0,0.00,0.00,-2147483648,0.00,0.00,N/A,73.36,32.27,212.16,2.27,56.83,0.04,1.06,0.05,2.79,0.02,1.00,0.00,0.03,0.95,0.33,0.0000,0.0003,     0,0,0,0.00,0.00,-2147483648,0.00,0.00,N/A,89.85,32.23,212.16,2.79,69.70,0.05,1.32,0.12,0.12,  0%,  0%,0.11,0.04,  0%,  0%,0.22,0.33,  0%,  0%,0.62,0.54,  0%,  0%,1.89,98.11,0.00,100.00,0.00,0.00,1.89,98.11,0.00,100.00,0.00,0.00,0.00,0.00,0.00 ,0.00 ,-nan ,-nan ,0.10,0.10,0.01,0.30,0.02,1.00,0.00,0.03,0.95,0.28,0.0010,0.0205,     0,0,0,2.15,97.85,0.00,N/A,1.37,4.56,212.16,0.30,7.51,0.01,0.16,0.09,3.19,0.03,1.00,0.00,0.00,0.62,0.65,0.0000,0.0000,     0,0,0,2.79,97.21,0.00,N/A,20.22,6.33,212.16,3.19,79.83,0.09,2.23,0.06,3.08,0.02,0.99,0.00,0.00,0.87,0.75,0.0000,0.0000,     0,0,0,1.91,98.09,0.00,N/A,13.16,4.28,212.16,3.08,76.89,0.06,1.45,0.03,2.76,0.01,1.00,0.00,0.00,0.65,0.62,0.0000,0.0001,     0,0,0,1.01,98.99,0.00,N/A,6.17,2.24,212.16,2.76,68.88,0.03,0.70,0.04,2.20,0.02,1.00,0.00,0.00,0.35,0.70,0.0000,0.0001,     0,0,0,2.00,98.00,0.00,N/A,9.06,4.12,212.16,2.20,54.99,0.04,1.10,0.00,0.82,0.00,0.98,0.00,0.00,0.80,0.97,0.0000,0.0003,     0,0,0,0.13,99.87,0.00,N/A,0.22,0.27,212.16,0.82,20.50,0.00,0.03,0.03,1.57,0.02,1.00,0.00,0.00,0.89,0.90,0.0001,0.0007,     0,0,0,1.69,98.31,0.00,N/A,5.55,3.54,212.16,1.57,39.20,0.03,0.66,0.08,2.54,0.03,0.94,0.00,0.01,0.78,0.79,0.0001,0.0003,     0,0,0,3.25,96.75,0.00,N/A,17.60,6.93,212.16,2.54,63.53,0.08,1.94,0.01,0.29,0.02,1.00,0.00,0.03,0.96,0.27,0.0009,0.0205,     0,0,0,2.24,97.76,0.00,N/A,1.39,4.76,212.16,0.29,7.32,0.01,0.16,0.13,3.35,0.04,1.00,0.00,0.00,0.64,0.89,0.0000,0.0000,     0,0,0,3.92,96.08,0.00,N/A,27.90,8.32,212.16,3.35,83.81,0.13,3.29,0.09,3.13,0.03,1.00,0.00,0.00,0.62,0.89,0.0000,0.0000,     0,0,0,2.94,97.06,0.00,N/A,19.56,6.25,212.16,3.13,78.27,0.09,2.30,0.03,3.02,0.01,1.00,0.00,0.00,0.71,0.69,0.0000,0.0000,     0,0,0,1.05,98.95,0.00,N/A,6.53,2.16,212.16,3.02,75.42,0.03,0.79,0.03,3.08,0.01,1.00,0.00,0.00,0.90,0.81,0.0000,0.0000,     0,0,0,1.00,99.00,0.00,N/A,6.52,2.12,212.16,3.08,76.90,0.03,0.77,0.03,3.30,0.01,1.00,0.00,0.00,0.82,0.78,0.0000,0.0000,     0,0,0,1.02,98.98,0.00,N/A,7.12,2.16,212.16,3.30,82.62,0.03,0.84,0.07,3.35,0.02,1.00,0.00,0.00,0.84,0.77,0.0000,0.0000,     0,0,0,1.99,98.01,0.00,N/A,14.14,4.22,212.16,3.35,83.87,0.07,1.67,0.03,2.98,0.01,1.00,0.00,0.00,0.80,0.59,0.0000,0.0001,     0,0,0,0.99,99.01,0.00,N/A,6.69,2.25,212.16,2.98,74.44,0.03,0.74,
2024-03-21,21:07:00.204,0.04,2.41,0.02,1.00,0.00,0.07,0.93,0.54,0.0000,0.0005,0.00,0.00,-2147483648,0.00,0.00,1,0.77,
2024-03-21,21:07:00.215,0.04,2.51,0.02,1.00,0.00,0.06,0.95,0.57,0.0000,0.0005,0.00,0.00,-2147483648,0.00,0.00,133.73,53.20,210.16,2.51,62.84,0.04,1.01,0.73,0.37,2.02,1.61,98.39,0.00,100.00,0.00,0.00,0.00,0.00,-nan,0.09,0.04,2.47,0.02,1.00,0.00,0.03,0.95,0.68,0.0000,0.0004,     0,0,0,0.00,0.00,-2147483648,0.00,0.00,N/A,72.20,29.18,210.16,2.47,61.86,0.04,1.08,0.04,2.56,0.01,1.00,0.00,0.03,0.94,0.33,0.0000,0.0005,     0,0,0,0.00,0.00,-2147483648,0.00,0.00,N/A,61.53,24.02,210.16,2.56,64.04,0.04,0.93,0.17,0.20,  0%,  0%,0.24,0.12,  0%,  0%,0.41,0.60,  0%,  0%,0.55,0.47,  0%,  0%,1.75,98.25,0.00,100.00,0.00,0.00,1.46,98.54,0.00,100.00,0.00,0.00,0.00,0.00,0.00 ,0.00 ,-nan ,-nan ,0.08,0.10,0.01,0.32,0.02,1.00,0.00,0.03,0.96,0.28,0.0008,0.0212,     0,0,0,1.93,98.07,0.00,N/A,1.28,4.05,210.16,0.32,7.94,0.01,0.15,0.03,3.21,0.01,1.00,0.00,0.00,0.71,0.64,0.0000,0.0001,     0,0,0,1.05,98.95,0.00,N/A,7.11,2.22,210.16,3.21,80.28,0.03,0.85,0.00,0.83,0.00,1.00,0.00,0.00,0.87,0.75,0.0000,0.0023,     0,0,0,0.13,99.87,0.00,N/A,0.23,0.28,210.16,0.83,20.78,0.00,0.03,0.10,3.17,0.03,1.00,0.00,0.00,0.61,0.71,0.0000,0.0000,     0,0,0,3.20,96.80,0.00,N/A,20.25,6.38,210.16,3.17,79.32,0.10,2.54,0.05,2.50,0.02,1.00,0.00,0.00,0.92,0.94,0.0000,0.0001,     0,0,0,2.11,97.89,0.00,N/A,10.26,4.10,210.16,2.50,62.59,0.05,1.32,0.03,2.78,0.01,1.00,0.00,0.00,0.79,0.95,0.0000,0.0000,     0,0,0,1.14,98.86,0.00,N/A,6.79,2.45,210.16,2.78,69.44,0.03,0.79,0.08,2.79,0.03,1.00,0.00,0.00,0.93,0.94,0.0000,0.0001,     0,0,0,2.76,97.24,0.00,N/A,16.49,5.90,210.16,2.79,69.86,0.08,1.93,0.05,2.57,0.02,1.00,0.00,0.00,0.94,0.94,0.0000,0.0001,     0,0,0,1.82,98.18,0.00,N/A,9.79,3.82,210.16,2.57,64.15,0.05,1.16,0.01,0.31,0.02,1.00,0.00,0.03,0.95,0.27,0.0010,0.0205,     0,0,0,2.23,97.77,0.00,N/A,1.43,4.68,210.16,0.31,7.64,0.01,0.17,0.03,3.36,0.01,1.00,0.00,0.00,0.52,0.87,0.0000,0.0000,     0,0,0,1.01,98.99,0.00,N/A,7.09,2.11,210.16,3.36,83.95,0.03,0.84,0.03,2.84,0.01,1.00,0.00,0.00,0.57,0.65,0.0000,0.0001,     0,0,0,1.09,98.91,0.00,N/A,6.65,2.34,210.16,2.84,70.90,0.03,0.77,0.07,3.11,0.02,1.00,0.00,0.00,0.62,0.86,0.0000,0.0000,     0,0,0,2.14,97.86,0.00,N/A,12.98,4.17,210.16,3.11,77.80,0.07,1.67,0.03,3.04,0.01,1.00,0.00,0.00,0.86,0.72,0.0000,0.0000,     0,0,0,1.03,98.97,0.00,N/A,6.59,2.17,210.16,3.04,75.95,0.03,0.78,0.07,3.24,0.02,1.00,0.00,0.00,0.82,0.82,0.0000,0.0000,     0,0,0,2.16,97.84,0.00,N/A,13.62,4.20,210.16,3.24,81.08,0.07,1.75,0.03,3.10,0.01,1.00,0.00,0.00,0.76,0.88,0.0000,0.0000,     0,0,0,1.09,98.91,0.00,N/A,6.56,2.12,210.16,3.10,77.53,0.03,0.84,0.03,2.97,0.01,1.00,0.00,0.00,0.87,0.57,0.0000,0.0001,     0,0,0,1.02,98.98,0.00,N/A,6.60,2.22,210.16,2.97,74.25,0.03,0.76,
2024-03-21,21:07:00.321,0.05,2.37,0.02,1.00,0.01,0.08,0.92,0.65,0.0000,0.0005,0.00,0.00,-2147483648,0.00,0.00,164.67,69.43,214.35,2.37,59.29,0.05,1.19,1.27,0.26,4.02,2.01,97.99,0.00,100.00,0.00,0.00,0.00,0.00,-nan,0.09,0.06,2.41,0.03,1.00,0.00,0.05,0.93,0.68,0.0000,0.0004,     0,0,0,0.00,0.00,-2147483648,0.00,0.00,N/A,105.55,43.85,214.35,2.41,60.17,0.06,1.51,0.03,2.31,0.02,1.00,0.00,0.04,0.91,0.58,0.0001,0.0006,     0,0,0,0.00,0.00,-2147483648,0.00,0.00,N/A,59.12,25.58,214.35,2.31,57.78,0.03,0.87,0.53,0.35,  0%,  0%,0.25,0.14,  0%,  0%,1.41,1.53,  1%,  1%,0.47,0.61,  0%,  0%,2.52,97.48,0.00,100.00,0.00,0.00,1.50,98.50,0.00,100.00,0.00,0.00,0.00,0.00,0.00 ,0.00 ,-nan ,-nan ,0.10,0.08,0.02,0.50,0.03,1.00,0.00,0.04,0.96,0.35,0.0005,0.0115,     0,0,0,3.12,96.88,0.00,N/A,3.31,6.68,214.35,0.50,12.39,0.02,0.39,0.03,2.86,0.01,1.00,0.00,0.00,0.51,0.58,0.0000,0.0001,     0,0,0,1.08,98.92,0.00,N/A,6.61,2.31,214.35,2.86,71.55,0.03,0.77,0.07,3.37,0.02,1.00,0.00,0.00,0.74,0.87,0.0000,0.0000,     0,0,0,1.95,98.05,0.00,N/A,14.12,4.18,214.35,3.37,84.36,0.07,1.65,0.10,3.38,0.03,1.00,0.00,0.00,0.71,0.75,0.0000,0.0000,     0,0,0,3.00,97.00,0.00,N/A,21.21,6.28,214.35,3.38,84.47,0.10,2.53,0.07,2.64,0.03,1.00,0.00,0.00,0.90,0.87,0.0000,0.0002,     0,0,0,2.81,97.19,0.00,N/A,16.89,6.40,214.35,2.64,66.03,0.07,1.86,0.10,2.62,0.04,1.00,0.00,0.00,0.47,0.91,0.0000,0.0000,     0,0,0,3.73,96.27,0.00,N/A,21.74,8.31,214.35,2.62,65.39,0.10,2.44,0.06,2.89,0.02,1.00,0.00,0.00,0.39,0.77,0.0000,0.0001,     0,0,0,2.21,97.79,0.00,N/A,13.37,4.63,214.35,2.89,72.21,0.06,1.60,0.04,1.64,0.02,1.00,0.00,0.00,0.93,0.93,0.0000,0.0004,     0,0,0,2.20,97.80,0.00,N/A,8.29,5.07,214.35,1.64,40.90,0.04,0.90,0.01,0.30,0.02,1.00,0.00,0.03,0.96,0.27,0.0009,0.0212,     0,0,0,2.12,97.88,0.00,N/A,1.36,4.54,214.35,0.30,7.49,0.01,0.16,0.03,3.34,0.01,1.00,0.00,0.00,0.62,0.88,0.0000,0.0000,     0,0,0,0.98,99.02,0.00,N/A,7.05,2.11,214.35,3.34,83.55,0.03,0.82,0.04,2.47,0.01,1.00,0.00,0.00,0.34,0.82,0.0002,0.0004,     0,0,0,1.49,98.51,0.00,N/A,7.73,3.12,214.35,2.47,61.84,0.04,0.92,0.00,0.70,0.00,1.00,0.00,0.00,0.87,0.67,0.0004,0.0045,     0,0,0,0.42,99.58,0.00,N/A,0.64,0.91,214.35,0.70,17.59,0.00,0.07,0.03,3.30,0.01,1.00,0.00,0.00,0.88,0.74,0.0000,0.0000,     0,0,0,1.01,98.99,0.00,N/A,7.12,2.16,214.35,3.30,82.53,0.03,0.83,0.06,2.99,0.02,1.00,0.00,0.00,0.85,0.62,0.0000,0.0001,     0,0,0,2.05,97.95,0.00,N/A,13.12,4.39,214.35,2.99,74.69,0.06,1.53,0.01,1.24,0.01,1.00,0.00,0.00,0.88,0.96,0.0000,0.0003,     0,0,0,0.98,99.02,0.00,N/A,2.60,2.10,214.35,1.24,30.90,0.01,0.30,0.09,3.12,0.03,1.00,0.00,0.00,0.42,0.82,0.0000,0.0000,     0,0,0,2.98,97.02,0.00,N/A,19.50,6.24,214.35,3.12,78.08,0.09,2.33,
2024-03-21,21:07:00.415,0.04,2.36,0.02,1.00,0.01,0.08,0.90,0.53,0.0000,0.0005,0.00,0.00,-2147483648,0.00,0.00,147.43,62.45,211.91,2.36,59.02,0.04,1.10,1.22,0.76,5.29,1.87,98.13,0.00,100.00,0.00,0.00,0.00,0.00,-nan,0.08,0.04,2.37,0.02,1.00,0.00,0.03,0.92,0.63,0.0000,0.0005,     0,0,0,0.00,0.00,-2147483648,0.00,0.00,N/A,70.16,29.65,211.91,2.37,59.16,0.04,1.06,0.05,2.36,0.02,1.00,0.00,0.04,0.89,0.40,0.0001,0.0006,     0,0,0,0.00,0.00,-2147483648,0.00,0.00,N/A,77.27,32.80,211.91,2.36,58.90,0.05,1.14,0.28,0.60,  0%,  0%,0.19,0.15,  0%,  0%,1.51,1.61,  1%,  1%,1.15,1.02,  0%,  0%,1.79,98.21,0.00,100.00,0.00,0.00,1.94,98.06,0.00,100.00,0.00,0.00,0.00,0.00,0.00 ,0.00 ,-nan ,-nan ,0.08,0.08,0.01,0.29,0.02,1.00,0.00,0.03,0.95,0.29,0.0010,0.0202,     0,0,0,2.21,97.79,0.00,N/A,1.35,4.69,211.91,0.29,7.21,0.01,0.16,0.07,3.14,0.02,1.00,0.00,0.00,0.57,0.81,0.0000,0.0000,     0,0,0,2.15,97.85,0.00,N/A,14.29,4.55,211.91,3.14,78.59,0.07,1.69,0.03,3.07,0.01,1.00,0.00,0.00,0.76,0.75,0.0000,0.0001,     0,0,0,1.13,98.87,0.00,N/A,7.36,2.40,211.91,3.07,76.80,0.03,0.87,0.03,1.46,0.02,1.00,0.00,0.00,0.86,0.89,0.0001,0.0007,     0,0,0,2.06,97.94,0.00,N/A,6.38,4.37,211.91,1.46,36.51,0.03,0.75,0.07,3.30,0.02,1.00,0.00,0.00,0.67,0.73,0.0000,0.0000,     0,0,0,2.14,97.86,0.00,N/A,14.02,4.25,211.91,3.30,82.54,0.07,1.77,0.10,3.12,0.03,1.00,0.00,0.00,0.81,0.86,0.0000,0.0000,     0,0,0,3.15,96.85,0.00,N/A,19.52,6.25,211.91,3.12,78.08,0.10,2.46,0.03,2.89,0.01,1.00,0.00,0.00,0.70,0.80,0.0000,0.0001,     0,0,0,1.09,98.91,0.00,N/A,6.66,2.31,211.91,2.89,72.16,0.03,0.79,0.00,0.68,0.00,1.00,0.00,0.00,0.52,0.82,0.0006,0.0014,     0,0,0,0.43,99.57,0.00,N/A,0.57,0.84,211.91,0.68,16.92,0.00,0.07,0.01,0.29,0.03,1.00,0.00,0.04,0.95,0.26,0.0011,0.0203,     0,0,0,2.84,97.16,0.00,N/A,1.75,6.03,211.91,0.29,7.24,0.01,0.21,0.07,3.35,0.02,1.00,0.00,0.00,0.24,0.75,0.0000,0.0000,     0,0,0,1.99,98.01,0.00,N/A,14.15,4.22,211.91,3.35,83.86,0.07,1.67,0.07,2.58,0.03,1.00,0.00,0.00,0.71,0.74,0.0000,0.0002,     0,0,0,2.58,97.42,0.00,N/A,14.09,5.46,211.91,2.58,64.50,0.07,1.66,0.06,3.02,0.02,1.00,0.00,0.00,0.72,0.60,0.0000,0.0000,     0,0,0,2.04,97.96,0.00,N/A,13.08,4.33,211.91,3.02,75.57,0.06,1.54,0.06,3.11,0.02,1.00,0.00,0.00,0.61,0.94,0.0000,0.0000,     0,0,0,2.00,98.00,0.00,N/A,13.19,4.25,211.91,3.11,77.66,0.06,1.56,0.06,3.11,0.02,1.00,0.00,0.00,0.17,0.79,0.0000,0.0000,     0,0,0,1.99,98.01,0.00,N/A,13.12,4.22,211.91,3.11,77.66,0.06,1.55,0.03,2.96,0.01,1.00,0.00,0.00,0.79,0.74,0.0000,0.0001,     0,0,0,1.17,98.83,0.00,N/A,7.35,2.48,211.91,2.96,74.01,0.03,0.87,0.00,0.30,0.01,1.00,0.00,0.00,0.37,0.52,0.0032,0.0059,     0,0,0,0.87,99.13,0.00,N/A,0.55,1.82,211.91,0.30,7.52,0.00,0.07,
2024-03-21,21:07:00.520,0.04,2.45,0.02,1.00,0.01,0.07,0.91,0.48,0.0000,0.0005,0.00,0.00,-2147483648,0.00,0.00,140.84,57.47,210.15,2.45,61.27,0.04,1.03,0.34,0.14,1.790,0.00,0.00,-2147483648,0.00,0.00,0.00,0.00,-nan,0.08,0.04,2.30,0.02,1.00,0.00,0.04,0.91,0.57,0.0000,0.0005,     0,0,0,0.00,0.00,-2147483648,0.00,0.00,N/A,65.87,28.60,210.15,2.30,57.58,0.04,0.97,0.04,2.60,0.02,1.00,0.00,0.03,0.90,0.33,0.0000,0.0004,     0,0,0,0.00,0.00,-2147483648,0.00,0.00,N/A,74.97,28.87,210.15,2.60,64.91,0.04,1.09,0.08,0.10,  0%,  0%,0.12,0.04,  0%,  0%,0.19,1.11,  0%,  0%,0.30,0.20,  0%,  0%,1.69,98.31,0.00,100.00,0.00,0.00,1.68,98.32,0.00,100.00,0.00,0.00,0.00,0.00,0.00 ,0.00 ,-nan ,-nan ,0.08,0.08,0.01,0.30,0.02,1.00,0.00,0.03,0.95,0.30,0.0009,0.0192,     0,0,0,2.25,97.75,0.00,N/A,1.43,4.72,210.15,0.30,7.59,0.01,0.17,0.03,3.22,0.01,1.00,0.00,0.00,0.40,0.71,0.0000,0.0000,     0,0,0,1.06,98.94,0.00,N/A,7.16,2.22,210.15,3.22,80.54,0.03,0.85,0.09,3.29,0.03,1.00,0.00,0.00,0.65,0.68,0.0000,0.0000,     0,0,0,2.87,97.13,0.00,N/A,20.84,6.34,210.15,3.29,82.14,0.09,2.35,0.00,0.47,0.00,1.00,0.00,0.00,0.76,0.65,0.0003,0.0032,     0,0,0,0.42,99.58,0.00,N/A,0.42,0.89,210.15,0.47,11.70,0.00,0.05,0.06,2.71,0.02,1.00,0.00,0.00,0.62,0.50,0.0001,0.0002,     0,0,0,2.09,97.91,0.00,N/A,11.90,4.39,210.15,2.71,67.81,0.06,1.42,0.04,2.06,0.02,1.00,0.00,0.00,0.61,0.89,0.0001,0.0002,     0,0,0,1.81,98.19,0.00,N/A,7.81,3.80,210.15,2.06,51.39,0.04,0.93,0.06,3.08,0.02,1.00,0.00,0.00,0.77,0.73,0.0000,0.0000,     0,0,0,2.02,97.98,0.00,N/A,13.08,4.25,210.15,3.08,76.95,0.06,1.56,0.02,1.63,0.01,1.00,0.00,0.00,0.92,0.90,0.0000,0.0005,     0,0,0,0.94,99.06,0.00,N/A,3.21,1.97,210.15,1.63,40.69,0.02,0.38,0.01,0.30,0.02,1.00,0.00,0.03,0.95,0.26,0.0011,0.0200,     0,0,0,2.39,97.61,0.00,N/A,1.52,5.03,210.15,0.30,7.53,0.01,0.18,0.03,3.10,0.01,1.00,0.00,0.00,0.72,0.88,0.0000,0.0000,     0,0,0,0.96,99.04,0.00,N/A,6.56,2.11,210.15,3.10,77.58,0.03,0.75,0.09,3.27,0.03,1.00,0.00,0.00,0.57,0.76,0.0000,0.0000,     0,0,0,2.85,97.15,0.00,N/A,20.45,6.25,210.15,3.27,81.79,0.09,2.33,0.09,3.12,0.03,1.00,0.00,0.00,0.57,0.83,0.0000,0.0000,     0,0,0,2.85,97.15,0.00,N/A,19.49,6.26,210.15,3.12,77.90,0.09,2.22,0.03,3.09,0.01,1.00,0.00,0.00,0.79,0.87,0.0000,0.0000,     0,0,0,1.01,98.99,0.00,N/A,6.55,2.12,210.15,3.09,77.30,0.03,0.78,0.03,2.73,0.01,1.00,0.00,0.00,0.21,0.64,0.0001,0.0001,     0,0,0,1.10,98.90,0.00,N/A,6.58,2.41,210.15,2.73,68.18,0.03,0.75,0.06,3.24,0.02,1.00,0.00,0.00,0.72,0.89,0.0000,0.0000,     0,0,0,1.99,98.01,0.00,N/A,13.55,4.18,210.15,3.24,80.97,0.06,1.61,0.00,0.55,0.00,1.00,0.00,0.00,0.43,0.58,0.0033,0.0068,     0,0,0,0.24,99.76,0.00,N/A,0.28,0.51,210.15,0.55,13.77,0.00,0.03,
2024-03-21,21:07:00.620,0.04,2.50,0.02,1.00,0.00,0.07,0.93,0.57,0.0000,0.0004,0.00,0.00,-2147483648,0.00,0.00,151.33,60.48,209.84,2.50,62.55,0.04,1.12,0.51,0.40,1.10,1.80,98.20,0.00,100.00,0.00,0.00,0.00,0.00,-nan,0.08,0.03,2.18,0.01,1.00,0.00,0.03,0.95,0.68,0.0000,0.0007,     0,0,0,0.00,0.00,-2147483648,0.00,0.00,N/A,51.78,23.70,209.84,2.18,54.61,0.03,0.77,0.06,2.71,0.02,1.00,0.00,0.03,0.92,0.35,0.0000,0.0003,     0,0,0,0.00,0.00,-2147483648,0.00,0.00,N/A,99.55,36.78,209.84,2.71,67.67,0.06,1.47,0.24,0.10,  0%,  0%,0.13,0.05,  0%,  0%,0.22,0.32,  0%,  0%,0.32,0.24,  0%,  0%,1.41,98.59,0.00,100.00,0.00,0.00,2.18,97.82,0.00,100.00,0.00,0.00,0.00,0.00,0.00 ,0.00 ,-nan ,-nan ,0.08,0.08,0.01,0.31,0.02,1.00,0.00,0.03,0.95,0.29,0.0009,0.0192,     0,0,0,2.27,97.73,0.00,N/A,1.45,4.77,209.84,0.31,7.63,0.01,0.17,0.03,3.11,0.01,1.00,0.00,0.00,0.64,0.86,0.0000,0.0000,     0,0,0,1.11,98.89,0.00,N/A,7.25,2.33,209.84,3.11,77.64,0.03,0.86,0.07,3.32,0.02,1.00,0.00,0.00,0.89,0.64,0.0000,0.0000,     0,0,0,2.11,97.89,0.00,N/A,13.88,4.19,209.84,3.32,82.89,0.07,1.75,0.06,3.09,0.02,1.00,0.00,0.00,0.72,0.72,0.0000,0.0000,     0,0,0,1.92,98.08,0.00,N/A,13.12,4.25,209.84,3.09,77.14,0.06,1.48,0.00,0.56,0.00,1.00,0.00,0.00,0.73,0.65,0.0008,0.0052,     0,0,0,0.16,99.84,0.00,N/A,0.19,0.33,209.84,0.56,14.10,0.00,0.02,0.00,0.84,0.00,1.00,0.00,0.00,0.85,0.92,0.0001,0.0008,     0,0,0,0.14,99.86,0.00,N/A,0.24,0.29,209.84,0.84,20.89,0.00,0.03,0.03,3.02,0.01,1.00,0.00,0.00,0.79,0.71,0.0000,0.0000,     0,0,0,1.04,98.96,0.00,N/A,6.57,2.17,209.84,3.02,75.61,0.03,0.78,0.04,1.69,0.03,1.00,0.00,0.00,0.98,0.93,0.0000,0.0004,     0,0,0,2.56,97.44,0.00,N/A,9.07,5.37,209.84,1.69,42.24,0.04,1.08,0.02,0.76,0.03,1.00,0.00,0.03,0.95,0.28,0.0003,0.0067,     0,0,0,2.72,97.28,0.00,N/A,4.35,5.71,209.84,0.76,19.04,0.02,0.52,0.10,3.13,0.03,1.00,0.00,0.00,0.87,0.84,0.0000,0.0000,     0,0,0,3.12,96.88,0.00,N/A,19.60,6.26,209.84,3.13,78.28,0.10,2.44,0.10,3.21,0.03,1.00,0.00,0.00,0.57,0.84,0.0000,0.0000,     0,0,0,3.12,96.88,0.00,N/A,20.06,6.26,209.84,3.21,80.15,0.10,2.50,0.10,3.22,0.03,1.00,0.00,0.00,0.68,0.85,0.0000,0.0000,     0,0,0,2.95,97.05,0.00,N/A,20.15,6.25,209.84,3.22,80.55,0.10,2.38,0.06,3.25,0.02,1.00,0.00,0.00,0.62,0.90,0.0000,0.0000,     0,0,0,1.89,98.11,0.00,N/A,13.60,4.19,209.84,3.25,81.20,0.06,1.54,0.06,3.25,0.02,1.00,0.00,0.00,0.75,0.79,0.0000,0.0000,     0,0,0,1.98,98.02,0.00,N/A,13.66,4.20,209.84,3.25,81.29,0.06,1.61,0.03,3.35,0.01,1.00,0.00,0.00,0.80,0.90,0.0000,0.0000,     0,0,0,0.96,99.04,0.00,N/A,7.07,2.11,209.84,3.35,83.64,0.03,0.80,0.01,0.59,0.01,1.00,0.00,0.00,0.67,0.54,0.0011,0.0037,     0,0,0,0.85,99.15,0.00,N/A,1.05,1.79,209.84,0.59,14.67,0.01,0.13,
2024-03-21,21:07:00.720,0.04,2.57,0.02,1.00,0.00,0.06,0.94,0.49,0.0000,0.0004,0.00,0.00,-2147483648,0.00,0.00,143.16,55.64,210.09,2.57,64.33,0.04,1.07,0.50,0.39,1.92,1.66,98.34,0.00,100.00,0.00,0.00,0.00,0.00,-nan,0.08,0.04,2.51,0.02,1.00,0.00,0.03,0.93,0.58,0.0000,0.0004,     0,0,0,0.00,0.00,-2147483648,0.00,0.00,N/A,74.13,29.56,210.09,2.51,62.70,0.04,1.09,0.04,2.65,0.02,1.00,0.00,0.03,0.94,0.34,0.0000,0.0005,     0,0,0,0.00,0.00,-2147483648,0.00,0.00,N/A,69.03,26.08,210.09,2.65,66.17,0.04,1.04,0.09,0.10,  0%,  0%,0.23,0.08,  0%,  0%,0.20,0.37,  0%,  0%,0.71,0.64,  0%,  0%,1.74,98.26,0.00,100.00,0.00,0.00,1.57,98.43,0.00,100.00,0.00,0.00,0.00,0.00,0.00 ,0.00 ,-nan ,-nan ,0.08,0.08,0.01,0.34,0.02,1.00,0.00,0.03,0.96,0.28,0.0008,0.0201,     0,0,0,1.90,98.10,0.00,N/A,1.36,3.99,210.09,0.34,8.55,0.01,0.16,0.07,3.10,0.02,1.00,0.00,0.00,0.48,0.78,0.0000,0.0001,     0,0,0,2.22,97.78,0.00,N/A,14.42,4.65,210.09,3.10,77.47,0.07,1.72,0.06,3.11,0.02,1.00,0.00,0.00,0.61,0.89,0.0000,0.0000,     0,0,0,1.89,98.11,0.00,N/A,13.02,4.18,210.09,3.11,77.79,0.06,1.47,0.05,2.40,0.02,1.00,0.00,0.00,0.85,0.93,0.0000,0.0001,     0,0,0,2.09,97.91,0.00,N/A,9.97,4.16,210.09,2.40,59.91,0.05,1.25,0.03,3.02,0.01,1.00,0.00,0.00,0.77,0.75,0.0000,0.0001,     0,0,0,1.09,98.91,0.00,N/A,7.29,2.41,210.09,3.02,75.62,0.03,0.82,0.03,2.83,0.01,1.00,0.00,0.00,0.74,0.90,0.0000,0.0000,     0,0,0,1.14,98.86,0.00,N/A,6.77,2.39,210.09,2.83,70.82,0.03,0.81,0.06,3.08,0.02,1.00,0.00,0.00,0.79,0.73,0.0000,0.0000,     0,0,0,1.92,98.08,0.00,N/A,13.08,4.24,210.09,3.08,77.09,0.06,1.48,0.04,2.33,0.02,1.00,0.00,0.00,0.61,0.76,0.0001,0.0003,     0,0,0,1.68,98.32,0.00,N/A,8.21,3.53,210.09,2.33,58.19,0.04,0.98,0.01,0.30,0.02,1.00,0.00,0.03,0.96,0.28,0.0009,0.0208,     0,0,0,2.18,97.82,0.00,N/A,1.35,4.58,210.09,0.30,7.39,0.01,0.16,0.06,3.10,0.02,1.00,0.00,0.00,0.69,0.85,0.0000,0.0000,     0,0,0,2.00,98.00,0.00,N/A,13.02,4.20,210.09,3.10,77.60,0.06,1.55,0.07,3.38,0.02,1.00,0.00,0.00,0.45,0.81,0.0000,0.0000,     0,0,0,1.99,98.01,0.00,N/A,14.13,4.19,210.09,3.38,84.39,0.07,1.68,0.06,3.10,0.02,1.00,0.00,0.00,0.65,0.87,0.0000,0.0000,     0,0,0,2.00,98.00,0.00,N/A,13.01,4.19,210.09,3.10,77.60,0.06,1.55,0.03,3.10,0.01,1.00,0.00,0.00,0.82,0.92,0.0000,0.0000,     0,0,0,1.06,98.94,0.00,N/A,6.54,2.11,210.09,3.10,77.41,0.03,0.82,0.04,3.32,0.01,1.00,0.00,0.00,0.83,0.80,0.0000,0.0000,     0,0,0,1.07,98.93,0.00,N/A,7.08,2.13,210.09,3.32,82.95,0.04,0.89,0.06,3.24,0.02,1.00,0.00,0.00,0.69,0.83,0.0000,0.0000,     0,0,0,1.99,98.01,0.00,N/A,13.57,4.19,210.09,3.24,81.06,0.06,1.62,0.00,0.64,0.00,1.00,0.00,0.00,0.82,0.51,0.0012,0.0077,     0,0,0,0.24,99.76,0.00,N/A,0.32,0.50,210.09,0.64,16.09,0.00,0.04,
2024-03-21,21:07:00.821,0.04,2.55,0.02,1.00,0.00,0.06,0.93,0.59,0.0000,0.0004,0.00,0.00,-2147483648,0.00,0.00,151.00,59.20,210.06,2.55,63.77,0.04,1.12,0.67,0.34,1.63,1.75,98.25,0.00,100.00,0.00,0.00,0.00,0.00,-nan,0.10,0.04,2.45,0.02,1.00,0.00,0.03,0.93,0.70,0.0000,0.0004,     0,0,0,0.00,0.00,-2147483648,0.00,0.00,N/A,74.17,30.26,210.06,2.45,61.28,0.04,1.10,0.05,2.69,67.22,0.05,1.250.03,0.93,0.35,0.0000,0.0004,     0,0,0,0.00,0.00,-2147483648,0.00,0.00,N/A,76.84,28.94,210.06,2.66,66.38,0.05,1.14,0.13,0.10,  0%,  0%,0.33,0.12,  0%,  0%,0.19,0.29,  0%,  0%,0.66,0.50,  0%,  0%,1.79,98.21,0.00,100.00,0.00,0.00,1.72,98.28,0.00,100.00,0.00,0.00,0.00,0.00,0.00 ,0.00 ,-nan ,-nan ,0.10,0.10,0.01,0.32,0.02,1.00,0.00,0.03,0.96,0.29,0.0009,0.0208,     0,0,0,1.99,98.01,0.00,N/A,1.31,4.17,210.06,0.32,7.88,0.01,0.16,0.00,0.59,0.00,1.00,0.00,0.00,0.75,0.96,0.0001,0.0003,     0,0,0,0.18,99.82,0.00,N/A,0.22,0.37,210.06,0.59,14.86,0.00,0.03,0.07,3.12,0.02,1.00,0.00,0.00,0.21,0.48,0.0000,0.0001,     0,0,0,2.24,97.76,0.00,N/A,14.82,4.76,210.06,3.12,77.88,0.07,1.75,0.07,2.29,0.03,1.00,0.00,0.00,0.99,0.96,0.0000,0.0001,     0,0,0,3.03,96.97,0.00,N/A,14.66,6.41,210.06,2.29,57.23,0.07,1.73,0.07,3.36,0.02,1.00,0.00,0.00,0.83,0.72,0.0000,0.0000,     0,0,0,2.12,97.88,0.00,N/A,14.16,4.22,210.06,3.36,83.98,0.07,1.78,0.04,2.39,0.02,1.00,0.00,0.00,0.83,0.96,0.0000,0.0001,     0,0,0,1.73,98.27,0.00,N/A,9.27,3.88,210.06,2.39,59.70,0.04,1.03,0.06,3.13,0.02,1.00,0.00,0.00,0.88,0.85,0.0000,0.0000,     0,0,0,1.97,98.03,0.00,N/A,13.11,4.19,210.06,3.13,78.26,0.06,1.54,0.03,2.91,0.01,1.00,0.00,0.00,0.50,0.59,0.0000,0.0001,     0,0,0,1.08,98.92,0.00,N/A,6.61,2.27,210.06,2.91,72.77,0.03,0.79,0.01,0.31,0.02,1.00,0.00,0.03,0.96,0.28,0.0008,0.0207,     0,0,0,2.11,97.89,0.00,N/A,1.37,4.44,210.06,0.31,7.73,0.01,0.16,0.04,2.93,0.01,1.00,0.00,0.00,0.48,0.80,0.0000,0.0000,     0,0,0,1.34,98.66,0.00,N/A,8.25,2.82,210.06,2.93,73.14,0.04,0.98,0.03,3.02,0.01,1.00,0.00,0.00,0.72,0.70,0.0000,0.0000,     0,0,0,1.04,98.96,0.00,N/A,6.61,2.19,210.06,3.02,75.61,0.03,0.79,0.09,3.13,0.03,1.00,0.00,0.00,0.52,0.91,0.0000,0.0000,     0,0,0,2.95,97.05,0.00,N/A,19.56,6.26,210.06,3.13,78.14,0.09,2.31,0.09,3.37,0.03,1.00,0.00,0.00,0.71,0.90,0.0000,0.0000,     0,0,0,2.80,97.20,0.00,N/A,21.03,6.24,210.06,3.37,84.19,0.09,2.35,0.03,3.08,0.01,1.00,0.00,0.00,0.55,0.78,0.0000,0.0000,     0,0,0,1.02,98.98,0.00,N/A,6.59,2.14,210.06,3.08,77.06,0.03,0.78,0.07,3.04,0.02,1.00,0.00,0.00,0.73,0.74,0.0000,0.0000,     0,0,0,2.17,97.83,0.00,N/A,13.09,4.31,210.06,3.04,75.93,0.07,1.65,0.00,0.62,0.00,1.00,0.00,0.00,0.76,0.51,0.0016,0.0077,     0,0,0,0.26,99.74,0.00,N/A,0.34,0.54,210.06,0.62,15.62,0.00,0.04,
2024-03-21,21:07:00.920,0.04,2.56,0.02,1.00,0.00,0.07,0.94,0.44,0.0000,0.0005,0.00,0.00,-2147483648,0.00,0.00,135.15,52.83,211.94,2.56,63.95,0.04,1.00,0.95,0.51,2.60,1.57,98.43,0.00,100.00,0.00,0.00,0.00,0.00,-nan,0.08,0.03,2.21,0.01,1.00,0.00,0.03,0.94,0.51,0.0000,0.0007,     0,0,0,0.00,0.00,-2147483648,0.00,0.00,N/A,44.64,20.18,211.94,2.21,55.31,0.03,0.67,0.05,2.77,0.02,1.00,0.00,0.03,0.94,0.34,0.0000,0.0004,     0,0,0,0.00,0.00,-2147483648,0.00,0.00,N/A,90.51,32.66,211.94,2.77,69.29,0.05,1.33,0.18,0.21,  0%,  0%,0.31,0.26,  0%,  0%,0.50,0.36,  0%,  0%,0.85,0.89,  0%,  0%,1.21,98.79,0.00,100.00,0.00,0.00,1.92,98.08,0.00,100.00,0.00,0.00,0.00,0.00,0.00 ,0.00 ,-nan ,-nan ,0.08,0.08,0.01,0.31,0.02,1.00,0.00,0.03,0.96,0.28,0.0009,0.0205,     0,0,0,2.09,97.91,0.00,N/A,1.35,4.43,211.94,0.31,7.63,0.01,0.16,0.03,2.76,0.01,1.00,0.00,0.00,0.72,0.96,0.0000,0.0000,     0,0,0,1.16,98.84,0.00,N/A,6.80,2.47,211.94,2.76,68.90,0.03,0.80,0.06,3.14,0.02,1.00,0.00,0.00,0.79,0.67,0.0000,0.0000,     0,0,0,2.06,97.94,0.00,N/A,13.47,4.29,211.94,3.14,78.52,0.06,1.62,0.00,1.65,0.00,1.00,0.00,0.00,0.98,0.96,0.0000,0.0002,     0,0,0,0.29,99.71,0.00,N/A,1.01,0.61,211.94,1.65,41.23,0.00,0.12,0.00,0.69,0.00,1.00,0.00,0.00,0.66,0.71,0.0005,0.0034,     0,0,0,0.13,99.87,0.00,N/A,0.18,0.27,211.94,0.69,17.36,0.00,0.02,0.04,2.59,0.01,1.00,0.00,0.00,0.86,0.89,0.0000,0.0001,     0,0,0,1.45,98.55,0.00,N/A,7.84,3.02,211.94,2.59,64.86,0.04,0.94,0.07,3.11,0.02,1.00,0.00,0.00,0.81,0.79,0.0000,0.0000,     0,0,0,2.11,97.89,0.00,N/A,13.05,4.20,211.94,3.11,77.77,0.07,1.64,0.00,1.04,0.00,1.00,0.00,0.00,0.45,0.59,0.0005,0.0015,     0,0,0,0.42,99.58,0.00,N/A,0.94,0.90,211.94,1.04,26.11,0.00,0.11,0.01,0.31,0.02,1.00,0.00,0.03,0.96,0.28,0.0008,0.0204,     0,0,0,2.31,97.69,0.00,N/A,1.52,4.90,211.94,0.31,7.78,0.01,0.18,0.09,3.13,0.03,1.00,0.00,0.00,0.45,0.90,0.0000,0.0000,     0,0,0,2.83,97.17,0.00,N/A,19.58,6.25,211.94,3.13,78.32,0.09,2.21,0.03,3.27,0.01,1.00,0.00,0.00,0.83,0.73,0.0000,0.0000,     0,0,0,1.02,98.98,0.00,N/A,7.11,2.17,211.94,3.27,81.87,0.03,0.84,0.10,3.30,0.03,1.00,0.00,0.00,0.86,0.81,0.0000,0.0000,     0,0,0,3.01,96.99,0.00,N/A,20.63,6.26,211.94,3.30,82.42,0.10,2.48,0.07,3.25,0.02,1.00,0.00,0.00,0.55,0.82,0.0000,0.0000,     0,0,0,2.11,97.89,0.00,N/A,13.63,4.19,211.94,3.25,81.33,0.07,1.72,0.03,3.27,0.01,1.00,0.00,0.00,0.61,0.70,0.0000,0.0000,     0,0,0,1.03,98.97,0.00,N/A,7.13,2.18,211.94,3.27,81.69,0.03,0.84,0.06,3.37,0.02,1.00,0.00,0.00,0.40,0.80,0.0000,0.0000,     0,0,0,1.90,98.10,0.00,N/A,14.13,4.20,211.94,3.37,84.18,0.06,1.60,0.03,2.70,0.01,1.00,0.00,0.00,0.74,0.53,0.0001,0.0003,     0,0,0,1.18,98.82,0.00,N/A,6.78,2.51,211.94,2.70,67.49,0.03,0.80,
2024-03-21,21:07:01.021,0.05,2.62,0.02,1.00,0.00,0.07,0.94,0.47,0.0000,0.0004,0.00,0.00,-2147483648,0.00,0.00,159.93,61.08,210.18,2.62,65.46,0.05,1.19,0.76,0.58,3.35,1.81,98.19,0.00,100.00,0.00,0.00,0.00,0.00,-nan,0.08,0.06,2.64,0.02,1.00,0.00,0.03,0.95,0.55,0.0000,0.0003,     0,0,0,0.00,0.00,-2147483648,0.00,0.00,N/A,97.26,36.80,210.18,2.64,66.07,0.06,1.43,0.04,2.58,0.01,1.00,0.00,0.03,0.93,0.36,0.0000,0.0005,     0,0,0,0.00,0.00,-2147483648,0.00,0.00,N/A,62.67,24.28,210.18,2.58,64.53,0.04,0.93,0.09,0.16,  0%,  0%,0.16,0.35,  0%,  0%,0.27,0.63,  0%,  0%,1.24,1.22,  1%,  1%,2.17,97.83,0.00,100.00,0.00,0.00,1.45,98.55,0.00,100.00,0.00,0.00,0.00,0.00,0.00 ,0.00 ,-nan ,-nan ,0.08,0.08,0.01,0.31,0.02,1.00,0.00,0.03,0.95,0.27,0.0009,0.0195,     0,0,0,2.25,97.75,0.00,N/A,1.49,4.74,210.18,0.31,7.84,0.01,0.18,0.09,3.13,0.03,1.00,0.00,0.00,0.81,0.92,0.0000,0.0000,     0,0,0,2.82,97.18,0.00,N/A,19.55,6.25,210.18,3.13,78.25,0.09,2.21,0.10,3.14,0.03,1.00,0.00,0.00,0.66,0.70,0.0000,0.0000,     0,0,0,3.16,96.84,0.00,N/A,19.96,6.35,210.18,3.14,78.57,0.10,2.48,0.07,2.85,0.02,1.00,0.00,0.00,0.97,0.92,0.0000,0.0001,     0,0,0,2.32,97.68,0.00,N/A,14.62,5.13,210.18,2.85,71.19,0.07,1.65,0.12,3.11,0.04,1.00,0.00,0.00,0.70,0.65,0.0000,0.0000,     0,0,0,3.76,96.24,0.00,N/A,25.91,8.32,210.18,3.11,77.85,0.12,2.93,0.03,2.87,0.01,1.00,0.00,0.00,0.73,0.88,0.0000,0.0000,     0,0,0,1.19,98.81,0.00,N/A,6.84,2.39,210.18,2.87,71.65,0.03,0.85,0.01,1.59,0.01,1.00,0.00,0.00,0.87,0.95,0.0000,0.0004,     0,0,0,0.67,99.33,0.00,N/A,2.23,1.40,210.18,1.59,39.74,0.01,0.26,0.03,3.00,0.01,1.00,0.00,0.00,0.88,0.76,0.0000,0.0000,     0,0,0,1.05,98.95,0.00,N/A,6.66,2.22,210.18,3.00,74.99,0.03,0.79,0.01,0.28,0.02,1.00,0.00,0.03,0.95,0.28,0.0009,0.0203,     0,0,0,2.35,97.65,0.00,N/A,1.40,4.94,210.18,0.28,7.06,0.01,0.17,0.09,3.17,0.03,1.00,0.00,0.00,0.76,0.65,0.0000,0.0000,     0,0,0,2.85,97.15,0.00,N/A,18.18,5.73,210.18,3.17,79.28,0.09,2.26,0.03,3.30,0.01,1.00,0.00,0.00,0.55,0.73,0.0000,0.0000,     0,0,0,1.02,98.98,0.00,N/A,7.09,2.15,210.18,3.30,82.50,0.03,0.84,0.07,3.38,0.02,1.00,0.00,0.00,0.44,0.92,0.0000,0.0000,     0,0,0,1.97,98.03,0.00,N/A,14.15,4.19,210.18,3.38,84.52,0.07,1.67,0.03,3.33,0.01,1.00,0.00,0.00,0.63,0.84,0.0000,0.0000,     0,0,0,1.01,98.99,0.00,N/A,7.09,2.13,210.18,3.33,83.35,0.03,0.84,0.03,3.34,0.01,1.00,0.00,0.00,0.75,0.80,0.0000,0.0000,     0,0,0,0.96,99.04,0.00,N/A,7.08,2.12,210.18,3.34,83.45,0.03,0.80,0.04,3.27,0.01,1.00,0.00,0.00,0.90,0.67,0.0000,0.0001,     0,0,0,1.08,98.92,0.00,N/A,7.14,2.18,210.18,3.27,81.86,0.04,0.89,0.00,0.66,0.00,1.00,0.00,0.00,0.77,0.52,0.0013,0.0065,     0,0,0,0.40,99.60,0.00,N/A,0.56,0.85,210.18,0.66,16.55,0.00,0.07,
2024-03-21,21:07:01.123,0.04,2.47,0.02,1.00,0.00,0.07,0.93,0.48,0.0000,0.0005,0.00,0.00,-2147483648,0.00,0.00,133.25,53.84,209.86,2.47,61.87,0.04,0.99,1.12,0.51,2.34,1.60,98.40,0.00,100.00,0.00,0.00,0.00,0.00,-nan,0.08,0.05,2.45,0.02,1.00,0.00,0.03,0.93,0.57,0.0000,0.0004,     0,0,0,0.00,0.00,-2147483648,0.00,0.00,N/A,79.23,32.40,209.86,2.45,61.15,0.05,1.18,0.03,2.52,0.01,1.00,0.00,0.03,0.93,0.34,0.0000,0.0006,     0,0,0,0.00,0.00,-2147483648,0.00,0.00,N/A,54.01,21.45,209.86,2.52,62.96,0.03,0.80,0.41,0.29,  0%,  0%,0.23,0.19,  0%,  0%,0.60,0.33,  0%,  0%,0.82 ,0.08,0.08,0.01,0.5,98.07,0.00,100.00,0.00,0.00,1.26,98.74,0.00,100.00,0.00,0.00,0.00,0.00,0.00 ,0.00 ,-nan ,-nan ,0.08,0.08,0.01,0.30,0.02,1.00,0.00,0.03,0.95,0.27,0.0010,0.0203,     0,0,0,2.25,97.75,0.00,N/A,1.41,4.72,209.86,0.30,7.44,0.01,0.17,0.07,3.12,0.02,1.00,0.00,0.00,0.89,0.79,0.0000,0.0000,     0,0,0,2.11,97.89,0.00,N/A,13.07,4.19,209.86,3.12,77.91,0.07,1.64,0.04,2.62,0.01,1.00,0.00,0.00,0.57,0.60,0.0000,0.0001,     0,0,0,1.41,98.59,0.00,N/A,7.78,2.97,209.86,2.62,65.48,0.04,0.93,0.07,3.20,0.02,1.00,0.00,0.00,0.84,0.67,0.0000,0.0000,     0,0,0,2.11,97.89,0.00,N/A,13.42,4.19,209.86,3.20,80.05,0.07,1.69,0.12,3.09,0.04,1.00,0.00,0.00,0.75,0.62,0.0000,0.0000,     0,0,0,3.88,96.12,0.00,N/A,25.69,8.32,209.86,3.09,77.21,0.12,3.00,0.06,2.65,0.02,1.00,0.00,0.00,0.63,0.75,0.0000,0.0001,     0,0,0,2.19,97.81,0.00,N/A,12.95,4.89,209.86,2.65,66.28,0.06,1.45,0.02,1.65,0.01,1.00,0.00,0.00,0.93,0.92,0.0000,0.0005,     0,0,0,1.35,98.65,0.00,N/A,4.71,2.85,209.86,1.65,41.37,0.02,0.56,0.00,0.77,0.00,1.00,0.00,0.00,0.90,0.76,0.0000,0.0023,     0,0,0,0.13,99.87,0.00,N/A,0.20,0.27,209.86,0.77,19.13,0.00,0.02,0.01,0.29,0.02,1.00,0.00,0.03,0.96,0.27,0.0009,0.0208,     0,0,0,2.24,97.76,0.00,N/A,1.36,4.70,209.86,0.29,7.23,0.01,0.16,0.07,3.38,0.02,1.00,0.00,0.00,0.45,0.86,0.0000,0.0000,     0,0,0,2.00,98.00,0.00,N/A,14.16,4.19,209.86,3.38,84.51,0.07,1.69,0.00,0.42,0.00,1.00,0.00,0.00,0.65,0.70,0.0014,0.0057,     0,0,0,0.05,99.95,0.00,N/A,0.05,0.12,209.86,0.42,10.41,0.00,0.01,0.07,3.37,0.02,1.00,0.00,0.00,0.59,0.87,0.0000,0.0000,     0,0,0,1.98,98.02,0.00,N/A,14.13,4.19,209.86,3.37,84.32,0.07,1.67,0.04,3.24,0.01,1.00,0.00,0.00,0.64,0.64,0.0000,0.0000,     0,0,0,1.30,98.70,0.00,N/A,9.41,2.91,209.86,3.24,80.90,0.04,1.05,0.07,2.97,0.02,1.00,0.00,0.00,0.50,0.65,0.0000,0.0000,     0,0,0,2.49,97.51,0.00,N/A,14.69,4.95,209.86,2.97,74.15,0.07,1.85,0.00,0.38,0.00,1.00,0.00,0.00,0.79,0.87,0.0004,0.0025,     0,0,0,0.02,99.98,0.00,N/A,0.02,0.05,209.86,0.38,9.45,0.00,0.00,0.00,0.55,0.00,1.00,0.00,0.00,0.64,0.54,0.0023,0.0073,     0,0,0,0.16,99.84,0.00,N/A,0.18,0.34,209.86,0.55,13.66,0.00,0.02,
2024-03-21,21:07:01.223,0.04,2.39,0.02,1.00,0.00,0.07,0.93,0.58,0.0000,0.0005,0.00,0.00,-2147483648,0.00,0.00,130.58,54.67,210.01,2.39,59.71,0.04,0.97,0.57,0.67,2.34,1.63,98.37,0.00,100.00,0.00,0.00,0.00,0.00,-nan,0.08,0.05,2.31,0.02,1.00,0.00,0.03,0.92,0.68,0.0000,0.0004,     0,0,0,0.00,0.00,-2147483648,0.00,0.00,N/A,78.22,33.82,210.01,2.31,57.82,0.05,1.16,0.03,2.51,0.01,1.00,0.00,0.03,0.93,0.35,0.0000,0.0006,     0,0,0,0.00,0.00,-2147483648,0.00,0.00,N/A,52.36,20.85,210.01,2.51,62.79,0.03,0.78,0.07,0.35,  0%,  0%,0.11,0.04,  0%,  0%,0.75,0.96,  0%,  0%,0.28,0.35,  0%,  0%,2.01,97.99,0.00,100.00,0.00,0.00,1.24,98.76,0.00,100.00,0.00,0.00,0.00,0.00,0.00 ,0.00 ,-nan ,-nan ,0.08,0.08,0.01,0.48,0.03,1.00,0.00,0.03,0.95,0.28,0.0005,0.0110,     0,0,0,2.57,97.43,0.00,N/A,2.58,5.41,210.01,0.48,11.91,0.01,0.31,0.03,3.02,0.01,1.00,0.00,0.00,0.75,0.88,0.0000,0.0000,     0,0,0,1.16,98.84,0.00,N/A,7.34,2.43,210.01,3.02,75.59,0.03,0.87,0.02,1.50,0.01,1.00,0.00,0.00,0.81,0.90,0.0001,0.0007,     0,0,0,1.10,98.90,0.00,N/A,3.46,2.31,210.01,1.50,37.43,0.02,0.41,0.03,2.41,0.01,1.00,0.00,0.00,0.41,0.59,0.0001,0.0001,     0,0,0,1.39,98.61,0.00,N/A,7.06,2.93,210.01,2.41,60.30,0.03,0.84,0.12,3.11,0.04,1.00,0.00,0.00,0.84,0.69,0.0000,0.0000,     0,0,0,3.96,96.04,0.00,N/A,25.85,8.32,210.01,3.11,77.63,0.12,3.08,0.12,3.07,0.04,1.00,0.00,0.00,0.73,0.66,0.0000,0.0000,     0,0,0,3.92,96.08,0.00,N/A,25.49,8.32,210.01,3.07,76.63,0.12,3.01,0.02,1.52,0.01,1.00,0.00,0.00,0.79,0.94,0.0001,0.0004,     0,0,0,1.03,98.97,0.00,N/A,3.28,2.16,210.01,1.52,37.88,0.02,0.39,0.02,1.63,0.01,1.00,0.00,0.00,0.90,0.96,0.0000,0.0003,     0,0,0,0.93,99.07,0.00,N/A,3.16,1.94,210.01,1.63,40.63,0.02,0.38,0.01,0.29,0.02,1.00,0.00,0.03,0.96,0.28,0.0009,0.0208,     0,0,0,2.20,97.80,0.00,N/A,1.35,4.62,210.01,0.29,7.29,0.01,0.16,0.03,3.06,0.01,1.00,0.00,0.00,0.35,0.81,0.0000,0.0000,     0,0,0,0.96,99.04,0.00,N/A,6.55,2.14,210.01,3.06,76.39,0.03,0.73,0.07,3.38,0.02,1.00,0.00,0.00,0.70,0.85,0.0000,0.0000,     0,0,0,2.13,97.87,0.00,N/A,14.12,4.18,210.01,3.38,84.42,0.07,1.79,0.07,3.37,0.02,1.00,0.00,0.00,0.67,0.86,0.0000,0.0000,     0,0,0,2.13,97.87,0.00,N/A,14.15,4.20,210.01,3.37,84.31,0.07,1.80,0.04,3.06,0.01,1.00,0.00,0.00,0.86,0.71,0.0000,0.0000,     0,0,0,1.17,98.83,0.00,N/A,7.53,2.46,210.01,3.06,76.62,0.04,0.90,0.00,2.56,0.00,1.00,0.00,0.00,0.85,0.68,0.0000,0.0003,     0,0,0,0.17,99.83,0.00,N/A,0.97,0.38,210.01,2.56,63.95,0.00,0.11,0.03,3.35,0.01,1.00,0.00,0.00,0.81,0.90,0.0000,0.0000,     0,0,0,1.01,98.99,0.00,N/A,7.09,2.11,210.01,3.35,83.82,0.03,0.84,0.00,0.80,0.00,1.00,0.00,0.00,0.70,0.55,0.0012,0.0045,     0,0,0,0.36,99.64,0.00,N/A,0.61,0.76,210.01,0.80,20.05,0.00,0.07,
2024-03-21,21:07:01.323,0.04,2.53,0.02,1.00,0.00,0.07,0.93,0.54,0.0000,0.0005,0.00,0.00,-2147483648,0.00,0.00,147.58,58.29,212.04,2.53,63.29,0.04,1.09,0.33,0.27,1.04,1.72,98.28,0.00,100.00,0.00,0.00,0.00,0.00,-nan,0.09,0.05,2.47,0.02,1.00,0.00,0.04,0.91,0.63,0.0000,0.0004,     0,0,0,0.00,0.00,-2147483648,0.00,0.00,N/A,83.96,34.02,212.04,2.47,61.70,0.05,1.22,0.04,2.62,0.01,1.00,0.00,0.03,0.94,0.34,0.0000,0.0005,     0,0,0,0.00,0.00,-2147483648,0.00,0.00,N/A,63.62,24.27,212.04,2.62,65.53,0.04,0.95,0.07,0.10,  0%,  0%,0.12,0.04,  0%,  0%,0.22,0.30,  0%,  0%,0.30,0.22,  0%,  0%,1.98,98.02,0.00,100.00,0.00,0.00,1.45,98.55,0.00,100.00,0.00,0.00,0.00,0.00,0.00 ,0.00 ,-nan ,-nan ,0.10,0.09,0.01,0.53,0.02,1.00,0.00,0.03,0.95,0.28,0.0006,0.0107,     0,0,0,2.43,97.57,0.00,N/A,2.76,5.16,212.04,0.53,13.36,0.01,0.33,0.00,0.53,0.00,1.00,0.00,0.00,0.61,0.69,0.0004,0.0036,     0,0,0,0.07,99.93,0.00,N/A,0.08,0.16,212.04,0.53,13.18,0.00,0.01,0.10,2.95,0.03,1.00,0.00,0.00,0.89,0.86,0.0000,0.0001,     0,0,0,3.26,96.74,0.00,N/A,21.66,7.34,212.04,2.95,73.79,0.10,2.40,0.06,3.12,0.02,1.00,0.00,0.00,0.85,0.87,0.0000,0.0000,     0,0,0,1.86,98.14,0.00,N/A,13.05,4.18,212.04,3.12,78.00,0.06,1.45,0.10,3.22,0.03,1.00,0.00,0.00,0.92,0.87,0.0000,0.0000,     0,0,0,2.98,97.02,0.00,N/A,20.12,6.26,212.04,3.22,80.39,0.10,2.40,0.09,3.12,0.03,1.00,0.00,0.00,0.74,0.68,0.0000,0.0000,     0,0,0,2.98,97.02,0.00,N/A,19.49,6.26,212.04,3.12,77.88,0.09,2.32,0.00,0.85,0.00,1.00,0.00,0.00,0.75,0.92,0.0001,0.0008,     0,0,0,0.27,99.73,0.00,N/A,0.48,0.57,212.04,0.85,21.27,0.00,0.06,0.03,1.54,0.02,1.00,0.00,0.01,0.73,0.88,0.0002,0.0008,     0,0,0,1.92,98.08,0.00,N/A,6.31,4.09,212.04,1.54,38.51,0.03,0.74,0.01,0.30,0.02,1.00,0.00,0.03,0.95,0.28,0.0009,0.0205,     0,0,0,2.19,97.81,0.00,N/A,1.39,4.65,212.04,0.30,7.49,0.01,0.16,0.07,3.12,0.02,1.00,0.00,0.00,0.78,0.89,0.0000,0.0000,     0,0,0,2.11,97.89,0.00,N/A,13.09,4.19,212.04,3.12,78.08,0.07,1.65,0.03,3.07,0.01,1.00,0.00,0.00,0.94,0.90,0.0000,0.0000,     0,0,0,1.00,99.00,0.00,N/A,6.53,2.13,212.04,3.07,76.78,0.03,0.77,0.07,3.38,0.02,1.00,0.00,0.00,0.87,0.80,0.0000,0.0000,     0,0,0,1.98,98.02,0.00,N/A,14.19,4.20,212.04,3.38,84.54,0.07,1.67,0.03,3.30,0.01,1.00,0.00,0.00,0.74,0.73,0.0000,0.0000,     0,0,0,1.01,98.99,0.00,N/A,7.08,2.15,212.04,3.30,82.53,0.03,0.83,0.07,3.23,0.02,1.00,0.00,0.00,0.57,0.80,0.0000,0.0000,     0,0,0,2.12,97.88,0.00,N/A,13.59,4.20,212.04,3.23,80.84,0.07,1.71,0.00,0.42,0.00,1.00,0.00,0.00,0.71,0.89,0.0005,0.0020,     0,0,0,0.02,99.98,0.00,N/A,0.02,0.05,212.04,0.42,10.48,0.00,0.00,0.04,2.85,0.01,1.00,0.00,0.00,0.77,0.54,0.0001,0.0003,     0,0,0,1.28,98.72,0.00,N/A,7.73,2.71,212.04,2.85,71.28,0.04,0.91,
2024-03-21,21:07:01.423,0.04,2.56,0.02,1.00,0.00,0.06,0.93,0.45,0.0000,0.0004,0.00,0.00,-2147483648,0.00,0.00,143.86,56.11,210.17,2.56,64.10,0.04,1.07,0.36,0.21,1.09,1.67,98.33,0.00,100.00,0.00,0.00,0.00,0.00,-nan,0.09,0.07,2.69,0.03,1.00,0.00,0.03,0.91,0.52,0.0000,0.0003,     0,0,0,0.00,0.00,-2147483648,0.00,0.00,N/A,113.53,42.15,210.17,2.69,67.33,0.07,1.69,0.02,2.17,0.01,1.00,0.00,0.03,0.94,0.34,0.0001,0.0010,     0,0,0,0.00,0.00,-2147483648,0.00,0.00,N/A,30.33,13.96,210.17,2.17,54.32,0.02,0.45,0.09,0.10,  0%,  0%,0.11,0.06,  0%,  0%,0.20,0.32,  0%,  0%,0.32,0.25,  0%,  0%,2.51,97.49,0.00,100.00,0.00,0.00,0.83,99.17,0.00,100.00,0.00,0.00,0.00,0.00,0.00 ,0.00 ,-nan ,-nan ,0.08,0.10,0.01,0.51,0.03,1.00,0.00,0.03,0.94,0.28,0.0006,0.0109,     0,0,0,2.51,9,0,0,1.27,98.73,0.00,N/,210.17,0.51,12.79,0.01,0.32,0.01,1.32,0.01,1.00,0.00,0.00,0.66,0.93,0.0001,0.0003,     0,0,0,0.81,99.19,0.00,N/A,2.25,1.70,210.17,1.32,33.06,0.01,0.27,0.07,3.08,0.02,1.00,0.00,0.00,0.91,0.71,0.0000,0.0000,     0,0,0,2.17,97.83,0.00,N/A,13.21,4.28,210.17,3.08,77.07,0.07,1.68,0.12,3.11,0.04,1.00,0.00,0.00,0.61,0.67,0.0000,0.0000,     0,0,0,3.96,96.04,0.00,N/A,25.87,8.31,210.17,3.11,77.81,0.12,3.08,0.13,3.39,0.04,1.00,0.00,0.00,0.85,0.91,0.0000,0.0000,     0,0,0,3.96,96.04,0.00,N/A,28.17,8.32,210.17,3.39,84.68,0.13,3.35,0.09,3.13,0.03,1.00,0.00,0.00,0.97,0.90,0.0000,0.0000,     0,0,0,2.98,97.02,0.00,N/A,19.58,6.25,210.17,3.13,78.30,0.09,2.33,0.06,2.96,0.02,1.00,0.00,0.00,0.78,0.96,0.0000,0.0000,     0,0,0,1.99,98.01,0.00,N/A,13.21,4.46,210.17,2.96,74.11,0.06,1.48,0.04,2.41,0.02,1.00,0.00,0.00,0.55,0.84,0.0001,0.0003,     0,0,0,1.70,98.30,0.00,N/A,8.53,3.55,210.17,2.41,60.16,0.04,1.02,0.01,0.30,0.02,1.00,0.00,0.03,0.96,0.26,0.0008,0.0215,     0,0,0,2.04,97.96,0.00,N/A,1.29,4.28,210.17,0.30,7.55,0.01,0.15,0.03,3.26,0.01,1.00,0.00,0.00,0.54,0.71,0.0000,0.0000,     0,0,0,0.98,99.02,0.00,N/A,7.14,2.19,210.17,3.26,81.47,0.03,0.80,0.03,3.04,0.01,1.00,0.00,0.00,0.62,0.74,0.0000,0.0000,     0,0,0,1.02,98.98,0.00,N/A,6.54,2.15,210.17,3.04,76.12,0.03,0.78,0.03,3.24,0.01,1.00,0.00,0.00,0.61,0.75,0.0000,0.0000,     0,0,0,1.07,98.93,0.00,N/A,7.26,2.24,210.17,3.24,80.89,0.03,0.86,0.04,3.35,0.01,1.00,0.00,0.00,0.90,0.81,0.0000,0.0000,     0,0,0,1.08,98.92,0.00,N/A,7.10,2.12,210.17,3.35,83.68,0.04,0.90,0.00,0.47,0.00,1.00,0.00,0.00,0.82,0.83,0.0004,0.0034,     0,0,0,0.02,99.98,0.00,N/A,0.02,0.05,210.17,0.47,11.68,0.00,0.00,0.00,0.47,0.00,1.00,0.00,0.00,0.87,0.70,0.0007,0.0060,     0,0,0,0.05,99.95,0.00,N/A,0.05,0.11,210.17,0.47,11.80,0.00,0.01,0.00,1.13,0.00,1.00,0.00,0.00,0.73,0.54,0.0004,0.0020,     0,0,0,0.39,99.61,0.00,N/A,0.92,0.82,210.17,1.13,28.18,0.00,0.11,
2024-03-21,21:07:01.516,0.04,2.48,0.02,1.00,0.00,0.07,0.94,0.57,0.0000,0.0005,0.00,0.00,-2147483648,0.00,0.00,142.05,57.18,209.86,2.48,62.11,0.04,1.08,0.56,0.39,1.29,1.74,98.26,0.00,100.00,0.00,0.00,0.00,0.00,-nan,0.08,0.06,2.50,0.02,1.00,0.00,0.04,0.93,0.66,0.0000,0.0004,     0,0,0,0.00,0.00,-2147483648,0.00,0.00,N/A,99.18,39.73,209.86,2.50,62.41,0.06,1.53,0.03,2.46,0.01,1.00,0.00,0.03,0.95,0.35,0.0000,0.0007,     0,0,0,0.00,0.00,-2147483648,0.00,0.00,N/A,42.86,17.44,209.86,2.46,61.43,0.03,0.64,0.18,0.19,  0%,  0%,0.14,0.05,  0%,  0%,0.46,0.34,  0%,  0%,0.29,0.20,  0%,  0%,2.44,97.56,0.00,100.00,0.00,0.00,1.05,98.95,0.00,100.00,0.00,0.00,0.00,0.00,0.00 ,0.00 ,-nan ,-nan ,0.08,0.08,0.01,0.30,0.02,1.00,0.00,0.03,0.95,0.29,0.0009,0.0202,     0,0,0,2.17,97.83,0.00,N/A,1.39,4.56,209.86,0.30,7.60,0.01,0.17,0.00,0.78,0.00,1.00,0.00,0.00,0.76,0.94,0.0001,0.0007,     0,0,0,0.28,99.72,0.00,N/A,0.45,0.58,209.86,0.78,19.42,0.00,0.05,0.05,1.62,0.03,1.00,0.00,0.01,0.94,0.85,0.0000,0.0009,     0,0,0,2.90,97.10,0.00,N/A,9.83,6.07,209.86,1.62,40.49,0.05,1.17,0.13,3.13,0.04,1.00,0.00,0.00,0.76,0.81,0.0000,0.0000,     0,0,0,4.23,95.77,0.00,N/A,26.05,8.32,209.86,3.13,78.29,0.13,3.31,0.07,3.31,0.02,1.00,0.00,0.00,0.89,0.85,0.0000,0.0000,     0,0,0,2.20,97.80,0.00,N/A,14.28,4.32,209.86,3.31,82.69,0.07,1.82,0.07,2.88,0.03,1.00,0.00,0.00,0.89,0.92,0.0000,0.0000,     0,0,0,2.52,97.48,0.00,N/A,14.27,4.95,209.86,2.88,72.11,0.07,1.82,0.13,3.13,0.04,1.00,0.00,0.00,0.70,0.90,0.0000,0.0000,     0,0,0,4.24,95.76,0.00,N/A,26.11,8.33,209.86,3.13,78.37,0.13,3.32,0.03,2.61,0.01,1.00,0.00,0.00,0.47,0.61,0.0001,0.0003,     0,0,0,1.24,98.76,0.00,N/A,6.80,2.61,209.86,2.61,65.13,0.03,0.81,0.01,0.30,0.02,1.00,0.00,0.03,0.96,0.28,0.0008,0.0211,     0,0,0,2.10,97.90,0.00,N/A,1.31,4.40,209.86,0.30,7.43,0.01,0.16,0.11,3.31,0.03,1.00,0.00,0.00,0.74,0.68,0.0000,0.0000,     0,0,0,3.18,96.82,0.00,N/A,20.67,6.25,209.86,3.31,82.67,0.11,2.63,0.03,3.29,0.01,1.00,0.00,0.00,0.50,0.75,0.0000,0.0000,     0,0,0,1.03,98.97,0.00,N/A,7.11,2.16,209.86,3.29,82.32,0.03,0.85,0.03,3.35,0.01,1.00,0.00,0.00,0.71,0.92,0.0000,0.0000,     0,0,0,1.01,98.99,0.00,N/A,7.07,2.11,209.86,3.35,83.74,0.03,0.84,0.03,3.07,0.01,1.00,0.00,0.00,0.86,0.81,0.0000,0.0000,     0,0,0,1.01,98.99,0.00,N/A,6.49,2.12,209.86,3.07,76.71,0.03,0.77,0.00,0.45,0.00,1.00,0.00,0.00,0.78,0.81,0.0005,0.0034,     0,0,0,0.02,99.98,0.00,N/A,0.02,0.05,209.86,0.45,11.32,0.00,0.00,0.00,0.54,0.00,1.00,0.00,0.00,0.85,0.69,0.0008,0.0061,     0,0,0,0.07,99.93,0.00,N/A,0.08,0.16,209.86,0.54,13.47,0.00,0.01,0.00,0.55,0.00,1.00,0.00,0.00,0.69,0.56,0.0021,0.0076,     0,0,0,0.10,99.90,0.00,N/A,0.11,0.20,209.86,0.55,13.66,0.00,0.01,
2024-03-21,21:07:01.630,0.04,2.43,0.02,1.00,0.01,0.07,0.92,0.60,0.0000,0.0005,0.00,0.00,-2147483648,0.00,0.00,152.93,62.86,234.92,2.43,60.82,0.04,1.01,1.34,0.73,4.11,1.67,98.33,0.00,100.00,0.00,0.00,0.00,0.00,-nan,0.08,0.05,2.42,0.02,1.00,0.00,0.04,0.94,0.69,0.0000,0.0004,     0,0,0,0.00,0.00,-2147483648,0.00,0.00,N/A,89.21,36.88,234.92,2.42,60.48,0.05,1.18,0.03,2.45,0.01,1.00,0.00,0.03,0.91,0.43,0.0000,0.0005,     0,0,0,0.00,0.00,-2147483648,0.00,0.00,N/A,63.72,25.98,234.92,2.45,61.31,0.03,0.85,0.41,0.56,  0%,  0%,0.23,0.15,  0%,  0%,1.34,1.81,  1%,  1%,0.64,0.31,  0%,  0%,1.96,98.04,0.00,100.00,0.00,0.00,1.38,98.62,0.00,100.00,0.00,0.00,0.00,0.00,0.00 ,0.00 ,-nan ,-nan ,0.08,0.07,0.02,0.80,0.03,1.00,0.00,0.03,0.95,0.28,0.0003,0.0063,     0,0,0,2.53,97.47,0.00,N/A,4.78,5.94,234.92,0.80,20.11,0.02,0.51,0.03,2.64,0.01,1.00,0.00,0.00,0.76,0.94,0.0000,0.0000,     0,0,0,1.22,98.78,0.00,N/A,7.57,2.87,234.92,2.64,65.89,0.03,0.81,0.08,2.48,0.03,1.00,0.00,0.00,0.91,0.91,0.0000,0.0002,     0,0,0,3.15,96.85,0.00,N/A,18.61,7.49,234.92,2.48,62.11,0.08,1.95,0.06,3.07,0.02,1.00,0.00,0.00,0.60,0.60,0.0000,0.0000,     0,0,0,1.81,98.19,0.00,N/A,13.05,4.26,234.92,3.07,76.65,0.06,1.39,0.08,3.10,0.03,1.00,0.00,0.00,0.81,0.69,0.0000,0.0000,     0,0,0,2.65,97.35,0.00,N/A,19.38,6.25,234.92,3.10,77.52,0.08,2.05,0.05,2.23,0.02,1.00,0.00,0.00,0.93,0.95,0.0000,0.0001,     0,0,0,2.22,97.78,0.00,N/A,11.68,5.24,234.92,2.23,55.76,0.05,1.24,0.03,2.82,0.01,1.00,0.00,0.00,0.87,0.89,0.0000,0.0001,     0,0,0,1.04,98.96,0.00,N/A,6.86,2.44,234.92,2.82,70.40,0.03,0.73,0.03,3.04,0.01,1.00,0.00,0.00,0.57,0.69,0.0000,0.0001,     0,0,0,1.02,98.98,0.00,N/A,7.28,2.40,234.92,3.04,76.01,0.03,0.77,0.01,0.29,0.02,1.00,0.00,0.03,0.94,0.29,0.0011,0.0191,     0,0,0,2.23,97.77,0.00,N/A,1.51,5.24,234.92,0.29,7.22,0.01,0.16,0.06,3.35,0.02,1.00,0.00,0.00,0.39,0.76,0.0000,0.0000,     0,0,0,1.79,98.21,0.00,N/A,14.09,4.20,234.92,3.35,83.83,0.06,1.50,0.06,3.08,0.02,1.00,0.00,0.00,0.81,0.75,0.0000,0.0000,     0,0,0,1.91,98.09,0.00,N/A,13.91,4.52,234.92,3.08,76.93,0.06,1.47,0.03,3.34,0.01,1.00,0.00,0.00,0.78,0.82,0.0000,0.0000,     0,0,0,0.90,99.10,0.00,N/A,7.06,2.12,234.92,3.34,83.44,0.03,0.75,0.00,0.49,0.00,1.00,0.00,0.00,0.86,0.65,0.0007,0.0067,     0,0,0,0.07,99.93,0.00,N/A,0.08,0.17,234.92,0.49,12.36,0.00,0.01,0.08,3.27,0.03,1.00,0.00,0.00,0.72,0.62,0.0000,0.0000,     0,0,0,2.51,97.49,0.00,N/A,19.31,5.91,234.92,3.27,81.74,0.08,2.05,0.03,3.11,0.01,1.00,0.00,0.00,0.70,0.63,0.0000,0.0001,     0,0,0,0.98,99.02,0.00,N/A,7.18,2.31,234.92,3.11,77.74,0.03,0.76,0.00,0.38,0.01,1.00,0.00,0.00,0.56,0.79,0.0013,0.0035,     0,0,0,0.64,99.36,0.00,N/A,0.58,1.52,234.92,0.38,9.50,0.00,0.06,
2024-03-21,21:07:01.732,0.04,2.41,0.02,1.00,0.00,0.07,0.93,0.55,0.0000,0.0005,0.00,0.00,-2147483648,0.00,0.00,133.38,55.24,210.32,2.41,60.37,0.04,0.99,0.80,0.67,1.31,1.63,98.37,0.00,100.00,0.00,0.00,0.00,0.00,-nan,0.10,0.04,2.32,0.02,1.00,0.00,0.04,0.93,0.64,0.0000,0.0006,     0,0,0,0.00,0.00,-2147483648,0.00,0.00,N/A,74.16,31.94,210.32,2.32,58.05,0.04,1.10,0.04,2.54,0.01,1.00,0.00,0.03,0.93,0.36,0.0000,0.0005,     0,0,0,0.00,0.00,-2147483648,0.00,0.00,N/A,59.22,23.30,210.32,2.54,63.54,0.04,0.88,0.44,0.18,  0%,  0%,0.13,0.05,  0%,  0%,0.42,0.34,  0%,  0%,0.31,0.24,  0%,  0%,1.89,98.11,0.00,100.00,0.00,0.00,1.38,98.62,0.00,100.00,0.00,0.00,0.00,0.00,0.00 ,0.00 ,-nan ,-nan ,0.09,0.10,0.01,0.49,0.03,1.00,0.00,0.03,0.95,0.37,0.0005,0.0111,     0,0,0,2.67,97.33,0.00,N/A,2.73,5.62,210.32,0.49,12.13,0.01,0.32,0.00,0.45,0.00,1.00,0.00,0.00,0.40,0.67,0.0021,0.0060,     0,0,0,0.07,99.93,0.00,N/A,0.06,0.14,210.32,0.45,11.33,0.00,0.01,0.03,2.52,0.01,1.00,0.00,0,1.00,0.00,0.00,0.72,0.0002,     0,0,0,1.31,98.69,0.00,N/A,6.80,2.70,210.32,2.52,62.90,0.03,0.82,0.13,3.40,0.04,1.00,0.00,0.00,0.73,0.87,0.0000,0.0000,     0,0,0,3.96,96.04,0.00,N/A,28.30,8.33,210.32,3.40,84.94,0.13,3.36,0.06,2.96,0.02,1.00,0.00,0.00,0.80,0.70,0.0000,0.0001,     0,0,0,2.04,97.96,0.00,N/A,13.07,4.41,210.32,2.96,74.08,0.06,1.51,0.03,1.65,0.02,1.00,0.00,0.00,0.95,0.87,0.0000,0.0007,     0,0,0,1.83,98.17,0.00,N/A,6.28,3.82,210.32,1.65,41.13,0.03,0.75,0.08,2.60,0.03,1.00,0.00,0.00,0.92,0.87,0.0000,0.0002,     0,0,0,3.04,96.96,0.00,N/A,16.60,6.38,210.32,2.60,64.98,0.08,1.97,0.00,0.60,0.00,1.00,0.00,0.00,0.70,0.67,0.0008,0.0049,     0,0,0,0.25,99.75,0.00,N/A,0.32,0.53,210.32,0.60,15.12,0.00,0.04,0.02,0.74,0.03,1.00,0.00,0.03,0.96,0.28,0.0003,0.0068,     0,0,0,2.60,97.40,0.00,N/A,4.04,5.47,210.32,0.74,18.47,0.02,0.48,0.04,2.96,0.01,1.00,0.00,0.00,0.54,0.61,0.0000,0.0001,     0,0,0,1.20,98.80,0.00,N/A,7.48,2.53,210.32,2.96,73.97,0.04,0.89,0.03,3.09,0.01,1.00,0.00,0.00,0.84,0.87,0.0000,0.0000,     0,0,0,1.01,98.99,0.00,N/A,6.54,2.12,210.32,3.09,77.26,0.03,0.78,0.10,3.39,0.03,1.00,0.00,0.00,0.51,0.88,0.0000,0.0000,     0,0,0,2.95,97.05,0.00,N/A,21.20,6.26,210.32,3.39,84.71,0.10,2.50,0.06,3.12,0.02,1.00,0.00,0.00,0.78,0.83,0.0000,0.0000,     0,0,0,2.00,98.00,0.00,N/A,13.10,4.20,210.32,3.12,78.06,0.06,1.56,0.03,3.08,0.01,1.00,0.00,0.00,0.76,0.81,0.0000,0.0000,     0,0,0,0.98,99.02,0.00,N/A,6.52,2.12,210.32,3.08,76.90,0.03,0.75,0.00,0.55,0.00,1.00,0.00,0.00,0.72,0.64,0.0015,0.0065,     0,0,0,0.12,99.88,0.00,N/A,0.14,0.26,210.32,0.55,13.66,0.00,0.02,0.00,0.56,0.00,1.00,0.00,0.00,0.71,0.56,0.0019,0.0080,     0,0,0,0.17,99.83,0.00,N/A,0.20,0.36,210.32,0.56,14.06,0.00,0.02,
2024-03-21,21:07:01.833,0.05,2.57,0.02,1.00,0.00,0.07,0.94,0.57,0.0000,0.0004,0.00,0.00,-2147483648,0.00,0.00,153.86,59.78,210.04,2.57,64.35,0.05,1.14,1.04,0.89,2.27,1.77,98.23,0.00,100.00,0.00,0.00,0.00,0.00,-nan,0.08,0.04,2.40,0.02,1.00,0.00,0.03,0.94,0.66,0.0000,0.0005,     0,0,0,0.00,0.00,-2147483648,0.00,0.00,N/A,70.72,29.45,210.04,2.40,60.03,0.04,1.05,0.05,2.74,0.02,1.00,0.00,0.03,0.94,0.36,0.0000,0.0004,     0,0,0,0.00,0.00,-2147483648,0.00,0.00,N/A,83.14,30.33,210.04,2.74,68.54,0.05,1.22,0.22,0.40,  0%,  0%,0.26,0.16,  0%,  0%,0.71,0.54,  0%,  0%,0.65,0.37,  0%,  0%,1.75,98.25,0.00,100.00,0.00,0.00,1.79,98.21,0.00,100.00,0.00,0.00,0.00,0.00,0.00 ,0.00 ,-nan ,-nan ,0.08,0.08,0.01,0.30,0.02,1.00,0.00,0.03,0.96,0.27,0.0009,0.0202,     0,0,0,2.25,97.75,0.00,N/A,1.42,4.72,210.04,0.30,7.50,0.01,0.17,0.07,3.27,0.02,1.00,0.00,0.00,0.39,0.61,0.0000,0.0000,     0,0,0,2.14,97.86,0.00,N/A,14.21,4.35,210.04,3.27,81.66,0.07,1.75,0.03,2.86,0.01,1.00,0.00,0.00,0.57,0.68,0.0000,0.0001,     0,0,0,1.12,98.88,0.00,N/A,6.71,2.34,210.04,2.86,71.58,0.03,0.80,0.01,1.45,0.00,1.00,0.00,0.00,0.85,0.92,0.0000,0.0005,     0,0,0,0.50,99.50,0.00,N/A,1.51,1.04,210.04,1.45,36.26,0.01,0.18,0.09,3.19,0.03,1.00,0.00,0.00,0.91,0.68,0.0000,0.0000,     0,0,0,2.95,97.05,0.00,N/A,19.91,6.25,210.04,3.19,79.66,0.09,2.35,0.06,2.90,0.02,1.00,0.00,0.00,0.65,0.77,0.0000,0.0001,     0,0,0,2.00,98.00,0.00,N/A,12.71,4.38,210.04,2.90,72.55,0.06,1.45,0.03,1.71,0.02,1.00,0.00,0.00,0.96,0.96,0.0000,0.0003,     0,0,0,1.95,98.05,0.00,N/A,7.05,4.13,210.04,1.71,42.68,0.03,0.83,0.03,3.22,0.01,1.00,0.00,0.00,0.70,0.77,0.0000,0.0000,     0,0,0,1.06,98.94,0.00,N/A,7.20,2.24,210.04,3.22,80.45,0.03,0.86,0.01,0.29,0.02,1.00,0.00,0.03,0.96,0.28,0.0008,0.0210,     0,0,0,2.13,97.87,0.00,N/A,1.31,4.48,210.04,0.29,7.31,0.01,0.16,0.10,3.24,0.03,1.00,0.00,0.00,0.56,0.64,0.0000,0.0000,     0,0,0,3.05,96.95,0.00,N/A,20.71,6.40,210.04,3.24,80.94,0.10,2.47,0.06,3.25,0.02,1.00,0.00,0.00,0.61,0.90,0.0000,0.0000,     0,0,0,1.91,98.09,0.00,N/A,13.60,4.18,210.04,3.25,81.37,0.06,1.55,0.03,3.01,0.01,1.00,0.00,0.00,0.77,0.73,0.0000,0.0000,     0,0,0,1.05,98.95,0.00,N/A,6.57,2.18,210.04,3.01,75.31,0.03,0.79,0.01,2.86,0.00,1.00,0.00,0.00,0.89,0.64,0.0000,0.0002,     0,0,0,0.35,99.65,0.00,N/A,2.20,0.77,210.04,2.86,71.44,0.01,0.25,0.12,3.19,0.04,1.00,0.00,0.00,0.78,0.65,0.0000,0.0000,     0,0,0,3.86,96.14,0.00,N/A,24.98,7.84,210.04,3.19,79.67,0.12,3.08,0.03,3.21,0.01,1.00,0.00,0.00,0.82,0.68,0.0000,0.0001,     0,0,0,1.01,98.99,0.00,N/A,7.13,2.22,210.04,3.21,80.36,0.03,0.81,0.03,2.93,0.01,1.00,0.00,0.00,0.70,0.56,0.0000,0.0001,     0,0,0,1.08,98.92,0.00,N/A,6.63,2.26,210.04,2.93,73.34,0.03,0.79,
2024-03-21,21:07:01.934,0.04,2.52,0.02,1.00,0.00,0.07,0.93,0.52,0.0000,0.0005,0.00,0.00,-2147483648,0.00,0.00,134.91,53.61,209.96,2.52,62.91,0.04,1.01,0.62,0.55,2.60,1.60,98.40,0.00,100.00,0.00,0.00,0.00,0.00,-nan,0.08,0.03,2.18,0.01,1.00,0.00,0.04,0.93,0.60,0.0000,0.0007,     0,0,0,0.00,0.00,-2147483648,0.00,0.00,N/A,48.97,22.45,209.96,2.18,54.53,0.03,0.73,0.05,2.76,0.02,1.00,0.00,0.03,0.94,0.36,0.0000,0.0004,     0,0,0,0.00,0.00,-2147483648,0.00,0.00,N/A,85.94,31.16,209.96,2.76,68.95,0.05,1.28,0.13,0.25,  0%,  0%,0.13,0.11,  0%,  0%,0.58,0.79,  0%,  0%,0.51,0.72,  0%,  0%,1.35,98.65,0.00,100.00,0.00,0.00,1.86,98.14,0.00,100.00,0.00,0.00,0.00,0.00,0.00 ,0.00 ,-nan ,-nan ,0.08,0.08,0.01,0.45,0.02,1.00,0.00,0.03,0.95,0.26,0.0007,0.0138,     0,0,0,2.22,97.78,0.00,N/A,2.11,4.67,209.96,0.45,11.31,0.01,0.25,0.03,2.96,0.01,1.00,0.00,0.00,0.67,0.67,0.0000,0.0001,     0,0,0,1.05,98.95,0.00,N/A,6.50,2.20,209.96,2.96,74.01,0.03,0.77,0.00,0.67,0.00,1.00,0.00,0.00,0.53,0.71,0.0007,0.0037,     0,0,0,0.20,99.80,0.00,N/A,0.28,0.43,209.96,0.67,16.66,0.00,0.03,0.06,3.05,0.02,1.00,0.00,0.00,0.77,0.72,0.0000,0.0000,     0,0,0,1.98,98.02,0.00,N/A,13.14,4.31,209.96,3.05,76.29,0.06,1.51,0.03,3.19,0.01,1.00,0.00,0.00,0.93,0.70,0.0000,0.0000,     0,0,0,1.10,98.90,0.00,N/A,7.02,2.20,209.96,3.19,79.79,0.03,0.87,0.07,2.95,0.02,1.00,0.00,0.00,0.64,0.76,0.0000,0.0000,     0,0,0,2.33,97.67,0.00,N/A,13.80,4.68,209.96,2.95,73.65,0.07,1.72,0.03,1.66,0.02,1.00,0.00,0.00,0.93,0.93,0.0000,0.0004,     0,0,0,1.69,98.31,0.00,N/A,5.85,3.52,209.96,1.66,41.53,0.03,0.70,0.00,0.58,0.00,1.00,0.00,0.00,0.55,0.64,0.0010,0.0043,     0,0,0,0.21,99.79,0.00,N/A,0.26,0.45,209.96,0.58,14.52,0.00,0.03,0.02,0.84,0.03,1.00,0.00,0.03,0.96,0.29,0.0002,0.0059,     0,0,0,2.61,97.39,0.00,N/A,4.60,5.48,209.96,0.84,21.01,0.02,0.55,0.06,3.02,0.02,1.00,0.00,0.00,0.70,0.68,0.0000,0.0000,     0,0,0,1.93,98.07,0.00,N/A,12.62,4.18,209.96,3.02,75.41,0.06,1.45,0.03,3.08,0.01,1.00,0.00,0.00,0.81,0.89,0.0000,0.0000,     0,0,0,0.99,99.01,0.00,N/A,6.50,2.11,209.96,3.08,77.06,0.03,0.77,0.00,0.50,0.00,1.00,0.00,0.00,0.70,0.74,0.0009,0.0051,     0,0,0,0.05,99.95,0.00,N/A,0.05,0.10,209.96,0.50,12.50,0.00,0.01,0.14,3.39,0.04,1.00,0.00,0.00,0.63,0.84,0.0000,0.0000,     0,0,0,4.14,95.86,0.00,N/A,28.22,8.32,209.96,3.39,84.76,0.14,3.51,0.00,0.53,0.00,1.00,0.00,0.00,0.77,0.66,0.0009,0.0058,     0,0,0,0.08,99.92,0.00,N/A,0.09,0.18,209.96,0.53,13.35,0.00,0.01,0.10,3.26,0.03,1.00,0.00,0.00,0.84,0.68,0.0000,0.0000,     0,0,0,3.17,96.83,0.00,N/A,20.71,6.36,209.96,3.26,81.38,0.10,2.58,0.06,2.97,0.02,1.00,0.00,0.00,0.78,0.58,0.0000,0.0001,     0,0,0,2.04,97.96,0.00,N/A,13.14,4.43,209.96,2.97,74.18,0.06,1.51,
2024-03-21,21:07:02.033,0.04,2.55,0.01,1.00,0.00,0.06,0.94,0.40,0.0000,0.0005,0.00,0.00,-2147483648,0.00,0.00,125.53,49.21,210.03,2.55,63.78,0.04,0.93,0.46,0.24,1.13,1.46,98.54,0.00,100.00,0.00,0.00,0.00,0.00,-nan,0.08,0.03,2.35,0.01,1.00,0.00,0.03,0.93,0.45,0.0000,0.0007,     0,0,0,0.00,0.00,-2147483648,0.00,0.00,N/A,50.18,21.33,210.03,2.35,58.82,0.03,0.74,0.04,2.70,0.02,1.00,0.00,0.03,0.95,0.34,0.0000,0.0004,     0,0,0,0.00,0.00,-2147483648,0.00,0.00,N/A,75.35,27.88,210.03,2.70,67.57,0.04,1.12,0.15,0.12,  0%,  0%,0.14,0.06,  0%,  0%,0.20,0.33,  0%,  0%,0.34,0.26,  0%,  0%,1.26,98.74,0.00,100.00,0.00,0.00,1.66,98.34,0.00,100.00,0.00,0.00,0.00,0.00,0.00 ,0.00 ,-nan ,-nan ,0.08,0.08,0.01,0.33,0.02,1.00,0.00,0.03,0.95,0.28,0.0010,0.0196,     0,0,0,2.17,97.83,0.00,N/A,1.49,4.56,210.03,0.33,8.18,0.01,0.18,0.03,3.24,0.01,1.00,0.00,0.00,0.65,0.69,0.0000,0.0001,     0,0,0,1.05,98.95,0.00,N/A,7.15,2.21,210.03,3.24,80.92,0.03,0.85,0.03,3.24,0.01,1.00,0.00,0.00,0.64,0.65,0.0000,0.0001,     0,0,0,1.05,98.95,0.00,N/A,7.12,2.20,210.03,3.24,81.04,0.03,0.85,0.03,2.86,0.01,1.00,0.00,0.00,0.79,0.90,0.0000,0.0001,     0,0,0,1.20,98.80,0.00,N/A,7.00,2.45,210.0,7.12,2.48,210.49,2.87,0.03,2.84,0.01,1.00,0.00,0.00,0.82,0.66,0.0000,0.0001,     0,0,0,1.14,98.86,0.00,N/A,7.08,2.49,210.03,2.84,70.96,0.03,0.81,0.06,3.03,0.02,1.00,0.00,0.00,0.75,0.62,0.0000,0.0000,     0,0,0,1.91,98.09,0.00,N/A,12.69,4.19,210.03,3.03,75.74,0.06,1.45,0.03,2.75,0.01,1.00,0.00,0.00,0.77,0.89,0.0000,0.0001,     0,0,0,1.26,98.74,0.00,N/A,7.24,2.64,210.03,2.75,68.63,0.03,0.86,0.00,0.69,0.00,1.00,0.00,0.00,0.65,0.64,0.0005,0.0037,     0,0,0,0.29,99.71,0.00,N/A,0.42,0.60,210.03,0.69,17.37,0.00,0.05,0.01,0.30,0.02,1.00,0.00,0.03,0.96,0.28,0.0008,0.0212,     0,0,0,2.05,97.95,0.00,N/A,1.31,4.31,210.03,0.30,7.57,0.01,0.16,0.13,3.13,0.04,1.00,0.00,0.00,0.22,0.84,0.0000,0.0000,     0,0,0,4.10,95.90,0.00,N/A,26.06,8.33,210.03,3.13,78.19,0.13,3.21,0.07,3.24,0.02,1.00,0.00,0.00,0.53,0.89,0.0000,0.0000,     0,0,0,2.02,97.98,0.00,N/A,13.59,4.19,210.03,3.24,81.06,0.07,1.63,0.03,3.28,0.01,1.00,0.00,0.00,0.72,0.73,0.0000,0.0000,     0,0,0,1.03,98.97,0.00,N/A,7.13,2.17,210.03,3.28,82.00,0.03,0.85,0.00,0.51,0.00,1.00,0.00,0.00,0.87,0.69,0.0005,0.0060,     0,0,0,0.06,99.94,0.00,N/A,0.06,0.12,210.03,0.51,12.63,0.00,0.01,0.03,3.26,0.01,1.00,0.00,0.00,0.86,0.71,0.0000,0.0000,     0,0,0,1.04,98.96,0.00,N/A,7.14,2.19,210.03,3.26,81.60,0.03,0.85,0.03,2.97,0.01,1.00,0.00,0.00,0.82,0.68,0.0000,0.0001,     0,0,0,0.99,99.01,0.00,N/A,6.46,2.17,210.03,2.97,74.29,0.03,0.74,0.06,3.10,0.02,1.00,0.00,0.00,0.19,0.68,0.0000,0.0000,     0,0,0,2.07,97.93,0.00,N/A,13.61,4.39,210.03,3.10,77.53,0.06,1.60,
2024-03-21,21:07:02.136,0.05,2.51,0.02,1.00,0.00,0.07,0.94,0.58,0.0000,0.0005,0.00,0.00,-2147483648,0.00,0.00,151.56,60.29,209.91,2.51,62.84,0.05,1.13,0.82,0.53,2.46,1.80,98.20,0.00,100.00,0.00,0.00,0.00,0.00,-nan,0.08,0.04,2.29,0.02,1.00,0.00,0.04,0.93,0.68,0.0000,0.0006,     0,0,0,0.00,0.00,-2147483648,0.00,0.00,N/A,67.79,29.61,209.91,2.29,57.24,0.04,1.01,0.05,2.73,0.02,1.00,0.00,0.03,0.94,0.35,0.0000,0.0004,     0,0,0,0.00,0.00,-2147483648,0.00,0.00,N/A,83.77,30.68,209.91,2.73,68.25,0.05,1.25,0.20,0.19,  0%,  0%,0.25,0.18,  0%,  0%,0.36,0.30,  0%,  0%,0.95,0.84,  0%,  0%,1.77,98.23,0.00,100.00,0.00,0.00,1.83,98.17,0.00,100.00,0.00,0.00,0.00,0.00,0.00 ,0.00 ,-nan ,-nan ,0.08,0.08,0.01,0.31,0.02,1.00,0.00,0.03,0.94,0.27,0.0011,0.0195,     0,0,0,2.27,97.73,0.00,N/A,1.49,4.76,209.91,0.31,7.84,0.01,0.18,0.03,3.09,0.01,1.00,0.00,0.00,0.89,0.87,0.0000,0.0000,     0,0,0,1.00,99.00,0.00,N/A,6.51,2.11,209.91,3.09,77.15,0.03,0.77,0.07,2.94,0.02,1.00,0.00,0.00,0.57,0.66,0.0000,0.0001,     0,0,0,2.39,97.61,0.00,N/A,14.76,5.03,209.91,2.94,73.39,0.07,1.76,0.00,0.68,0.00,1.00,0.00,0.00,0.68,0.65,0.0005,0.0040,     0,0,0,0.22,99.78,0.00,N/A,0.31,0.46,209.91,0.68,17.10,0.00,0.04,0.07,3.34,0.02,1.00,0.00,0.00,0.87,0.73,0.0000,0.0000,     0,0,0,2.01,97.99,0.00,N/A,14.01,4.19,209.91,3.34,83.62,0.07,1.68,0.10,3.10,0.03,1.00,0.00,0.00,0.74,0.72,0.0000,0.0000,     0,0,0,3.15,96.85,0.00,N/A,19.56,6.32,209.91,3.10,77.38,0.10,2.44,0.02,1.62,0.01,1.00,0.00,0.00,0.95,0.91,0.0000,0.0006,     0,0,0,1.34,98.66,0.00,N/A,4.57,2.82,209.91,1.62,40.49,0.02,0.54,0.03,1.68,0.02,1.00,0.00,0.00,0.92,0.92,0.0000,0.0005,     0,0,0,1.87,98.13,0.00,N/A,6.58,3.93,209.91,1.68,41.92,0.03,0.78,0.01,0.30,0.02,1.00,0.00,0.03,0.96,0.27,0.0009,0.0210,     0,0,0,2.14,97.86,0.00,N/A,1.36,4.49,209.91,0.30,7.56,0.01,0.16,0.09,3.29,0.03,1.00,0.00,0.00,0.66,0.66,0.0000,0.0000,     0,0,0,2.70,97.30,0.00,N/A,18.65,5.68,209.91,3.29,82.13,0.09,2.22,0.13,3.10,0.04,1.00,0.00,0.00,0.72,0.70,0.0000,0.0000,     0,0,0,4.04,95.96,0.00,N/A,25.78,8.32,209.91,3.10,77.45,0.13,3.13,0.00,0.52,0.00,1.00,0.00,0.00,0.84,0.71,0.0008,0.0055,     0,0,0,0.05,99.95,0.00,N/A,0.05,0.10,209.91,0.52,12.92,0.00,0.01,0.00,0.43,0.00,1.00,0.00,0.00,0.74,0.77,0.0013,0.0054,     0,0,0,0.04,99.96,0.00,N/A,0.03,0.08,209.91,0.43,10.76,0.00,0.00,0.00,0.41,0.00,1.00,0.00,0.00,0.66,0.78,0.0012,0.0038,     0,0,0,0.03,99.97,0.00,N/A,0.03,0.06,209.91,0.41,10.21,0.00,0.00,0.12,3.06,0.04,1.00,0.00,0.00,0.80,0.65,0.0000,0.0000,     0,0,0,3.87,96.13,0.00,N/A,23.75,7.77,209.91,3.06,76.47,0.12,2.96,0.07,3.38,0.02,1.00,0.00,0.00,0.56,0.85,0.0000,0.0000,     0,0,0,2.01,97.99,0.00,N/A,14.11,4.18,209.91,3.38,84.43,0.07,1.70,
2024-03-21,21:07:02.233,0.04,2.48,0.02,1.00,0.00,0.07,0.94,0.61,0.0000,0.0005,0.00,0.00,-2147483648,0.00,0.00,148.52,59.95,210.08,2.48,61.94,0.04,1.10,0.81,0.47,2.32,1.78,98.22,0.00,100.00,0.00,0.00,0.00,0.00,-nan,0.09,0.05,2.37,0.02,1.00,0.00,0.04,0.93,0.71,0.0000,0.0005,     0,0,0,0.00,0.00,-2147483648,0.00,0.00,N/A,79.03,33.40,210.08,2.37,59.16,0.05,1.17,0.04,2.62,0.02,1.00,0.00,0.03,0.94,0.34,0.0000,0.0004,     0,0,0,0.00,0.00,-2147483648,0.00,0.00,N/A,69.49,26.55,210.08,2.62,65.43,0.04,1.03,0.12,0.41,  0%,  0%,0.17,0.11,  0%,  0%,0.59,0.75,  0%,  0%,0.53,0.45,  0%,  0%,1.98,98.02,0.00,100.00,0.00,0.00,1.58,98.42,0.00,100.00,0.00,0.00,0.00,0.00,0.00 ,0.00 ,-nan ,-nan ,0.09,0.09,0.02,0.79,0.03,1.00,0.00,0.03,0.94,0.28,0.0004,0.0063,     0,0,0,2.79,97.21,0.00,N/A,4.61,5.85,210.08,0.79,19.69,0.02,0.55,0.06,3.11,0.02,1.00,0.00,0.00,0.60,0.81,0.0000,0.0000,     0,0,0,2.00,98.00,0.00,N/A,13.03,4.19,210.08,3.11,77.68,0.06,1.56,0.07,3.28,0.02,1.00,0.00,0.00,0.78,0.67,0.0000,0.0000,     0,0,0,2.05,97.95,0.00,N/A,14.16,4.31,210.08,3.28,82.08,0.07,1.68,0.06,3.16,0.02,1.00,0.00,0.00,0.78,0.70,0.0000,0.0000,     0,0,0,1.97,98.03,0.00,N/A,13.65,4.31,210.08,3.16,79.12,0.06,1.56,0.07,3.17,0.02,1.00,0.00,0.00,0.84,0.68,0.0000,0.0000,     0,0,0,2.13,97.87,0.00,N/A,13.69,4.32,210.08,3.17,79.22,0.07,1.69,0.03,2.84,0.01,1.00,0.00,0.00,0.56,0.59,0.0000,0.0001,     0,0,0,1.16,98.84,0.00,N/A,6.91,2.43,210.08,2.84,70.99,0.03,0.82,0.03,1.63,0.02,1.00,0.00,0.00,0.95,0.94,0.0000,0.0004,     0,0,0,1.97,98.03,0.00,N/A,6.97,4.29,210.08,1.63,40.64,0.03,0.80,0.03,1.63,0.02,1.00,0.00,0.00,0.91,0.91,0.0000,0.0006,     0,0,0,1.75,98.25,0.00,N/A,6.00,3.68,210.08,1.63,40.78,0.03,0.71,0.01,0.29,0.02,1.00,0.00,0.03,0.96,0.28,0.0009,0.0205,     0,0,0,2.28,97.72,0.00,N/A,1.38,4.78,210.08,0.29,7.19,0.01,0.16,0.10,3.39,0.03,1.00,0.00,0.00,0.67,0.78,0.0000,0.0000,     0,0,0,2.86,97.14,0.00,N/A,21.23,6.27,210.08,3.39,84.70,0.10,2.42,0.03,3.00,0.01,1.00,0.00,0.00,0.58,0.71,0.0000,0.0000,     0,0,0,1.02,98.98,0.00,N/A,6.55,2.18,210.08,3.00,75.10,0.03,0.77,0.09,3.12,0.03,1.00,0.00,0.00,0.62,0.88,0.0000,0.0000,     0,0,0,2.85,97.15,0.00,N/A,19.53,6.25,210.08,3.12,78.09,0.09,2.23,0.04,2.68,0.01,1.00,0.00,0.00,0.53,0.63,0.0000,0.0001,     0,0,0,1.35,98.65,0.00,N/A,7.03,2.62,210.08,2.68,67.01,0.04,0.90,0.03,3.01,0.01,1.00,0.00,0.00,0.72,0.69,0.0000,0.0001,     0,0,0,1.05,98.95,0.00,N/A,6.63,2.21,210.08,3.01,75.15,0.03,0.79,0.00,0.49,0.00,1.00,0.00,0.00,0.83,0.66,0.0009,0.0069,     0,0,0,0.05,99.95,0.00,N/A,0.05,0.11,210.08,0.49,12.16,0.00,0.01,0.03,3.33,0.01,1.00,0.00,0.00,0.78,0.76,0.0000,0.0000,     0,0,0,1.05,98.95,0.00,N/A,7.08,2.13,210.08,3.33,83.30,0.03,0.87,
2024-03-21,21:07:02.333,0.04,2.46,0.02,1.00,0.00,0.07,0.92,0.61,0.0000,0.0005,0.00,0.00,-2147483648,0.00,0.00,139.52,56.64,210.07,2.46,61.59,0.04,1.04,0.40,0.41,1.43,1.69,98.31,0.00,100.00,0.00,0.00,0.00,0.00,-nan,0.09,0.04,2.25,0.02,1.00,0.00,0.04,0.92,0.71,0.0000,0.0006,     0,0,0,0.00,0.00,-2147483648,0.00,0.00,N/A,64.08,28.42,210.07,2.25,56.37,0.04,0.95,0.04,2.67,0.02,1.00,0.00,0.03,0.93,0.34,0.0000,0.0004,     0,0,0,0.00,0.00,-2147483648,0.00,0.00,N/A,75.43,28.22,210.07,2.67,66.84,0.04,1.12,0.08,0.13,  0%,  0%,0.15,0.05,  0%,  0%,0.25,0.49,  0%,  0%,0.31,0.38,  0%,  0%,1.69,98.31,0.00,100.00,0.00,0.00,1.68,98.32,0.00,100.00,0.00,0.00,0.00,0.00,0.00 ,0.00 ,-nan ,-nan ,0.09,0.10,0.01,0.30,0.02,1.00,0.00,0.03,0.94,0.28,0.0011,0.0196,     0,0,0,2.34,97.66,0.00,N/A,1.47,4.91,210.07,0.30,7.49,0.01,0.17,0.04,2.95,0.01,1.00,0.00,0.00,0.31,0.72,0.0001,0.0001,     0,0,0,1.22,98.78,0.00,N/A,7.87,2.67,210.07,2.95,73.71,0.04,0.90,0.00,0.65,0.00,1.00,0.00,0.00,0.41,0.65,0.0013,0.0042,     0,0,0,0.16,99.84,0.00,N/A,0.22,0.35,210.07,0.65,16.17,0.00,0.03,0.11,3.35,0.03,1.00,0.00,0.00,0.66,0.69,0.0000,0.0000,     0,0,0,3.16,96.84,0.00,N/A,21.27,6.36,210.07,3.35,83.64,0.11,2.65,0.00,0.77,0.00,1.00,0.00,0.00,0.84,0.79,0.0001,0.0021,     0,0,0,0.08,99.92,0.00,N/A,0.13,0.17,210.07,0.77,19.18,0.00,0.02,0.01,2.18,0.01,1.00,0.00,0.00,0.78,0.90,0.0000,0.0000.88,0.0000,0.0000,    ,0.00,N/A,2.48,1.14,210.07,2.18,54.46,0.01,0.28,0.10,3.11,0.03,1.00,0.00,0.00,0.65,0.73,0.0000,0.0000,     0,0,0,3.15,96.85,0.00,N/A,19.65,6.32,210.07,3.11,77.72,0.10,2.45,0.05,1.69,0.03,1.00,0.00,0.00,0.98,0.94,0.0000,0.0004,     0,0,0,3.10,96.90,0.00,N/A,10.99,6.51,210.07,1.69,42.19,0.05,1.31,0.01,0.29,0.02,1.00,0.00,0.03,0.96,0.28,0.0008,0.0208,     0,0,0,2.18,97.82,0.00,N/A,1.33,4.57,210.07,0.29,7.26,0.01,0.16,0.03,3.24,0.01,1.00,0.00,0.00,0.44,0.71,0.0000,0.0000,     0,0,0,1.05,98.95,0.00,N/A,7.14,2.20,210.07,3.24,80.98,0.03,0.85,0.10,3.13,0.03,1.00,0.00,0.00,0.72,0.82,0.0000,0.0000,     0,0,0,3.11,96.89,0.00,N/A,19.58,6.25,210.07,3.13,78.30,0.10,2.44,0.12,3.12,0.04,1.00,0.00,0.00,0.50,0.86,0.0000,0.0000,     0,0,0,3.97,96.03,0.00,N/A,26.03,8.33,210.07,3.12,78.12,0.12,3.10,0.00,0.48,0.00,1.00,0.00,0.00,0.77,0.66,0.0012,0.0065,     0,0,0,0.06,99.94,0.00,N/A,0.06,0.12,210.07,0.48,11.92,0.00,0.01,0.00,0.50,0.00,1.00,0.00,0.00,0.81,0.70,0.0009,0.0055,     0,0,0,0.06,99.94,0.00,N/A,0.06,0.12,210.07,0.50,12.40,0.00,0.01,0.10,3.39,0.03,1.00,0.00,0.00,0.55,0.89,0.0000,0.0000,     0,0,0,2.85,97.15,0.00,N/A,21.17,6.25,210.07,3.39,84.66,0.10,2.42,0.00,0.21,0.00,1.00,0.00,0.00,0.11,0.49,0.0089,0.0112,     0,0,0,0.18,99.82,0.00,N/A,0.08,0.37,210.07,0.21,5.29,0.00,0.01,
2024-03-21,21:07:02.435,0.04,2.51,0.02,1.00,0.00,0.07,0.94,0.57,0.0000,0.0005,0.00,0.00,-2147483648,0.00,0.00,145.33,57.81,209.85,2.51,62.85,0.04,1.08,0.83,0.63,2.03,1.73,98.27,0.00,100.00,0.00,0.00,0.00,0.00,-nan,0.08,0.05,2.44,0.02,1.00,0.00,0.04,0.95,0.67,0.0000,0.0005,     0,0,0,0.00,0.00,-2147483648,0.00,0.00,N/A,78.84,32.30,209.85,2.44,61.02,0.05,1.18,0.04,2.61,0.02,1.00,0.00,0.03,0.94,0.35,0.0000,0.0005,     0,0,0,0.00,0.00,-2147483648,0.00,0.00,N/A,66.50,25.51,209.85,2.61,65.17,0.04,0.99,0.20,0.18,  0%,  0%,0.23,0.22,  0%,  0%,0.42,0.39,  0%,  0%,0.70,0.52,  0%,  0%,1.94,98.06,0.00,100.00,0.00,0.00,1.52,98.48,0.00,100.00,0.00,0.00,0.00,0.00,0.00 ,0.00 ,-nan ,-nan ,0.08,0.08,0.01,0.30,0.02,1.00,0.00,0.03,0.96,0.27,0.0009,0.0201,     0,0,0,2.23,97.77,0.00,N/A,1.40,4.68,209.85,0.30,7.47,0.01,0.17,0.11,3.32,0.03,1.00,0.00,0.00,0.55,0.70,0.0000,0.0000,     0,0,0,3.18,96.82,0.00,N/A,21.20,6.38,209.85,3.32,83.10,0.11,2.64,0.09,3.06,0.03,1.00,0.00,0.00,0.72,0.61,0.0000,0.0001,     0,0,0,2.97,97.03,0.00,N/A,19.75,6.45,209.85,3.06,76.54,0.09,2.28,0.00,0.75,0.00,1.00,0.00,0.00,0.69,0.66,0.0005,0.0036,     0,0,0,0.22,99.78,0.00,N/A,0.35,0.46,209.85,0.75,18.76,0.00,0.04,0.00,0.85,0.00,1.00,0.00,0.00,0.89,0.76,0.0000,0.0023,     0,0,0,0.13,99.87,0.00,N/A,0.24,0.28,209.85,0.85,21.33,0.00,0.03,0.10,3.10,0.03,1.00,0.00,0.00,0.78,0.73,0.0000,0.0000,     0,0,0,3.14,96.86,0.00,N/A,19.53,6.30,209.85,3.10,77.48,0.10,2.43,0.04,2.84,0.01,1.00,0.00,0.00,0.87,0.95,0.0000,0.0001,     0,0,0,1.43,98.57,0.00,N/A,8.52,3.00,209.85,2.84,71.06,0.04,1.01,0.04,1.65,0.02,1.00,0.00,0.00,0.98,0.92,0.0000,0.0005,     0,0,0,2.27,97.73,0.00,N/A,7.85,4.75,209.85,1.65,41.29,0.04,0.94,0.02,0.79,0.03,1.00,0.00,0.03,0.96,0.28,0.0003,0.0063,     0,0,0,2.61,97.39,0.00,N/A,4.35,5.47,209.85,0.79,19.86,0.02,0.52,0.03,3.02,0.01,1.00,0.00,0.00,0.55,0.75,0.0000,0.0000,     0,0,0,1.04,98.96,0.00,N/A,6.62,2.19,209.85,3.02,75.60,0.03,0.79,0.01,1.37,0.00,1.00,0.00,0.00,0.53,0.62,0.0003,0.0008,     0,0,0,0.41,99.59,0.00,N/A,1.18,0.86,209.85,1.37,34.28,0.01,0.14,0.12,3.13,0.04,1.00,0.00,0.00,0.39,0.77,0.0000,0.0000,     0,0,0,3.96,96.04,0.00,N/A,26.05,8.33,209.85,3.13,78.21,0.12,3.10,0.00,0.51,0.00,1.00,0.00,0.00,0.77,0.74,0.0010,0.0049,     0,0,0,0.04,99.96,0.00,N/A,0.05,0.10,209.85,0.51,12.64,0.00,0.01,0.00,0.50,0.00,1.00,0.00,0.00,0.79,0.70,0.0010,0.0056,     0,0,0,0.05,99.95,0.00,N/A,0.05,0.10,209.85,0.50,12.60,0.00,0.01,0.14,3.38,0.04,1.00,0.00,0.00,0.64,0.84,0.0000,0.0000,     0,0,0,4.14,95.86,0.00,N/A,28.12,8.32,209.85,3.38,84.47,0.14,3.50,0.00,0.62,0.00,1.00,0.00,0.00,0.85,0.56,0.0009,0.0069,     0,0,0,0.07,99.93,0.00,N/A,0.09,0.15,209.85,0.62,15.43,0.00,0.01,
2024-03-21,21:07:02.533,0.05,2.37,0.02,1.00,0.01,0.08,0.87,0.68,0.0001,0.0005,0.00,0.00,-2147483648,0.00,0.00,162.81,68.74,210.05,2.37,59.22,0.05,1.20,1.97,0.84,6.60,2.03,97.97,0.00,100.00,0.00,0.00,0.00,0.00,-nan,0.08,0.02,1.57,0.02,1.00,0.01,0.05,0.82,0.76,0.0002,0.0012,     0,0,0,0.00,0.00,-2147483648,0.00,0.00,N/A,41.45,26.38,210.05,1.57,39.28,0.02,0.62,0.07,2.87,0.02,1.00,0.00,0.03,0.94,0.34,0.0000,0.0002,     0,0,0,0.00,0.00,-2147483648,0.00,0.00,N/A,121.35,42.35,210.05,2.87,71.63,0.07,1.78,0.57,0.83,  0%,  0%,0.33,0.24,  0%,  0%,1.74,0.98,  1%,  0%,1.75,2.14,  1%,  1%,1.57,98.43,0.00,100.00,0.00,0.00,2.49,97.51,0.00,100.00,0.00,0.00,0.00,0.00,0.00 ,0.00 ,-nan ,-nan ,0.08,0.08,0.01,0.53,0.02,1.00,0.00,0.03,0.96,0.26,0.0005,0.0113,     0,0,0,2.26,97.74,0.00,N/A,2.52,4.74,210.05,0.53,13.32,0.01,0.30,0.06,1.71,0.03,1.00,0.00,0.01,0.42,0.84,0.0003,0.0007,     0,0,0,3.27,96.73,0.00,N/A,11.73,6.88,210.05,1.71,42.64,0.06,1.40,0.05,2.18,0.02,1.00,0.00,0.00,0.65,0.93,0.0001,0.0003,     0,0,0,2.33,97.67,0.00,N/A,10.30,4.73,210.05,2.18,54.40,0.05,1.27,0.01,1.47,0.01,1.00,0.00,0.00,0.72,0.88,0.0001,0.0006,     0,0,0,1.02,98.98,0.00,N/A,3.14,2.14,210.05,1.47,36.67,0.01,0.37,0.04,2.04,0.02,1.00,0.00,0.00,0.68,0.84,0.0001,0.0004,     0,0,0,2.20,97.80,0.00,N/A,9.40,4.61,210.05,2.04,50.91,0.04,1.12,0.00,0.81,0.00,1.00,0.00,0.00,0.63,0.78,0.0008,0.0028,     0,0,0,0.20,99.80,0.00,N/A,0.34,0.41,210.05,0.81,20.27,0.00,0.04,0.02,1.53,0.01,1.00,0.00,0.00,0.82,0.91,0.0001,0.0006,     0,0,0,1.20,98.80,0.00,N/A,3.86,2.51,210.05,1.53,38.34,0.02,0.46,0.00,0.50,0.00,1.00,0.00,0.00,0.66,0.66,0.0007,0.0045,     0,0,0,0.17,99.83,0.00,N/A,0.18,0.35,210.05,0.50,12.59,0.00,0.02,0.01,0.29,0.02,1.00,0.00,0.03,0.96,0.27,0.0009,0.0211,     0,0,0,2.16,97.84,0.00,N/A,1.33,4.55,210.05,0.29,7.29,0.01,0.16,0.09,3.13,0.03,1.00,0.00,0.00,0.71,0.82,0.0000,0.0000,     0,0,0,2.95,97.05,0.00,N/A,19.56,6.25,210.05,3.13,78.25,0.09,2.31,0.09,3.09,0.03,1.00,0.00,0.00,0.79,0.73,0.0000,0.0000,     0,0,0,2.83,97.17,0.00,N/A,19.33,6.26,210.05,3.09,77.24,0.09,2.19,0.09,3.05,0.03,1.00,0.00,0.00,0.77,0.71,0.0000,0.0000,     0,0,0,2.95,97.05,0.00,N/A,19.05,6.25,210.05,3.05,76.14,0.09,2.25,0.13,3.26,0.04,1.00,0.00,0.00,0.67,0.82,0.0000,0.0000,     0,0,0,4.01,95.99,0.00,N/A,27.15,8.32,210.05,3.26,81.57,0.13,3.27,0.03,3.18,0.01,1.00,0.00,0.00,0.59,0.68,0.0000,0.0001,     0,0,0,1.07,98.93,0.00,N/A,7.14,2.25,210.05,3.18,79.54,0.03,0.85,0.10,3.38,0.03,1.00,0.00,0.00,0.69,0.86,0.0000,0.0000,     0,0,0,2.84,97.16,0.00,N/A,21.18,6.26,210.05,3.38,84.61,0.10,2.40,0.03,2.97,0.01,1.00,0.00,0.00,0.74,0.57,0.0000,0.0001,     0,0,0,1.06,98.94,0.00,N/A,6.62,2.23,210.05,2.97,74.34,0.03,0.79,
2024-03-21,21:07:02.633,0.04,2.44,0.02,1.00,0.01,0.07,0.93,0.65,0.0000,0.0005,0.00,0.00,-2147483648,0.00,0.00,145.27,59.49,210.06,2.44,61.05,0.04,1.08,1.12,0.23,3.27,1.78,98.22,0.00,100.00,0.00,0.00,0.00,0.00,-nan,0.08,0.02,1.56,0.01,0.99,0.00,0.04,0.91,0.74,0.0001,0.0014,     0,0,0,0.00,0.00,-2147483648,0.00,0.00,N/A,28.95,18.51,210.06,1.56,39.11,0.02,0.43,0.07,2.84,0.02,1.00,0.00,0.03,0.94,0.37,0.0000,0.0003,     0,0,0,0.00,0.00,-2147483648,0.00,0.00,N/A,116.32,40.98,210.06,2.84,70.95,0.07,1.76,0.42,0.35,  0%,  0%,0.19,0.16,  0%,  0%,0.69,0.80,  0%,  0%,0.91,0.87,  0%,  0%,1.10,98.90,0.00,100.00,0.00,0.00,2.48,97.52,0.00,100.00,0.00,0.00,0.00,0.00,0.00 ,0.00 ,-nan ,-nan ,0.08,0.08,0.01,0.32,0.02,1.00,0.00,0.03,0.96,0.28,0.0008,0.0206,     0,0,0,2.03,97.97,0.00,N/A,1.36,4.26,210.06,0.32,7.98,0.01,0.16,0.00,0.52,0.00,0.93,0.00,0.00,0.53,0.70,0.0010,0.0037,     0,0,0,0.09,99.91,0.00,N/A,0.10,0.18,210.06,0.52,13.04,0.00,0.01,0.02,1.62,0.01,0.99,0.00,0.00,0.84,0.93,0.0001,0.0004,     0,0,0,1.04,98.96,0.00,N/A,3.50,2.16,210.06,1.62,40.52,0.02,0.42,0.01,1.61,0.01,0.99,0.00,0.00,0.95,0.91,0.0000,0.0006,     0,0,0,0.74,99.26,0.00,N/A,2.47,1.54,210.06,1.61,40.26,0.01,0.29,0.01,1.26,0.01,0.98,0.00,0.00,0.79,0.88,0.0001,0.0009,     0,0,0,0.91,99.09,0.00,N/A,2.34,1.86,210.06,1.26,31.44,0.01,0.28,0.04,2.28,0.02,1.00,0.00,0.00,0.80,0.91,0.0000,0.0002,     0,0,0,1.80,98.20,0.00,N/A,8.97,3.93,210.06,2.28,57.07,0.04,1.03,0.03,3.34,0.01,0.99,0.00,0.00,0.81,0.85,0.0000,0.0000,     0,0,0,0.98,99.02,0.00,N/A,7.09,2.12,210.06,3.34,83.42,0.03,0.81,0.02,1.,0.01,0.31,0.01,0.29,0,0.73,0.88,0.0004,0.0016,     0,0,0,1.20,98.80,0.00,N/A,3.13,2.46,210.06,1.27,31.83,0.02,0.38,0.01,0.38,0.03,1.00,0.00,0.03,0.95,0.32,0.0008,0.0157,     0,0,0,2.50,97.50,0.00,N/A,1.99,5.26,210.06,0.38,9.47,0.01,0.24,0.03,3.01,0.01,1.00,0.00,0.00,0.56,0.70,0.0000,0.0000,     0,0,0,1.04,98.96,0.00,N/A,6.54,2.17,210.06,3.01,75.22,0.03,0.78,0.10,3.11,0.03,1.00,0.00,0.00,0.59,0.79,0.0000,0.0000,     0,0,0,3.14,96.86,0.00,N/A,19.47,6.25,210.06,3.11,77.84,0.10,2.44,0.10,3.10,0.03,1.00,0.00,0.00,0.77,0.73,0.0000,0.0000,     0,0,0,3.17,96.83,0.00,N/A,19.58,6.31,210.06,3.10,77.54,0.10,2.46,0.11,3.34,0.03,1.00,0.00,0.00,0.85,0.69,0.0000,0.0000,     0,0,0,3.19,96.81,0.00,N/A,21.24,6.36,210.06,3.34,83.45,0.11,2.66,0.09,3.08,0.03,1.00,0.00,0.00,0.74,0.70,0.0000,0.0000,     0,0,0,2.85,97.15,0.00,N/A,19.24,6.25,210.06,3.08,76.95,0.09,2.20,0.14,3.39,0.04,1.00,0.00,0.00,0.53,0.85,0.0000,0.0000,     0,0,0,4.00,96.00,0.00,N/A,28.23,8.32,210.06,3.39,84.79,0.14,3.39,0.00,0.46,0.00,1.00,0.00,0.00,0.44,0.90,0.0008,0.0019,     0,0,0,0.02,99.98,0.00,N/A,0.02,0.05,210.06,0.46,11.54,0.00,0.00,
2024-03-21,21:07:02.729,0.05,2.55,0.02,1.00,0.00,0.07,0.93,0.56,0.0000,0.0004,0.00,0.00,-2147483648,0.00,0.00,173.62,67.96,209.80,2.55,63.87,0.05,1.31,0.75,0.27,2.36,2.05,97.95,0.00,100.00,0.00,0.00,0.00,0.00,-nan,0.08,0.05,2.43,0.02,1.00,0.00,0.04,0.93,0.66,0.0000,0.0004,     0,0,0,0.00,0.00,-2147483648,0.00,0.00,N/A,90.23,37.09,209.80,2.43,60.81,0.05,1.36,0.05,2.70,0.02,1.00,0.00,0.03,0.93,0.35,0.0000,0.0004,     0,0,0,0.00,0.00,-2147483648,0.00,0.00,N/A,83.40,30.87,209.80,2.70,67.55,0.05,1.26,0.29,0.28,  0%,  0%,0.13,0.05,  0%,  0%,0.53,0.68,  0%,  0%,0.35,0.80,  0%,  0%,2.23,97.77,0.00,100.00,0.00,0.00,1.87,98.13,0.00,100.00,0.00,0.00,0.00,0.00,0.00 ,0.00 ,-nan ,-nan ,0.08,0.08,0.01,0.31,0.02,1.00,0.00,0.03,0.96,0.27,0.0009,0.0207,     0,0,0,2.13,97.87,0.00,N/A,1.36,4.46,209.80,0.31,7.64,0.01,0.16,0.03,3.35,0.01,1.00,0.00,0.00,0.78,0.86,0.0000,0.0000,     0,0,0,1.00,99.00,0.00,N/A,7.07,2.11,209.80,3.35,83.74,0.03,0.84,0.09,3.12,0.03,1.00,0.00,0.00,0.76,0.88,0.0000,0.0000,     0,0,0,2.97,97.03,0.00,N/A,19.51,6.25,209.80,3.12,78.05,0.09,2.31,0.08,2.85,0.03,1.00,0.00,0.00,0.99,0.97,0.0000,0.0000,     0,0,0,2.73,97.27,0.00,N/A,16.36,5.73,209.80,2.85,71.37,0.08,1.95,0.00,0.75,0.00,1.00,0.00,0.00,0.65,0.74,0.0002,0.0026,     0,0,0,0.28,99.72,0.00,N/A,0.44,0.58,209.80,0.75,18.77,0.00,0.05,0.12,3.01,0.04,1.00,0.00,0.00,0.58,0.56,0.0000,0.0000,     0,0,0,4.13,95.87,0.00,N/A,25.09,8.33,209.80,3.01,75.29,0.12,3.11,0.08,2.82,0.03,1.00,0.00,0.00,0.89,0.92,0.0000,0.0001,     0,0,0,3.01,96.99,0.00,N/A,17.06,6.04,209.80,2.82,70.58,0.08,2.12,0.02,0.93,0.02,1.00,0.00,0.00,0.79,0.81,0.0002,0.0014,     0,0,0,1.71,98.29,0.00,N/A,3.34,3.59,209.80,0.93,23.27,0.02,0.40,0.01,0.30,0.02,1.00,0.00,0.03,0.95,0.27,0.0009,0.0200,     0,0,0,2.36,97.64,0.00,N/A,1.50,4.96,209.80,0.30,7.53,0.01,0.18,0.03,3.01,0.01,1.00,0.00,0.00,0.54,0.71,0.0000,0.0000,     0,0,0,1.09,98.91,0.00,N/A,6.61,2.20,209.80,3.01,75.24,0.03,0.82,0.03,3.19,0.01,1.00,0.00,0.00,0.68,0.67,0.0000,0.0001,     0,0,0,1.06,98.94,0.00,N/A,7.15,2.24,209.80,3.19,79.74,0.03,0.85,0.03,3.08,0.01,1.00,0.00,0.00,0.54,0.85,0.0000,0.0000,     0,0,0,1.01,98.99,0.00,N/A,6.55,2.13,209.80,3.08,76.95,0.03,0.78,0.01,2.23,0.00,1.00,0.00,0.00,0.76,0.69,0.0000,0.0003,     0,0,0,0.33,99.67,0.00,N/A,1.57,0.70,209.80,2.23,55.84,0.01,0.19,0.12,3.07,0.04,1.00,0.00,0.00,0.78,0.66,0.0000,0.0000,     0,0,0,4.00,96.00,0.00,N/A,24.64,8.03,209.80,3.07,76.66,0.12,3.07,0.14,3.39,0.04,1.00,0.00,0.00,0.37,0.86,0.0000,0.0000,     0,0,0,4.15,95.85,0.00,N/A,28.22,8.33,209.80,3.39,84.70,0.14,3.51,0.03,3.16,0.01,1.00,0.00,0.00,0.68,0.60,0.0000,0.0001,     0,0,0,1.08,98.92,0.00,N/A,7.15,2.26,209.80,3.16,78.89,0.03,0.85,
2024-03-21,21:07:02.836,0.04,2.57,0.02,1.00,0.00,0.06,0.94,0.44,0.0000,0.0005,0.00,0.00,-2147483648,0.00,0.00,141.91,55.17,210.18,2.57,64.31,0.04,1.04,0.77,0.39,2.10,1.62,98.38,0.00,100.00,0.00,0.00,0.00,0.00,-nan,0.09,0.03,2.31,0.01,1.00,0.00,0.03,0.93,0.50,0.0000,0.0006,     0,0,0,0.00,0.00,-2147483648,0.00,0.00,N/A,57.69,24.93,210.18,2.31,57.86,0.03,0.84,0.05,2.79,0.02,1.00,0.00,0.03,0.95,0.34,0.0000,0.0004,     0,0,0,0.00,0.00,-2147483648,0.00,0.00,N/A,84.22,30.24,210.18,2.79,69.63,0.05,1.24,0.16,0.18,  0%,  0%,0.32,0.12,  0%,  0%,0.37,0.73,  0%,  0%,0.57,0.44,  0%,  0%,1.45,98.55,0.00,100.00,0.00,0.00,1.78,98.22,0.00,100.00,0.00,0.00,0.00,0.00,0.00 ,0.00 ,-nan ,-nan ,0.09,0.09,0.01,0.30,0.02,1.00,0.00,0.03,0.95,0.28,0.0009,0.0197,     0,0,0,2.24,97.76,0.00,N/A,1.44,4.71,210.18,0.30,7.62,0.01,0.17,0.06,3.04,0.02,1.00,0.00,0.00,0.43,0.67,0.0000,0.0000,     0,0,0,2.07,97.93,0.00,N/A,13.18,4.33,210.18,3.04,76.11,0.06,1.57,0.06,3.07,0.02,1.00,0.00,0.00,0.49,0.82,0.0000,0.0000,     0,0,0,1.94,98.06,0.00,N/A,13.11,4.27,210.18,3.07,76.79,0.06,1.49,0.00,1.32,0.00,1.00,0.00,0.00,0.54,0.67,0.0002,0.0007,     0,0,0,0.34,99.66,0.00,N/A,0.94,0.71,210.18,1.32,33.04,0.00,0.11,0.09,2.97,0.03,1.00,0.00,0.00,0.86,0.78,0.0000,0.0000,     0,0,0,2.96,97.04,0.00,N/A,19.84,6.67,210.18,2.97,74.30,0.09,2.20,0.03,2.77,0.01,1.00,0.00,0.00,0.60,0.75,0.0000,0.0001,     0,0,0,1.17,98.83,0.00,N/A,6.77,2.44,210.18,2.77,69.29,0.03,0.81,0.01,1.46,0.01,1.00,0.00,0.00,0.89,0.84,0.0001,0.0011,     0,0,0,0.68,99.32,0.00,N/A,2.19,1.50,210.18,1.46,36.46,0.01,0.25,0.00,0.77,0.00,1.00,0.00,0.00,0.92,0.70,0.0000,0.0030,     0,0,0,0.14,99.86,0.00,N/A,0.23,0.29,210.18,0.77,19.24,0.00,0.03,0.01,0.29,0.02,1.00,0.00,0.03,0.95,0.28,0.0009,0.0204,     0,0,0,2.27,97.73,0.00,N/A,1.38,4.77,210.18,0.29,7.25,0.01,0.16,0.12,3.13,0.04,1.00,0.00,0.00,0.64,0.81,0.0000,0.0000,     0,0,0,3.81,96.19,0.00,N/A,26.03,8.33,210.18,3.13,78.16,0.12,2.98,0.10,3.39,0.03,1.00,0.00,0.00,0.48,0.88,0.0000,0.0000,     0,0,0,2.99,97.01,0.00,N/A,21.21,6.26,210.18,3.39,84.69,0.10,2.53,0.10,3.39,0.03,1.00,0.00,0.00,0.49,0.88,0.0000,0.0000,     0,0,0,2.85,97.15,0.00,N/A,21.20,6.26,210.18,3.39,84.70,0.10,2.42,0.03,3.21,0.01,1.00,0.00,0.00,0.85,0.70,0.0000,0.0001,     0,0,0,1.06,98.94,0.00,N/A,7.16,2.23,210.18,3.21,80.30,0.03,0.85,0.00,0.51,0.00,1.00,0.00,0.00,0.82,0.67,0.0010,0.0061,     0,0,0,0.08,99.92,0.00,N/A,0.08,0.16,210.18,0.51,12.86,0.00,0.01,0.00,0.53,0.00,1.00,0.00,0.00,0.84,0.68,0.0008,0.0064,     0,0,0,0.05,99.95,0.00,N/A,0.05,0.10,210.18,0.53,13.32,0.00,0.01,0.03,3.33,0.01,1.00,0.00,0.00,0.82,0.74,0.0000,0.0000,     0,0,0,1.02,98.98,0.00,N/A,7.11,2.14,210.18,3.33,83.19,0.03,0.85,
2024-03-21,21:07:02.934,0.04,2.55,0.02,1.00,0.00,0.06,0.93,0.42,0.0000,0.0005,0.00,0.00,-2147483648,0.00,0.00,140.80,55.22,212.05,2.55,63.74,0.04,1.04,0.38,0.34,1.60,1.63,98.37,0.00,100.00,0.00,0.00,0.00,0.00,-nan,0.09,0.04,2.37,0.02,1.00,0.00,0.03,0.92,0.48,0.0000,0.0005,     0,0,0,0.00,0.00,-2147483648,0.00,0.00,N/A,66.13,27.87,212.05,2.37,59.33,0.04,0.98,0.04,2.73,0.02,1.00,0.00,0.03,0.94,0.34,0.0000,0.0004,     0,0,0,0.00,0.00,-2147483648,0.00,0.00,N/A,74.67,27.36,212.05,2.73,68.23,0.04,1.10,0.07,0.10,  0%,  0%,0.14,0.08,  0%,  0%,0.18,0.43,  0%,  0%,0.56,0.42,  0%,  0%,1.65,98.35,0.00,100.00,0.00,0.00,1.61,98.39,0.00,100.00,0.00,0.00,0.00,0.00,0.00 ,0.00 ,-nan ,-nan ,0.09,0.09,0.01,0.30,0.02,1.00,0.00,0.03,0.94,0.26,0.0012,0.0203,     0,0,0,2.28,97.72,0.00,N/A,1.45,4.84,212.05,0.30,7.48,0.01,0.17,0.12,3.13,0.04,1.00,0.00,0.00,0.56,0.83,0.0000,0.0000,     0,0,0,3.76,96.24,0.00,N/A,26.02,8.32,212.05,3.13,78.22,0.12,2.94,0.03,3.19,0.01,1.00,0.00,0.00,0.84,0.76,0.0000,0.0000,     0,0,0,1.08,98.92,0.00,N/A,7.25,2.27,212.05,3.19,79.67,0.03,0.86,0.01,1.45,0.01,1.00,0.00,0.00,0.61,0.67,0.0001,0.0005,     0,0,0,0.96,99.04,0.00,N/A,2.94,2.03,212.05,1.45,36.32,0.01,0.35,0.00,0.70,0.00,1.00,0.00,0.00,0.45,0.79,0.0006,0.0031,     0,0,0,0.06,99.94,0.00,N/A,0.08,0.12,212.05,0.70,17.41,0.00,0.01,0.12,3.13,0.04,1.00,0.00,0.00,0.76,0.88,0.0000,0.0000,     0,0,0,3.77,96.23,0.00,N/A,26.09,8.33,212.05,3.13,78.30,0.12,2.95,0.00,0.66,0.00,1.00,0.00,0.00,0.62,0.90,0.0004,0.0013,     0,0,0,0.14,99.86,0.00,N/A,0.19,0.28,212.05,0.66,16.53,0.00,0.02,0.01,1.26,0.01,1.00,0.00,0.00,0.86,0.83,0.0001,0.0012,     0,0,0,0.79,99.21,0.00,N/A,2.11,1.68,212.05,1.26,31.45,0.01,0.25,0.01,0.29,0.02,1.00,0.00,0.03,0.96,0.27,0.0009,0.0210,     0,0,0,2.21,97.79,0.00,N,0,3.96,96.04,0.00,N/A,2,7.18,0.01,0.16,0.10,3.27,0.03,1.00,0.00,0.00,0.55,0.70,0.0000,0.0000,     0,0,0,3.11,96.89,0.00,N/A,20.69,6.32,212.05,3.27,81.83,0.10,2.55,0.08,3.11,0.03,1.00,0.00,0.00,0.72,0.67,0.0000,0.0000,     0,0,0,2.64,97.36,0.00,N/A,17.42,5.60,212.05,3.11,77.73,0.08,2.05,0.07,3.34,0.02,1.00,0.00,0.00,0.56,0.84,0.0000,0.0000,     0,0,0,1.97,98.03,0.00,N/A,13.95,4.18,212.05,3.34,83.46,0.07,1.64,0.00,0.51,0.00,1.00,0.00,0.00,0.67,0.71,0.0012,0.0052,     0,0,0,0.08,99.92,0.00,N/A,0.09,0.18,212.05,0.51,12.87,0.00,0.01,0.10,3.38,0.03,1.00,0.00,0.00,0.44,0.85,0.0000,0.0000,     0,0,0,2.95,97.05,0.00,N/A,21.11,6.25,212.05,3.38,84.40,0.10,2.49,0.00,0.48,0.00,1.00,0.00,0.00,0.85,0.73,0.0007,0.0054,     0,0,0,0.05,99.95,0.00,N/A,0.05,0.10,212.05,0.48,11.91,0.00,0.01,0.00,0.45,0.00,1.00,0.00,0.00,0.66,0.88,0.0006,0.0020,     0,0,0,0.02,99.98,0.00,N/A,0.02,0.05,212.05,0.45,11.34,0.00,0.00,
2024-03-21,21:07:03.033,0.04,2.59,0.02,1.00,0.00,0.06,0.94,0.43,0.0000,0.0004,0.00,0.00,-2147483648,0.00,0.00,139.42,53.77,210.01,2.59,64.82,0.04,1.04,0.36,0.33,2.20,1.61,98.39,0.00,100.00,0.00,0.00,0.00,0.00,-nan,0.08,0.05,2.63,0.02,1.00,0.00,0.03,0.94,0.49,0.0000,0.0004,     0,0,0,0.00,0.00,-2147483648,0.00,0.00,N/A,83.80,31.81,210.01,2.63,65.87,0.05,1.26,0.03,2.53,0.01,1.00,0.00,0.03,0.94,0.35,0.0000,0.0005,     0,0,0,0.00,0.00,-2147483648,0.00,0.00,N/A,55.62,21.96,210.01,2.53,63.31,0.03,0.83,0.09,0.08,  0%,  0%,0.13,0.06,  0%,  0%,0.17,1.34,  0%,  1%,0.39,0.29,  0%,  0%,1.91,98.09,0.00,100.00,0.00,0.00,1.31,98.69,0.00,100.00,0.00,0.00,0.00,0.00,0.00 ,0.00 ,-nan ,-nan ,0.08,0.08,0.01,0.30,0.02,1.00,0.00,0.03,0.95,0.28,0.0009,0.0196,     0,0,0,2.32,97.68,0.00,N/A,1.47,4.86,210.01,0.30,7.56,0.01,0.18,0.13,3.13,0.04,1.00,0.00,0.00,0.77,0.74,0.0000,0.0000,     0,0,0,4.13,95.87,0.00,N/A,26.07,8.32,210.01,3.13,78.34,0.13,3.23,0.14,3.39,0.04,1.00,0.00,0.00,0.74,0.88,0.0000,0.0000,     0,0,0,4.00,96.00,0.00,N/A,28.24,8.32,210.01,3.39,84.86,0.14,3.40,0.00,0.44,0.00,1.00,0.00,0.00,0.59,0.74,0.0014,0.0048,     0,0,0,0.04,99.96,0.00,N/A,0.04,0.08,210.01,0.44,10.97,0.00,0.00,0.00,0.70,0.00,1.00,0.00,0.00,0.57,0.87,0.0006,0.0019,     0,0,0,0.14,99.86,0.00,N/A,0.21,0.29,210.01,0.70,17.52,0.00,0.02,0.12,3.09,0.04,1.00,0.00,0.00,0.79,0.68,0.0000,0.0000,     0,0,0,4.01,95.99,0.00,N/A,25.78,8.33,210.01,3.09,77.36,0.12,3.10,0.00,0.90,0.00,1.00,0.00,0.00,0.69,0.94,0.0002,0.0006,     0,0,0,0.33,99.67,0.00,N/A,0.62,0.68,210.01,0.90,22.61,0.00,0.07,0.01,1.51,0.00,1.00,0.00,0.00,0.89,0.93,0.0000,0.0005,     0,0,0,0.44,99.56,0.00,N/A,1.38,0.91,210.01,1.51,37.86,0.01,0.17,0.01,0.30,0.02,1.00,0.00,0.03,0.96,0.28,0.0009,0.0208,     0,0,0,2.17,97.83,0.00,N/A,1.35,4.56,210.01,0.30,7.39,0.01,0.16,0.00,0.47,0.00,1.00,0.00,0.00,0.57,0.70,0.0019,0.0056,     0,0,0,0.05,99.95,0.00,N/A,0.05,0.10,210.01,0.47,11.87,0.00,0.01,0.00,0.50,0.00,1.00,0.00,0.00,0.81,0.66,0.0008,0.0068,     0,0,0,0.10,99.90,0.00,N/A,0.10,0.21,210.01,0.50,12.39,0.00,0.01,0.13,3.35,0.04,1.00,0.00,0.00,0.52,0.90,0.0000,0.0000,     0,0,0,4.00,96.00,0.00,N/A,27.84,8.32,210.01,3.35,83.64,0.13,3.35,0.00,0.52,0.00,1.00,0.00,0.00,0.84,0.68,0.0008,0.0062,     0,0,0,0.07,99.93,0.00,N/A,0.08,0.15,210.01,0.52,13.09,0.00,0.01,0.00,0.54,0.00,1.00,0.00,0.00,0.83,0.68,0.0008,0.0062,     0,0,0,0.07,99.93,0.00,N/A,0.08,0.16,210.01,0.54,13.58,0.00,0.01,0.13,3.13,0.04,1.00,0.00,0.00,0.36,0.88,0.0000,0.0000,     0,0,0,4.00,96.00,0.00,N/A,26.08,8.32,210.01,3.13,78.35,0.13,3.14,0.00,0.28,0.00,1.00,0.00,0.00,0.37,0.74,0.0023,0.0038,     0,0,0,0.06,99.94,0.00,N/A,0.04,0.14,210.01,0.28,6.89,0.00,0.00,
2024-03-21,21:07:03.136,0.04,2.57,0.02,1.00,0.00,0.07,0.93,0.48,0.0000,0.0005,0.00,0.00,-2147483648,0.00,0.00,150.40,58.44,210.16,2.57,64.34,0.04,1.11,0.63,0.34,1.23,1.73,98.27,0.00,100.00,0.00,0.00,0.00,0.00,-nan,0.08,0.05,2.57,0.02,1.00,0.00,0.04,0.93,0.57,0.0000,0.0004,     0,0,0,0.00,0.00,-2147483648,0.00,0.00,N/A,86.80,33.74,210.16,2.57,64.33,0.05,1.28,0.04,2.57,0.01,1.00,0.00,0.03,0.93,0.34,0.0000,0.0005,     0,0,0,0.00,0.00,-2147483648,0.00,0.00,N/A,63.59,24.71,210.16,2.57,64.35,0.04,0.94,0.14,0.14,  0%,  0%,0.26,0.09,  0%,  0%,0.25,0.32,  0%,  0%,0.45,0.22,  0%,  0%,1.99,98.01,0.00,100.00,0.00,0.00,1.46,98.54,0.00,100.00,0.00,0.00,0.00,0.00,0.00 ,0.00 ,-nan ,-nan ,0.08,0.08,0.01,0.35,0.02,1.00,0.00,0.03,0.97,0.25,0.0007,0.0204,     0,0,0,2.00,98.00,0.00,N/A,1.47,4.21,210.16,0.35,8.71,0.01,0.17,0.12,3.13,0.04,1.00,0.00,0.00,0.71,0.74,0.0000,0.0000,     0,0,0,3.98,96.02,0.00,N/A,26.09,8.33,210.16,3.13,78.28,0.12,3.12,0.03,3.34,0.01,1.00,0.00,0.00,0.81,0.82,0.0000,0.0000,     0,0,0,0.98,99.02,0.00,N/A,7.05,2.11,210.16,3.34,83.38,0.03,0.81,0.09,2.95,0.03,1.00,0.00,0.00,0.27,0.70,0.0000,0.0000,     0,0,0,3.01,96.99,0.00,N/A,19.83,6.72,210.16,2.95,73.74,0.09,2.22,0.06,3.00,0.02,1.00,0.00,0.00,0.66,0.69,0.0000,0.0001,     0,0,0,2.14,97.86,0.00,N/A,13.48,4.49,210.16,3.00,75.09,0.06,1.61,0.03,2.72,0.01,1.00,0.00,0.00,0.51,0.75,0.0000,0.0001,     0,0,0,1.23,98.77,0.00,N/A,6.78,2.49,210.16,2.72,67.96,0.03,0.83,0.05,2.59,0.02,1.00,0.00,0.00,0.94,0.92,0.0000,0.0001,     0,0,0,1.83,98.17,0.00,N/A,9.98,3.86,210.16,2.59,64.67,0.05,1.18,0.01,1.41,0.01,1.00,0.00,0.00,0.96,0.85,0.0000,0.0010,     0,0,0,0.73,99.27,0.00,N/A,2.15,1.53,210.16,1.41,35.17,0.01,0.26,0.01,0.30,0.02,1.00,0.00,0.03,0.96,0.26,0.0009,0.0209,     0,0,0,2.23,97.77,0.00,N/A,1.40,4.68,210.16,0.30,7.48,0.01,0.17,0.03,3.24,0.01,1.00,0.00,0.00,0.46,0.72,0.0000,0.0000,     0,0,0,0.98,99.02,0.00,N/A,7.11,2.19,210.16,3.24,81.00,0.03,0.80,0.00,1.08,0.00,1.00,0.00,0.00,0.51,0.69,0.0005,0.0013,     0,0,0,0.22,99.78,0.00,N/A,0.53,0.49,210.16,1.08,27.12,0.00,0.06,0.14,3.37,0.04,1.00,0.00,0.00,0.41,0.90,0.0000,0.0000,     0,0,0,4.10,95.90,0.00,N/A,28.07,8.32,210.16,3.37,84.29,0.14,3.45,0.00,0.52,0.00,1.00,0.00,0.00,0.85,0.65,0.0009,0.0071,     0,0,0,0.08,99.92,0.00,N/A,0.09,0.18,210.16,0.52,12.91,0.00,0.01,0.00,0.51,0.00,1.00,0.00,0.00,0.83,0.64,0.0010,0.0072,     0,0,0,0.08,99.92,0.00,N/A,0.09,0.17,210.16,0.51,12.68,0.00,0.01,0.13,3.14,0.04,1.00,0.00,0.00,0.45,0.87,0.0000,0.0000,     0,0,0,4.10,95.90,0.00,N/A,26.12,8.33,210.16,3.14,78.43,0.13,3.21,0.00,0.56,0.00,1.00,0.00,0.00,0.64,0.53,0.0023,0.0078,     0,0,0,0.16,99.84,0.00,N/A,0.19,0.34,210.16,0.56,13.92,0.00,0.02,
2024-03-21,21:07:03.234,0.04,2.51,0.02,1.00,0.00,0.07,0.93,0.48,0.0000,0.0005,0.00,0.00,-2147483648,0.00,0.00,139.17,55.34,209.86,2.51,62.87,0.04,1.04,0.74,0.36,2.00,1.65,98.35,0.00,100.00,0.00,0.00,0.00,0.00,-nan,0.08,0.05,2.55,0.02,1.00,0.00,0.04,0.93,0.56,0.0000,0.0004,     0,0,0,0.00,0.00,-2147483648,0.00,0.00,N/A,89.36,35.00,209.86,2.55,63.83,0.05,1.33,0.03,2.45,0.01,1.00,0.00,0.03,0.93,0.33,0.0000,0.0007,     0,0,0,0.00,0.00,-2147483648,0.00,0.00,N/A,49.82,20.34,209.86,2.45,61.22,0.03,0.75,0.08,0.10,  0%,  0%,0.32,0.23,  0%,  0%,0.19,0.45,  0%,  0%,0.81,0.54,  0%,  0%,2.09,97.91,0.00,100.00,0.00,0.00,1.22,98.78,0.00,100.00,0.00,0.00,0.00,0.00,0.00 ,0.00 ,-nan ,-nan ,0.08,0.08,0.01,0.50,0.03,1.00,0.00,0.03,0.94,0.25,0.0006,0.0115,     0,0,0,2.51,97.49,0.00,N/A,2.61,5.26,209.86,0.50,12.43,0.01,0.31,0.03,3.34,0.01,1.00,0.00,0.00,0.66,0.84,0.0000,0.0000,     0,0,0,0.98,99.02,0.00,N/A,7.06,2.12,209.86,3.34,83.42,0.03,0.81,0.13,3.14,0.04,1.00,0.00,0.00,0.88,0.89,0.0000,0.0000,     0,0,0,4.04,95.96,0.00,N/A,26.11,8.31,209.86,3.14,78.56,0.13,3.17,0.13,3.13,0.04,1.00,0.00,0.00,0.85,0.85,0.0000,0.0000,     0,0,0,4.04,95.96,0.00,N/A,26.07,8.32,209.86,3.13,78.37,0.13,3.17,0.00,0.75,0.00,1.00,0.00,0.00,0.80,0.72,0.0001,0.0022,     0,0,0,0.19,99.81,0.00,N/A,0.30,0.40,209.86,0.75,18.83,0.00,0.04,0.10,3.24,0.03,1.00,0.00,0.00,0.54,0.60,0.0000,0.0001,     0,0,0,3.15,96.85,0.00,N/A,21.43,6.62,209.86,3.24,80.94,0.10,2.55,0.00,1.12,0.00,1.00,0.00,0.00,0.89,0.52,0.0003,0.0029,     0,0,0,0.29,99.71,0.00,N/A,0.68,0.61,209.86,1.12,27.92,0.00,0.08,0.02,1.51,0.02,1.00,0.00,0.00,0.96,0.89,0.0000,0.0008,     0,0,0,1.61,98.39,0.00,N/A,5.09,3.37,209.86,1.51,37.74,0.02,0.61,0.01,0.31,0.02,1.00,0.00,0.03,0.95,0.26,0.0010,0.0205,     0,0,0,2.19,97.81,0.00,N/A,1.43,4.61,209.86,0.31,7.74,0.01,0.17,0.10,3.12,0.03,1.00,0.00,0.00,0.50,0.86,0.0000,0.0000,     0,0,0,3.17,96.83,0.00,N/A,19.47,6.24,209.86,3.12,78.02,0.10,2.47,0.07,3.16,0.02,1.00,0.00,0.00,0.50,0.6,1.00,0.00,0.00,0.75,0,0,0,2.11,97.89,0.00,N/A,13.61,4.30,209.86,3.16,79.07,0.07,1.67,0.07,3.34,0.02,1.00,0.00,0.00,0.76,0.75,0.0000,0.0000,     0,0,0,2.02,97.98,0.00,N/A,14.12,4.23,209.86,3.34,83.38,0.07,1.68,0.00,2.12,0.00,1.00,0.00,0.00,0.84,0.65,0.0001,0.0006,     0,0,0,0.19,99.81,0.00,N/A,0.88,0.42,209.86,2.12,52.88,0.00,0.10,0.00,0.51,0.00,1.00,0.00,0.00,0.81,0.66,0.0011,0.0064,     0,0,0,0.08,99.92,0.00,N/A,0.08,0.16,209.86,0.51,12.79,0.00,0.01,0.00,0.50,0.00,1.00,0.00,0.00,0.81,0.70,0.0010,0.0056,     0,0,0,0.05,99.95,0.00,N/A,0.05,0.10,209.86,0.50,12.60,0.00,0.01,0.00,0.60,0.00,1.00,0.00,0.00,0.73,0.51,0.0017,0.0075,     0,0,0,0.13,99.87,0.00,N/A,0.17,0.28,209.86,0.60,15.09,0.00,0.02,
2024-03-21,21:07:03.334,0.04,2.52,0.02,1.00,0.00,0.07,0.93,0.58,0.0000,0.0004,0.00,0.00,-2147483648,0.00,0.00,149.14,59.26,210.16,2.52,62.92,0.04,1.11,0.73,0.63,2.68,1.76,98.24,0.00,100.00,0.00,0.00,0.00,0.00,-nan,0.08,0.05,2.38,0.02,1.00,0.00,0.04,0.93,0.68,0.0000,0.0004,     0,0,0,0.00,0.00,-2147483648,0.00,0.00,N/A,79.46,33.34,210.16,2.38,59.58,0.05,1.19,0.04,2.69,0.02,1.00,0.00,0.03,0.94,0.35,0.0000,0.0004,     0,0,0,0.00,0.00,-2147483648,0.00,0.00,N/A,69.68,25.92,210.16,2.69,67.21,0.04,1.03,0.17,0.09,  0%,  0%,0.25,0.21,  0%,  0%,0.17,0.32,  0%,  0%,1.22,0.97,  1%,  0%,1.99,98.01,0.00,100.00,0.00,0.00,1.53,98.47,0.00,100.00,0.00,0.00,0.00,0.00,0.00 ,0.00 ,-nan ,-nan ,0.08,0.08,0.01,0.30,0.02,1.00,0.00,0.03,0.94,0.27,0.0012,0.0201,     0,0,0,2.25,97.75,0.00,N/A,1.44,4.73,210.16,0.30,7.60,0.01,0.17,0.04,3.20,0.01,1.00,0.00,0.00,0.70,0.79,0.0000,0.0000,     0,0,0,1.11,98.89,0.00,N/A,7.19,2.25,210.16,3.20,80.11,0.04,0.89,0.12,3.13,0.04,1.00,0.00,0.00,0.79,0.86,0.0000,0.0000,     0,0,0,3.96,96.04,0.00,N/A,26.03,8.31,210.16,3.13,78.28,0.12,3.10,0.12,3.13,0.04,1.00,0.00,0.00,0.91,0.85,0.0000,0.0000,     0,0,0,3.96,96.04,0.00,N/A,26.03,8.32,210.16,3.13,78.20,0.12,3.10,0.00,0.47,0.00,1.00,0.00,0.00,0.90,0.90,0.0001,0.0017,     0,0,0,0.03,99.97,0.00,N/A,0.03,0.06,210.16,0.47,11.65,0.00,0.00,0.04,2.89,0.01,1.00,0.00,0.00,0.69,0.91,0.0000,0.0000,     0,0,0,1.23,98.77,0.00,N/A,7.46,2.58,210.16,2.89,72.26,0.04,0.89,0.01,1.30,0.01,1.00,0.00,0.00,0.60,0.86,0.0001,0.0004,     0,0,0,0.57,99.43,0.00,N/A,1.56,1.20,210.16,1.30,32.48,0.01,0.19,0.05,1.65,0.03,1.00,0.00,0.00,0.90,0.92,0.0000,0.0005,     0,0,0,2.81,97.19,0.00,N/A,9.72,5.89,210.16,1.65,41.24,0.05,1.16,0.01,0.30,0.02,1.00,0.00,0.03,0.96,0.27,0.0008,0.0211,     0,0,0,2.11,97.89,0.00,N/A,1.32,4.44,210.16,0.30,7.46,0.01,0.16,0.09,3.12,0.03,1.00,0.00,0.00,0.57,0.89,0.0000,0.0000,     0,0,0,2.85,97.15,0.00,N/A,19.51,6.25,210.16,3.12,78.04,0.09,2.23,0.10,3.29,0.03,1.00,0.00,0.00,0.59,0.65,0.0000,0.0000,     0,0,0,2.97,97.03,0.00,N/A,20.76,6.31,210.16,3.29,82.31,0.10,2.45,0.10,3.39,0.03,1.00,0.00,0.00,0.69,0.86,0.0000,0.0000,     0,0,0,2.85,97.15,0.00,N/A,21.19,6.25,210.16,3.39,84.73,0.10,2.42,0.03,3.03,0.01,1.00,0.00,0.00,0.74,0.71,0.0000,0.0000,     0,0,0,1.08,98.92,0.00,N/A,6.61,2.18,210.16,3.03,75.83,0.03,0.82,0.00,0.50,0.00,1.00,0.00,0.00,0.86,0.67,0.0007,0.0066,     0,0,0,0.05,99.95,0.00,N/A,0.05,0.11,210.16,0.50,12.48,0.00,0.01,0.00,0.53,0.00,1.00,0.00,0.00,0.87,0.71,0.0006,0.0056,     0,0,0,0.05,99.95,0.00,N/A,0.05,0.10,210.16,0.53,13.15,0.00,0.01,0.00,0.61,0.00,1.00,0.00,0.00,0.72,0.52,0.0018,0.0077,     0,0,0,0.14,99.86,0.00,N/A,0.17,0.29,210.16,0.61,15.14,0.00,0.02,
2024-03-21,21:07:03.434,0.04,2.48,0.02,1.00,0.00,0.06,0.94,0.50,0.0000,0.0005,0.00,0.00,-2147483648,0.00,0.00,130.16,52.51,209.83,2.48,61.96,0.04,0.97,1.01,0.52,2.55,1.57,98.43,0.00,100.00,0.00,0.00,0.00,0.00,-nan,0.10,0.04,2.32,0.02,1.00,0.00,0.03,0.94,0.59,0.0000,0.0005,     0,0,0,0.00,0.00,-2147483648,0.00,0.00,N/A,60.71,26.15,209.83,2.32,58.04,0.04,0.91,0.04,2.63,0.02,1.00,0.00,0.03,0.94,0.36,0.0000,0.0005,     0,0,0,0.00,0.00,-2147483648,0.00,0.00,N/A,69.45,26.36,209.83,2.63,65.85,0.04,1.04,0.25,0.32,  0%,  0%,0.26,0.19,  0%,  0%,0.68,0.58,  0%,  0%,0.76,0.53,  0%,  0%,1.56,98.44,0.00,100.00,0.00,0.00,1.58,98.42,0.00,100.00,0.00,0.00,0.00,0.00,0.00 ,0.00 ,-nan ,-nan ,0.10,0.10,0.01,0.49,0.03,1.00,0.00,0.03,0.95,0.27,0.0005,0.0109,     0,0,0,2.62,97.38,0.00,N/A,2.70,5.50,209.83,0.49,12.28,0.01,0.32,0.00,1.47,0.00,1.00,0.00,0.00,0.81,0.93,0.0001,0.0005,     0,0,0,0.33,99.67,0.00,N/A,1.02,0.69,209.83,1.47,36.87,0.00,0.12,0.10,3.12,0.03,1.00,0.00,0.00,0.86,0.90,0.0000,0.0000,     0,0,0,3.11,96.89,0.00,N/A,19.49,6.25,209.83,3.12,78.01,0.10,2.43,0.13,3.12,0.04,1.00,0.00,0.00,0.42,0.75,0.0000,0.0000,     0,0,0,4.15,95.85,0.00,N/A,25.98,8.33,209.83,3.12,77.97,0.13,3.23,0.00,0.58,0.00,1.00,0.00,0.00,0.80,0.75,0.0001,0.0025,     0,0,0,0.08,99.92,0.00,N/A,0.10,0.18,209.83,0.58,14.53,0.00,0.01,0.00,0.61,0.00,1.00,0.00,0.00,0.52,0.77,0.0010,0.0030,     0,0,0,0.23,99.77,0.00,N/A,0.29,0.48,209.83,0.61,15.25,0.00,0.03,0.01,1.48,0.01,1.00,0.00,0.00,0.93,0.93,0.0000,0.0005,     0,0,0,0.63,99.37,0.00,N/A,2.06,1.39,209.83,1.48,37.06,0.01,0.23,0.04,2.72,0.02,1.00,0.00,0.00,0.98,0.93,0.0000,0.0001,     0,0,0,1.58,98.42,0.00,N/A,9.05,3.33,209.83,2.72,67.89,0.04,1.07,0.01,0.28,0.02,1.00,0.00,0.03,0.96,0.28,0.0009,0.0206,     0,0,0,2.28,97.72,0.00,N/A,1.35,4.79,209.83,0.28,7.03,0.01,0.16,0.03,3.02,0.01,1.00,0.00,0.00,0.51,0.72,0.0000,0.0000,     0,0,0,1.08,98.92,0.00,N/A,6.55,2.17,209.83,3.02,75.57,0.03,0.81,0.03,3.05,0.01,1.00,0.00,0.00,0.77,0.65,0.0000,0.0001,     0,0,0,1.11,98.89,0.00,N/A,6.82,2.23,209.83,3.05,76.33,0.03,0.85,0.04,3.29,0.01,1.00,0.00,0.00,0.82,0.74,0.0000,0.0000,     0,0,0,1.08,98.92,0.00,N/A,7.11,2.16,209.83,3.29,82.20,0.04,0.89,0.03,3.22,0.01,1.00,0.00,0.00,0.85,0.66,0.0000,0.0001,     0,0,0,1.06,98.94,0.00,N/A,7.15,2.22,209.83,3.22,80.38,0.03,0.85,0.09,3.31,0.03,1.00,0.00,0.00,0.73,0.64,0.0000,0.0000,     0,0,0,2.86,97.14,0.00,N/A,20.73,6.26,209.83,3.31,82.79,0.09,2.37,0.09,3.12,0.03,1.00,0.00,0.00,0.51,0.81,0.0000,0.0000,     0,0,0,2.86,97.14,0.00,N/A,19.57,6.26,209.83,3.12,78.10,0.09,2.23,0.00,0.66,0.00,1.00,0.00,0.00,0.84,0.53,0.0011,0.0075,     0,0,0,0.13,99.87,0.00,N/A,0.18,0.27,209.83,0.66,16.48,0.00,0.02,
2024-03-21,21:07:03.536,0.04,2.60,0.02,1.00,0.00,0.06,0.93,0.44,0.0000,0.0004,0.00,0.00,-2147483648,0.00,0.00,147.51,56.63,211.91,2.60,65.12,0.04,1.08,0.56,0.72,2.00,1.66,98.34,0.00,100.00,0.00,0.00,0.00,0.00,-nan,0.08,0.05,2.59,0.02,1.00,0.00,0.03,0.92,0.51,0.0000,0.0004,     0,0,0,0.00,0.00,-2147483648,0.00,0.00,N/A,84.48,32.57,211.91,2.59,64.84,0.05,1.24,0.04,2.62,0.01,1.00,0.00,0.03,0.95,0.34,0.0000,0.0005,     0,0,0,0.00,0.00,-2147483648,0.00,0.00,N/A,63.03,24.06,211.91,2.62,65.50,0.04,0.93,0.16,0.16,  0%,  0%,0.16,0.08,  0%,  0%,0.30,0.70,  0%,  0%,0.43,0.58,  0%,  0%,1.91,98.09,0.00,100.00,0.00,0.00,1.41,98.59,0.00,100.00,0.00,0.00,0.00,0.00,0.00 ,0.00 ,-nan ,-nan ,0.08,0.08,0.01,0.30,0.02,1.00,0.00,0.03,0.94,0.27,0.0012,0.0202,     0,0,0,2.29,97.71,0.00,N/A,1.43,4.85,211.91,0.30,7.38,0.01,0.17,0.12,3.10,0.04,1.00,0.00,0.00,0.65,0.63,0.0000,0.0000,     0,0,0,3.82,96.18,0.00,N/A,25.80,8.32,211.91,3.10,77.52,0.12,2.96,0.01,1.52,0.01,1.00,0.00,0.00,0.84,0.92,0.0001,0.0005,     0,0,0,0.70,99.30,0.00,N/A,2.31,1.52,211.91,1.52,37.88,0.01,0.26,0.00,0.51,0.00,1.00,0.00,0.00,0.68,0.73,0.0011,0.0052,     0,0,0,0.05,99.95,0.00,N/A,0.06,0.11,211.91,0.51,12.80,0.00,0.01,0.12,3.11,0.04,1.00,0.00,0.00,0.73,0.70,0.0000,0.0000,     0,0,0,3.73,96.27,0.00,N/A,25.85,8.32,211.91,3.11,77.63,0.12,2.89,0.00,0.68,0.00,1.00,0.00,0.00,0.59,0.81,0.0005,0.0019,     0,0,0,0.39,99.61,0.00,N/A,0.57,0.83,211.91,0.68,17.01,0.00,0.07,0.00,0.73,0.00,1.00,0.00,0.00,0.74,0.88,0.0003,0.0015,     0,0,0,0.14,99.86,0.00,N/A,0.21,0.28,211.91,0.73,18.17,0.00,0.03,0.13,3.39,0.04,1.00,0.00,0.00,0.82,0.86,0.0000,0.0000,     0,0,0,3.94,96.06,0.00,N/A,28.27,8.33,211.91,3.39,84.86,0.13,3.35,0.01,0.29,0.02,1.00,0.00,0.03,0.96,0.28,0.0009,0.0207,     0,0,0,2.18,97.82,0.00,N/A,1.35,4.61,211.91,0.29,7.30,0.01,0.16,0.13,3.38,0.04,1.00,0.00,0.00,0.64,0.81,0.0000,0.0000,     0,0,0,3.74,96.26,0.00,N/A,28.24,8.35,211.91,3.38,84.57,0.13,3.16,0.00,0.50,0.00,1.00,0.00,0.00,0.63,0.64,0.0016,0.0072,     0,0,0,0.08,99.92,0.00,N/A,0.09,0.19,211.91,0.50,12.47,0.00,0.01,0.00,0.47,0.00,1.00,0.00,0.00,0.82,0.69,0.0009,0.0059,     0,0,0,0.05,99.95,0.00,N/A,0.05,0.11,211.91,0.47,11.73,0.00,0,4.25,210.11,3.02,71.00,0.00,0.00,0.54,0.85,0.0000,0.0000,     0,0,0,2.95,97.05,0.00,N/A,19.54,6.26,211.91,3.12,78.06,0.09,2.31,0.04,3.15,0.01,1.00,0.00,0.00,0.80,0.62,0.0000,0.0001,     0,0,0,1.12,98.88,0.00,N/A,7.17,2.28,211.91,3.15,78.72,0.04,0.88,0.03,3.08,0.01,1.00,0.00,0.00,0.75,0.87,0.0000,0.0000,     0,0,0,1.04,98.96,0.00,N/A,6.50,2.11,211.91,3.08,76.95,0.03,0.80,0.00,0.58,0.00,1.00,0.00,0.00,0.87,0.54,0.0008,0.0072,     0,0,0,0.07,99.93,0.00,N/A,0.09,0.15,211.91,0.58,14.58,0.00,0.01,
2024-03-21,21:07:03.630,0.04,2.52,0.02,1.00,0.00,0.07,0.94,0.48,0.0000,0.0005,0.00,0.00,-2147483648,0.00,0.00,139.03,55.20,208.05,2.52,62.97,0.04,1.06,0.41,0.21,1.64,1.68,98.32,0.00,100.00,0.00,0.00,0.00,0.00,-nan,0.08,0.05,2.42,0.02,1.00,0.00,0.03,0.93,0.56,0.0000,0.0005,     0,0,0,0.00,0.00,-2147483648,0.00,0.00,N/A,75.39,31.10,208.05,2.42,60.60,0.05,1.15,0.04,2.64,0.01,1.00,0.00,0.03,0.94,0.34,0.0000,0.0005,     0,0,0,0.00,0.00,-2147483648,0.00,0.00,N/A,63.64,24.10,208.05,2.64,66.03,0.04,0.97,0.09,0.16,  0%,  0%,0.12,0.04,  0%,  0%,0.34,0.62,  0%,  0%,0.33,0.35,  0%,  0%,1.89,98.11,0.00,100.00,0.00,0.00,1.47,98.53,0.00,100.00,0.00,0.00,0.00,0.00,0.00 ,0.00 ,-nan ,-nan ,0.08,0.08,0.01,0.30,0.02,1.00,0.00,0.03,0.94,0.27,0.0012,0.0197,     0,0,0,2.42,97.58,0.00,N/A,1.52,5.03,208.05,0.30,7.57,0.01,0.18,0.04,2.59,0.02,1.00,0.00,0.00,0.68,0.89,0.0000,0.0000,     0,0,0,1.51,98.49,0.00,N/A,7.90,3.05,208.05,2.59,64.82,0.04,0.98,0.02,1.59,0.01,1.00,0.00,0.00,0.95,0.88,0.0000,0.0007,     0,0,0,1.38,98.62,0.00,N/A,4.44,2.80,208.05,1.59,39.71,0.02,0.55,0.13,3.25,0.04,1.00,0.00,0.00,0.57,0.73,0.0000,0.0000,     0,0,0,3.99,96.01,0.00,N/A,27.03,8.32,208.05,3.25,81.21,0.13,3.24,0.10,3.13,0.03,1.00,0.00,0.00,0.84,0.87,0.0000,0.0000,     0,0,0,3.17,96.83,0.00,N/A,19.55,6.25,208.05,3.13,78.13,0.10,2.48,0.01,1.37,0.01,1.00,0.00,0.00,0.74,0.82,0.0001,0.0005,     0,0,0,0.58,99.42,0.00,N/A,1.66,1.21,208.05,1.37,34.18,0.01,0.20,0.06,3.03,0.02,1.00,0.00,0.00,0.56,0.94,0.0000,0.0000,     0,0,0,2.10,97.90,0.00,N/A,13.26,4.38,208.05,3.03,75.74,0.06,1.59,0.00,0.42,0.00,1.00,0.00,0.00,0.69,0.84,0.0005,0.0033,     0,0,0,0.03,99.97,0.00,N/A,0.02,0.06,208.05,0.42,10.53,0.00,0.00,0.01,0.29,0.02,1.00,0.00,0.03,0.95,0.28,0.0010,0.0202,     0,0,0,2.32,97.68,0.00,N/A,1.42,4.83,208.05,0.29,7.37,0.01,0.17,0.07,3.12,0.02,1.00,0.00,0.00,0.65,0.89,0.0000,0.0000,     0,0,0,2.12,97.88,0.00,N/A,13.06,4.18,208.05,3.12,78.12,0.07,1.65,0.11,3.36,0.03,1.00,0.00,0.00,0.74,0.69,0.0000,0.0000,     0,0,0,3.20,96.80,0.00,N/A,21.20,6.31,208.05,3.36,83.94,0.11,2.69,0.03,3.34,0.01,1.00,0.00,0.00,0.83,0.89,0.0000,0.0000,     0,0,0,1.02,98.98,0.00,N/A,7.07,2.11,208.05,3.34,83.58,0.03,0.85,0.07,3.21,0.02,1.00,0.00,0.00,0.82,0.69,0.0000,0.0000,     0,0,0,2.04,97.96,0.00,N/A,13.62,4.24,208.05,3.21,80.33,0.07,1.64,0.03,3.28,0.01,1.00,0.00,0.00,0.85,0.69,0.0000,0.0000,     0,0,0,1.04,98.96,0.00,N/A,7.13,2.17,208.05,3.28,82.10,0.03,0.86,0.00,0.38,0.00,1.00,0.00,0.00,0.73,0.87,0.0005,0.0024,     0,0,0,0.03,99.97,0.00,N/A,0.02,0.05,208.05,0.38,9.49,0.00,0.00,0.00,0.60,0.00,1.00,0.00,0.00,0.69,0.60,0.0017,0.0063,     0,0,0,0.09,99.91,0.00,N/A,0.12,0.20,208.05,0.60,15.06,0.00,0.01,
2024-03-21,21:07:03.734,0.04,2.58,0.02,1.00,0.00,0.06,0.94,0.49,0.0000,0.0005,0.00,0.00,-2147483648,0.00,0.00,143.44,55.53,210.03,2.58,64.58,0.04,1.06,0.41,0.41,1.15,1.64,98.36,0.00,100.00,0.00,0.00,0.00,0.00,-nan,0.08,0.06,2.64,0.02,1.00,0.00,0.03,0.94,0.58,0.0000,0.0004,     0,0,0,0.00,0.00,-2147483648,0.00,0.00,N/A,94.56,35.84,210.03,2.64,65.95,0.06,1.38,0.03,2.48,0.01,1.00,0.00,0.03,0.95,0.35,0.0000,0.0006,     0,0,0,0.00,0.00,-2147483648,0.00,0.00,N/A,48.88,19.69,210.03,2.48,62.07,0.03,0.72,0.11,0.13,  0%,  0%,0.12,0.05,  0%,  0%,0.32,0.29,  0%,  0%,0.31,0.23,  0%,  0%,2.10,97.90,0.00,100.00,0.00,0.00,1.17,98.83,0.00,100.00,0.00,0.00,0.00,0.00,0.00 ,0.00 ,-nan ,-nan ,0.08,0.08,0.01,0.45,0.02,1.00,0.00,0.03,0.95,0.26,0.0008,0.0140,     0,0,0,2.24,97.76,0.00,N/A,2.12,4.70,210.03,0.45,11.29,0.01,0.25,0.00,1.00,0.00,1.00,0.00,0.00,0.70,0.73,0.0002,0.0014,     0,0,0,0.27,99.73,0.00,N/A,0.57,0.57,210.03,1.00,25.00,0.00,0.07,0.01,1.48,0.01,1.00,0.00,0.00,0.94,0.88,0.0000,0.0007,     0,0,0,0.63,99.37,0.00,N/A,2.03,1.37,210.03,1.48,37.11,0.01,0.23,0.13,3.39,0.04,1.00,0.00,0.00,0.81,0.78,0.0000,0.0000,     0,0,0,3.81,96.19,0.00,N/A,28.20,8.31,210.03,3.39,84.80,0.13,3.23,0.12,3.09,0.04,1.00,0.00,0.00,0.69,0.63,0.0000,0.0000,     0,0,0,3.85,96.15,0.00,N/A,25.67,8.32,210.03,3.09,77.15,0.12,2.97,0.01,1.65,0.01,1.00,0.00,0.00,0.94,0.96,0.0000,0.0002,     0,0,0,0.91,99.09,0.00,N/A,3.15,1.91,210.03,1.65,41.22,0.01,0.37,0.12,3.14,0.04,1.00,0.00,0.00,0.84,0.84,0.0000,0.0000,     0,0,0,3.84,96.16,0.00,N/A,26.09,8.31,210.03,3.14,78.45,0.12,3.02,0.03,2.87,0.01,1.00,0.00,0.00,0.84,0.72,0.0000,0.0001,     0,0,0,1.11,98.89,0.00,N/A,6.72,2.34,210.03,2.87,71.77,0.03,0.80,0.01,0.29,0.02,1.00,0.00,0.03,0.96,0.27,0.0008,0.0210,     0,0,0,2.14,97.86,0.00,N/A,1.32,4.50,210.03,0.29,7.32,0.01,0.16,0.03,3.09,0.01,1.00,0.00,0.00,0.73,0.80,0.0000,0.0000,     0,0,0,1.02,98.98,0.00,N/A,6.59,2.13,210.03,3.09,77.30,0.03,0.79,0.03,3.12,0.01,1.00,0.00,0.00,0.75,0.72,0.0000,0.0001,     0,0,0,1.04,98.96,0.00,N/A,6.77,2.17,210.03,3.12,77.91,0.03,0.81,0.06,3.10,0.02,1.00,0.00,0.00,0.83,0.71,0.0000,0.0000,     0,0,0,2.02,97.98,0.00,N/A,13.12,4.24,210.03,3.10,77.39,0.06,1.56,0.10,3.34,0.03,1.00,0.00,0.00,0.78,0.73,0.0000,0.0000,     0,0,0,2.88,97.12,0.00,N/A,20.86,6.25,210.03,3.34,83.47,0.10,2.40,0.00,0.54,0.00,1.00,0.00,0.00,0.86,0.64,0.0008,0.0069,     0,0,0,0.07,99.93,0.00,N/A,0.08,0.16,210.03,0.54,13.42,0.00,0.01,0.00,0.40,0.00,1.00,0.00,0.00,0.75,0.77,0.0008,0.0047,     0,0,0,0.03,99.97,0.00,N/A,0.02,0.06,210.03,0.40,9.89,0.00,0.00,0.00,0.59,0.00,1.00,0.00,0.00,0.78,0.58,0.0013,0.0073,     0,0,0,0.09,99.91,0.00,N/A,0.11,0.19,210.03,0.59,14.85,0.00,0.01,
2024-03-21,21:07:03.834,0.04,2.54,0.02,1.00,0.00,0.06,0.94,0.58,0.0000,0.0004,0.00,0.00,-2147483648,0.00,0.00,145.48,57.21,210.00,2.54,63.57,0.04,1.08,1.67,0.66,3.84,1.70,98.30,0.00,100.00,0.00,0.00,0.00,0.00,-nan,0.08,0.06,2.63,0.02,1.00,0.00,0.03,0.95,0.68,0.0000,0.0003,     0,0,0,0.00,0.00,-2147483648,0.00,0.00,N/A,104.05,39.52,210.00,2.63,65.82,0.06,1.56,0.02,2.34,0.01,1.00,0.00,0.03,0.93,0.36,0.0000,0.0008,     0,0,0,0.00,0.00,-2147483648,0.00,0.00,N/A,41.42,17.69,210.00,2.34,58.54,0.02,0.61,0.71,0.81,  0%,  0%,0.11,0.04,  0%,  0%,1.77,1.52,  1%,  1%,0.31,0.25,  0%,  0%,2.37,97.63,0.00,100.00,0.00,0.00,1.05,98.95,0.00,100.00,0.00,0.00,0.00,0.00,0.00 ,0.00 ,-nan ,-nan ,0.08,0.08,0.01,0.31,0.02,1.00,0.00,0.03,0.96,0.27,0.0009,0.0213,     0,0,0,2.01,97.99,0.00,N/A,1.33,4.23,210.00,0.31,7.85,0.01,0.16,0.00,0.81,0.00,1.00,0.00,0.00,0.72,0.93,0.0002,0.0008,     0,0,0,0.31,99.69,0.00,N/A,0.53,0.66,210.00,0.81,20.27,0.00,0.06,0.10,3.13,0.03,1.00,0.00,0.00,0.63,0.85,0.0000,0.0000,     0,0,0,3.11,96.89,0.00,N/A,19.55,6.24,210.00,3.13,78.28,0.10,2.43,0.11,3.37,0.03,1.00,0.00,0.00,0.63,0.72,0.0000,0.0000,     0,0,0,3.13,96.87,0.00,N/A,21.28,6.32,210.00,3.37,84.24,0.11,2.64,0.12,3.12,0.04,1.00,0.00,0.00,0.64,0.66,0.0000,0.0000,     0,0,0,3.93,96.07,0.00,N/A,25.94,8.33,210.00,3.12,77.90,0.12,3.06,0.04,1.72,0.03,1.00,0.00,0.00,0.97,0.95,0.0000,0.0003,     0,0,0,2.56,97.44,0.00,N/A,9.20,5.36,210.00,1.72,42.90,0.04,1.10,0.12,3.14,0.04,1.00,0.00,0.00,0.87,0.86,0.0000,0.0000,     0,0,0,3.93,96.07,0.00,N/A,26.19,8.33,210.00,3.14,78.60,0.12,3.09,0.00,0.45,0.00,1.00,0.00,0.00,0.92,0.75,0.0003,0.0049,     0,0,0,0.03,99.97,0.00,N/A,0.03,0.06,210.00,0.45,11.17,0.00,0.00,0.02,0.89,0.03,1.00,0.00,0.03,0.96,0.28,0.0002,0.0056,     0,0,0,2.62,97.38,0.00,N/A,4.92,5.50,210.00,0.89,22.37,0.02,0.59,0.03,3.08,0.01,1.00,0.00,0.00,0.58,0.91,0.0000,0.0000,     0,0,0,0.96,99.04,0.00,N/A,6.50,2.11,210.00,3.08,77.00,0.03,0.74,0.00,0.55,0.00,1.00,0.00,0.00,0.53,0.66,0.0017,0.0054,     0,0,0,0.15,99.85,0.00,N/A,0.17,0.31,210.00,0.55,13.70,0.00,0.02,0.00,0.54,0.00,1.00,0.00,0.00,0.73,0.74,0.0009,0.0051,     0,0,0,0.05,99.95,0.00,N/A,0.06,0.11,210.00,0.54,13.38,0.00,0.01,0.04,3.19,0.01,1.00,0.00,0.00,0.75,0.65,0.0000,0.0001,     0,0,0,1.10,98.90,0.00,N/A,7.13,2.23,210.00,3.19,79.79,0.04,0.88,0.00,0.49,0.00,1.00,0.00,0.00,0.86,0.64,0.0008,0.0066,     0,0,0,0.08,99.0.0000,0.0000,     0,,210.00,0.49,12.14,0.00,0.01,0.10,3.39,0.03,1.00,0.00,0.00,0.50,0.92,0.0000,0.0000,     0,0,0,2.86,97.14,0.00,N/A,21.21,6.25,210.00,3.39,84.80,0.10,2.42,0.01,1.33,0.00,1.00,0.00,0.00,0.59,0.56,0.0003,0.0009,     0,0,0,0.48,99.52,0.00,N/A,1.35,1.01,210.00,1.33,33.33,0.01,0.16,
2024-03-21,21:07:03.936,0.04,2.50,0.02,1.00,0.00,0.07,0.93,0.48,0.0000,0.0005,0.00,0.00,-2147483648,0.00,0.00,141.15,56.38,209.90,2.50,62.59,0.04,1.04,0.39,0.37,1.28,1.67,98.33,0.00,100.00,0.00,0.00,0.00,0.00,-nan,0.08,0.06,2.59,0.02,1.00,0.00,0.04,0.92,0.56,0.0000,0.0004,     0,0,0,0.00,0.00,-2147483648,0.00,0.00,N/A,104.99,40.54,209.90,2.59,64.74,0.06,1.55,0.02,2.28,0.01,1.00,0.00,0.03,0.94,0.35,0.0000,0.0009,     0,0,0,0.00,0.00,-2147483648,0.00,0.00,N/A,36.17,15.84,209.90,2.28,57.08,0.02,0.54,0.12,0.10,  0%,  0%,0.12,0.04,  0%,  0%,0.20,0.55,  0%,  0%,0.30,0.23,  0%,  0%,2.39,97.61,0.00,100.00,0.00,0.00,0.94,99.06,0.00,100.00,0.00,0.00,0.00,0.00,0.00 ,0.00 ,-nan ,-nan ,0.08,0.08,0.01,0.30,0.02,1.00,0.00,0.03,0.96,0.26,0.0009,0.0211,     0,0,0,2.15,97.85,0.00,N/A,1.34,4.51,209.90,0.30,7.44,0.01,0.16,0.08,3.03,0.03,1.00,0.00,0.00,0.61,0.57,0.0000,0.0000,     0,0,0,2.69,97.31,0.00,N/A,17.13,5.66,209.90,3.03,75.69,0.08,2.04,0.01,1.41,0.00,1.00,0.00,0.00,0.50,0.72,0.0001,0.0006,     0,0,0,0.47,99.53,0.00,N/A,1.38,0.98,209.90,1.41,35.14,0.01,0.16,0.12,3.28,0.04,1.00,0.00,0.00,0.76,0.62,0.0000,0.0000,     0,0,0,3.77,96.23,0.00,N/A,27.31,8.31,209.90,3.28,82.10,0.12,3.10,0.12,3.09,0.04,1.00,0.00,0.00,0.84,0.63,0.0000,0.0000,     0,0,0,3.88,96.12,0.00,N/A,25.68,8.31,209.90,3.09,77.27,0.12,3.00,0.03,1.56,0.02,1.00,0.00,0.00,0.88,0.85,0.0001,0.0009,     0,0,0,1.66,98.34,0.00,N/A,5.48,3.52,209.90,1.56,38.91,0.03,0.65,0.12,3.09,0.04,1.00,0.00,0.00,0.83,0.74,0.0000,0.0000,     0,0,0,3.92,96.08,0.00,N/A,25.71,8.32,209.90,3.09,77.24,0.12,3.03,0.00,1.05,0.00,1.00,0.00,0.00,0.57,0.61,0.0005,0.0020,     0,0,0,0.44,99.56,0.00,N/A,0.97,0.93,209.90,1.05,26.13,0.00,0.12,0.01,0.30,0.02,1.00,0.00,0.03,0.96,0.27,0.0008,0.0210,     0,0,0,2.12,97.88,0.00,N/A,1.32,4.45,209.90,0.30,7.42,0.01,0.16,0.03,3.10,0.01,1.00,0.00,0.00,0.86,0.86,0.0000,0.0000,     0,0,0,1.06,98.94,0.00,N/A,6.57,2.12,209.90,3.10,77.55,0.03,0.82,0.00,0.51,0.00,1.00,0.00,0.00,0.81,0.66,0.0009,0.0070,     0,0,0,0.11,99.89,0.00,N/A,0.12,0.23,209.90,0.51,12.77,0.00,0.01,0.09,3.31,0.03,1.00,0.00,0.00,0.70,0.65,0.0000,0.0000,     0,0,0,2.83,97.17,0.00,N/A,20.72,6.26,209.90,3.31,82.79,0.09,2.34,0.00,0.52,0.00,1.00,0.00,0.00,0.77,0.66,0.0010,0.0055,     0,0,0,0.09,99.91,0.00,N/A,0.11,0.21,209.90,0.52,13.06,0.00,0.01,0.00,0.51,0.00,1.00,0.00,0.00,0.85,0.67,0.0008,0.0063,     0,0,0,0.07,99.93,0.00,N/A,0.08,0.16,209.90,0.51,12.76,0.00,0.01,0.04,3.34,0.01,1.00,0.00,0.00,0.76,0.82,0.0000,0.0000,     0,0,0,1.06,98.94,0.00,N/A,7.08,2.12,209.90,3.34,83.50,0.04,0.88,0.00,0.56,0.00,1.00,0.00,0.00,0.79,0.51,0.0014,0.0080,     0,0,0,0.15,99.85,0.00,N/A,0.17,0.31,209.90,0.56,13.90,0.00,0.02,
2024-03-21,21:07:04.035,0.04,2.46,0.02,1.00,0.01,0.07,0.92,0.44,0.0000,0.0005,0.00,0.00,-2147483648,0.00,0.00,145.59,59.14,210.14,2.46,61.54,0.04,1.08,0.68,0.33,1.54,1.76,98.24,0.00,100.00,0.00,0.00,0.00,0.00,-nan,0.10,0.06,2.54,0.03,1.00,0.00,0.04,0.91,0.49,0.0000,0.0004,     0,0,0,0.00,0.00,-2147483648,0.00,0.00,N/A,109.24,43.05,210.14,2.54,63.44,0.06,1.62,0.02,2.26,0.01,1.00,0.00,0.03,0.94,0.35,0.0001,0.0009,     0,0,0,0.00,0.00,-2147483648,0.00,0.00,N/A,36.35,16.09,210.14,2.26,56.48,0.02,0.54,0.21,0.26,  0%,  0%,0.15,0.05,  0%,  0%,0.58,0.33,  0%,  0%,0.35,0.28,  0%,  0%,2.55,97.45,0.00,100.00,0.00,0.00,0.96,99.04,0.00,100.00,0.00,0.00,0.00,0.00,0.00 ,0.00 ,-nan ,-nan ,0.10,0.10,0.01,0.31,0.02,1.00,0.00,0.03,0.96,0.24,0.0009,0.0205,     0,0,0,2.26,97.74,0.00,N/A,1.46,4.75,210.14,0.31,7.68,0.01,0.17,0.01,1.19,0.01,1.00,0.00,0.00,0.73,0.61,0.0003,0.0016,     0,0,0,0.51,99.49,0.00,N/A,1.27,1.07,210.14,1.19,29.69,0.01,0.15,0.10,3.14,0.03,1.00,0.00,0.00,0.59,0.65,0.0000,0.0000,     0,0,0,3.27,96.73,0.00,N/A,21.56,6.88,210.14,3.14,78.40,0.10,2.57,0.09,3.17,0.03,1.00,0.00,0.00,0.80,0.64,0.0000,0.0000,     0,0,0,2.98,97.02,0.00,N/A,19.81,6.26,210.14,3.17,79.13,0.09,2.36,0.08,2.68,0.03,1.00,0.00,0.00,0.95,0.93,0.0000,0.0001,     0,0,0,2.92,97.08,0.00,N/A,15.44,5.76,210.14,2.68,67.02,0.08,1.96,0.04,2.46,0.02,1.00,0.00,0.00,0.79,0.57,0.0001,0.0003,     0,0,0,1.69,98.31,0.00,N/A,9.15,3.72,210.14,2.46,61.52,0.04,1.04,0.12,3.09,0.04,1.00,0.00,0.00,0.83,0.69,0.0000,0.0000,     0,0,0,3.97,96.03,0.00,N/A,25.74,8.33,210.14,3.09,77.26,0.12,3.06,0.07,2.35,0.03,1.00,0.00,0.00,0.58,0.57,0.0001,0.0002,     0,0,0,2.84,97.16,0.00,N/A,14.82,6.29,210.14,2.35,58.86,0.07,1.67,0.01,0.28,0.02,1.00,0.00,0.03,0.96,0.27,0.0009,0.0207,     0,0,0,2.29,97.71,0.00,N/A,1.36,4.82,210.14,0.28,7.05,0.01,0.16,0.07,3.38,0.02,1.00,0.00,0.00,0.50,0.86,0.0000,0.0000,     0,0,0,1.99,98.01,0.00,N/A,14.11,4.18,210.14,3.38,84.42,0.07,1.68,0.03,3.17,0.01,1.00,0.00,0.00,0.68,0.72,0.0000,0.0001,     0,0,0,0.99,99.01,0.00,N/A,6.91,2.18,210.14,3.17,79.20,0.03,0.78,0.04,3.28,0.01,1.00,0.00,0.00,0.80,0.71,0.0000,0.0000,     0,0,0,1.09,98.91,0.00,N/A,7.13,2.17,210.14,3.28,82.02,0.04,0.90,0.03,2.95,0.01,1.00,0.00,0.00,0.80,0.69,0.0000,0.0001,     0,0,0,1.12,98.88,0.00,N/A,6.56,2.22,210.14,2.95,73.75,0.03,0.82,0.00,0.51,0.00,1.00,0.00,0.00,0.82,0.71,0.0008,0.0054,     0,0,0,0.07,99.93,0.00,N/A,0.08,0.15,210.14,0.51,12.85,0.00,0.01,0.00,0.42,0.00,1.00,0.00,0.00,0.85,0.72,0.0005,0.0056,     0,0,0,0.03,99.97,0.00,N/A,0.03,0.07,210.14,0.42,10.53,0.00,0.00,0.00,0.60,0.00,1.00,0.00,0.00,0.78,0.55,0.0015,0.0074,     0,0,0,0.14,99.86,0.00,N/A,0.18,0.30,210.14,0.60,15.09,0.00,0.02,
2024-03-21,21:07:04.136,0.04,2.54,0.02,1.00,0.00,0.07,0.94,0.54,0.0000,0.0005,0.00,0.00,-2147483648,0.00,0.00,147.74,58.23,210.18,2.54,63.43,0.04,1.10,0.77,1.02,2.28,1.73,98.27,0.00,100.00,0.00,0.00,0.00,0.00,-nan,0.08,0.06,2.62,0.02,1.00,0.00,0.04,0.93,0.63,0.0000,0.0003,     0,0,0,0.00,0.00,-2147483648,0.00,0.00,N/A,108.48,41.33,210.18,2.62,65.62,0.06,1.61,0.02,2.32,0.01,1.00,0.00,0.03,0.94,0.34,0.0000,0.0008,     0,0,0,0.00,0.00,-2147483648,0.00,0.00,N/A,39.26,16.90,210.18,2.32,58.07,0.02,0.59,0.28,0.17,  0%,  0%,0.17,0.14,  0%,  0%,0.35,0.77,  0%,  0%,0.68,0.48,  0%,  0%,2.45,97.55,0.00,100.00,0.00,0.00,1.01,98.99,0.00,100.00,0.00,0.00,0.00,0.00,0.00 ,0.00 ,-nan ,-nan ,0.08,0.08,0.01,0.30,0.02,1.00,0.00,0.03,0.94,0.26,0.0012,0.0202,     0,0,0,2.33,97.67,0.00,N/A,1.48,4.90,210.18,0.30,7.55,0.01,0.18,0.03,1.67,0.02,1.00,0.00,0.00,0.97,0.93,0.0000,0.0005,     0,0,0,1.70,98.30,0.00,N/A,5.94,3.56,210.18,1.67,41.70,0.03,0.71,0.06,2.91,0.02,1.00,0.00,0.00,0.80,0.67,0.0000,0.0001,     0,0,0,1.99,98.01,0.00,N/A,12.94,4.45,210.18,2.91,72.66,0.06,1.45,0.06,2.98,0.02,1.00,0.00,0.00,0.76,0.64,0.0000,0.0001,     0,0,0,2.17,97.83,0.00,N/A,12.88,4.32,210.18,2.98,74.60,0.06,1.62,0.07,2.89,0.02,1.00,0.00,0.00,0.85,0.92,0.0000,0.0001,     0,0,0,2.31,97.69,0.00,N/A,14.86,5.14,210.18,2.89,72.27,0.07,1.67,0.10,3.30,0.03,1.00,0.00,0.00,0.70,0.75,0.0000,0.0000,     0,0,0,3.05,96.95,0.00,N/A,21.33,6.46,210.18,3.30,82.52,0.10,2.51,0.12,3.13,0.04,1.00,0.00,0.00,0.78,0.81,0.0000,0.0000,     0,0,0,3.93,96.07,0.00,N/A,26.04,8.33,210.18,3.13,78.19,0.12,3.07,0.07,3.12,0.02,1.00,0.00,0.00,0.83,0.91,0.0000,0.0000,     0,0,0,2.10,97.90,0.00,N/A,13.01,4.17,210.18,3.12,77.93,0.07,1.63,0.01,0.29,0.02,1.00,0.00,0.03,0.95,0.27,0.0009,0.0208,     0,0,0,2.25,97.75,0.00,N/A,1.37,4.73,210.18,0.29,7.24,0.01,0.16,0.08,3.34,0.02,1.00,0.00,0.00,0.69,0.71,0.0000,0.0000,     0,0,0,2.39,97.61,0.00,N/A,16.78,5.02,210.18,3.34,83.56,0.08,2.00,0.07,3.29,0.02,1.00,0.00,0.00,0.54,0.70,0.0000,0.0000,     0,0,0,2.16,97.84,0.00,N/A,14.21,4.32,210.18,3.29,82.30,0.07,1.78,0.00,0.45,0.00,0.99,0.00,0.00,0.72,0.89,0.0005,0.0022,     0,0,0,0.02,99.98,0.00,N/A,0.02,0.05,210.18,0.45,11.21,0.00,0.00,0.00,0.47,0.00,1.00,0.00,0.00,0.85,0.71,0.0007,0.0057,     0,0,0,0.05,99.95,0.00,N/A,0.05,0.10,210.18,0.47,11.86,0.00,0.01,0.03,2.98,0.01,1.00,0.00,0.00,0.80,0.66,0.0000,0.0001,     0,0,0,1.05,98.95,0.00,N/A,6.58,2.21,210.18,2.98,74.62,0.03,0.78,0.00,0.47,0.00,1.00,0.00,0.00,0.72,0.69,0.0013,0.0056,     0,0,0,0.08,99.92,0.00,N/A,0.08,0.17,210.18,0.47,11.63,0.00,0.01,0.00,0.57,0.00,1.00,0,0.03,0.79,
2024-03-21,21,0.0080,     0,0,0,0.15,99.85,0.00,N/A,0.18,0.31,210.18,0.57,14.30,0.00,0.02,
2024-03-21,21:07:04.236,0.04,2.45,0.02,1.00,0.01,0.07,0.92,0.54,0.0000,0.0005,0.00,0.00,-2147483648,0.00,0.00,136.21,55.55,209.91,2.45,61.29,0.04,1.01,0.72,0.62,2.51,1.65,98.35,0.00,100.00,0.00,0.00,0.00,0.00,-nan,0.08,0.06,2.53,0.02,1.00,0.00,0.04,0.92,0.64,0.0000,0.0004,     0,0,0,0.00,0.00,-2147483648,0.00,0.00,N/A,96.13,37.95,209.91,2.53,63.33,0.06,1.45,0.02,2.28,0.01,1.00,0.00,0.03,0.92,0.34,0.0001,0.0008,     0,0,0,0.00,0.00,-2147483648,0.00,0.00,N/A,40.07,17.61,209.91,2.28,56.90,0.02,0.58,0.12,0.20,  0%,  0%,0.23,0.17,  0%,  0%,0.52,0.60,  0%,  0%,0.72,0.67,  0%,  0%,2.30,97.70,0.00,100.00,0.00,0.00,1.02,98.98,0.00,100.00,0.00,0.00,0.00,0.00,0.00 ,0.00 ,-nan ,-nan ,0.08,0.08,0.01,0.36,0.03,1.00,0.00,0.03,0.93,0.31,0.0011,0.0156,     0,0,0,2.63,97.37,0.00,N/A,2.01,5.53,209.91,0.36,9.07,0.01,0.24,0.00,0.58,0.00,1.00,0.00,0.00,0.62,0.78,0.0006,0.0032,     0,0,0,0.07,99.93,0.00,N/A,0.09,0.15,209.91,0.58,14.43,0.00,0.01,0.10,3.06,0.03,1.00,0.00,0.00,0.71,0.61,0.0000,0.0000,     0,0,0,3.18,96.82,0.00,N/A,19.15,6.25,209.91,3.06,76.55,0.10,2.43,0.01,1.57,0.01,1.00,0.00,0.00,0.89,0.88,0.0001,0.0007,     0,0,0,0.85,99.15,0.00,N/A,2.78,1.78,209.91,1.57,39.15,0.01,0.33,0.13,3.34,0.04,1.00,0.00,0.00,0.81,0.68,0.0000,0.0000,     0,0,0,3.97,96.03,0.00,N/A,27.83,8.33,209.91,3.34,83.53,0.13,3.31,0.07,2.89,0.02,1.00,0.00,0.00,0.69,0.92,0.0000,0.0000,     0,0,0,2.33,97.67,0.00,N/A,13.26,4.58,209.91,2.89,72.37,0.07,1.68,0.12,3.13,0.04,1.00,0.00,0.00,0.78,0.83,0.0000,0.0000,     0,0,0,3.97,96.03,0.00,N/A,26.07,8.33,209.91,3.13,78.25,0.12,3.10,0.02,1.65,0.01,1.00,0.00,0.00,0.96,0.94,0.0000,0.0004,     0,0,0,1.43,98.57,0.00,N/A,4.95,3.00,209.91,1.65,41.24,0.02,0.59,0.01,0.29,0.02,1.00,0.00,0.03,0.93,0.28,0.0014,0.0194,     0,0,0,2.49,97.51,0.00,N/A,1.52,5.22,209.91,0.29,7.28,0.01,0.18,0.08,3.33,0.02,1.00,0.00,0.00,0.71,0.66,0.0000,0.0000,     0,0,0,2.31,97.69,0.00,N/A,16.16,4.85,209.91,3.33,83.24,0.08,1.92,0.04,3.03,0.01,1.00,0.00,0.00,0.53,0.71,0.0000,0.0000,     0,0,0,1.33,98.67,0.00,N/A,8.47,2.79,209.91,3.03,75.87,0.04,1.01,0.03,3.34,0.01,1.00,0.00,0.00,0.67,0.86,0.0000,0.0000,     0,0,0,0.95,99.05,0.00,N/A,7.09,2.12,209.91,3.34,83.62,0.03,0.79,0.00,0.48,0.00,1.00,0.00,0.00,0.79,0.70,0.0010,0.0062,     0,0,0,0.06,99.94,0.00,N/A,0.06,0.12,209.91,0.48,12.06,0.00,0.01,0.00,0.46,0.00,1.00,0.00,0.00,0.85,0.70,0.0009,0.0066,     0,0,0,0.06,99.94,0.00,N/A,0.06,0.12,209.91,0.46,11.53,0.00,0.01,0.03,3.02,0.01,1.00,0.00,0.00,0.60,0.70,0.0000,0.0001,     0,0,0,1.05,98.95,0.00,N/A,6.65,2.20,209.91,3.02,75.44,0.03,0.79,0.00,0.39,0.00,1.00,0.00,0.00,0.74,0.71,0.0011,0.0048,     0,0,0,0.08,99.92,0.00,N/A,0.07,0.17,209.91,0.39,9.84,0.00,0.01,
2024-03-21,21:07:04.335,0.05,2.48,0.02,1.00,0.01,0.07,0.92,0.58,0.0000,0.0005,0.00,0.00,-2147483648,0.00,0.00,155.14,62.61,209.82,2.48,61.95,0.05,1.16,0.41,0.40,2.19,1.88,98.12,0.00,100.00,0.00,0.00,0.00,0.00,-nan,0.08,0.06,2.43,0.02,1.00,0.00,0.04,0.90,0.67,0.0000,0.0004,     0,0,0,0.00,0.00,-2147483648,0.00,0.00,N/A,97.60,40.18,209.82,2.43,60.72,0.06,1.45,0.03,2.57,0.01,1.00,0.00,0.03,0.95,0.34,0.0000,0.0005,     0,0,0,0.00,0.00,-2147483648,0.00,0.00,N/A,57.55,22.43,209.82,2.57,64.15,0.03,0.87,0.09,0.13,  0%,  0%,0.12,0.08,  0%,  0%,0.25,1.24,  0%,  1%,0.38,0.32,  0%,  0%,2.40,97.60,0.00,100.00,0.00,0.00,1.35,98.65,0.00,100.00,0.00,0.00,0.00,0.00,0.00 ,0.00 ,-nan ,-nan ,0.08,0.08,0.01,0.38,0.02,1.00,0.00,0.03,0.95,0.29,0.0009,0.0176,     0,0,0,2.19,97.81,0.00,N/A,1.76,4.60,209.82,0.38,9.56,0.01,0.21,0.04,2.38,0.02,1.00,0.00,0.00,0.42,0.76,0.0001,0.0002,     0,0,0,1.62,98.38,0.00,N/A,8.10,3.40,209.82,2.38,59.54,0.04,0.96,0.10,3.09,0.03,1.00,0.00,0.00,0.58,0.61,0.0000,0.0000,     0,0,0,3.28,96.72,0.00,N/A,21.57,6.98,209.82,3.09,77.24,0.10,2.53,0.06,3.04,0.02,1.00,0.00,0.00,0.73,0.62,0.0000,0.0000,     0,0,0,1.89,98.11,0.00,N/A,12.74,4.19,209.82,3.04,76.08,0.06,1.44,0.07,3.30,0.02,1.00,0.00,0.00,0.86,0.86,0.0000,0.0000,     0,0,0,2.08,97.92,0.00,N/A,14.31,4.33,209.82,3.30,82.59,0.07,1.72,0.07,3.09,0.02,1.00,0.00,0.00,0.94,0.70,0.0000,0.0001,     0,0,0,2.23,97.77,0.00,N/A,14.47,4.68,209.82,3.09,77.24,0.07,1.72,0.07,2.60,0.03,1.00,0.00,0.00,0.43,0.52,0.0001,0.0002,     0,0,0,2.69,97.31,0.00,N/A,13.78,5.30,209.82,2.60,65.06,0.07,1.75,0.05,1.62,0.03,1.00,0.00,0.01,0.90,0.91,0.0001,0.0006,     0,0,0,3.20,96.80,0.00,N/A,10.87,6.71,209.82,1.62,40.50,0.05,1.30,0.01,0.30,0.02,1.00,0.00,0.03,0.96,0.27,0.0008,0.0213,     0,0,0,2.12,97.88,0.00,N/A,1.31,4.44,209.82,0.30,7.39,0.01,0.16,0.03,3.23,0.01,1.00,0.00,0.00,0.67,0.70,0.0000,0.0000,     0,0,0,0.99,99.01,0.00,N/A,7.07,2.19,209.82,3.23,80.84,0.03,0.80,0.04,3.24,0.01,1.00,0.00,0.00,0.73,0.65,0.0000,0.0000,     0,0,0,1.30,98.70,0.00,N/A,8.82,2.72,209.82,3.24,81.07,0.04,1.05,0.07,3.04,0.02,1.00,0.00,0.00,0.83,0.67,0.0000,0.0000,     0,0,0,2.19,97.81,0.00,N/A,13.09,4.31,209.82,3.04,75.88,0.07,1.66,0.10,3.29,0.03,1.00,0.00,0.00,0.46,0.84,0.0000,0.0000,     0,0,0,3.00,97.00,0.00,N/A,20.53,6.24,209.82,3.29,82.27,0.10,2.47,0.03,3.08,0.01,1.00,0.00,0.00,0.67,0.84,0.0000,0.0000,     0,0,0,1.07,98.93,0.00,N/A,6.48,2.11,209.82,3.08,76.95,0.03,0.82,0.00,0.46,0.00,1.00,0.00,0.00,0.81,0.72,0.0008,0.0051,     0,0,0,0.06,99.94,0.00,N/A,0.05,0.12,209.82,0.46,11.59,0.00,0.01,0.00,0.60,0.00,1.00,0.00,0.00,0.80,0.54,0.0013,0.0075,     0,0,0,0.14,99.86,0.00,N/A,0.18,0.30,209.82,0.60,14.88,0.00,0.02,
2024-03-21,21:07:04.439,0.05,2.54,0.02,1.00,0.00,0.07,0.93,0.56,0.0000,0.0004,0.00,0.00,-2147483648,0.00,0.00,161.91,63.67,212.04,2.54,63.57,0.05,1.19,0.52,0.33,1.19,1.87,98.13,0.00,100.00,0.00,0.00,0.00,0.00,-nan,0.09,0.06,2.52,0.02,1.00,0.00,0.04,0.92,0.65,0.0000,0.0004,     0,0,0,0.00,0.00,-2147483648,0.00,0.00,N/A,99.66,39.50,212.04,2.52,63.07,0.06,1.45,0.04,2.58,0.01,1.00,0.00,0.03,0.94,0.35,0.0000,0.0005,     0,0,0,0.00,0.00,-2147483648,0.00,0.00,N/A,62.25,24.17,212.04,2.58,64.38,0.04,0.92,0.19,0.16,  0%,  0%,0.13,0.05,  0%,  0%,0.30,0.34,  0%,  0%,0.32,0.23,  0%,  0%,2.29,97.71,0.00,100.00,0.00,0.00,1.43,98.57,0.00,100.00,0.00,0.00,0.00,0.00,0.00 ,0.00 ,-nan ,-nan ,0.10,0.08,0.01,0.32,0.02,1.00,0.00,0.03,0.95,0.25,0.0011,0.0210,     0,0,0,2.10,97.90,0.00,N/A,1.41,4.46,212.04,0.32,7.90,0.01,0.17,0.04,2.37,0.02,1.00,0.00,0.00,0.72,0.87,0.0001,0.0002,     0,0,0,1.70,98.30,0.00,N/A,8.99,3.79,212.04,2.37,59.30,0.04,1.01,0.07,2.97,0.02,1.00,0.00,0.00,0.66,0.62,0.0000,0.0001,     0,0,0,2.28,97.72,0.00,N/A,14.22,4.78,212.04,2.97,74.32,0.07,1.69,0.07,3.06,0.02,1.00,0.00,0.00,0.84,0.76,0.0000,0.0000,     0,0,0,2.14,97.86,0.00,N/A,13.16,4.30,212.04,3.06,76.50,0.07,1.64,0.07,3.18,0.02,1.00,0.00,0.00,0.54,0.65,0.0000,0.0001,     0,0,0,2.24,97.76,0.00,N/A,14.32,4.50,212.04,3.18,79.61,0.07,1.78,0.06,3.01,0.02,1.00,0.00,0.00,0.71,0.92,0.0000,0.0000,     0,0,0,1.96,98.04,0.00,N/A,13.18,4.38,212.04,3.01,75.28,0.06,1.48,0.06,3.06,0.02,1.00,0.00,0.00,0.65,0.73,0.0000,0.0000,     0,0,0,1.92,98.08,0.00,N/A,13.14,4.29,212.04,3.06,76.60,0.06,1.47,0.09,2.36,0.04,1.00,0.00,0.01,0.94,0.89,0.0000,0.0003,     0,0,0,3.92,96.08,0.00,N/A,21.24,9.01,212.04,2.36,58.94,0.09,2.31,0.01,0.31,0.02,1.00,0.00,0.03,0.96,0.27,0.0008,0.0210,     0,0,0,2.07,97.93,0.00,N/A,1.36,4.39,212.04,0.31,7.73,0.01,0.16,0.09,3.04,0.03,1.00,0.00,0.00,0.57,0.61,0.0000,0.0001,     0,0,0,3.01,96.99,0.00,N/A,19.38,6.38,212.04,3.04,75.95,0.09,2.28,0.06,3.11,0.02,1.00,0.00,0.00,0.72,0.75,0.0000,0.0000,     0,0,0,1.98,98.02,0.00,N/A,13.02,4.19,212.04,3.11,77.64,0.06,1.54,0.10,3.39,0.03,1.00,0.00,0.00,0.45,0.89,0.0000,0.0000,     0,0,0,2.95,97.05,0.00,N/A,21.22,6.26,212.04,3.39,84.76,0.10,2.50,0.03,2.96,0.01,1.00,0.00,0.00,0.77,0.75,0.0000,0.0000,     0,0,0,1.14,98.86,0.00,N/A,6.75,2.28,212.04,2.96,73.96,0.03,0.84,0.00,1.21,0.00,1.00,0.00,0.00,0.89,0.76,0.0001,0.0010,     0,0,0,0.10,99.90,0.00,N/A,0.26,0.21,212.04,1.21,30.35,0.00,0.03,0.00,0.50,0.00,1.00,0.00,0.00,0.84,0.69,0.0008,0.0058,     0,0,0,0.07,99.93,0.00,N/A,0.08,0.15,212.04,0.50,12.61,0.00,0.01,0.00,0.61,0.00,1.00,0.00,0.00,0.81,0.53,0.0012,0.0077,     0,0,0,0.14,99.86,0.00,N/A,0.19,0.31,212.04,0.61,15.16,0.00,0.02,
2024-03-21,21:07:04.536,0.05,2.57,0.02,1.00,0.00,0.07,0.93,0.48,0.0000,0.0004,0.00,0.00,-214748,100.00,0.00,0.00,0.00,0.00,210.37,2.57,64.33,0.05,1.19,0.66,0.52,1.87,1.85,98.15,0.00,100.00,0.00,0.00,0.00,0.00,-nan,0.08,0.07,2.65,0.03,1.00,0.00,0.04,0.91,0.56,0.0000,0.0003,     0,0,0,0.00,0.00,-2147483648,0.00,0.00,N/A,122.25,46.11,210.37,2.65,66.29,0.07,1.83,0.02,2.35,0.01,1.00,0.00,0.03,0.94,0.34,0.0001,0.0008,     0,0,0,0.00,0.00,-2147483648,0.00,0.00,N/A,37.18,15.85,210.37,2.35,58.64,0.02,0.55,0.21,0.20,  0%,  0%,0.16,0.10,  0%,  0%,0.45,0.58,  0%,  0%,0.47,0.38,  0%,  0%,2.77,97.23,0.00,100.00,0.00,0.00,0.94,99.06,0.00,100.00,0.00,0.00,0.00,0.00,0.00 ,0.00 ,-nan ,-nan ,0.08,0.08,0.01,0.31,0.02,1.00,0.00,0.03,0.94,0.27,0.0012,0.0200,     0,0,0,2.26,97.74,0.00,N/A,1.47,4.74,210.37,0.31,7.74,0.01,0.17,0.13,3.13,0.04,1.00,0.00,0.00,0.64,0.82,0.0000,0.0000,     0,0,0,4.17,95.83,0.00,N/A,26.04,8.32,210.37,3.13,78.21,0.13,3.26,0.03,1.50,0.02,1.00,0.00,0.01,0.91,0.84,0.0001,0.0009,     0,0,0,2.03,97.97,0.00,N/A,6.37,4.24,210.37,1.50,37.54,0.03,0.76,0.00,0.88,0.00,1.00,0.00,0.00,0.87,0.79,0.0000,0.0018,     0,0,0,0.24,99.76,0.00,N/A,0.44,0.50,210.37,0.88,22.10,0.00,0.05,0.13,3.34,0.04,1.00,0.00,0.00,0.74,0.63,0.0000,0.0000,     0,0,0,3.91,96.09,0.00,N/A,27.79,8.33,210.37,3.34,83.39,0.13,3.26,0.12,3.12,0.04,1.00,0.00,0.00,0.75,0.80,0.0000,0.0000,     0,0,0,3.96,96.04,0.00,N/A,25.93,8.32,210.37,3.12,77.90,0.12,3.09,0.12,3.13,0.04,1.00,0.00,0.00,0.84,0.90,0.0000,0.0000,     0,0,0,3.96,96.04,0.00,N/A,26.09,8.32,210.37,3.13,78.36,0.12,3.11,0.04,2.44,0.02,1.00,0.00,0.00,0.46,0.61,0.0001,0.0002,     0,0,0,1.63,98.37,0.00,N/A,8.12,3.32,210.37,2.44,61.11,0.04,1.00,0.01,0.30,0.02,1.00,0.00,0.03,0.96,0.27,0.0009,0.0209,     0,0,0,2.16,97.84,0.00,N/A,1.35,4.54,210.37,0.30,7.41,0.01,0.16,0.04,3.27,0.01,1.00,0.00,0.00,0.58,0.68,0.0000,0.0000,     0,0,0,1.09,98.91,0.00,N/A,7.09,2.17,210.37,3.27,81.82,0.04,0.89,0.10,3.37,0.03,1.00,0.00,0.00,0.48,0.69,0.0000,0.0000,     0,0,0,2.86,97.14,0.00,N/A,21.29,6.32,210.37,3.37,84.23,0.10,2.41,0.00,0.45,0.00,1.00,0.00,0.00,0.82,0.78,0.0003,0.0041,     0,0,0,0.03,99.97,0.00,N/A,0.03,0.06,210.37,0.45,11.31,0.00,0.00,0.03,3.27,0.01,1.00,0.00,0.00,0.87,0.68,0.0000,0.0000,     0,0,0,1.03,98.97,0.00,N/A,7.12,2.18,210.37,3.27,81.78,0.03,0.85,0.00,0.45,0.00,1.00,0.00,0.00,0.78,0.62,0.0012,0.0081,     0,0,0,0.08,99.92,0.00,N/A,0.08,0.18,210.37,0.45,11.25,0.00,0.01,0.00,0.46,0.00,1.00,0.00,0.00,0.82,0.70,0.0009,0.0060,     0,0,0,0.05,99.95,0.00,N/A,0.05,0.11,210.37,0.46,11.61,0.00,0.01,0.00,0.57,0.00,1.00,0.00,0.00,0.77,0.52,0.0015,0.0076,     0,0,0,0.14,99.86,0.00,N/A,0.17,0.30,210.37,0.57,14.21,0.00,0.02,
2024-03-21,21:07:04.637,0.04,2.49,0.02,1.00,0.00,0.07,0.94,0.57,0.0000,0.0005,0.00,0.00,-2147483648,0.00,0.00,146.44,58.88,211.69,2.49,62.18,0.04,1.08,1.32,0.34,3.99,1.74,98.26,0.00,100.00,0.00,0.00,0.00,0.00,-nan,0.09,0.05,2.47,0.02,1.00,0.00,0.04,0.94,0.66,0.0000,0.0004,     0,0,0,0.00,0.00,-2147483648,0.00,0.00,N/A,90.36,36.65,211.69,2.47,61.63,0.05,1.34,0.03,2.52,0.01,1.00,0.00,0.03,0.94,0.35,0.0000,0.0006,     0,0,0,0.00,0.00,-2147483648,0.00,0.00,N/A,56.08,22.23,211.69,2.52,63.07,0.03,0.82,0.24,0.26,  0%,  0%,0.44,0.37,  0%,  0%,1.20,1.66,  1%,  1%,0.68,0.46,  0%,  0%,2.18,97.82,0.00,100.00,0.00,0.00,1.30,98.70,0.00,100.00,0.00,0.00,0.00,0.00,0.00 ,0.00 ,-nan ,-nan ,0.08,0.10,0.03,0.99,0.03,1.00,0.00,0.03,0.95,0.28,0.0002,0.0045,     0,0,0,3.04,96.96,0.00,N/A,6.36,6.43,211.69,0.99,24.72,0.03,0.75,0.00,0.46,0.00,1.00,0.00,0.00,1.00,0.90,0.0000,0.0019,     0,0,0,0.02,99.98,0.00,N/A,0.02,0.04,211.69,0.46,11.56,0.00,0.00,0.04,2.31,0.02,1.00,0.00,0.00,0.87,0.87,0.0000,0.0002,     0,0,0,1.91,98.09,0.00,N/A,9.83,4.26,211.69,2.31,57.76,0.04,1.10,0.09,2.60,0.04,1.00,0.00,0.00,0.96,0.94,0.0000,0.0001,     0,0,0,3.63,96.37,0.00,N/A,20.10,7.72,211.69,2.60,65.12,0.09,2.37,0.03,2.79,0.01,1.00,0.00,0.00,0.67,0.72,0.0000,0.0001,     0,0,0,1.16,98.84,0.00,N/A,6.75,2.41,211.69,2.79,69.87,0.03,0.81,0.13,3.10,0.04,1.00,0.00,0.00,0.54,0.69,0.0000,0.0000,     0,0,0,4.14,95.86,0.00,N/A,25.75,8.30,211.69,3.10,77.54,0.13,3.21,0.07,3.04,0.02,1.00,0.00,0.00,0.75,0.96,0.0000,0.0000,     0,0,0,2.17,97.83,0.00,N/A,13.25,4.36,211.69,3.04,76.01,0.07,1.65,0.04,2.65,0.02,1.00,0.00,0.00,0.83,0.76,0.0000,0.0003,     0,0,0,1.55,98.45,0.00,N/A,8.29,3.13,211.69,2.65,66.18,0.04,1.03,0.01,0.29,0.02,1.00,0.00,0.03,0.96,0.28,0.0009,0.0204,     0,0,0,2.22,97.78,0.00,N/A,1.36,4.70,211.69,0.29,7.23,0.01,0.16,0.03,2.85,0.01,1.00,0.00,0.00,0.51,0.67,0.0000,0.0001,     0,0,0,1.04,98.96,0.00,N/A,6.63,2.32,211.69,2.85,71.30,0.03,0.74,0.03,3.27,0.01,1.00,0.00,0.00,0.80,0.70,0.0000,0.0000,     0,0,0,1.02,98.98,0.00,N/A,7.10,2.17,211.69,3.27,81.76,0.03,0.84,0.10,3.39,0.03,1.00,0.00,0.00,0.64,0.90,0.0000,0.0000,     0,0,0,2.96,97.04,0.00,N/A,21.19,6.26,211.69,3.39,84.66,0.10,2.50,0.09,3.12,0.03,1.00,0.00,0.00,0.41,0.89,0.0000,0.0000,     0,0,0,2.94,97.06,0.00,N/A,19.51,6.25,211.69,3.12,78.02,0.09,2.29,0.00,0.38,0.00,1.00,0.00,0.00,0.70,0.86,0.0006,0.0024,     0,0,0,0.03,99.97,0.00,N/A,0.02,0.05,211.69,0.38,9.56,0.00,0.00,0.00,0.51,0.00,1.00,0.00,0.00,0.86,0.60,0.0009,0.0075,     0,0,0,0.10,99.90,0.00,N/A,0.11,0.21,211.69,0.51,12.85,0.00,0.01,0.00,0.63,0.00,1.00,0.00,0.00,0.84,0.51,0.0011,0.0076,     0,0,0,0.12,99.88,0.00,N/A,0.17,0.26,211.69,0.63,15.64,0.00,0.02,
2024-03-21,21:07:04.736,0.04,2.35,0.02,1.00,0.01,0.08,0.88,0.58,0.0001,0.0005,0.00,0.00,-2147483648,0.00,0.00,147.90,62.82,210.25,2.35,58.86,0.04,1.10,2.00,1.00,5.45,1.87,98.13,0.00,100.00,0.00,0.00,0.00,0.00,-nan,0.08,0.06,2.64,0.02,1.00,0.00,0.04,0.91,0.46,0.0000,0.0004,     0,0,0,0.00,0.00,-2147483648,0.00,0.00,N/A,94.83,35.90,210.25,2.64,66.03,0.06,1.40,0.03,1.97,0.02,1.00,0.01,0.04,0.85,0.65,0.0001,0.0008,     0,0,0,0.00,0.00,-2147483648,0.00,0.00,N/A,53.07,26.91,210.25,1.97,49.30,0.03,0.80,0.33,0.27,  0%,  0%,0.71,0.69,  0%,  0%,1.21,1.68,  1%,  1%,1.37,1.18,  1%,  1%,2.12,97.88,0.00,100.00,0.00,0.00,1.61,98.39,0.00,100.00,0.00,0.00,0.00,0.00,0.00 ,0.00 ,-nan ,-nan ,0.08,0.08,0.01,0.33,0.02,1.00,0.00,0.03,0.95,0.26,0.0009,0.0184,     0,0,0,2.34,97.66,0.00,N/A,1.65,4.92,210.25,0.33,8.36,0.01,0.20,0.14,3.39,0.04,1.00,0.00,0.00,0.79,0.88,0.0000,0.0000,     0,0,0,4.00,96.00,0.00,N/A,28.25,8.32,210.25,3.39,84.86,0.14,3.40,0.11,3.03,0.04,1.00,0.00,0.00,0.40,0.55,0.0000,0.0000,     0,0,0,3.64,96.36,0.00,N/A,22.98,7.58,210.25,3.03,75.83,0.11,2.76,0.10,2.98,0.03,1.00,0.00,0.00,0.47,0.33,0.0000,0.0001,     0,0,0,3.21,96.79,0.00,N/A,19.93,6.70,210.25,2.98,74.40,0.10,2.39,0.01,1.31,0.01,1.00,0.00,0.00,0.77,0.86,0.0002,0.0010,     0,0,0,0.73,99.27,0.00,N/A,2.01,1.54,210.25,1.31,32.69,0.01,0.24,0.09,3.12,0.03,1.00,0.00,0.00,0.65,0.76,0.0000,0.0000,     0,0,0,2.86,97.14,0.00,N/A,19.58,6.28,210.25,3.12,77.93,0.09,2.23,0.00,0.96,0.00,1.00,0.00,0.00,0.87,0.95,0.0001,0.0005,     0,0,0,0.11,99.89,0.00,N/A,0.23,0.24,210.25,0.96,24.00,0.00,0.03,0.00,0.62,0.00,1.00,0.00,0.00,0.38,0.64,0.0015,0.0043,     0,0,0,0.15,99.85,0.00,N/A,0.20,0.32,210.25,0.62,15.58,0.00,0.02,0.01,0.29,0.02,1.00,0.00,0.03,0.95,0.28,0.0009,0.0206,     0,0,0,2.23,97.77,0.00,N/A,1.36,4.69,210.25,0.29,7.24,0.01,0.16,0.01,0.86,0.01,1.00,0.00,0.00,0.70,0.72,0.0006,0.0022,     0,0,0,1.23,98.77,0.00,N/A,2.12,2.45,210.25,0.86,21.58,0.01,0.27,0.04,3.20,0.01,1.00,0.00,0.00,0.75,0.60,0.0000,0.0001,     0,0,0,1.11,98.89,0.00,N/A,7.09,2.21,210.25,3.20,80.06,0.04,0.89,0.06,1.95,0.03,1.00,0.00,0.00,0.65,0.92,0.0001,0.0003,     0,0,0,2.96,97.04,0.00,N/A,12.12,6.23,210.25,1.95,48.63,0.06,1.44,0.00,0.60,0.00,1.00,0.00,0.00,0.81,0.61,0.0004,0.0036,     0,0,0,0.30,99.70,0.00,N/A,0.38,0.63,210.25,0.60,15.00,0.00,0.05,0.07,2.99,0.02,1.00,0.00,0.00,0.69,0.61,0.0000,0.0001,     0,0,0,2.47,97.53,0.00,N/A,15.53,5.20,210.25,2.99,74.66,0.07,1.85,0.03,3.02,0.01,1.00,0.00,0.00,0.63,0.64,0.0000,0.0001,     0,0,0,1.09,98.91,0.00,N/A,7.19,2.38,210.25,3.02,75.50,0.03,0.82,0.03,2.34,0.01,1.00,0.00,0.00,0.47,0.60,0.0002,0.0004,     0,0,0,1.48,98.52,0.00,N/A,7.29,3.11,210.25,2.34,58.51,0.03,0.87,
2024-03-21,21:07:04.837,0.04,2.49,0.02,1.00,0.01,0.07,0.92,0.51,0.0000,0.0005,0.00,0.00,-2147483648,0.00,0.00,137.62,55.17,209.90,2.49,62.36,0.04,1.02,0.93,0.52,2.21,1.64,98.36,0.00,100.00,0.00,0.00,0.00,0.00,-nan,0.08,0.06,2.59,0.02,1.00,0.00,0.04,0.93,0.59,0.0000,0.0004,     0,0,0,0.00,0.00,-,1.00,0.00,0.03,0.93,0.32,0.000,39.13,209.90,2.59,64.72,0.06,1.51,0.02,2.26,0.01,1.00,0.00,0.03,0.91,0.35,0.0001,0.0009,     0,0,0,0.00,0.00,-2147483648,0.00,0.00,N/A,36.32,16.04,209.90,2.26,56.61,0.02,0.54,0.17,0.38,  0%,  0%,0.33,0.06,  0%,  0%,0.99,0.65,  0%,  0%,0.33,0.24,  0%,  0%,2.34,97.66,0.00,100.00,0.00,0.00,0.95,99.05,0.00,100.00,0.00,0.00,0.00,0.00,0.00 ,0.00 ,-nan ,-nan ,0.08,0.08,0.01,0.33,0.02,1.00,0.00,0.03,0.95,0.27,0.0008,0.0182,     0,0,0,2.38,97.62,0.00,N/A,1.66,5.00,209.90,0.33,8.31,0.01,0.20,0.14,3.40,0.04,1.00,0.00,0.00,0.86,0.85,0.0000,0.0000,     0,0,0,4.14,95.86,0.00,N/A,28.25,8.32,209.90,3.40,84.91,0.14,3.52,0.12,3.04,0.04,1.00,0.00,0.00,0.73,0.64,0.0000,0.0000,     0,0,0,3.92,96.08,0.00,N/A,25.30,8.32,209.90,3.04,76.06,0.12,2.98,0.03,2.90,0.01,1.00,0.00,0.00,0.83,0.79,0.0000,0.0000,     0,0,0,1.05,98.95,0.00,N/A,6.62,2.29,209.90,2.90,72.39,0.03,0.76,0.03,1.68,0.01,1.00,0.00,0.00,0.96,0.95,0.0000,0.0003,     0,0,0,1.49,98.51,0.00,N/A,5.24,3.12,209.90,1.68,42.00,0.03,0.63,0.06,3.04,0.02,1.00,0.00,0.00,0.56,0.67,0.0000,0.0000,     0,0,0,2.13,97.87,0.00,N/A,13.02,4.29,209.90,3.04,75.92,0.06,1.62,0.09,3.15,0.03,1.00,0.00,0.00,0.81,0.90,0.0000,0.0000,     0,0,0,2.95,97.05,0.00,N/A,19.67,6.25,209.90,3.15,78.64,0.09,2.32,0.01,0.99,0.01,1.00,0.00,0.00,0.54,0.76,0.0004,0.0012,     0,0,0,0.73,99.27,0.00,N/A,1.54,1.55,209.90,0.99,24.76,0.01,0.18,0.01,0.30,0.02,1.00,0.00,0.03,0.96,0.28,0.0009,0.0208,     0,0,0,2.15,97.85,0.00,N/A,1.34,4.52,209.90,0.30,7.44,0.01,0.16,0.07,3.29,0.02,1.00,0.00,0.00,0.40,0.67,0.0000,0.0000,     0,0,0,2.03,97.97,0.00,N/A,13.99,4.26,209.90,3.29,82.15,0.07,1.67,0.03,3.31,0.01,1.00,0.00,0.00,0.59,0.82,0.0000,0.0000,     0,0,0,0.96,99.04,0.00,N/A,7.06,2.13,209.90,3.31,82.78,0.03,0.80,0.00,0.42,0.00,1.00,0.00,0.00,0.79,0.89,0.0004,0.0021,     0,0,0,0.02,99.98,0.00,N/A,0.02,0.04,209.90,0.42,10.55,0.00,0.00,0.00,0.43,0.00,1.00,0.00,0.00,0.58,0.62,0.0020,0.0074,     0,0,0,0.10,99.90,0.00,N/A,0.09,0.21,209.90,0.43,10.71,0.00,0.01,0.03,3.14,0.01,1.00,0.00,0.00,0.56,0.63,0.0000,0.0001,     0,0,0,1.08,98.92,0.00,N/A,7.13,2.27,209.90,3.14,78.62,0.03,0.85,0.03,2.98,0.01,1.00,0.00,0.00,0.62,0.67,0.0000,0.0001,     0,0,0,1.08,98.92,0.00,N/A,6.47,2.17,209.90,2.98,74.41,0.03,0.81,0.00,0.48,0.00,1.00,0.00,0.00,0.35,0.55,0.0044,0.0078,     0,0,0,0.21,99.79,0.00,N/A,0.21,0.44,209.90,0.48,11.96,0.00,0.02,
2024-03-21,21:07:04.936,0.05,2.48,0.02,1.00,0.01,0.07,0.91,0.52,0.0000,0.0005,0.00,0.00,-2147483648,0.00,0.00,153.87,61.98,209.92,2.48,62.06,0.05,1.14,1.19,0.52,3.76,1.84,98.16,0.00,100.00,0.00,0.00,0.00,0.00,-nan,0.08,0.06,2.64,0.02,1.00,0.00,0.04,0.92,0.57,0.0000,0.0004,     0,0,0,0.00,0.00,-2147483648,0.00,0.00,N/A,108.44,41.15,209.92,2.64,65.88,0.06,1.62,0.03,2.18,0.01,1.00,0.00,0.03,0.90,0.45,0.0001,0.0007,     0,0,0,0.00,0.00,-2147483648,0.00,0.00,N/A,45.43,20.83,209.92,2.18,54.52,0.03,0.67,0.25,0.30,  0%,  0%,0.37,0.27,  0%,  0%,0.77,0.96,  0%,  0%,0.98,1.04,  0%,  0%,2.46,97.54,0.00,100.00,0.00,0.00,1.24,98.76,0.00,100.00,0.00,0.00,0.00,0.00,0.00 ,0.00 ,-nan ,-nan ,0.08,0.08,0.01,0.33,0.02,1.00,0.00,0.03,0.94,0.25,0.0012,0.0210,     0,0,0,2.11,97.89,0.00,N/A,1.45,4.43,209.92,0.33,8.21,0.01,0.17,0.03,2.80,0.01,1.00,0.00,0.00,0.86,0.69,0.0000,0.0001,     0,0,0,1.14,98.86,0.00,N/A,6.69,2.39,209.92,2.80,70.12,0.03,0.80,0.12,3.08,0.04,1.00,0.00,0.00,0.75,0.66,0.0000,0.0000,     0,0,0,4.00,96.00,0.00,N/A,25.59,8.32,209.92,3.08,76.89,0.12,3.08,0.13,3.13,0.04,1.00,0.00,0.00,0.76,0.90,0.0000,0.0000,     0,0,0,4.10,95.90,0.00,N/A,26.01,8.32,209.92,3.13,78.16,0.13,3.21,0.00,0.69,0.00,1.00,0.00,0.00,0.80,0.67,0.0002,0.0031,     0,0,0,0.23,99.77,0.00,N/A,0.34,0.49,209.92,0.69,17.23,0.00,0.04,0.03,1.64,0.02,1.00,0.00,0.00,0.94,0.91,0.0000,0.0006,     0,0,0,1.66,98.34,0.00,N/A,5.73,3.48,209.92,1.64,41.09,0.03,0.68,0.14,3.39,0.04,1.00,0.00,0.00,0.94,0.90,0.0000,0.0000,     0,0,0,4.00,96.00,0.00,N/A,28.24,8.32,209.92,3.39,84.83,0.14,3.40,0.07,2.67,0.03,1.00,0.00,0.00,0.46,0.63,0.0001,0.0001,     0,0,0,2.60,97.40,0.00,N/A,14.38,5.39,209.92,2.67,66.70,0.07,1.73,0.01,0.38,0.02,1.00,0.00,0.03,0.95,0.27,0.0008,0.0148,     0,0,0,2.43,97.57,0.00,N/A,1.95,5.10,209.92,0.38,9.56,0.01,0.23,0.07,2.44,0.03,1.00,0.00,0.00,0.56,0.87,0.0000,0.0001,     0,0,0,2.84,97.16,0.00,N/A,15.19,6.23,209.92,2.44,60.94,0.07,1.73,0.13,3.33,0.04,1.00,0.00,0.00,0.33,0.91,0.0000,0.0000,     0,0,0,4.00,96.00,0.00,N/A,27.73,8.33,209.92,3.33,83.28,0.13,3.33,0.00,0.43,0.00,1.00,0.00,0.00,0.84,0.86,0.0003,0.0025,     0,0,0,0.02,99.98,0.00,N/A,0.02,0.05,209.92,0.43,10.85,0.00,0.00,0.00,0.39,0.00,1.00,0.00,0.00,0.55,0.73,0.0013,0.0037,     0,0,0,0.15,99.85,0.00,N/A,0.12,0.31,209.92,0.39,9.72,0.00,0.01,0.00,0.49,0.00,1.00,0.00,0.00,0.68,0.70,0.0015,0.0055,     0,0,0,0.06,99.94,0.00,N/A,0.06,0.12,209.92,0.49,12.20,0.00,0.01,0.00,0.49,0.00,1.00,0.00,0.00,0.83,0.65,0.0009,0.0073,     0,0,0,0.06,99.94,0.00,N/A,0.06,0.13,209.92,0.49,12.21,0.00,0.01,0.00,0.52,0.00,1.00,0.00,0.00,0.41,0.52,0.0036,0.0076,     0,0,0,0.28,99.72,0.00,N/A,0.30,0.58,209.92,0.52,12.97,0.00,0.04,
2024-03-21,21:07:05.038,0.04,2.52,0.02,1.00,0.00,0.07,0.93,0.51,0.0000,0.0005,0.00,0.00,-2147483648,0.00,0.00,141.80,56.17,210.06,2.52,63.11,0.04,1.05,0.64,0.39,2.00,1.67,98.33,0.00,100.00,0.00,0.00,0.00,0.00,-nan,0.08,0.05,2.54,0.02,1.00,0.00,0.04,0.93,0.60,0.0000,0.0004,     0,0,0,0.00,0.00,-2147483648,0.00,0.00,N/A,89.17,35.09,210.06,2.54,63.53,0.05,1.32,0.03,2.50,0.01,1.00,0.00,0.03,0.93,0.35,0.0000,0.0006,     0,0,0,0.00,0.00,-2147483648,0.00,0.00,N/A,52.63,21.08,210.06,2.50,62.42,0.03,0.79,0.18,0.21,  0%,  0%,0.14,0.11,  0%,  0%,0.48,0.71,  0%,  0%,0.46,0.36,  0%,  0%,2.08,97.92,0.00,100.00,0.00,0.00,1.26,98.74,0.00,100.00,0.00,0.00,0.00,0.00,0.00 ,0.00 ,-nan ,-nan ,0.08,0.08,0.01,0.51,0.03,1.00,0.00,0.03,0.94,0.25,0.0006,0.0114,     0,0,0,2.56,97.44,0.00,N/A,2.72,5.38,210.06,0.51,12.65,0.01,0.32,0.03,3.01,0.01,1.00,0.00,0.00,0.46,0.76,0.0000,0.0000,     0,0,0,1.04,98.96,0.00,N/A,6.55,2.18,210.06,3.01,75.20,0.03,0.78,0.09,3.05,0.03,1.00,0.00,0.00,0.76,0.71,0.0000,0.0000,     0,0,0,3.00,97.00,0.00,N/A,19.39,6.36,210.06,3.05,76.21,0.09,2.29,0.06,3.32,0.02,1.00,0.00,0.00,0.89,0.76,0.0000,0.0000,     0,0,0,1.94,98.06,0.00,N/A,14.25,4.29,210.06,3.32,82.92,0.06,1.61,0.09,3.07,0.03,1.00,0.00,0.00,0.70,0.70,0.0000,0.0000,     0,0,0,2.95,97.05,0.00,N/A,19.16,6.25,210.06,3.07,76.68,0.09,2.26,0.05,2.33,0.02,1.00,0.00,0.00,0.97,0.93,0.0000,0.0002,     0,0,0,2.17,97.83,0.00,N/A,10.64,4.56,210.06,2.33,58.26,0.05,1.26,0.04,3.00,0.01,1.00,0.00,0.00,0.74,0.97,0.0000,0.0000,     0,0,0,1.24,98.76,0.00,N/A,7.48,2.49,210.06,3.00,75.07,0.04,0.93,0.04,2.51,0.02,1.00,0.00,0.00,0.63,0.85,0.0001,0.0002,     0,0,0,1.70,98.30,0.00,N/A,8.98,3.58,210.06,2.51,62.79,0.04,1.07,0.02,0.90,0.03,1.00,0.00,0.03,0.96,0.27,0.0002,0.0057,     0,0,0,2.54,97.46,0.00,N/A,4.82,5.33,210.06,0.90,22.58,0.02,0.57,0.10,3.30,0.03,1.00,0.00,0.00,0.58,0.75,0.0000,0.0000,     0,0,0,2.95,97.05,0.00,N/A,20.88,6.32,210.06,3.30,82.60,0.10,2.44,0.10,3.12,0.03,1.00,0.00,0.00,0.50,0.90,0.0000,0.0000,     0,0,0,3.11,96.89,0.00,N/A,19.52,6.25,210.06,3.12,78.07,0.10,2.43,0.00,0.42,0.00,1.00,0.00,0.00,0.88,0.88,0.0002,0.0021,     0,0,0,0.02,99.98,0.00,N/A,0.02,0.05,210.06,0.42,10.41,0.00,0.00,0.03,3.01,0.01,1.00,0.00,0.00,0.56,0.73,0.0000,0.0000,     0,0,0,1.04,98.96,0.00,N/A,6.54,2.18,210.06,3.01,75.21,0.03,0.78,0.00,0.47,0.00,1.00,0.00,0.00,0.82,0.72,0.0009,0.0056,     0,0,0,0.05,99.95,0.00,N/A,0.05,0.10,210.06,0.47,11.77,0.00,0.01,0.00,1.30,0.00,1.00,0.00,0.00,0.65,0.68,0.0003,0.0010,     0,0,0,0.20,99.80,0.00,N/A,0.55,0.43,210.06,1.30,32.49,0.00,0.07,0.00,0.59,0.00,1.00,0.00,0.00,0.70,0.51,0.0020,0.0076,     0,0,0,0.20,99.80,0.00,N/A,0.25,0.42,210.06,0.59,14.84,0.00,0.03,
2024-03-21,21:07:05.137,0.05,2.47,0.02,1.00,0.01,0.07,0.91,0.61,0.0000,0.0005,0.00,0.00,-2147483648,0.00,0.00,158.15,63.94,209.96,2.47,61.83,0.05,1.18,0.94,0.19,2.38,1.91,98.09,0.00,100.00,0.00,0.00,0.00,0.00,-nan,0.08,0.07,2.47,0.03,1.00,0.00,0.04,0.89,0.71,0.0000,0.0004,     0,0,0,0.00,0.00,-2147483648,0.00,0.00,N/A,108.61,43.92,209.96,2.47,61.82,0.07,1.63,0.03,2.47,0.01,1.00,0.00,0.03,0.94,0.33,0.0000,0.0006,     0,0,0,0.00,0.00,-2147483648,0.00,0.00,N/A,49.54,20.02,209.96,2.47,61.86,  1%,  1%,2.42,97.58,0.00,100.00,0,0.14,  0%,  0%,0.75,0.46,  0%,  0%,0.92,0.25,  0%,  0%,2.64,97.36,0.00,100.00,0.00,0.00,1.19,98.81,0.00,100.00,0.00,0.00,0.00,0.00,0.00 ,0.00 ,-nan ,-nan ,0.08,0.08,0.01,0.31,0.02,1.00,0.00,0.03,0.94,0.27,0.0013,0.0199,     0,0,0,2.26,97.74,0.00,N/A,1.45,4.75,209.96,0.31,7.63,0.01,0.17,0.04,2.65,0.01,1.00,0.00,0.00,0.34,0.76,0.0000,0.0000,     0,0,0,1.39,98.61,0.00,N/A,7.80,2.94,209.96,2.65,66.34,0.04,0.92,0.03,2.76,0.01,1.00,0.00,0.00,0.78,0.69,0.0000,0.0001,     0,0,0,1.19,98.81,0.00,N/A,6.51,2.36,209.96,2.76,69.03,0.03,0.82,0.13,3.34,0.04,1.00,0.00,0.00,0.67,0.65,0.0000,0.0000,     0,0,0,4.00,96.00,0.00,N/A,27.75,8.31,209.96,3.34,83.49,0.13,3.34,0.13,3.08,0.04,1.00,0.00,0.00,0.77,0.64,0.0000,0.0000,     0,0,0,4.19,95.81,0.00,N/A,25.59,8.32,209.96,3.08,76.91,0.13,3.22,0.07,1.94,0.03,1.00,0.00,0.01,0.74,0.89,0.0001,0.0004,     0,0,0,3.43,96.57,0.00,N/A,13.93,7.17,209.96,1.94,48.57,0.07,1.66,0.09,3.06,0.03,1.00,0.00,0.00,0.75,0.96,0.0000,0.0000,     0,0,0,2.94,97.06,0.00,N/A,19.73,6.44,209.96,3.06,76.60,0.09,2.25,0.03,1.61,0.02,1.00,0.00,0.00,0.72,0.93,0.0001,0.0005,     0,0,0,1.73,98.27,0.00,N/A,5.85,3.63,209.96,1.61,40.26,0.03,0.70,0.01,0.30,0.02,1.00,0.00,0.03,0.96,0.27,0.0009,0.0210,     0,0,0,2.17,97.83,0.00,N/A,1.36,4.55,209.96,0.30,7.48,0.01,0.16,0.07,3.24,0.02,1.00,0.00,0.00,0.48,0.82,0.0000,0.0000,     0,0,0,2.02,97.98,0.00,N/A,13.58,4.19,209.96,3.24,80.95,0.07,1.63,0.10,3.38,0.03,1.00,0.00,0.00,0.48,0.90,0.0000,0.0000,     0,0,0,2.98,97.02,0.00,N/A,21.14,6.25,209.96,3.38,84.53,0.10,2.52,0.00,0.41,0.00,1.00,0.00,0.00,0.85,0.88,0.0003,0.0023,     0,0,0,0.03,99.97,0.00,N/A,0.02,0.05,209.96,0.41,10.35,0.00,0.00,0.00,0.47,0.00,1.00,0.00,0.00,0.84,0.74,0.0008,0.0057,     0,0,0,0.06,99.94,0.00,N/A,0.06,0.12,209.96,0.47,11.70,0.00,0.01,0.06,3.11,0.02,1.00,0.00,0.00,0.60,0.84,0.0000,0.0000,     0,0,0,2.00,98.00,0.00,N/A,13.05,4.19,209.96,3.11,77.86,0.06,1.55,0.00,0.42,0.00,1.00,0.00,0.00,0.87,0.70,0.0006,0.0059,     0,0,0,0.06,99.94,0.00,N/A,0.05,0.12,209.96,0.42,10.57,0.00,0.01,0.00,0.52,0.00,1.00,0.00,0.00,0.70,0.51,0.0020,0.0078,     0,0,0,0.26,99.74,0.00,N/A,0.29,0.55,209.96,0.52,13.06,0.00,0.03,
2024-03-21,21:07:05.236,0.05,2.54,0.02,1.00,0.00,0.07,0.93,0.54,0.0000,0.0004,0.00,0.00,-2147483648,0.00,0.00,158.93,62.49,210.10,2.54,63.58,0.05,1.19,0.57,0.33,2.87,1.87,98.13,0.00,100.00,0.00,0.00,0.00,0.00,-nan,0.10,0.06,2.56,0.02,1.00,0.00,0.04,0.93,0.64,0.0000,0.0004,     0,0,0,0.00,0.00,-2147483648,0.00,0.00,N/A,101.96,39.80,210.10,2.56,64.05,0.06,1.51,0.03,2.51,0.01,1.00,0.00,0.03,0.92,0.35,0.0000,0.0006,     0,0,0,0.00,0.00,-2147483648,0.00,0.00,N/A,56.96,22.69,210.10,2.51,62.77,0.03,0.86,0.10,0.15,  0%,  0%,0.20,0.12,  0%,  0%,0.30,0.59,  0%,  0%,0.65,1.33,  0%,  1%,2.36,97.64,0.00,100.00,0.00,0.00,1.37,98.63,0.00,100.00,0.00,0.00,0.00,0.00,0.00 ,0.00 ,-nan ,-nan ,0.10,0.10,0.01,0.30,0.02,1.00,0.00,0.03,0.95,0.27,0.0009,0.0204,     0,0,0,2.24,97.76,0.00,N/A,1.41,4.71,210.10,0.30,7.51,0.01,0.17,0.07,2.86,0.02,1.00,0.00,0.00,0.51,0.88,0.0000,0.0000,     0,0,0,2.42,97.58,0.00,N/A,15.10,5.28,210.10,2.86,71.43,0.07,1.73,0.07,3.06,0.02,1.00,0.00,0.00,0.59,0.60,0.0000,0.0000,     0,0,0,2.29,97.71,0.00,N/A,15.35,5.02,210.10,3.06,76.42,0.07,1.75,0.10,3.33,0.03,1.00,0.00,0.00,0.76,0.68,0.0000,0.0000,     0,0,0,3.11,96.89,0.00,N/A,20.80,6.25,210.10,3.33,83.18,0.10,2.59,0.07,2.98,0.02,1.00,0.00,0.00,0.80,0.64,0.0000,0.0001,     0,0,0,2.30,97.70,0.00,N/A,15.02,5.04,210.10,2.98,74.44,0.07,1.71,0.04,1.65,0.02,1.00,0.00,0.00,0.91,0.92,0.0000,0.0005,     0,0,0,2.24,97.76,0.00,N/A,7.82,4.74,210.10,1.65,41.24,0.04,0.92,0.13,3.14,0.04,1.00,0.00,0.00,0.76,0.83,0.0000,0.0000,     0,0,0,4.15,95.85,0.00,N/A,26.11,8.33,210.10,3.14,78.38,0.13,3.25,0.00,0.82,0.00,1.00,0.00,0.00,0.56,0.65,0.0006,0.0032,     0,0,0,0.20,99.80,0.00,N/A,0.35,0.42,210.10,0.82,20.54,0.00,0.04,0.02,0.80,0.03,1.00,0.00,0.03,0.94,0.26,0.0003,0.0061,     0,0,0,2.83,97.17,0.00,N/A,4.76,5.95,210.10,0.80,19.99,0.02,0.57,0.02,2.97,0.01,1.00,0.00,0.00,0.70,0.61,0.0000,0.0002,     0,0,0,0.72,99.28,0.00,N/A,4.27,1.44,210.10,2.97,74.30,0.02,0.54,0.06,3.25,0.02,1.00,0.00,0.00,0.48,0.90,0.0000,0.0000,     0,0,0,1.99,98.01,0.00,N/A,13.60,4.18,210.10,3.25,81.29,0.06,1.62,0.00,0.46,0.00,1.00,0.00,0.00,0.75,0.71,0.0011,0.0058,     0,0,0,0.05,99.95,0.00,N/A,0.05,0.11,210.10,0.46,11.57,0.00,0.01,0.03,3.24,0.01,1.00,0.00,0.00,0.83,0.73,0.0000,0.0000,     0,0,0,1.07,98.93,0.00,N/A,6.98,2.15,210.10,3.24,81.03,0.03,0.87,0.03,3.02,0.01,1.00,0.00,0.00,0.78,0.71,0.0000,0.0000,     0,0,0,1.03,98.97,0.00,N/A,6.55,2.17,210.10,3.02,75.54,0.03,0.78,0.07,3.27,0.02,1.00,0.00,0.00,0.82,0.70,0.0000,0.0000,     0,0,0,2.04,97.96,0.00,N/A,14.04,4.29,210.10,3.27,81.84,0.07,1.67,0.03,2.80,0.01,1.00,0.00,0.00,0.74,0.57,0.0000,0.0002,     0,0,0,1.14,98.86,0.00,N/A,6.71,2.40,210.10,2.80,69.88,0.03,0.80,
2024-03-21,21:07:05.337,0.04,2.57,0.02,1.00,0.00,0.07,0.92,0.39,0.0000,0.0005,0.00,0.00,-2147483648,0.00,0.00,144.99,56.37,211.93,2.57,64.30,0.04,1.07,0.48,0.49,1.73,1.66,98.34,0.00,100.00,0.00,0.00,0.00,0.00,-nan,0.08,0.06,2.70,0.02,1.00,0.00,0.03,0.93,0.40,0.0000,0.0003,     0,0,0,0.00,0.00,-2147483648,0.00,0.00,N/A,96.27,35.68,211.93,2.70,67.45,0.06,1.43,0.03,2.35,0.01,1.00,0.00,0.03,0.91,0.38,0.0001,0.0007,     0,0,0,0.00,0.00,-2147483648,0.00,0.00,N/A,48.73,20.69,211.93,2.35,58.87,0.03,0.71,0.11,0.14,  0%,  0%,0.14,0.10,  0%,  0%,0.33,0.44,  0%,  0%,0.51,0.45,  0%,  0%,2.11,97.89,0.00,100.00,0.00,0.00,1.21,98.79,0.00,100.00,0.00,0.00,0.00,0.00,0.00 ,0.00 ,-nan ,-nan ,0.08,0.08,0.01,0.29,0.02,1.00,0.00,0.03,0.96,0.26,0.0009,0.0212,     0,0,0,2.18,97.82,0.00,N/A,1.35,4.63,211.93,0.29,7.27,0.01,0.16,0.13,3.39,0.04,1.00,0.00,0.00,0.97,0.91,0.0000,0.0000,     0,0,0,3.96,96.04,0.00,N/A,28.22,8.32,211.93,3.39,84.83,0.13,3.36,0.12,3.10,0.04,1.00,0.00,0.00,0.69,0.68,0.0000,0.0000,     0,0,0,3.96,96.04,0.00,N/A,25.83,8.32,211.93,3.10,77.60,0.12,3.08,0.09,3.11,0.03,1.00,0.00,0.00,0.91,0.80,0.0000,0.0000,     0,0,0,2.91,97.09,0.00,N/A,19.81,6.38,211.93,3.11,77.63,0.09,2.26,0.07,2.92,0.02,1.00,0.00,0.00,0.73,0.70,0.0000,0.0001,     0,0,0,2.24,97.76,0.00,N/A,13.26,4.54,211.93,2.92,73.02,0.07,1.63,0.00,1.07,0.00,1.00,0.00,0.00,0.83,0.69,0.0003,0.0025,     0,0,0,0.30,99.70,0.00,N/A,0.67,0.62,211.93,1.07,26.72,0.00,0.08,0.03,2.91,0.01,1.00,0.00,0.00,0.80,0.95,0.0000,0.0000,     0,0,0,1.08,98.92,0.00,N/A,6.68,2.29,211.93,2.91,72.83,0.03,0.79,0.00,0.78,0.00,1.00,0.00,0.00,0.47,0.64,0.0010,0.0035,     0,0,0,0.27,99.73,0.00,N/A,0.45,0.58,211.93,0.78,19.50,0.00,0.05,0.01,0.29,0.02,1.00,0.00,0.03,0.96,0.28,0.0009,0.0204,     0,0,0,2.24,97.76,0.00,N/A,1.39,4.75,211.93,0.29,7.34,0.01,0.16,0.00,1.53,0.00,1.00,0.00,0.00,0.53,0.75,0.0002,0.0004,     0,0,0,0.27,99.73,0.00,N/A,0.89,0.58,211.93,1.53,38.21,0.00,0.10,0.05,2.54,0.02,1.00,0.00,0.00,0.43,0.66,0.0001,0.0002,     0,0,0,2.05,97.95,0.00,N/A,11.53,4.53,211.93,2.54,63.57,0.05,1.30,0.03,3.35,0.01,1.00,0.00,0.00,0.66,0.89,0.0000,0.0000,     0,0,0,1.00,99.00,0.00,N/A,7.08,2.11,211.93,3.35,83.80,0.03,0.84,0.10,3.35,0.03,1.00,0.00,0.00,0.81,0.73,0.0000,0.0000,     0,0,0,2.89,97.11,0.00,N/A,21.16,6.32,211.93,3.35,83.69,0.10,2.41,0.00,0.48,0.00,1.00,0.00,0.00,0.81,0.63,0.0012,0.0074,     0,0,0,0.08,99.92,0.00,N/A,0.08,0.17,211.93,0.48,12.06,0.00,0.01,0.00,0.41,0.00,1.00,0.00,0.00,0.94,0.75,0.0002,0.0049,     0,0,0,0.03,99.97,0.00,N/A,0.02,0.06,211.93,0.41,10.17,0.00,0.00,0.03,3.03,0.01,1.00,0.00,0.00,0.49,0.71,0.0000,0.0000,     0,0,0,1.02,98.98,0.00,N/A,6.56,2.16,211.93,3.03,75.78,0.03,0.78,
2024-03-21,21:07:05.442,0.04,2.50,0.02,1.00,0.00,0.07,0.94,0.62,0.0000,0.0005,0.00,0.00,-2147483648,0.00,0.00,149.60,59.78,210.04,2.50,62.56,0.04,1.11,0.56,0.41,1.35,1.77,98.23,0.00,100.00,0.00,0.00,0.00,0.00,-nan,0.08,0.06,2.54,0.02,1.00,0.00,0.04,0.94,0.72,0.0000,0.0003,     0,0,0,0.00,0.00,-2147483648,0.00,0.00,N/A,106.17,41.77,210.04,2.54,63.55,0.06,1.56,0.03,2.41,0.01,1.00,0.00,0.03,0.93,0.35,0.0000,0.0007,     0,0,0,0.00,0.00,-2147483648,0.00,0.00,N/A,43.43,18.01,210.04,2.41,60.28,0.03,0.65,0.14,0.09,  0%,  0%,0.23,0.10,  0%,  0%,0.18,0.37,  0%,  0%,0.52,0.29,  0%,  0%,2.46,97.54,0.00,100.00,0.00,0.00,1.07,98.93,0.00,100.00,0.00,0.00,0.00,0.00,0.00 ,0.00 ,-nan ,-nan ,0.08,,N/A,1.52,4.91,210.01,0.31,7.74,0.,0.96,0.26,0.0009,0.0210,     0,0,0,2.23,97.77,0.00,N/A,1.36,4.69,210.04,0.29,7.28,0.01,0.16,0.16,3.39,0.05,1.00,0.00,0.00,0.77,0.89,0.0000,0.0000,     0,0,0,4.65,95.35,0.00,N/A,35.33,10.41,210.04,3.39,84.87,0.16,3.94,0.07,2.54,0.03,1.00,0.00,0.00,0.84,0.90,0.0000,0.0001,     0,0,0,2.71,97.29,0.00,N/A,14.09,5.55,210.04,2.54,63.49,0.07,1.72,0.12,3.14,0.04,1.00,0.00,0.00,0.89,0.91,0.0000,0.0000,     0,0,0,3.93,96.07,0.00,N/A,26.13,8.33,210.04,3.14,78.43,0.12,3.08,0.03,2.63,0.01,1.00,0.00,0.00,0.46,0.67,0.0001,0.0002,     0,0,0,1.15,98.85,0.00,N/A,6.61,2.51,210.04,2.63,65.74,0.03,0.75,0.06,3.04,0.02,1.00,0.00,0.00,0.61,0.68,0.0000,0.0000,     0,0,0,2.02,97.98,0.00,N/A,12.95,4.25,210.04,3.04,76.11,0.06,1.54,0.00,0.92,0.00,1.00,0.00,0.00,0.76,0.97,0.0001,0.0003,     0,0,0,0.19,99.81,0.00,N/A,0.37,0.40,210.04,0.92,23.02,0.00,0.04,0.04,1.66,0.03,1.00,0.00,0.00,0.99,0.93,0.0000,0.0004,     0,0,0,2.68,97.32,0.00,N/A,9.33,5.63,210.04,1.66,41.46,0.04,1.11,0.01,0.29,0.02,1.00,0.00,0.03,0.95,0.27,0.0009,0.0208,     0,0,0,2.23,97.77,0.00,N/A,1.37,4.68,210.04,0.29,7.33,0.01,0.16,0.06,3.20,0.02,1.00,0.00,0.00,0.54,0.72,0.0000,0.0000,     0,0,0,2.02,97.98,0.00,N/A,13.59,4.25,210.04,3.20,80.00,0.06,1.62,0.00,0.54,0.00,1.00,0.00,0.00,0.55,0.83,0.0011,0.0031,     0,0,0,0.03,99.97,0.00,N/A,0.04,0.07,210.04,0.54,13.43,0.00,0.00,0.00,0.48,0.00,1.00,0.00,0.00,0.89,0.91,0.0001,0.0015,     0,0,0,0.02,99.98,0.00,N/A,0.02,0.04,210.04,0.48,11.90,0.00,0.00,0.03,3.18,0.01,1.00,0.00,0.00,0.87,0.65,0.0000,0.0001,     0,0,0,1.09,98.91,0.00,N/A,7.05,2.22,210.04,3.18,79.46,0.03,0.87,0.10,3.34,0.03,1.00,0.00,0.00,0.81,0.70,0.0000,0.0000,     0,0,0,2.88,97.12,0.00,N/A,21.14,6.32,210.04,3.34,83.61,0.10,2.41,0.00,0.47,0.00,1.00,0.00,0.00,0.77,0.69,0.0012,0.0061,     0,0,0,0.05,99.95,0.00,N/A,0.05,0.11,210.04,0.47,11.78,0.00,0.01,0.00,0.51,0.00,1.00,0.00,0.00,0.60,0.59,0.0027,0.0078,     0,0,0,0.15,99.85,0.00,N/A,0.17,0.32,210.04,0.51,12.86,0.00,0.02,
2024-03-21,21:07:05.538,0.05,2.55,0.02,1.00,0.00,0.07,0.94,0.59,0.0000,0.0004,0.00,0.00,-2147483648,0.00,0.00,155.41,60.83,210.04,2.55,63.87,0.05,1.16,0.75,0.78,3.02,1.82,98.18,0.00,100.00,0.00,0.00,0.00,0.00,-nan,0.08,0.06,2.55,0.02,1.00,0.00,0.04,0.94,0.68,0.0000,0.0004,     0,0,0,0.00,0.00,-2147483648,0.00,0.00,N/A,99.56,39.01,210.04,2.55,63.79,0.06,1.48,0.03,2.56,0.01,1.00,0.00,0.03,0.94,0.36,0.0000,0.0005,     0,0,0,0.00,0.00,-2147483648,0.00,0.00,N/A,55.86,21.82,210.04,2.56,64.01,0.03,0.83,0.19,0.16,  0%,  0%,0.22,0.18,  0%,  0%,0.34,1.18,  0%,  1%,0.78,0.72,  0%,  0%,2.33,97.67,0.00,100.00,0.00,0.00,1.30,98.70,0.00,100.00,0.00,0.00,0.00,0.00,0.00 ,0.00 ,-nan ,-nan ,0.08,0.08,0.01,0.34,0.02,1.00,0.00,0.03,0.96,0.26,0.0009,0.0204,     0,0,0,2.03,97.97,0.00,N/A,1.45,4.25,210.04,0.34,8.51,0.01,0.17,0.03,3.09,0.01,1.00,0.00,0.00,0.93,0.77,0.0000,0.0000,     0,0,0,1.06,98.94,0.00,N/A,6.51,2.11,210.04,3.09,77.18,0.03,0.82,0.08,2.50,0.03,1.00,0.00,0.00,0.91,0.90,0.0000,0.0002,     0,0,0,3.26,96.74,0.00,N/A,17.73,7.09,210.04,2.50,62.52,0.08,2.04,0.08,2.69,0.03,1.00,0.00,0.00,0.96,0.93,0.0000,0.0001,     0,0,0,2.96,97.04,0.00,N/A,16.06,5.98,210.04,2.69,67.13,0.08,1.99,0.10,3.07,0.03,1.00,0.00,0.00,0.63,0.93,0.0000,0.0000,     0,0,0,3.19,96.81,0.00,N/A,19.69,6.40,210.04,3.07,76.87,0.10,2.45,0.09,3.12,0.03,1.00,0.00,0.00,0.62,0.80,0.0000,0.0000,     0,0,0,2.96,97.04,0.00,N/A,20.24,6.49,210.04,3.12,77.94,0.09,2.31,0.07,3.27,0.02,1.00,0.00,0.00,0.82,0.94,0.0000,0.0000,     0,0,0,2.00,98.00,0.00,N/A,14.34,4.38,210.04,3.27,81.77,0.07,1.64,0.02,1.54,0.01,1.00,0.00,0.00,0.69,0.92,0.0001,0.0004,     0,0,0,1.09,98.91,0.00,N/A,3.53,2.30,210.04,1.54,38.44,0.02,0.42,0.01,0.29,0.02,1.00,0.00,0.03,0.96,0.28,0.0008,0.0208,     0,0,0,2.14,97.86,0.00,N/A,1.32,4.50,210.04,0.29,7.31,0.01,0.16,0.06,3.30,0.02,1.00,0.00,0.00,0.42,0.77,0.0000,0.0000,     0,0,0,1.94,98.06,0.00,N/A,14.16,4.29,210.04,3.30,82.50,0.06,1.60,0.00,0.60,0.00,1.00,0.00,0.00,0.34,0.84,0.0014,0.0035,     0,0,0,0.03,99.97,0.00,N/A,0.04,0.07,210.04,0.60,14.93,0.00,0.01,0.07,3.38,0.02,1.00,0.00,0.00,0.41,0.82,0.0000,0.0000,     0,0,0,1.99,98.01,0.00,N/A,14.11,4.18,210.04,3.38,84.38,0.07,1.68,0.06,3.11,0.02,1.00,0.00,0.00,0.50,0.87,0.0000,0.0000,     0,0,0,1.99,98.01,0.00,N/A,13.04,4.19,210.04,3.11,77.84,0.06,1.55,0.00,0.49,0.00,1.00,0.00,0.00,0.83,0.70,0.0008,0.0057,     0,0,0,0.05,99.95,0.00,N/A,0.05,0.09,210.04,0.49,12.25,0.00,0.01,0.03,3.00,0.01,1.00,0.00,0.00,0.83,0.69,0.0000,0.0001,     0,0,0,1.03,98.97,0.00,N/A,6.53,2.17,210.04,3.00,75.09,0.03,0.78,0.03,2.86,0.01,1.00,0.00,0.00,0.70,0.60,0.0000,0.0002,     0,0,0,1.15,98.85,0.00,N/A,6.62,2.31,210.04,2.86,71.53,0.03,0.82,
2024-03-21,21:07:05.641,0.05,2.59,0.02,1.00,0.00,0.07,0.93,0.54,0.0000,0.0004,0.00,0.00,-2147483648,0.00,0.00,169.23,65.32,211.89,2.59,64.77,0.05,1.25,0.72,0.33,1.70,1.92,98.08,0.00,100.00,0.00,0.00,0.00,0.00,-nan,0.08,0.07,2.63,0.03,1.00,0.00,0.04,0.93,0.63,0.0000,0.0003,     0,0,0,0.00,0.00,-2147483648,0.00,0.00,N/A,113.06,42.96,211.89,2.63,65.79,0.07,1.66,0.03,2.51,0.01,1.00,0.00,0.03,0.93,0.36,0.0000,0.0006,     0,0,0,0.00,0.00,-2147483648,0.00,0.00,N/A,56.18,22.36,211.89,2.51,62.80,0.03,0.83,0.23,0.11,  0%,  0%,0.24,0.15,  0%,  0%,0.19,0.47,  0%,  0%,0.67,0.37,  0%,  0%,2.53,97.47,0.00,100.00,0.00,0.00,1.32,98.68,0.00,100.00,0.00,0.00,0.00,0.00,0.00 ,0.00 ,-nan ,-nan ,0.08,0.08,0.01,0.33,0.02,1.00,0.00,0.03,0.96,0.27,0.0008,0.0194,     0,0,0,2.20,97.80,0.00,N/A,1.53,4.65,211.89,0.33,8.21,0.01,0.18,0.04,2.58,0.02,1.00,0.00,0.00,0.42,0.86,0.0000,0.0001,     0,0,0,1.51,98.49,0.00,N/A,7.95,3.08,211.89,2.58,64.44,0.04,0.98,0.12,3.11,0.04,1.00,0.00,0.00,0.78,0.68,0.0000,0.0000,     0,0,0,3.88,96.12,0.00,N/A,25.85,8.32,211.89,3.11,77.69,0.12,3.02,0.09,2.41,0.04,1.00,0.00,0.00,0.95,0.95,0.0000,0.0001,     0,0,0,3.69,96.31,0.00,N/A,19.97,8.28,211.89,2.41,60.31,0.09,2.22,0.06,3.17,0.02,1.00,0.00,0.00,0.78,0.73,0.0000,0.0001,     0,0,0,1.96,98.04,0.00,N/A,14.14,4.46,211.89,3.17,79.28,0.06,1.55,0.09,3.06,0.03,1.00,0.00,0.00,0.72,0.55,0.0000,0.0000,     0,0,0,2.82,97.18,0.00,N/A,17.48,5.72,211.89,3.06,76.45,0.09,2.16,0.11,3.33,0.03,1.00,0.00,0.00,0.83,0.84,0.0000,0.0000,     0,0,0,3.17,96.83,0.00,N/A,21.36,6.42,211.89,3.33,83.20,0.11,2.63,0.02,2.35,0.01,1.00,0.00,0.00,0.60,0.50,0.0001,0.0004,     0,0,0,0.96,99.04,0.00,N/A,4.78,2.03,211.89,2.35,58.83,0.02,0.56,0.01,0.31,0.02,1.00,0.00,0.03,0.96,0.28,0.0008,0.0210,     0,0,0,2.05,97.95,0.00,N/A,1.33,4.35,211.89,0.31,7.65,0.01,0.16,0.10,3.31,0.03,1.00,0.00,0.00,0.27,0.90,0.0000,0.0000,     0,0,0,3.11,96.89,0.00,N/A,20.62,6.24,211.89,3.31,82.67,0.10,2.57,0.03,3.26,0.01,1.00,0.00,0.00,0.61,0.70,0.0000,0.0000,     0,0,0,0.96,99.04,0.00,N/A,7.09,2.17,211.89,3.26,81.61,0.03,0.79,0.00,0.28,0.00,1.00,0.00,0.00,0.15,0.63,0.0028,0.0054,     0,0,0,0.30,99.70,0.00,N/A,0.18,0.63,211.89,0.28,7.01,0.00,0.02,0.06,3.08,0.02,1.00,0.00,0.00,0.78,0.69,0.0000,0.0000,     0,0,0,2.01,97.99,0.00,N/A,13.07,4.25,211.89,3.08,76.90,0.06,1.54,0.00,0.51,0.00,1.00,0.00,0.00,0.84,0.63,0.0010,0.0072,     0,0,0,0.10,99.90,0.00,N/A,0.11,0.21,211.89,0.51,12.83,0.00,0.01,0.03,3.36,0.01,1.00,0.00,0.00,0.62,0.87,0.0000,0.0000,     0,0,0,1.00,99.00,0.00,N/A,7.09,2.11,211.89,3.36,83.88,0.03,0.84,0.03,2.78,0.01,1.00,0.00,0.00,0.75,0.56,0.0000,0.0002,     0,0,0,1.14,98.86,0.00,N/A,6.69,2.41,211.89,2.78,69.38,0.03,0.79,
2024-03-21,21:07:05.742,0.04,2.50,0.02,1.00,0.00,0.07,0.94,0.61,0.0000,0.0004,0.00,0.00,-2147483648,0.00,0.00,149.27,59.65,212.13,2.50,62.57,0.04,1.09,0.54,0.38,1.80,1.75,98.25,0.00,100.00,0.00,0.00,0.00,0.00,-nan,0.10,0.07,2.60,0.03,1.00,0.00,0.04,0.94,0.71,0.0000,0.0003,     0,0,0,0.00,0.00,-2147483648,0.00,0.00,N/A,119.93,46.14,212.13,2.60,64.98,0.07,1.77,0.02,2.17,0.01,1.00,0.00,0.03,0.95,0.35,0.0001,0.0010,     0,0,0,0.00,0.00,-2147483648,0.00,0.00,N/A,29.35,13.51,212.13,2.17,54.32,0.02,0.43,0.11,0.15,  0%,  0%,0.15,0.12,  0%,  0%,0.27,0.35,  0%,  0%,0.64,0.54,  0%,  0%,2.72,97.28,0.00,100.00,0.00,0.00,0.79,99.21,0.00,100.00,0.00,0.00,0.00,0.00,0.00 ,0.00 ,-nan ,-nan ,0.10,0.10,0.03,1.14,0.03,1.00,0.00,0.03,0.96,0.26,0.0002,0.0039,     0,0,0,2.99,97.01,0.00,N/A,7.22,6.35,212.13,1.14,28.44,0.03,0.85,0.04,2.54,0.02,1.00,0.00,0.00,0.93,0.93,0.0000,0.0001,     0,0,0,1.67,0.59,0.0000,0.0000,     0,0,0,3,2.54,63.39,0.04,1.06,0.13,3.10,0.04,1.00,0.00,0.00,0.77,0.64,0.0000,0.0000,     0,0,0,4.14,95.86,0.00,N/A,25.74,8.31,212.13,3.10,77.43,0.13,3.21,0.09,3.11,0.03,1.00,0.00,0.00,0.86,0.65,0.0000,0.0000,     0,0,0,2.92,97.08,0.00,N/A,19.40,6.25,212.13,3.11,77.63,0.09,2.26,0.13,3.38,0.04,1.00,0.00,0.00,0.68,0.90,0.0000,0.0000,     0,0,0,3.93,96.07,0.00,N/A,28.11,8.32,212.13,3.38,84.41,0.13,3.31,0.06,2.07,0.03,1.00,0.00,0.00,0.84,0.89,0.0001,0.0003,     0,0,0,2.73,97.27,0.00,N/A,12.39,5.98,212.13,2.07,51.74,0.06,1.41,0.03,2.78,0.01,1.00,0.00,0.00,0.73,0.97,0.0000,0.0000,     0,0,0,1.17,98.83,0.00,N/A,6.92,2.49,212.13,2.78,69.42,0.03,0.82,0.05,2.29,0.02,1.00,0.00,0.00,0.94,0.94,0.0000,0.0002,     0,0,0,2.30,97.70,0.00,N/A,11.22,4.91,212.13,2.29,57.15,0.05,1.31,0.01,0.30,0.02,1.00,0.00,0.03,0.96,0.28,0.0008,0.0210,     0,0,0,2.07,97.93,0.00,N/A,1.31,4.39,212.13,0.30,7.44,0.01,0.15,0.00,0.43,0.00,1.00,0.00,0.00,0.86,0.76,0.0005,0.0051,     0,0,0,0.03,99.97,0.00,N/A,0.03,0.06,212.13,0.43,10.66,0.00,0.00,0.00,0.38,0.00,1.00,0.00,0.00,0.91,0.88,0.0001,0.0022,     0,0,0,0.03,99.97,0.00,N/A,0.02,0.05,212.13,0.38,9.45,0.00,0.00,0.12,3.32,0.04,1.00,0.00,0.00,0.33,0.88,0.0000,0.0000,     0,0,0,3.66,96.34,0.00,N/A,27.64,8.34,212.13,3.32,82.91,0.12,3.03,0.00,0.54,0.00,1.00,0.00,0.00,0.85,0.66,0.0008,0.0065,     0,0,0,0.09,99.91,0.00,N/A,0.11,0.20,212.13,0.54,13.45,0.00,0.01,0.00,0.52,0.00,1.00,0.00,0.00,0.82,0.66,0.0011,0.0069,     0,0,0,0.10,99.90,0.00,N/A,0.11,0.21,212.13,0.52,12.99,0.00,0.01,0.00,0.38,0.00,1.00,0.00,0.00,0.80,0.79,0.0007,0.0041,     0,0,0,0.03,99.97,0.00,N/A,0.02,0.06,212.13,0.38,9.53,0.00,0.00,0.00,0.58,0.00,1.00,0.00,0.00,0.75,0.59,0.0015,0.0071,     0,0,0,0.08,99.92,0.00,N/A,0.11,0.19,212.13,0.58,14.41,0.00,0.01,
2024-03-21,21:07:05.842,0.04,2.56,0.02,1.00,0.00,0.07,0.95,0.55,0.0000,0.0004,0.00,0.00,-2147483648,0.00,0.00,150.89,58.88,214.32,2.56,64.07,0.04,1.11,0.88,0.52,2.43,1.73,98.27,0.00,100.00,0.00,0.00,0.00,0.00,-nan,0.08,0.06,2.56,0.02,1.00,0.00,0.04,0.95,0.64,0.0000,0.0004,     0,0,0,0.00,0.00,-2147483648,0.00,0.00,N/A,94.41,36.81,214.32,2.56,64.11,0.06,1.38,0.03,2.56,0.01,1.00,0.00,0.03,0.95,0.35,0.0000,0.0005,     0,0,0,0.00,0.00,-2147483648,0.00,0.00,N/A,56.48,22.06,214.32,2.56,63.99,0.03,0.83,0.27,0.19,  0%,  0%,0.27,0.16,  0%,  0%,0.35,0.42,  0%,  0%,0.83,0.83,  0%,  0%,2.15,97.85,0.00,100.00,0.00,0.00,1.30,98.70,0.00,100.00,0.00,0.00,0.00,0.00,0.00 ,0.00 ,-nan ,-nan ,0.08,0.08,0.01,0.30,0.02,1.00,0.00,0.03,0.95,0.26,0.0010,0.0211,     0,0,0,2.15,97.85,0.00,N/A,1.37,4.60,214.32,0.30,7.43,0.01,0.16,0.04,1.65,0.03,1.00,0.00,0.01,0.97,0.89,0.0000,0.0007,     0,0,0,2.60,97.40,0.00,N/A,9.21,5.57,214.32,1.65,41.30,0.04,1.07,0.03,3.22,0.01,1.00,0.00,0.00,0.62,0.71,0.0000,0.0001,     0,0,0,1.03,98.97,0.00,N/A,7.13,2.21,214.32,3.22,80.61,0.03,0.83,0.12,3.11,0.04,1.00,0.00,0.00,0.86,0.73,0.0000,0.0000,     0,0,0,3.93,96.07,0.00,N/A,25.92,8.32,214.32,3.11,77.86,0.12,3.06,0.10,3.38,0.03,1.00,0.00,0.00,0.89,0.89,0.0000,0.0000,     0,0,0,2.95,97.05,0.00,N/A,21.13,6.25,214.32,3.38,84.52,0.10,2.50,0.07,2.99,0.02,1.00,0.00,0.00,0.72,0.58,0.0000,0.0001,     0,0,0,2.43,97.57,0.00,N/A,15.98,5.34,214.32,2.99,74.82,0.07,1.82,0.03,2.83,0.01,1.00,0.00,0.00,0.67,0.88,0.0000,0.0000,     0,0,0,1.08,98.92,0.00,N/A,6.54,2.31,214.32,2.83,70.68,0.03,0.76,0.03,3.24,0.01,1.00,0.00,0.00,0.92,0.76,0.0000,0.0000,     0,0,0,1.03,98.97,0.00,N/A,7.14,2.20,214.32,3.24,81.01,0.03,0.84,0.01,0.28,0.02,1.00,0.00,0.03,0.96,0.28,0.0009,0.0205,     0,0,0,2.21,97.79,0.00,N/A,1.34,4.73,214.32,0.28,7.10,0.01,0.16,0.00,0.51,0.00,1.00,0.00,0.00,0.71,0.72,0.0008,0.0050,     0,0,0,0.06,99.94,0.00,N/A,0.06,0.13,214.32,0.51,12.68,0.00,0.01,0.00,0.48,0.00,1.00,0.00,0.00,0.84,0.65,0.0009,0.0069,     0,0,0,0.08,99.92,0.00,N/A,0.08,0.17,214.32,0.48,12.10,0.00,0.01,0.00,0.41,0.00,1.00,0.00,0.00,0.74,0.88,0.0004,0.0020,     0,0,0,0.02,99.98,0.00,N/A,0.01,0.03,214.32,0.41,10.37,0.00,0.00,0.03,3.13,0.01,1.00,0.00,0.00,0.85,0.65,0.0000,0.0001,     0,0,0,1.03,98.97,0.00,N/A,7.18,2.29,214.32,3.13,78.20,0.03,0.80,0.10,3.35,0.03,1.00,0.00,0.00,0.62,0.70,0.0000,0.0000,     0,0,0,2.95,97.05,0.00,N/A,21.16,6.32,214.32,3.35,83.76,0.10,2.47,0.09,3.12,0.03,1.00,0.00,0.00,0.68,0.78,0.0000,0.0000,     0,0,0,2.93,97.07,0.00,N/A,19.58,6.28,214.32,3.12,77.95,0.09,2.28,0.04,3.34,0.01,1.00,0.00,0.00,0.61,0.88,0.0000,0.0000,     0,0,0,1.06,98.94,0.00,N/A,7.06,2.11,214.32,3.34,83.55,0.04,0.89,
2024-03-21,21:07:05.942,0.04,2.53,0.02,1.00,0.00,0.07,0.93,0.44,0.0000,0.0005,0.00,0.00,-2147483648,0.00,0.00,140.57,55.66,210.09,2.53,63.14,0.04,1.05,0.58,0.47,1.80,1.66,98.34,0.00,100.00,0.00,0.00,0.00,0.00,-nan,0.08,0.06,2.65,0.02,1.00,0.00,0.04,0.92,0.50,0.0000,0.0003,     0,0,0,0.00,0.00,-2147483648,0.00,0.00,N/A,106.54,40.16,210.09,2.65,66.33,0.06,1.59,0.02,2.19,0.01,1.00,0.00,0.03,0.94,0.35,0.0001,0.0009,     0,0,0,0.00,0.00,-2147483648,0.00,0.00,N/A,34.03,15.51,210.09,2.19,54.87,0.02,0.51,0.18,0.19,  0%,  0%,0.12,0.08,  0%,  0%,0.48,0.54,  0%,  0%,0.43,0.36,  0%,  0%,2.39,97.61,0.00,100.00,0.00,0.00,0.92,99.08,0.00,100.00,0.00,0.00,0.00,0.00,0.00 ,0.00 ,-nan ,-nan ,0.08,0.08,0.01,0.30,0.02,1.00,0.00,0.03,0.94,0.24,0.0012,0.0203,     0,0,0,2.41,97.59,0.00,N/A,1.53,5.05,210.09,0.30,7.59,0.01,0.18,0.00,1.06,0.00,1.00,0.00,0.00,0.88,0.70,0.0002,0.0019,     0,0,0,0.43,99.57,0.00,N/A,0.95,0.90,210.09,1.06,26.50,0.00,0.11,0.05,2.39,0.02,1.00,0.00,0.00,0.83,0.91,0.0000,0.0002,     0,0,0,1.89,98.11,0.00,N/A,9.49,3.97,210.09,2.39,59.78,0.05,1.13,0.07,3.07,0.02,1.00,0.00,0.00,0.69,0.78,0.0000,0.0000,     0,0,0,2.15,97.85,0.00,N/A,13.06,4.26,210.09,3.07,76.71,0.07,1.65,0.12,3.14,0.04,1.00,0.00,0.00,0.73,0.87,0.0000,0.0000,     0,0,0,3.97,96.03,0.00,N/A,26.11,8.32,210.09,3.14,78.43,0.12,3.11,0.07,3.29,0.02,1.00,0.00,0.00,0.69,0.67,0.0000,0.0000,     0,0,0,2.05,97.95,0.00,N/A,14.15,4.31,210.09,3.29,82.16,0.07,1.69,0.12,3.09,0.04,1.00,0.00,0.00,0.75,0.95,0.0000,0.0000,     0,0,0,3.82,96.18,0.00,N/A,26.26,8.50,210.09,3.09,77.20,0.12,2.95,0.07,3.09,0.02,1.00,0.00,0.00,0.52,0.59,0.0000,0.0001,     0,0,0,2.30,97.70,0.00,N/A,14.97,4.84,210.09,3.09,77.32,0.07,1.78,0.01,0.48,0.03,1.00,0.00,0.03,0.95,0.28,0.0005,0.0110,     0,0,0,2.58,97.42,0.00,N/A,2.58,5.41,210.09,0.48,11.94,0.01,0.31,0.06,3.39,0.02,1.00,0.00,0.00,0.67,0.86,0.0000,0.0000,     0,0,0,1.88,98.12,0.00,N/A,14.14,4.18,210.09,3.39,84.63,0.06,1.59,0.00,0.47,0.00,1.00,0.00,0.00,0.81,0.67,0.0008,0.0066,     0,0,0,0.08,99.92,0.00,N/A,0.08,0.17,210.09,0.47,11.75,0.00,0.01,0.00,0.98,0.00,1.00,0.00,0.00,0.61,0.78,0.0004,0.0013,     0,0,0,0.08,99.92,0.00,N/A,0.17,0.17,210.09,0.98,24.58,0.00,0.02,0.07,3.34,0.02,1.00,0.00,0.00,0.54,0.73,0.0000,0.0000,     0,0,0,2.09,97.91,0.00,N/A,14.05,4.21,210.09,3.34,83.53,0.07,1.75,0.00,0.52,0.00,1.00,0.00,0.00,0.79,0.62,0.0011,0.0070,     0,0,0,0.14,99.86,0.00,N/A,0.15,0.29,210.09,0.52,12.94,0.00,0.02,0.01,2.88,0.00,1.00,0.00,0.00,0.56,0.70,0.0000,0.0001,     0,0,0,0.46,99.54,0.00,N/A,2.80,0.97,210.09,2.88,72.00,0.01,0.33,0.00,0.54,0.00,1.00,0.00,0.00,0.67,0.71,0.0009,0.0044,     0,0,0,0.05,99.95,0.00,N/A,0.06,0.11,210.09,0.54,13.53,0.00,0.01,
2024-03-21,21:07:06.047,0.04,2.44,0.02,1.00,0.01,0.08,0.93,0.47,0.0000,0.0005,0.00,0.00,-2147483648,0.00,0.00,147.97,60.71,224.78,2.44,60.94,0.04,1.04,0.95,0.65,2.31,1.70,98.30,0.00,100.00,0.00,0.00,0.00,0.00,-nan,0.08,0.07,2.62,0.03,1.00,0.00,0.04,0.91,0.53,0.0000,0.0004,     0,0,0,0.00,0.00,-2147483648,0.00,0.00,N/A,117.22,44.82,224.78,2.62,65.39,0.07,1.65,0.02,1.94,0.01,1.00,0.00,0.04,0.95,0.39,0.0001,0.0012,     0,0,0,0.00,0.00,-2147483648,0.00,0.00,N/A,30.75,15.89,224.78,1.94,48.38,0.02,0.43,0.48,0.30,  0%,  0%,0.12,0.05,  0%,  0%,1.01,0.67,  0%,  0%,0.36,0.27,  0%,  0%,2.53,97.47,0.00,100.00,0.00,0.00,0.89,99.11,0.00,100.00,0.00,0.00,0.00,0.00,0.00 ,0.00 ,-nan ,-nan ,0.08,0.07,0.02,0.74,0.03,1.00,0.00,0.04,0.94,0.26,0.0004,0.0071,     0,0,0,3.13,96.87,0.00,N/A,5.21,7.03,224.78,0.74,18.53,0.02,0.58,0.07,2.63,0.03,1.00,0.00,0.00,0.61,0.79,0.0000,0.0001,     0,0,0,2.56,97.44,0.00,N/A,15.14,5.76,224.78,2.63,65.75,0.07,1.68,0.01,1.56,0.00,1.00,0.00,0.00,0.89,0.94,0.0000,0.0004,     0,0,0,0.48,99.52,0.00,N/A,1.68,1.07,224.78,1.56,39.05,0.01,0.19,0.14,3.09,0.05,1.00,0,76.61,0.12,3.03,0.12,3.06,0.04,,     0,0,0,4.63,95.37,0.00,N/A,32.14,10.40,224.78,3.09,77.29,0.14,3.58,0.12,3.10,0.04,1.00,0.00,0.00,0.84,0.63,0.0000,0.0000,     0,0,0,3.87,96.13,0.00,N/A,25.82,8.32,224.78,3.10,77.57,0.12,3.00,0.13,3.40,0.04,1.00,0.00,0.00,0.78,0.84,0.0000,0.0000,     0,0,0,3.91,96.09,0.00,N/A,28.30,8.33,224.78,3.40,84.92,0.13,3.32,0.04,2.63,0.01,1.00,0.00,0.00,0.88,0.86,0.0000,0.0002,     0,0,0,1.38,98.62,0.00,N/A,8.05,3.06,224.78,2.63,65.84,0.04,0.91,0.00,1.03,0.00,1.00,0.00,0.00,0.33,0.88,0.0008,0.0015,     0,0,0,0.38,99.62,0.00,N/A,0.88,0.85,224.78,1.03,25.87,0.00,0.10,0.01,0.30,0.03,1.00,0.00,0.04,0.96,0.27,0.0008,0.0209,     0,0,0,2.51,97.49,0.00,N/A,1.68,5.64,224.78,0.30,7.43,0.01,0.19,0.07,3.38,0.02,1.00,0.00,0.00,0.33,0.90,0.0000,0.0000,     0,0,0,1.94,98.06,0.00,N/A,14.15,4.18,224.78,3.38,84.60,0.07,1.65,0.00,0.46,0.00,1.00,0.00,0.00,0.73,0.71,0.0012,0.0055,     0,0,0,0.07,99.93,0.00,N/A,0.07,0.16,224.78,0.46,11.60,0.00,0.01,0.00,0.55,0.00,1.00,0.00,0.00,0.43,0.87,0.0010,0.0023,     0,0,0,0.03,99.97,0.00,N/A,0.04,0.08,224.78,0.55,13.73,0.00,0.00,0.06,3.35,0.02,1.00,0.00,0.00,0.85,0.71,0.0000,0.0000,     0,0,0,1.88,98.12,0.00,N/A,14.13,4.22,224.78,3.35,83.72,0.06,1.57,0.00,0.63,0.00,1.00,0.00,0.00,0.85,0.66,0.0005,0.0043,     0,0,0,0.14,99.86,0.00,N/A,0.19,0.31,224.78,0.63,15.80,0.00,0.02,0.00,0.47,0.00,1.00,0.00,0.00,0.94,0.75,0.0002,0.0053,     0,0,0,0.02,99.98,0.00,N/A,0.03,0.05,224.78,0.47,11.69,0.00,0.00,0.00,0.37,0.01,1.00,0.00,0.00,0.70,0.85,0.0005,0.0025,     0,0,0,0.56,99.44,0.00,N/A,0.47,1.27,224.78,0.37,9.30,0.00,0.05,
2024-03-21,21:07:06.144,0.04,2.46,0.02,1.00,0.00,0.07,0.93,0.42,0.0000,0.0006,0.00,0.00,-2147483648,0.00,0.00,125.98,51.14,210.14,2.46,61.58,0.04,0.94,0.42,0.36,1.08,1.53,98.47,0.00,100.00,0.00,0.00,0.00,0.00,-nan,0.10,0.07,2.67,0.02,1.00,0.00,0.04,0.91,0.46,0.0000,0.0003,     0,0,0,0.00,0.00,-2147483648,0.00,0.00,N/A,111.06,41.60,210.14,2.67,66.74,0.07,1.66,0.01,1.56,0.01,1.00,0.00,0.03,0.94,0.35,0.0001,0.0021,     0,0,0,0.00,0.00,-2147483648,0.00,0.00,N/A,14.92,9.54,210.14,1.56,39.11,0.01,0.22,0.10,0.11,  0%,  0%,0.16,0.06,  0%,  0%,0.20,0.32,  0%,  0%,0.32,0.25,  0%,  0%,2.49,97.51,0.00,100.00,0.00,0.00,0.57,99.43,0.00,100.00,0.00,0.00,0.00,0.00,0.00 ,0.00 ,-nan ,-nan ,0.10,0.10,0.01,0.44,0.02,1.00,0.00,0.03,0.94,0.27,0.0008,0.0139,     0,0,0,2.46,97.54,0.00,N/A,2.28,5.16,210.14,0.44,11.05,0.01,0.27,0.07,2.81,0.02,1.00,0.00,0.00,0.35,0.70,0.0000,0.0001,     0,0,0,2.42,97.58,0.00,N/A,14.29,5.08,210.14,2.81,70.30,0.07,1.70,0.03,2.18,0.01,1.00,0.00,0.00,0.57,0.84,0.0001,0.0003,     0,0,0,1.25,98.75,0.00,N/A,5.74,2.63,210.14,2.18,54.50,0.03,0.68,0.12,3.10,0.04,1.00,0.00,0.00,0.72,0.68,0.0000,0.0000,     0,0,0,3.96,96.04,0.00,N/A,25.79,8.32,210.14,3.10,77.55,0.12,3.07,0.12,3.12,0.04,1.00,0.00,0.00,0.77,0.90,0.0000,0.0000,     0,0,0,4.00,96.00,0.00,N/A,25.96,8.32,210.14,3.12,78.03,0.12,3.12,0.13,3.40,0.04,1.00,0.00,0.00,0.82,0.85,0.0000,0.0000,     0,0,0,3.97,96.03,0.00,N/A,28.33,8.33,210.14,3.40,85.04,0.13,3.37,0.04,2.56,0.01,1.00,0.00,0.00,0.94,0.56,0.0000,0.0004,     0,0,0,1.49,98.51,0.00,N/A,7.71,3.01,210.14,2.56,64.01,0.04,0.95,0.00,1.26,0.00,1.00,0.00,0.00,0.62,0.85,0.0003,0.0012,     0,0,0,0.36,99.64,0.00,N/A,0.95,0.75,210.14,1.26,31.55,0.00,0.11,0.01,0.29,0.02,1.00,0.00,0.03,0.96,0.27,0.0008,0.0212,     0,0,0,2.15,97.85,0.00,N/A,1.32,4.52,210.14,0.29,7.29,0.01,0.16,0.00,0.39,0.00,1.00,0.00,0.00,0.54,0.79,0.0011,0.0043,     0,0,0,0.03,99.97,0.00,N/A,0.02,0.06,210.14,0.39,9.66,0.00,0.00,0.06,3.11,0.02,1.00,0.00,0.00,0.77,0.62,0.0000,0.0001,     0,0,0,2.02,97.98,0.00,N/A,13.23,4.25,210.14,3.11,77.87,0.06,1.57,0.00,0.44,0.00,1.00,0.00,0.00,0.79,0.64,0.0011,0.0063,     0,0,0,0.09,99.91,0.00,N/A,0.08,0.19,210.14,0.44,11.07,0.00,0.01,0.00,0.46,0.00,1.00,0.00,0.00,0.82,0.66,0.0009,0.0067,     0,0,0,0.06,99.94,0.00,N/A,0.06,0.12,210.14,0.46,11.42,0.00,0.01,0.00,0.50,0.00,1.00,0.00,0.00,0.74,0.67,0.0016,0.0072,     0,0,0,0.07,99.93,0.00,N/A,0.07,0.14,210.14,0.50,12.57,0.00,0.01,0.00,0.37,0.00,1.00,0.00,0.00,0.72,0.79,0.0007,0.0046,     0,0,0,0.03,99.97,0.00,N/A,0.02,0.06,210.14,0.37,9.23,0.00,0.00,0.00,0.59,0.00,1.00,0.00,0.00,0.85,0.59,0.0008,0.0073,     0,0,0,0.09,99.91,0.00,N/A,0.11,0.20,210.14,0.59,14.68,0.00,0.01,
2024-03-21,21:07:06.247,0.04,2.65,0.02,1.00,0.00,0.06,0.94,0.45,0.0000,0.0004,0.00,0.00,-2147483648,0.00,0.00,152.28,57.42,211.87,2.65,66.30,0.04,1.12,0.69,0.45,1.84,1.69,98.31,0.00,100.00,0.00,0.00,0.00,0.00,-nan,0.08,0.07,2.72,0.02,1.00,0.00,0.04,0.93,0.52,0.0000,0.0003,     0,0,0,0.00,0.00,-2147483648,0.00,0.00,N/A,115.50,42.39,211.87,2.72,68.12,0.07,1.70,0.02,2.45,0.01,1.00,0.00,0.03,0.96,0.33,0.0000,0.0008,     0,0,0,0.00,0.00,-2147483648,0.00,0.00,N/A,36.78,15.03,211.87,2.45,61.15,0.02,0.54,0.09,0.11,  0%,  0%,0.20,0.29,  0%,  0%,0.20,0.33,  0%,  0%,0.62,0.69,  0%,  0%,2.49,97.51,0.00,100.00,0.00,0.00,0.89,99.11,0.00,100.00,0.00,0.00,0.00,0.00,0.00 ,0.00 ,-nan ,-nan ,0.08,0.08,0.02,0.82,0.03,1.00,0.00,0.03,0.95,0.27,0.0003,0.0064,     0,0,0,2.60,97.40,0.00,N/A,4.52,5.51,211.87,0.82,20.52,0.02,0.53,0.06,2.89,0.02,1.00,0.00,0.00,0.60,0.84,0.0000,0.0001,     0,0,0,2.24,97.76,0.00,N/A,13.78,4.77,211.87,2.89,72.28,0.06,1.62,0.03,2.79,0.01,1.00,0.00,0.00,0.73,0.72,0.0000,0.0001,     0,0,0,1.15,98.85,0.00,N/A,6.80,2.44,211.87,2.79,69.67,0.03,0.80,0.06,2.86,0.02,1.00,0.00,0.00,0.53,0.71,0.0000,0.0001,     0,0,0,2.13,97.87,0.00,N/A,13.25,4.64,211.87,2.86,71.39,0.06,1.52,0.12,3.14,0.04,1.00,0.00,0.00,0.73,0.90,0.0000,0.0000,     0,0,0,3.93,96.07,0.00,N/A,26.13,8.33,211.87,3.14,78.44,0.12,3.08,0.13,3.40,0.04,1.00,0.00,0.00,0.90,0.86,0.0000,0.0000,     0,0,0,3.93,96.07,0.00,N/A,28.28,8.33,211.87,3.40,84.90,0.13,3.33,0.09,3.13,0.03,1.00,0.00,0.00,0.79,0.83,0.0000,0.0000,     0,0,0,2.96,97.04,0.00,N/A,19.53,6.25,211.87,3.13,78.18,0.09,2.31,0.02,1.50,0.01,1.00,0.00,0.00,0.86,0.85,0.0001,0.0010,     0,0,0,1.00,99.00,0.00,N/A,3.20,2.13,211.87,1.50,37.53,0.02,0.38,0.01,0.31,0.02,1.00,0.00,0.03,0.96,0.27,0.0008,0.0215,     0,0,0,1.96,98.04,0.00,N/A,1.28,4.16,211.87,0.31,7.69,0.01,0.15,0.00,0.45,0.00,1.00,0.00,0.00,0.87,0.81,0.0004,0.0040,     0,0,0,0.02,99.98,0.00,N/A,0.02,0.05,211.87,0.45,11.13,0.00,0.00,0.03,3.25,0.01,1.00,0.00,0.00,0.77,0.69,0.0000,0.0000,     0,0,0,1.03,98.97,0.00,N/A,7.09,2.18,211.87,3.25,81.30,0.03,0.84,0.13,3.39,0.04,1.00,0.00,0.00,0.35,0.85,0.0000,0.0000,     0,0,0,3.91,96.09,0.00,N/A,28.22,8.32,211.87,3.39,84.77,0.13,3.32,0.00,0.52,0.00,1.00,0.00,0.00,0.84,0.67,0.0009,0.0065,     0,0,0,0.05,99.95,0.00,N/A,0.05,0.10,211.87,0.52,12.93,0.00,0.01,0.00,0.52,0.00,1.00,0.00,0.00,0.84,0.73,0.0007,0.0058,     0,0,0,0.05,99.95,0.00,N/A,0.06,0.11,211.87,0.52,13.08,0.00,0.01,0.00,0.44,0.00,1.00,0.00,0.00,0.94,0.81,0.0002,0.0039,     0,0,0,0.02,99.98,0.00,N/A,0.02,0.05,211.87,0.44,11.02,0.00,0.00,0.00,0.49,0.00,1.00,0.00,0.00,0.87,0.78,0.0004,0.0047,     0,0,0,0.03,99.97,0.00,N/A,0.03,0.06,211.87,0.49,12.36,0.00,0.00,
2024-03-21,21:07:06.348,0.05,2.53,0.02,1.00,0.00,0.07,0.93,0.59,0.0000,0.0004,0.00,0.00,-2147483648,0.00,0.00,156.48,61.86,210.38,2.53,63.24,0.05,1.16,0.50,0.41,1.50,1.84,98.16,0.00,100.00,0.00,0.00,0.00,0.00,-nan,0.08,0.06,2.53,0.02,1.00,0.00,0.04,0.91,0.69,0.0000,0.0003,     0,0,0,0.00,0.00,-2147483648,0.00,0.00,N/A,106.38,41.97,210.38,2.53,63.36,0.06,1.58,0.03,2.52,0.01,1.00,0.00,0.03,0.95,0.33,0.0000,0.0006,     0,0,0,0.00,0.00,-2147483648,0.00,0.00,N/A,50.10,19.89,210.38,2.52,62.98,0.03,0.74,0.15,0.10,  0%,  0%,0.15,0.10,  0%,  0%,0.20,0.34,  0%,  0%,0.49,0.47,  0%,  0%,2.50,97.50,0.00,100.00,0.00,0.00,1.18,98.82,0.00,100.00,0.00,0.00,0.00,0.00,0.00 ,0.00 ,-nan ,-nan ,0.08,0.08,0.01,0.30,0.02,1.00,0.00,0.03,0.94,0.27,0.0011,0.0200,     0,0,0,2.25,97.75,0.00,N/A,1.44,4.74,210.38,0.30,7.61,0.01,0.17,0.02,1.56,0.01,1.00,0.00,0.00,0.88,0.94,0.0000,0.0004,     0,0,0,1.00,99.00,0.00,N/A,3.27,2.09,210.38,1.56,39.09,0.02,0.39,0.09,3.12,0.03,1.00,0.00,0.00,0.60,0.74,0.0000,0.0000,     0,0,0,2.96,97.04,0.00,N/A,19.48,6.25,210.38,3.12,77.97,0.09,2.31,0.06,2.88,0.02,1.00,0.00,0.00,0.36,0.68,0.0000,0.0000,     0,0,0,2.22,97.78,0.00,N/A,13.08,4.54,210.38,2.88,72.08,0.06,1.60,0.12,3.13,0.04,1.00,0.00,0.00,0.84,0.88,0.0000,0.0000,     0,0,0,3.96,96.04,0.00,N/A,26.05,8.33,,0,0,3.96,96.04,0.00,N/A,28.28,8,3.39,0.04,1.00,0.00,0.00,0.84,0.87,0.0000,0.0000,     0,0,0,3.96,96.04,0.00,N/A,28.26,8.33,210.38,3.39,84.84,0.13,3.36,0.00,0.69,0.01,1.00,0.00,0.00,0.21,0.80,0.0014,0.0021,     0,0,0,0.53,99.47,0.00,N/A,0.77,1.12,210.38,0.69,17.29,0.00,0.09,0.06,2.13,0.03,1.00,0.00,0.00,0.95,0.92,0.0000,0.0003,     0,0,0,3.04,96.96,0.00,N/A,14.02,6.59,210.38,2.13,53.20,0.06,1.62,0.02,0.79,0.03,1.00,0.00,0.03,0.96,0.27,0.0003,0.0065,     0,0,0,2.58,97.42,0.00,N/A,4.27,5.42,210.38,0.79,19.70,0.02,0.51,0.03,3.34,0.01,1.00,0.00,0.00,0.84,0.81,0.0000,0.0000,     0,0,0,1.00,99.00,0.00,N/A,7.06,2.11,210.38,3.34,83.52,0.03,0.84,0.06,3.07,0.02,1.00,0.00,0.00,0.70,0.70,0.0000,0.0000,     0,0,0,2.02,97.98,0.00,N/A,13.04,4.24,210.38,3.07,76.86,0.06,1.55,0.10,3.38,0.03,1.00,0.00,0.00,0.53,0.87,0.0000,0.0000,     0,0,0,2.98,97.02,0.00,N/A,21.18,6.26,210.38,3.38,84.55,0.10,2.52,0.00,0.49,0.00,1.00,0.00,0.00,0.88,0.66,0.0007,0.0068,     0,0,0,0.05,99.95,0.00,N/A,0.05,0.11,210.38,0.49,12.17,0.00,0.01,0.00,0.48,0.00,1.00,0.00,0.00,0.85,0.68,0.0009,0.0069,     0,0,0,0.05,99.95,0.00,N/A,0.05,0.11,210.38,0.48,11.98,0.00,0.01,0.00,0.50,0.00,1.00,0.00,0.00,0.84,0.77,0.0004,0.0050,     0,0,0,0.03,99.97,0.00,N/A,0.03,0.05,210.38,0.50,12.38,0.00,0.00,0.02,2.80,0.01,1.00,0.00,0.00,0.85,0.53,0.0000,0.0002,     0,0,0,0.75,99.25,0.00,N/A,4.41,1.58,210.38,2.80,70.05,0.02,0.52,
2024-03-21,21:07:06.446,0.04,2.48,0.02,1.00,0.01,0.07,0.92,0.61,0.0000,0.0005,0.00,0.00,-2147483648,0.00,0.00,150.04,60.52,211.75,2.48,61.97,0.04,1.11,0.80,0.46,1.87,1.79,98.21,0.00,100.00,0.00,0.00,0.00,0.00,-nan,0.08,0.07,2.60,0.03,1.00,0.00,0.04,0.92,0.72,0.0000,0.0003,     0,0,0,0.00,0.00,-2147483648,0.00,0.00,N/A,119.87,46.15,211.75,2.60,64.94,0.07,1.77,0.02,2.10,0.01,1.00,0.00,0.03,0.92,0.35,0.0001,0.0011,     0,0,0,0.00,0.00,-2147483648,0.00,0.00,N/A,30.17,14.37,211.75,2.10,52.46,0.02,0.44,0.43,0.18,  0%,  0%,0.13,0.06,  0%,  0%,0.43,0.42,  0%,  0%,0.43,0.58,  0%,  0%,2.73,97.27,0.00,100.00,0.00,0.00,0.85,99.15,0.00,100.00,0.00,0.00,0.00,0.00,0.00 ,0.00 ,-nan ,-nan ,0.08,0.08,0.01,0.30,0.02,1.00,0.00,0.03,0.94,0.27,0.0012,0.0199,     0,0,0,2.28,97.72,0.00,N/A,1.45,4.83,211.75,0.30,7.51,0.01,0.17,0.00,0.77,0.00,1.00,0.00,0.00,0.56,0.93,0.0002,0.0008,     0,0,0,0.41,99.59,0.00,N/A,0.66,0.86,211.75,0.77,19.13,0.00,0.08,0.12,3.11,0.04,1.00,0.00,0.00,0.77,0.73,0.0000,0.0000,     0,0,0,3.95,96.05,0.00,N/A,26.09,8.38,211.75,3.11,77.87,0.12,3.07,0.12,3.05,0.04,1.00,0.00,0.00,0.68,0.41,0.0000,0.0000,     0,0,0,3.92,96.08,0.00,N/A,25.40,8.33,211.75,3.05,76.28,0.12,2.99,0.12,3.14,0.04,1.00,0.00,0.00,0.92,0.90,0.0000,0.0000,     0,0,0,3.92,96.08,0.00,N/A,26.12,8.32,211.75,3.14,78.46,0.12,3.08,0.13,3.40,0.04,1.00,0.00,0.00,0.71,0.86,0.0000,0.0000,     0,0,0,3.92,96.08,0.00,N/A,28.30,8.32,211.75,3.40,84.99,0.13,3.34,0.04,1.68,0.02,1.00,0.00,0.00,0.94,0.95,0.0000,0.0003,     0,0,0,2.47,97.53,0.00,N/A,8.78,5.23,211.75,1.68,42.01,0.04,1.04,0.01,1.63,0.01,1.00,0.00,0.00,0.73,0.93,0.0001,0.0004,     0,0,0,0.91,99.09,0.00,N/A,3.07,1.88,211.75,1.63,40.71,0.01,0.37,0.01,0.28,0.02,1.00,0.00,0.03,0.96,0.27,0.0009,0.0208,     0,0,0,2.24,97.76,0.00,N/A,1.35,4.76,211.75,0.28,7.11,0.01,0.16,0.07,3.38,0.02,1.00,0.00,0.00,0.74,0.77,0.0000,0.0000,     0,0,0,1.97,98.03,0.00,N/A,14.15,4.19,211.75,3.38,84.39,0.07,1.66,0.00,0.51,0.00,1.00,0.00,0.00,0.70,0.68,0.0015,0.0066,     0,0,0,0.13,99.87,0.00,N/A,0.14,0.28,211.75,0.51,12.82,0.00,0.02,0.03,3.26,0.01,1.00,0.00,0.00,0.75,0.71,0.0000,0.0000,     0,0,0,1.02,98.98,0.00,N/A,7.05,2.16,211.75,3.26,81.49,0.03,0.83,0.00,0.53,0.00,1.00,0.00,0.00,0.83,0.73,0.0008,0.0054,     0,0,0,0.04,99.96,0.00,N/A,0.05,0.09,211.75,0.53,13.18,0.00,0.01,0.03,3.33,0.01,1.00,0.00,0.00,0.63,0.85,0.0000,0.0000,     0,0,0,1.00,99.00,0.00,N/A,7.08,2.13,211.75,3.33,83.25,0.03,0.84,0.00,0.38,0.00,1.00,0.00,0.00,0.88,0.77,0.0005,0.0051,     0,0,0,0.03,99.97,0.00,N/A,0.03,0.07,211.75,0.38,9.60,0.00,0.00,0.00,0.46,0.00,1.00,0.00,0.00,0.57,0.46,0.0033,0.0086,     0,0,0,0.33,99.67,0.00,N/A,0.32,0.69,211.75,0.46,11.40,0.00,0.04,
2024-03-21,21:07:06.547,0.04,2.50,0.02,1.00,0.00,0.07,0.93,0.55,0.0000,0.0005,0.00,0.00,-2147483648,0.00,0.00,149.99,59.98,211.94,2.50,62.52,0.04,1.11,1.22,0.65,2.48,1.77,98.23,0.00,100.00,0.00,0.00,0.00,0.00,-nan,0.08,0.07,2.63,0.03,1.00,0.00,0.04,0.92,0.65,0.0000,0.0003,     0,0,0,0.00,0.00,-2147483648,0.00,0.00,N/A,124.71,47.47,211.94,2.63,65.68,0.07,1.84,0.01,2.02,0.01,1.00,0.00,0.03,0.94,0.35,0.0001,0.0013,     0,0,0,0.00,0.00,-2147483648,0.00,0.00,N/A,25.27,12.51,211.94,2.02,50.52,0.01,0.37,0.25,0.44,  0%,  0%,0.33,0.19,  0%,  0%,0.78,0.70,  0%,  0%,0.68,0.33,  0%,  0%,2.80,97.20,0.00,100.00,0.00,0.00,0.74,99.26,0.00,100.00,0.00,0.00,0.00,0.00,0.00 ,0.00 ,-nan ,-nan ,0.08,0.08,0.01,0.41,0.03,1.00,0.00,0.03,0.94,0.31,0.0009,0.0141,     0,0,0,2.55,97.45,0.00,N/A,2.20,5.42,211.94,0.41,10.18,0.01,0.26,0.01,1.19,0.01,1.00,0.00,0.00,0.47,0.86,0.0002,0.0005,     0,0,0,0.58,99.42,0.00,N/A,1.45,1.22,211.94,1.19,29.75,0.01,0.17,0.15,3.10,0.05,1.00,0.00,0.00,0.66,0.67,0.0000,0.0000,     0,0,0,4.88,95.12,0.00,N/A,32.06,10.35,211.94,3.10,77.43,0.15,3.78,0.07,2.83,0.02,1.00,0.00,0.00,0.66,0.69,0.0000,0.0001,     0,0,0,2.38,97.62,0.00,N/A,14.23,5.03,211.94,2.83,70.69,0.07,1.68,0.12,3.13,0.04,1.00,0.00,0.00,0.84,0.83,0.0000,0.0000,     0,0,0,3.92,96.08,0.00,N/A,26.04,8.31,211.94,3.13,78.33,0.12,3.07,0.13,3.39,0.04,1.00,0.00,0.00,0.58,0.89,0.0000,0.0000,     0,0,0,3.93,96.07,0.00,N/A,28.24,8.33,211.94,3.39,84.78,0.13,3.33,0.06,3.04,0.02,1.00,0.00,0.00,0.66,0.63,0.0000,0.0000,     0,0,0,1.97,98.03,0.00,N/A,12.73,4.19,211.94,3.04,75.89,0.06,1.50,0.04,1.68,0.02,1.00,0.00,0.00,0.96,0.94,0.0000,0.0004,     0,0,0,2.18,97.82,0.00,N/A,7.76,4.62,211.94,1.68,42.02,0.04,0.92,0.01,0.29,0.02,1.00,0.00,0.03,0.96,0.27,0.0008,0.0210,     0,0,0,2.11,97.89,0.00,N/A,1.32,4.47,211.94,0.29,7.36,0.01,0.16,0.10,3.36,0.03,1.00,0.00,0.00,0.54,0.74,0.0000,0.0000,     0,0,0,2.98,97.02,0.00,N/A,21.24,6.32,211.94,3.36,84.09,0.10,2.50,0.00,0.46,0.00,1.00,0.00,0.00,0.66,0.63,0.0021,0.0074,     0,0,0,0.09,99.91,0.00,N/A,0.08,0.18,211.94,0.46,11.40,0.00,0.01,0.01,2.86,0.00,1.00,0.00,0.00,0.79,0.65,0.0000,0.0002,     0,0,0,0.36,99.64,0.00,N/A,2.16,0.76,211.94,2.86,71.47,0.01,0.25,0.00,0.45,0.00,1.00,0.00,0.00,0.79,0.58,0.0011,0.0078,     0,0,0,0.07,99.93,0.00,N/A,0.07,0.15,211.94,0.45,11.13,0.00,0.01,0.00,0.69,0.00,1.00,0.00,0.00,0.78,0.62,0.0009,0.0049,     0,0,0,0.12,99.88,0.00,N/A,0.18,0.26,211.94,0.69,17.17,0.00,0.02,0.00,0.48,0.00,1.00,0.00,0.00,0.86,0.71,0.0007,0.0060,     0,0,0,0.05,99.95,0.00,N/A,0.05,0.11,211.94,0.48,11.91,0.00,0.01,0.00,0.67,0.00,1.00,0.00,0.00,0.88,0.54,0.0007,0.0071,     0,0,0,0.12,99.88,0.00,N/A,0.17,0.25,211.94,0.67,16.65,0.00,0.02,
2024-03-21,21:07:06.647,0.04,2.55,0.02,1.00,0.00,0.07,0.94,0.51,0.0000,0.0005,0.00,0.00,-2147483648,0.00,0.00,143.82,56.29,209.99,2.55,63.87,0.04,1.07,0.56,0.99,2.61,1.68,98.32,0.00,100.00,0.00,0.00,0.00,0.00,-nan,0.10,0.07,2.67,0.03,1.00,0.00,0.04,0.93,0.60,0.0000,0.0003,     0,0,0,0.00,0.00,-2147483648,0.00,0.00,N/A,114.28,42.72,209.99,2.67,66.87,0.07,1.70,0.02,2.18,0.01,1.00,0.00,0.03,0.95,0.34,0.0001,0.0010,     0,0,0,0.00,0.00,-2147483648,0.00,0.00,N/A,29.54,13.57,209.99,2.18,54.41,0.02,0.44,0.08,0.09,  0%,  0%,0.20,0.19,  0%,  0%,0.18,1.01,  0%,  0%,0.73,0.68,  0%,  0%,2.55,97.45,0.00,100.00,0.00,0.00,0.81,99.19,0.00,100.00,0.00,0.00,0.00,0.00,0.00 ,0.00 ,-nan ,-nan ,0.10,0.10,0.01,0.32,0.02,1.00,0.00,0.03,0.94,0.26,0.0011,0.0194,     0,0,0,2.33,97.67,0.00,N/A,1.57,4.89,209.99,0.32,8.01,0.01,0.19,0.00,0.50,0.00,1.00,0.00,0.00,0.49,0.69,0.0015,0.0060,     0,0,0,0.09,99.91,0.00,N/A,0.09,0.18,209.99,0.50,12.50,0.00,0.01,0.12,3.05,0.04,1.00,0.00,0.00,0.79,0.61,0.0000,0.0000,     0,0,0,3.96,96.04,0.00,N/A,25.37,8.32,209.99,3.05,76.23,0.12,3.02,0.00,0.88,0.00,1.00,0.00,0.00,0.77,0.71,0.0001,0.0023,     0,0,0,0.24,99.76,0.00,N/A,0.44,0.50,209.99,0.88,22.07,0.00,0.05,0.12,3.12,0.04,1.00,0.00,0.00,0.69,0.86,0.0000,0.0000,     0,0,0,3.97,96.03,0.00,N/A,26.02,8.33,209.99,3.12,78.09,0.12,3.10,0.13,3.39,0.04,1.00,0.00,0.00,0.74,0.88,0.0000,0.0000,     0,0,0,3.96,96.04,0.00,N/A,28.22,8.32,209.99,3.39,84.79,0.13,3.36,0.12,3.13,0.04,1.00,0.00,0.00,0.88,0.83,0.000,0.01,1.00,0.00,0.00,0.93,0.93,0.00,N/A,26.12,8.33,209.99,3.13,78.35,0.12,3.11,0.03,1.68,0.02,1.00,0.00,0.00,0.95,0.93,0.0000,0.0004,     0,0,0,1.84,98.16,0.00,N/A,6.44,3.84,209.99,1.68,41.91,0.03,0.77,0.01,0.29,0.02,1.00,0.00,0.03,0.96,0.27,0.0009,0.0213,     0,0,0,2.16,97.84,0.00,N/A,1.32,4.54,209.99,0.29,7.27,0.01,0.16,0.13,3.35,0.04,1.00,0.00,0.00,0.74,0.65,0.0000,0.0000,     0,0,0,3.96,96.04,0.00,N/A,27.87,8.32,209.99,3.35,83.76,0.13,3.32,0.00,0.48,0.00,1.00,0.00,0.00,0.76,0.61,0.0013,0.0074,     0,0,0,0.14,99.86,0.00,N/A,0.14,0.29,209.99,0.48,12.11,0.00,0.02,0.00,0.49,0.00,1.00,0.00,0.00,0.80,0.66,0.0009,0.0066,     0,0,0,0.08,99.92,0.00,N/A,0.08,0.16,209.99,0.49,12.16,0.00,0.01,0.00,0.44,0.00,1.00,0.00,0.00,0.91,0.78,0.0004,0.0047,     0,0,0,0.02,99.98,0.00,N/A,0.02,0.05,209.99,0.44,11.05,0.00,0.00,0.00,0.40,0.00,1.00,0.00,0.00,0.84,0.76,0.0006,0.0050,     0,0,0,0.03,99.97,0.00,N/A,0.02,0.06,209.99,0.40,10.03,0.00,0.00,0.00,0.51,0.00,1.00,0.00,0.00,0.81,0.73,0.0010,0.0056,     0,0,0,0.05,99.95,0.00,N/A,0.05,0.10,209.99,0.51,12.75,0.00,0.01,0.00,0.50,0.00,1.00,0.00,0.00,0.96,0.77,0.0002,0.0053,     0,0,0,0.03,99.97,0.00,N/A,0.03,0.06,209.99,0.50,12.60,0.00,0.00,
2024-03-21,21:07:06.754,0.04,2.52,0.02,1.00,0.00,0.07,0.94,0.58,0.0000,0.0005,0.00,0.00,-2147483648,0.00,0.00,151.62,60.10,212.18,2.52,63.07,0.04,1.11,0.36,0.22,1.13,1.75,98.25,0.00,100.00,0.00,0.00,0.00,0.00,-nan,0.08,0.07,2.62,0.03,1.00,0.00,0.04,0.94,0.68,0.0000,0.0003,     0,0,0,0.00,0.00,-2147483648,0.00,0.00,N/A,121.64,46.40,212.18,2.62,65.54,0.07,1.75,0.02,2.19,0.01,1.00,0.00,0.03,0.95,0.34,0.0001,0.0010,     0,0,0,0.00,0.00,-2147483648,0.00,0.00,N/A,29.98,13.70,212.18,2.19,54.70,0.02,0.44,0.12,0.09,  0%,  0%,0.11,0.04,  0%,  0%,0.19,0.32,  0%,  0%,0.28,0.34,  0%,  0%,2.68,97.32,0.00,100.00,0.00,0.00,0.81,99.19,0.00,100.00,0.00,0.00,0.00,0.00,0.00 ,0.00 ,-nan ,-nan ,0.08,0.08,0.01,0.53,0.02,1.00,0.00,0.03,0.96,0.29,0.0005,0.0109,     0,0,0,2.32,97.68,0.00,N/A,2.60,4.93,212.18,0.53,13.21,0.01,0.31,0.03,1.60,0.02,1.00,0.00,0.00,0.91,0.93,0.0000,0.0005,     0,0,0,1.68,98.32,0.00,N/A,5.69,3.56,212.18,1.60,39.89,0.03,0.67,0.10,3.09,0.03,1.00,0.00,0.00,0.59,0.59,0.0000,0.0000,     0,0,0,3.12,96.88,0.00,N/A,21.62,6.99,212.18,3.09,77.26,0.10,2.41,0.06,3.02,0.02,1.00,0.00,0.00,0.62,0.66,0.0000,0.0001,     0,0,0,1.93,98.07,0.00,N/A,13.12,4.35,212.18,3.02,75.50,0.06,1.46,0.09,3.04,0.03,1.00,0.00,0.00,0.68,0.72,0.0000,0.0000,     0,0,0,3.01,96.99,0.00,N/A,19.37,6.36,212.18,3.04,76.08,0.09,2.29,0.12,3.36,0.04,1.00,0.00,0.00,0.79,0.72,0.0000,0.0000,     0,0,0,3.72,96.28,0.00,N/A,27.95,8.33,212.18,3.36,83.90,0.12,3.12,0.12,3.13,0.04,1.00,0.00,0.00,0.93,0.85,0.0000,0.0000,     0,0,0,3.92,96.08,0.00,N/A,26.09,8.33,212.18,3.13,78.35,0.12,3.07,0.02,1.47,0.02,1.00,0.00,0.00,0.92,0.87,0.0001,0.0009,     0,0,0,1.67,98.33,0.00,N/A,5.20,3.55,212.18,1.47,36.65,0.02,0.61,0.01,0.29,0.02,1.00,0.00,0.03,0.96,0.26,0.0008,0.0212,     0,0,0,2.16,97.84,0.00,N/A,1.32,4.57,212.18,0.29,7.22,0.01,0.16,0.10,3.39,0.03,1.00,0.00,0.00,0.46,0.89,0.0000,0.0000,     0,0,0,2.96,97.04,0.00,N/A,21.19,6.25,212.18,3.39,84.75,0.10,2.51,0.00,0.49,0.00,1.00,0.00,0.00,0.67,0.67,0.0017,0.0066,     0,0,0,0.10,99.90,0.00,N/A,0.11,0.22,212.18,0.49,12.35,0.00,0.01,0.00,0.48,0.00,1.00,0.00,0.00,0.80,0.64,0.0011,0.0069,     0,0,0,0.11,99.89,0.00,N/A,0.11,0.22,212.18,0.48,12.12,0.00,0.01,0.03,3.27,0.01,1.00,0.00,0.00,0.69,0.71,0.0000,0.0000,     0,0,0,1.02,98.98,0.00,N/A,7.13,2.18,212.18,3.27,81.81,0.03,0.84,0.00,0.46,0.00,1.00,0.00,0.00,0.82,0.66,0.0010,0.0067,     0,0,0,0.06,99.94,0.00,N/A,0.05,0.12,212.18,0.46,11.54,0.00,0.01,0.00,0.54,0.00,1.00,0.00,0.00,0.60,0.77,0.0010,0.0043,     0,0,0,0.04,99.96,0.00,N/A,0.05,0.09,212.18,0.54,13.59,0.00,0.01,0.00,0.44,0.00,1.00,0.00,0.00,0.90,0.80,0.0004,0.0041,     0,0,0,0.02,99.98,0.00,N/A,0.02,0.05,212.18,0.44,11.09,0.00,0.00,
2024-03-21,21:07:06.853,0.04,2.43,0.02,1.00,0.01,0.07,0.90,0.54,0.0000,0.0005,0.00,0.00,-2147483648,0.00,0.00,148.25,60.93,210.45,2.43,60.83,0.04,1.10,0.86,0.74,3.07,1.80,98.20,0.00,100.00,0.00,0.00,0.00,0.00,-nan,0.08,0.07,2.61,0.03,1.00,0.00,0.04,0.89,0.57,0.0000,0.0003,     0,0,0,0.00,0.00,-2147483648,0.00,0.00,N/A,114.38,43.81,210.45,2.61,65.27,0.07,1.70,0.02,1.98,0.01,1.00,0.00,0.04,0.92,0.51,0.0001,0.0011,     0,0,0,0.00,0.00,-2147483648,0.00,0.00,N/A,33.87,17.12,210.45,1.98,49.46,0.02,0.50,0.39,0.31,  0%,  0%,0.12,0.04,  0%,  0%,1.23,1.34,  1%,  1%,0.29,0.22,  0%,  0%,2.60,97.40,0.00,100.00,0.00,0.00,1.01,98.99,0.00,100.00,0.00,0.00,0.00,0.00,0.00 ,0.00 ,-nan ,-nan ,0.08,0.08,0.01,0.42,0.02,1.00,0.00,0.03,0.96,0.27,0.0006,0.0145,     0,0,0,2.32,97.68,0.00,N/A,2.05,4.89,210.45,0.42,10.47,0.01,0.24,0.04,2.17,0.02,1.00,0.00,0.00,0.41,0.68,0.0002,0.0004,     0,0,0,1.75,98.25,0.00,N/A,8.08,3.72,210.45,2.17,54.34,0.04,0.95,0.12,3.09,0.04,1.00,0.00,0.00,0.70,0.68,0.0000,0.0000,     0,0,0,3.96,96.04,0.00,N/A,25.72,8.32,210.45,3.09,77.30,0.12,3.06,0.12,3.12,0.04,1.00,0.00,0.00,0.85,0.80,0.0000,0.0000,     0,0,0,3.96,96.04,0.00,N/A,26.00,8.32,210.45,3.12,78.09,0.12,3.09,0.00,0.55,0.00,1.00,0.00,0.00,0.71,0.70,0.0008,0.0040,     0,0,0,0.21,99.79,0.00,N/A,0.24,0.43,210.45,0.55,13.63,0.00,0.03,0.11,3.35,0.03,1.00,0.00,0.00,0.76,0.69,0.0000,0.0000,     0,0,0,3.17,96.83,0.00,N/A,20.99,6.26,210.45,3.35,83.86,0.11,2.66,0.12,3.13,0.04,1.00,0.00,0.00,0.85,0.81,0.0000,0.0000,     0,0,0,3.75,96.25,0.00,N/A,26.09,8.32,210.45,3.13,78.35,0.12,2.94,0.02,1.47,0.02,1.00,0.00,0.00,0.73,0.88,0.0002,0.0008,     0,0,0,1.68,98.32,0.00,N/A,5.22,3.55,210.45,1.47,36.72,0.02,0.62,0.01,0.34,0.02,1.00,0.00,0.03,0.96,0.27,0.0008,0.0184,     0,0,0,2.22,97.78,0.00,N/A,1.59,4.66,210.45,0.34,8.51,0.01,0.19,0.01,1.18,0.01,1.00,0.00,0.00,0.76,0.86,0.0002,0.0011,     0,0,0,1.00,99.00,0.00,N/A,2.47,2.10,210.45,1.18,29.45,0.01,0.29,0.00,0.46,0.00,1.00,0.00,0.00,0.58,0.68,0.0022,0.0063,     0,0,0,0.08,99.92,0.00,N/A,0.08,0.17,210.45,0.46,11.51,0.00,0.01,0.04,2.31,0.02,1.00,0.00,0.00,0.72,0.74,0.0001,0.0003,     0,0,0,1.64,98.36,0.00,N/A,8.43,3.65,210.45,2.31,57.78,0.04,0.95,0.10,3.38,0.03,1.00,0.00,0.00,0.57,0.80,0.0000,0.0000,     0,0,0,2.99,97.01,0.00,N/A,21.16,6.26,210.45,3.38,84.48,0.10,2.52,0.00,0.35,0.00,1.00,0.00,0.00,0.60,0.74,0.0022,0.0058,     0,0,0,0.03,99.97,0.00,N/A,0.03,0.07,210.45,0.35,8.74,0.00,0.00,0.00,0.40,0.00,1.00,0.00,0.00,0.96,0.90,0.0001,0.0020,     0,0,0,0.02,99.98,0.00,N/A,0.02,0.04,210.45,0.40,9.89,0.00,0.00,0.00,0.60,0.00,1.00,0.00,0.00,0.82,0.57,0.0011,0.0071,     0,0,0,0.08,99.92,0.00,N/A,0.10,0.16,210.45,0.60,15.12,0.00,0.01,
2024-03-21,21:07:06.954,0.04,2.41,0.02,1.00,0.01,0.07,0.92,0.61,0.0000,0.0005,0.00,0.00,-2147483648,0.00,0.00,143.21,59.34,209.75,2.41,60.34,0.04,1.08,1.46,0.43,2.56,1.79,98.21,0.00,100.00,0.00,0.00,0.00,0.00,-nan,0.08,0.07,2.61,0.03,1.00,0.00,0.03,0.93,0.57,0.0000,0.0003,     0,0,0,0.00,0.00,-2147483648,0.00,0.00,N/A,114.51,43.84,209.75,2.61,65.31,0.07,1.73,0.02,1.85,0.01,1.00,0.00,0.04,0.91,0.65,0.0001,0.0013,     0,0,0,0.00,0.00,-2147483648,0.00,0.00,N/A,28.70,15.50,209.75,1.85,46.29,0.02,0.43,0.32,0.28,  0%,  0%,0.38,0.47,  0%,  0%,0.66,0.43,  0%,  0%,0.78,0.70,  0%,  0%,2.65,97.35,0.00,100.00,0.00,0.00,0.93,99.07,0.00,100.00,0.00,0.00,0.00,0.00,0.00 ,0.00 ,-nan ,-nan ,0.08,0.08,0.01,0.31,0.02,1.00,0.00,0.03,0.96,0.27,0.0009,0.0196,     0,0,0,2.23,97.77,0.00,N/A,1.45,4.68,209.75,0.31,7.76,0.01,0.17,0.14,3.38,0.04,1.00,0.00,0.00,0.61,0.80,0.0000,0.0000,     0,0,0,4.00,96.00,0.00,N/A,28.13,8.32,209.75,3.38,84.47,0.14,3.38,0.13,3.10,0.04,1.00,0.00,0.00,0.75,0.73,0.0000,0.0000,     0,0,0,4.21,95.79,0.00,N/A,25.84,8.32,209.75,3.10,77.61,0.13,3.27,0.12,3.13,0.04,1.00,0.00,0.00,0.73,0.81,0.0000,0.0000,     0,0,0,3.93,96.07,0.00,N/A,26.06,8.32,209.75,3.13,78.28,0.12,3.08,0.00,0.66,0.00,1.00,0.00,0.00,0.40,0.72,0.0009,0.0035,     0,0,0,0.14,99.86,0.00,N/A,0.19,0.29,209.75,0.66,16.49,0.00,0.02,0.01,1.02,0.01,1.00,0.00,0.00,0.45,0.86,0.0002,0.0005,     0,0,0,1.15,98.85,0.00,N/A,2.47,2.42,209.75,1.02,25.52,0.01,0.29,0.13,3.13,0.04,1.00,0.00,0.00,0.88,0.81,0.0000,0.0000,     0,0,0,4.21,95.79,0.00,N/A,26.08,8.33,209.75,3.13,78.30,0.13,3.30,0.02,1.36,0.02,1.00,0.00,0.00,0.86,0.87,0.0001,0.0009,     0,0,0,1.51,98.49,0.00,N/A,4.28,3.15,209.75,1.36,34.00,0.02,0,3.35,6.66,208.76,0.50,12.59,0.02,0.95,0.27,0.0005,0.0103,     0,0,0,2.64,97.36,0.00,N/A,3.04,5.53,209.75,0.55,13.73,0.01,0.36,0.02,1.55,0.01,1.00,0.00,0.00,0.81,0.95,0.0001,0.0007,     0,0,0,1.01,98.99,0.00,N/A,3.26,2.11,209.75,1.55,38.67,0.02,0.39,0.00,1.07,0.00,1.00,0.00,0.00,0.77,0.84,0.0003,0.0018,     0,0,0,0.39,99.61,0.00,N/A,0.88,0.82,209.75,1.07,26.72,0.00,0.10,0.11,3.38,0.03,1.00,0.00,0.00,0.38,0.84,0.0000,0.0000,     0,0,0,3.17,96.83,0.00,N/A,21.16,6.26,209.75,3.38,84.55,0.11,2.68,0.00,0.43,0.00,1.00,0.00,0.00,0.65,0.69,0.0017,0.0063,     0,0,0,0.06,99.94,0.00,N/A,0.05,0.13,209.75,0.43,10.70,0.00,0.01,0.00,0.41,0.00,1.00,0.00,0.00,0.58,0.65,0.0019,0.0059,     0,0,0,0.10,99.90,0.00,N/A,0.08,0.20,209.75,0.41,10.13,0.00,0.01,0.00,0.57,0.00,1.00,0.00,0.00,0.61,0.64,0.0014,0.0046,     0,0,0,0.06,99.94,0.00,N/A,0.07,0.12,209.75,0.57,14.24,0.00,0.01,0.00,0.47,0.00,1.00,0.00,0.00,0.49,0.58,0.0029,0.0072,     0,0,0,0.16,99.84,0.00,N/A,0.15,0.33,209.75,0.47,11.76,0.00,0.02,
2024-03-21,21:07:07.050,0.05,2.62,0.02,1.00,0.00,0.07,0.93,0.47,0.0000,0.0004,0.00,0.00,-2147483648,0.00,0.00,163.15,62.29,209.94,2.62,65.48,0.05,1.21,0.69,0.28,1.86,1.85,98.15,0.00,100.00,0.00,0.00,0.00,0.00,-nan,0.08,0.07,2.69,0.02,1.00,0.00,0.03,0.92,0.56,0.0000,0.0003,     0,0,0,0.00,0.00,-2147483648,0.00,0.00,N/A,111.64,41.58,209.94,2.69,67.13,0.07,1.66,0.03,2.49,0.01,1.00,0.00,0.03,0.93,0.34,0.0000,0.0006,     0,0,0,0.00,0.00,-2147483648,0.00,0.00,N/A,51.50,20.71,209.94,2.49,62.17,0.03,0.76,0.17,0.20,  0%,  0%,0.25,0.07,  0%,  0%,0.47,0.75,  0%,  0%,0.40,0.25,  0%,  0%,2.48,97.52,0.00,100.00,0.00,0.00,1.23,98.77,0.00,100.00,0.00,0.00,0.00,0.00,0.00 ,0.00 ,-nan ,-nan ,0.08,0.08,0.01,0.31,0.02,1.00,0.00,0.03,0.94,0.27,0.0012,0.0193,     0,0,0,2.38,97.62,0.00,N/A,1.54,5.00,209.94,0.31,7.68,0.01,0.18,0.13,3.39,0.04,1.00,0.00,0.00,0.61,0.78,0.0000,0.0000,     0,0,0,3.88,96.12,0.00,N/A,28.21,8.31,209.94,3.39,84.83,0.13,3.29,0.12,3.10,0.04,1.00,0.00,0.00,0.81,0.72,0.0000,0.0000,     0,0,0,3.89,96.11,0.00,N/A,25.78,8.32,209.94,3.10,77.44,0.12,3.01,0.10,3.12,0.03,1.00,0.00,0.00,0.82,0.85,0.0000,0.0000,     0,0,0,3.20,96.80,0.00,N/A,19.50,6.25,209.94,3.12,78.02,0.10,2.49,0.00,0.49,0.00,1.00,0.00,0.00,0.65,0.72,0.0006,0.0045,     0,0,0,0.11,99.89,0.00,N/A,0.11,0.23,209.94,0.49,12.26,0.00,0.01,0.03,2.58,0.01,1.00,0.00,0.00,0.74,0.93,0.0000,0.0001,     0,0,0,1.25,98.75,0.00,N/A,6.79,2.63,209.94,2.58,64.42,0.03,0.81,0.12,3.12,0.04,1.00,0.00,0.00,0.89,0.84,0.0000,0.0000,     0,0,0,3.89,96.11,0.00,N/A,26.00,8.32,209.94,3.12,78.11,0.12,3.03,0.02,1.48,0.01,1.00,0.00,0.00,0.79,0.91,0.0001,0.0006,     0,0,0,1.19,98.81,0.00,N/A,3.72,2.50,209.94,1.48,37.08,0.02,0.44,0.01,0.28,0.02,1.00,0.00,0.03,0.95,0.26,0.0010,0.0209,     0,0,0,2.33,97.67,0.00,N/A,1.38,4.89,209.94,0.28,7.05,0.01,0.16,0.03,3.34,0.01,1.00,0.00,0.00,0.43,0.84,0.0000,0.0000,     0,0,0,1.01,98.99,0.00,N/A,7.06,2.12,209.94,3.34,83.44,0.03,0.84,0.16,3.38,0.05,1.00,0.00,0.00,0.31,0.78,0.0000,0.0000,     0,0,0,4.85,95.15,0.00,N/A,35.17,10.39,209.94,3.38,84.60,0.16,4.11,0.04,2.63,0.01,1.00,0.00,0.00,0.78,0.64,0.0000,0.0002,     0,0,0,1.40,98.60,0.00,N/A,7.72,2.93,209.94,2.63,65.76,0.04,0.92,0.00,0.44,0.00,1.00,0.00,0.00,0.82,0.89,0.0003,0.0019,     0,0,0,0.02,99.98,0.00,N/A,0.02,0.04,209.94,0.44,11.07,0.00,0.00,0.00,0.44,0.00,1.00,0.00,0.00,0.82,0.86,0.0004,0.0024,     0,0,0,0.02,99.98,0.00,N/A,0.02,0.04,209.94,0.44,11.03,0.00,0.00,0.00,0.40,0.00,1.00,0.00,0.00,0.56,0.87,0.0010,0.0025,     0,0,0,0.02,99.98,0.00,N/A,0.02,0.05,209.94,0.40,9.91,0.00,0.00,0.00,0.48,0.00,1.00,0.00,0.00,0.38,0.59,0.0039,0.0074,     0,0,0,0.11,99.89,0.00,N/A,0.11,0.24,209.94,0.48,11.92,0.00,0.01,
2024-03-21,21:07:07.148,0.04,2.46,0.02,1.00,0.01,0.07,0.92,0.50,0.0000,0.0005,0.00,0.00,-2147483648,0.00,0.00,143.74,58.33,210.18,2.46,61.60,0.04,1.07,1.85,0.81,5.27,1.74,98.26,0.00,100.00,0.00,0.00,0.00,0.00,-nan,0.08,0.06,2.52,0.03,1.00,0.00,0.04,0.92,0.58,0.0000,0.0003,     0,0,0,0.00,0.00,-2147483648,0.00,0.00,N/A,107.17,42.46,210.18,2.52,63.09,0.06,1.61,0.02,2.30,0.01,1.00,0.00,0.03,0.93,0.34,0.0001,0.0008,     0,0,0,0.00,0.00,-2147483648,0.00,0.00,N/A,36.57,15.87,210.18,2.30,57.61,0.02,0.55,0.08,0.16,  0%,  0%,0.90,0.71,  0%,  0%,0.39,0.59,  0%,  0%,1.93,2.36,  1%,  2%,2.55,97.45,0.00,100.00,0.00,0.00,0.95,99.05,0.00,100.00,0.00,0.00,0.00,0.00,0.00 ,0.00 ,-nan ,-nan ,0.08,0.08,0.01,0.32,0.02,1.00,0.00,0.03,0.95,0.28,0.0010,0.0189,     0,0,0,2.39,97.61,0.00,N/A,1.58,5.02,210.18,0.32,7.88,0.01,0.19,0.14,3.39,0.04,1.00,0.00,0.00,0.63,0.80,0.0000,0.0000,     0,0,0,4.04,95.96,0.00,N/A,28.23,8.32,210.18,3.39,84.78,0.14,3.43,0.13,3.12,0.04,1.00,0.00,0.00,0.78,0.70,0.0000,0.0000,     0,0,0,4.05,95.95,0.00,N/A,25.98,8.33,210.18,3.12,77.94,0.13,3.16,0.06,2.13,0.03,1.00,0.00,0.00,0.45,0.84,0.0000,0.0001,     0,0,0,3.05,96.95,0.00,N/A,13.70,6.43,210.18,2.13,53.22,0.06,1.62,0.09,3.07,0.03,1.00,0.00,0.00,0.74,0.71,0.0000,0.0000,     0,0,0,3.01,96.99,0.00,N/A,19.42,6.33,210.18,3.07,76.64,0.09,2.31,0.03,2.67,0.01,1.00,0.00,0.00,0.64,0.90,0.0000,0.0001,     0,0,0,1.19,98.81,0.00,N/A,6.64,2.48,210.18,2.67,66.83,0.03,0.79,0.04,2.45,0.02,1.00,0.00,0.00,0.83,0.87,0.0000,0.0002,     0,0,0,1.69,98.31,0.00,N/A,8.47,3.46,210.18,2.45,61.26,0.04,1.03,0.02,1.52,0.01,1.00,0.00,0.00,0.82,0.85,0.0002,0.0009,     0,0,0,0.99,99.01,0.00,N/A,3.16,2.08,210.18,1.52,37.96,0.02,0.38,0.01,0.30,0.02,1.00,0.00,0.03,0.96,0.26,0.0009,0.0214,     0,0,0,2.11,97.89,0.00,N/A,1.32,4.44,210.18,0.30,7.45,0.01,0.16,0.03,3.34,0.01,1.00,0.00,0.00,0.53,0.89,0.0000,0.0000,     0,0,0,1.01,98.99,0.00,N/A,7.07,2.12,210.18,3.34,83.45,0.03,0.84,0.07,3.38,0.02,1.00,0.00,0.00,0.41,0.75,0.0000,0.0000,     0,0,0,2.04,97.96,0.00,N/A,14.12,4.18,210.18,3.38,84.40,0.07,1.72,0.03,3.08,0.01,1.00,0.00,0.00,0.54,0.66,0.0000,0.0001,     0,0,0,1.11,98.89,0.00,N/A,7.18,2.33,210.18,3.08,77.00,0.03,0.85,0.03,3.01,0.01,1.00,0.00,0.00,0.66,0.72,0.0000,0.0000,     0,0,0,1.04,98.96,0.00,N/A,6.57,2.18,210.18,3.01,75.36,0.03,0.78,0.00,0.51,0.00,1.00,0.00,0.00,0.67,0.73,0.0006,0.0027,     0,0,0,0.13,99.87,0.00,N/A,0.14,0.27,210.18,0.51,12.87,0.00,0.02,0.00,0.43,0.00,1.00,0.00,0.00,0.92,0.91,0.0001,0.0017,     0,0,0,0.02,99.98,0.00,N/A,0.02,0.04,210.18,0.43,10.68,0.00,0.00,0.00,0.50,0.00,1.00,0.00,0.00,0.41,0.59,0.0036,0.0067,     0,0,0,0.15,99.85,0.00,N/A,0.15,0.31,210.18,0.50,12.38,0.00,0.02,
2024-03-21,21:07:07.255,0.04,2.57,0.02,1.00,0.00,0.06,0.93,0.48,0.0000,0.0004,0.00,0.00,-2147483648,0.00,0.00,142.83,55.67,210.35,2.57,64.15,0.04,1.06,0.91,1.06,3.05,1.65,98.35,0.00,100.00,0.00,0.00,0.00,0.00,-nan,0.10,0.07,2.70,0.02,1.00,0.00,0.03,0.93,0.56,0.0000,0.0003,     0,0,0,0.00,0.00,-2147483648,0.00,0.00,N/A,112.58,41.75,210.35,2.70,67.41,0.07,1.66,0.02,2.17,0.01,1.00,0.00,0.03,0.94,0.34,0.0001,0.0010,     0,0,0,0.00,0.00,-2147483648,0.00,0.00,N/A,30.25,13.91,210.35,2.17,54.36,0.02,0.45,0.15,0.11,  0%,  0%,0.29,0.36,  0%,  0%,0.22,0.34,  0%,  0%,1.23,1.26,  1%,  1%,2.46,97.54,0.00,100.00,0.00,0.00,0.83,99.17,0.00,100.00,0.00,0.00,0.00,0.00,0.00 ,0.00 ,-nan ,-nan ,0.10,0.10,0.01,0.31,0.02,1.00,0.00,0.03,0.95,0.27,0.0009,0.0202,     0,0,0,2.17,97.83,0.00,N/A,1.41,4.57,210.35,0.31,7.68,0.01,0.17,0.07,3.27,0.02,1.00,0.00,0.00,0.40,0.62,0.0000,0.0000,     0,0,0,2.08,97.92,0.00,N/A,14.26,4.37,210.35,3.27,81.63,0.07,1.70,0.12,3.10,0.04,1.00,0.00,0.00,0.83,0.73,0.0000,0.0000,     0,0,0,3.96,96.04,0.00,N/A,25.83,8.32,210.35,3.10,77.59,0.12,3.08,0.12,3.13,0.04,1.00,0.00,0.00,0.74,0.82,0.0000,0.0000,     0,0,0,3.69,96.31,0.00,N/A,26.07,8.33,210.35,3.13,78.22,0.12,2.88,0.12,3.12,0.04,1.00,0.00,0.00,0.73,0.77,0.0000,0.0000,     0,0,0,3.97,96.03,0.00,N/A,25.95,8.33,210.35,3.12,77.89,0.12,3.09,0.01,0.98,0.01,1.00,0.00,0.00,0.57,0.84,0.0002,0.0009,     0,0,0,0.62,99.38,0.00,N/A,1.28,1.31,210.35,0.98,24.49,0.01,0.15,0.07,3.33,0.02,1.00,0.00,0.00,0.47,0.72,0.0000,0.0000,     0,0,0,2.02,97.98,0.00,N/A,14.16,4.25,210.35,3.33,83.26,0.07,1.68,0.02,1.60,0.01,1.00,0.00,0.00,0.82,0.92,0.0001,0.0005,     0,0,0,1.08,98.92,0.00,N/A,3.62,2.27,210.35,1.60,39.95,0.02,0.43,0.01,0.29,0.02,1.00,0.00,0.03,0.96,0.27,0.0008,0.0212,     0,0,0,2.16,97.84,0.00,N/A,1.33,4.54,210.35,0.29,7.32,0.01,0.16,0.03,3.35,0.01,1.00,0.00,0.00,0.78,0.86,0.0000,0.0000,     0,0,0,1.01,98.,0.0013,0.0073,     0,0,0,0.08,99,83.77,0.03,0.84,0.03,3.15,0.01,1.00,0.00,0.00,0.78,0.66,0.0000,0.0001,     0,0,0,1.07,98.93,0.00,N/A,7.08,2.25,210.35,3.15,78.84,0.03,0.84,0.07,3.34,0.02,1.00,0.00,0.00,0.72,0.71,0.0000,0.0000,     0,0,0,2.02,97.98,0.00,N/A,14.16,4.25,210.35,3.34,83.38,0.07,1.69,0.00,1.15,0.00,1.00,0.00,0.00,0.70,0.80,0.0002,0.0009,     0,0,0,0.16,99.84,0.00,N/A,0.40,0.34,210.35,1.15,28.77,0.00,0.05,0.00,0.39,0.00,1.00,0.00,0.00,0.69,0.67,0.0017,0.0063,     0,0,0,0.09,99.91,0.00,N/A,0.07,0.18,210.35,0.39,9.64,0.00,0.01,0.00,0.37,0.00,1.00,0.00,0.00,0.86,0.85,0.0003,0.0027,     0,0,0,0.02,99.98,0.00,N/A,0.02,0.05,210.35,0.37,9.37,0.00,0.00,0.00,0.52,0.00,1.00,0.00,0.00,0.59,0.58,0.0026,0.0072,     0,0,0,0.09,99.91,0.00,N/A,0.10,0.18,210.35,0.52,13.06,0.00,0.01,
2024-03-21,21:07:07.348,0.04,2.53,0.02,1.00,0.00,0.07,0.93,0.43,0.0000,0.0005,0.00,0.00,-2147483648,0.00,0.00,136.88,54.09,209.62,2.53,63.27,0.04,1.02,0.74,0.55,1.63,1.62,98.38,0.00,100.00,0.00,0.00,0.00,0.00,-nan,0.08,0.06,2.66,0.02,1.00,0.00,0.04,0.93,0.50,0.0000,0.0003,     0,0,0,0.00,0.00,-2147483648,0.00,0.00,N/A,107.00,40.25,209.62,2.66,66.46,0.06,1.61,0.02,2.16,0.01,1.00,0.00,0.03,0.93,0.33,0.0001,0.0010,     0,0,0,0.00,0.00,-2147483648,0.00,0.00,N/A,29.88,13.84,209.62,2.16,53.98,0.02,0.45,0.30,0.27,  0%,  0%,0.13,0.04,  0%,  0%,0.60,0.50,  0%,  0%,0.32,0.23,  0%,  0%,2.42,97.58,0.00,100.00,0.00,0.00,0.82,99.18,0.00,100.00,0.00,0.00,0.00,0.00,0.00 ,0.00 ,-nan ,-nan ,0.08,0.08,0.02,0.68,0.03,1.00,0.00,0.03,0.96,0.32,0.0004,0.0080,     0,0,0,2.79,97.21,0.00,N/A,3.97,5.85,209.62,0.68,16.97,0.02,0.47,0.09,3.08,0.03,1.00,0.00,0.00,0.72,0.78,0.0000,0.0000,     0,0,0,3.06,96.94,0.00,N/A,19.77,6.41,209.62,3.08,77.09,0.09,2.36,0.12,3.11,0.04,1.00,0.00,0.00,0.68,0.81,0.0000,0.0000,     0,0,0,3.97,96.03,0.00,N/A,25.95,8.33,209.62,3.11,77.87,0.12,3.09,0.04,2.80,0.01,1.00,0.00,0.00,0.45,0.63,0.0000,0.0001,     0,0,0,1.50,98.50,0.00,N/A,8.11,2.90,209.62,2.80,69.88,0.04,1.05,0.12,3.12,0.04,1.00,0.00,0.00,0.82,0.81,0.0000,0.0000,     0,0,0,3.96,96.04,0.00,N/A,25.97,8.32,209.62,3.12,78.01,0.12,3.09,0.00,0.86,0.00,1.00,0.00,0.00,0.68,0.93,0.0002,0.0007,     0,0,0,0.31,99.69,0.00,N/A,0.56,0.65,209.62,0.86,21.53,0.00,0.07,0.10,3.30,0.03,1.00,0.00,0.00,0.79,0.90,0.0000,0.0000,     0,0,0,3.09,96.91,0.00,N/A,21.40,6.49,209.62,3.30,82.41,0.10,2.55,0.01,0.99,0.01,1.00,0.00,0.00,0.63,0.85,0.0003,0.0011,     0,0,0,0.61,99.39,0.00,N/A,1.27,1.29,209.62,0.99,24.71,0.01,0.15,0.01,0.29,0.02,1.00,0.00,0.03,0.96,0.27,0.0009,0.0211,     0,0,0,2.20,97.80,0.00,N/A,1.35,4.61,209.62,0.29,7.32,0.01,0.16,0.03,3.33,0.01,1.00,0.00,0.00,0.72,0.77,0.0000,0.0000,     0,0,0,1.02,98.98,0.00,N/A,7.10,2.13,209.62,3.33,83.31,0.03,0.85,0.10,3.35,0.03,1.00,0.00,0.00,0.43,0.69,0.0000,0.0000,     0,0,0,3.01,96.99,0.00,N/A,21.15,6.32,209.62,3.35,83.65,0.10,2.52,0.00,0.50,0.00,1.00,0.00,0.00,0.73,0.69,0.0013,0.0065,     0,0,0,0.09,99.91,0.00,N/A,0.09,0.18,209.62,0.50,12.46,0.00,0.01,0.00,0.51,0.00,1.00,0.00,0.00,0.79,0.71,0.0009,0.0057,     0,0,0,0.05,99.95,0.00,N/A,0.05,0.11,209.62,0.51,12.68,0.00,0.01,0.00,0.51,0.00,1.00,0.00,0.00,0.84,0.70,0.0008,0.0060,     0,0,0,0.05,99.95,0.00,N/A,0.06,0.11,209.62,0.51,12.81,0.00,0.01,0.00,0.37,0.00,1.00,0.00,0.00,0.57,0.85,0.0009,0.0027,     0,0,0,0.03,99.97,0.00,N/A,0.02,0.05,209.62,0.37,9.37,0.00,0.00,0.00,0.18,0.00,1.00,0.00,0.00,0.06,0.44,0.0100,0.0117,     0,0,0,0.15,99.85,0.00,N/A,0.06,0.32,209.62,0.18,4.52,0.00,0.01,
2024-03-21,21:07:07.450,0.04,2.58,0.02,1.00,0.00,0.06,0.95,0.47,0.0000,0.0005,0.00,0.00,-2147483648,0.00,0.00,135.18,52.48,209.86,2.58,64.40,0.04,1.00,0.85,0.69,2.58,1.56,98.44,0.00,100.00,0.00,0.00,0.00,0.00,-nan,0.08,0.06,2.68,0.02,1.00,0.00,0.03,0.94,0.55,0.0000,0.0003,     0,0,0,0.00,0.00,-2147483648,0.00,0.00,N/A,105.24,39.23,209.86,2.68,67.08,0.06,1.56,0.02,2.26,0.01,1.00,0.00,0.03,0.95,0.33,0.0000,0.0010,     0,0,0,0.00,0.00,-2147483648,0.00,0.00,N/A,29.94,13.25,209.86,2.26,56.48,0.02,0.45,0.22,0.41,  0%,  0%,0.14,0.07,  0%,  0%,1.03,0.90,  0%,  0%,0.36,0.29,  0%,  0%,2.32,97.68,0.00,100.00,0.00,0.00,0.79,99.21,0.00,100.00,0.00,0.00,0.00,0.00,0.00 ,0.00 ,-nan ,-nan ,0.08,0.08,0.01,0.31,0.02,1.00,0.00,0.03,0.96,0.25,0.0008,0.0213,     0,0,0,2.08,97.92,0.00,N/A,1.37,4.36,209.86,0.31,7.85,0.01,0.16,0.01,1.45,0.01,1.00,0.00,0.00,0.88,0.93,0.0000,0.0004,     0,0,0,0.85,99.15,0.00,N/A,2.61,1.79,209.86,1.45,36.36,0.01,0.31,0.09,3.09,0.03,1.00,0.00,0.00,0.66,0.74,0.0000,0.0000,     0,0,0,3.05,96.95,0.00,N/A,19.69,6.37,209.86,3.09,77.22,0.09,2.35,0.00,0.61,0.00,1.00,0.00,0.00,0.60,0.65,0.0008,0.0045,     0,0,0,0.16,99.84,0.00,N/A,0.20,0.34,209.86,0.61,15.16,0.00,0.02,0.12,3.09,0.04,1.00,0.00,0.00,0.81,0.71,0.0000,0.0000,     0,0,0,3.88,96.12,0.00,N/A,25.67,8.32,209.86,3.09,77.15,0.12,3.00,0.12,3.05,0.04,1.00,0.00,0.00,0.65,0.59,0.0000,0.0000,     0,0,0,3.96,96.04,0.00,N/A,25.36,8.32,209.86,3.05,76.15,0.12,3.02,0.13,3.40,0.04,1.00,0.00,0.00,0.78,0.84,0.0000,0.0000,     0,0,0,3.96,96.04,0.00,N/A,28.31,8.32,209.86,3.40,85.03,0.13,3.37,0.01,1.47,0.01,1.00,0.00,0.00,0.92,0.85,0.0001,0.0009,     0,0,0,0.65,99.35,0.00,N/A,2.04,1.39,209.86,1.47,36.64,0.01,0.24,0.01,0.31,0.02,1.00,0.00,0.03,0.96,0.26,0.0008,0.0217,     0,0,0,2.01,97.99,0.00,N/A,1.30,4.22,209.86,0.31,7.69,0.01,0.15,0.00,0.38,0.00,1.00,0.00,0.00,0.50,0.86,0.0010,0.0024,     0,0,0,0.02,99.98,0.00,N/A,0.02,0.05,209.86,0.38,9.49,0.00,0.00,0.03,3.26,0.01,1.00,0.00,0.00,0.75,0.70,0.0000,0.0000,     0,0,0,1.03,98.97,0.00,N/A,7.06,2.16,209.86,3.26,81.52,0.03,0.84,0.00,0.51,0.00,1.00,0.00,0.00,0.86,0.67,0.0008,0.0068,     0,0,0,0.08,99.92,0.00,N/A,0.08,0.16,209.86,0.51,12.80,0.00,0.01,0.00,0.45,0.00,1.00,0.00,0.00,0.76,0.70,0.0012,0.0059,     0,0,0,0.06,99.94,0.00,N/A,0.05,0.12,209.86,0.45,11.37,0.00,0.01,0.00,0.48,0.00,1.00,0.00,0.00,0.74,0.70,0.0014,0.0060,     0,0,0,0.05,99.95,0.00,N/A,0.05,0.10,209.86,0.48,12.03,0.00,0.01,0.10,3.39,0.03,1.00,0.00,0.00,0.44,0.88,0.0000,0.0000,     0,0,0,2.97,97.03,0.00,N/A,21.20,6.26,209.86,3.39,84.68,0.10,2.52,0.00,1.04,0.00,1.00,0.00,0.00,0.52,0.80,0.0004,0.0010,     0,0,0,0.08,99.92,0.00,N/A,0.18,0.17,209.86,1.04,26.09,0.00,0.02,
2024-03-21,21:07:07.551,0.04,2.57,0.02,1.00,0.00,0.07,0.94,0.51,0.0000,0.0004,0.00,0.00,-2147483648,0.00,0.00,151.21,58.82,210.24,2.57,64.27,0.04,1.12,0.67,0.35,2.63,1.75,98.25,0.00,100.00,0.00,0.00,0.00,0.00,-nan,0.08,0.07,2.65,0.03,1.00,0.00,0.04,0.92,0.60,0.0000,0.0003,     0,0,0,0.00,0.00,-2147483648,0.00,0.00,N/A,114.85,43.34,210.24,2.65,66.25,0.07,1.71,0.02,2.35,0.01,1.00,0.00,0.03,0.95,0.32,0.0000,0.0008,     0,0,0,0.00,0.00,-2147483648,0.00,0.00,N/A,36.36,15.48,210.24,2.35,58.72,0.02,0.54,0.13,0.18,  0%,  0%,0.16,0.21,  0%,  0%,0.37,0.64,  0%,  0%,0.82,0.81,  0%,  0%,2.58,97.42,0.00,100.00,0.00,0.00,0.92,99.08,0.00,100.00,0.00,0.00,0.00,0.00,0.00 ,0.00 ,-nan ,-nan ,0.08,0.08,0.01,0.31,0.02,1.00,0.00,0.03,0.95,0.27,0.0011,0.0203,     0,0,0,2.23,97.77,0.00,N/A,1.44,4.69,210.24,0.31,7.67,0.01,0.17,0.00,0.51,0.00,1.00,0.00,0.00,0.58,0.76,0.0007,0.0035,     0,0,0,0.11,99.89,0.00,N/A,0.12,0.24,210.24,0.51,12.77,0.00,0.01,0.06,2.94,0.02,1.00,0.00,0.00,0.82,0.66,0.0000,0.0001,     0,0,0,2.14,97.86,0.00,N/A,13.25,4.50,210.24,2.94,73.58,0.06,1.57,0.05,2.18,0.02,1.00,0.00,0.00,0.59,0.89,0.0001,0.0002,     0,0,0,2.35,97.65,0.00,N/A,10.80,4.94,210.24,2.18,54.61,0.05,1.28,0.13,3.12,0.04,1.00,0.00,0.00,0.62,0.73,0.0000,0.0000,     0,0,0,4.05,95.95,0.00,N/A,26.01,8.33,210.24,3.12,78.08,0.13,3.16,0.12,3.12,0.04,1.00,0.00,0.00,0.64,0.73,0.0000,0.0000,     0,0,0,3.96,96.04,0.00,N/A,25.94,8.32,210.24,3.12,77.98,0.12,3.09,0.10,3.32,0.03,1.00,0.00,0.00,0.85,0.95,0.0000,0.0000,     0,0,0,2.96,97.04,0.00,N/A,21.36,6.43,210.24,3.32,83.03,0.10,2.46,0.08,2.71,0.03,1.00,0.00,0.00,0.98,0.90,0.0000,0.0001,     0,0,0,2.85,97.15,0.00,N/A,15.94,5.89,210.24,2.71,67.63,0.08,1.93,0.01,0.30,0.02,1.00,0.00,0.03,0.96,0.27,0.0008,0.0212,     0,0,0,2.17,97.83,0.00,N/A,1.35,4.56,210.24,0.30,7.41,0.01,0.16,0.03,3.35,0.01,1.00,0.00,0.00,0.72,0.91,0.0000,0.0000,     0,0,0,1.00,99.00,0.00,N/A,7.09,2.12,210.24,3.35,83.78,0.03,0.84,0.00,0.48,0.00,1.00,0.00,0.00,0.67,0.68,0.0014,0.0061,     0,0,0,0.08,99.92,0.00,N/A,0.08,0.16,210.24,0.48,12.00,0.00,0.01,0.00,0.49,0.00,1.00,0.00,0.0,0.00,0.00,0.42,0.00,1.00,0.00,0.0,0,0.05,99.95,0.00,N/A,0.06,0.11,210.24,0.49,12.16,0.00,0.01,0.00,0.41,0.00,1.00,0.00,0.00,0.68,0.81,0.0010,0.0035,     0,0,0,0.03,99.97,0.00,N/A,0.02,0.06,210.24,0.41,10.37,0.00,0.00,0.00,0.42,0.00,1.00,0.00,0.00,0.86,0.88,0.0002,0.0020,     0,0,0,0.02,99.98,0.00,N/A,0.02,0.05,210.24,0.42,10.39,0.00,0.00,0.10,3.39,0.03,1.00,0.00,0.00,0.53,0.88,0.0000,0.0000,     0,0,0,2.99,97.01,0.00,N/A,21.21,6.26,210.24,3.39,84.70,0.10,2.53,0.03,3.03,0.01,1.00,0.00,0.00,0.81,0.75,0.0000,0.0000,     0,0,0,1.03,98.97,0.00,N/A,6.53,2.16,210.24,3.03,75.66,0.03,0.78,
2024-03-21,21:07:07.651,0.04,2.52,0.02,0.99,0.00,0.07,0.94,0.53,0.0000,0.0005,0.00,0.00,-2147483648,0.00,0.00,150.28,59.55,211.53,2.52,63.09,0.04,1.11,0.53,0.24,1.73,1.77,98.23,0.00,100.00,0.00,0.00,0.00,0.00,-nan,0.08,0.07,2.66,0.03,1.00,0.00,0.04,0.93,0.62,0.0000,0.0003,     0,0,0,0.00,0.00,-2147483648,0.00,0.00,N/A,127.41,47.85,211.53,2.66,66.57,0.07,1.87,0.01,1.95,0.01,0.97,0.00,0.03,0.94,0.33,0.0001,0.0013,     0,0,0,0.00,0.00,-2147483648,0.00,0.00,N/A,22.87,11.70,211.53,1.95,48.85,0.01,0.34,0.10,0.14,  0%,  0%,0.18,0.12,  0%,  0%,0.26,0.44,  0%,  0%,0.55,0.47,  0%,  0%,2.81,97.19,0.00,100.00,0.00,0.00,0.72,99.28,0.00,100.00,0.00,0.00,0.00,0.00,0.00 ,0.00 ,-nan ,-nan ,0.08,0.08,0.03,0.94,0.03,1.00,0.00,0.03,0.95,0.34,0.0002,0.0050,     0,0,0,3.18,96.82,0.00,N/A,6.30,6.72,211.53,0.94,23.45,0.03,0.74,0.06,3.01,0.02,1.00,0.00,0.00,0.66,0.80,0.0000,0.0000,     0,0,0,2.01,97.99,0.00,N/A,13.18,4.38,211.53,3.01,75.27,0.06,1.51,0.12,3.08,0.04,1.00,0.00,0.00,0.70,0.63,0.0000,0.0000,     0,0,0,3.92,96.08,0.00,N/A,25.64,8.31,211.53,3.08,77.11,0.12,3.02,0.00,0.71,0.00,1.00,0.00,0.00,0.53,0.67,0.0005,0.0028,     0,0,0,0.26,99.74,0.00,N/A,0.39,0.55,211.53,0.71,17.79,0.00,0.05,0.10,3.17,0.03,1.00,0.00,0.00,0.85,0.75,0.0000,0.0000,     0,0,0,3.01,96.99,0.00,N/A,20.18,6.38,211.53,3.17,79.13,0.10,2.38,0.12,3.10,0.04,1.00,0.00,0.00,0.76,0.69,0.0000,0.0000,     0,0,0,3.82,96.18,0.00,N/A,25.79,8.33,211.53,3.10,77.42,0.12,2.96,0.13,3.40,0.04,1.00,0.00,0.00,0.77,0.89,0.0000,0.0000,     0,0,0,3.96,96.04,0.00,N/A,28.27,8.32,211.53,3.40,84.94,0.13,3.36,0.04,1.57,0.02,1.00,0.00,0.01,0.91,0.88,0.0001,0.0007,     0,0,0,2.31,97.69,0.00,N/A,7.65,4.86,211.53,1.57,39.33,0.04,0.91,0.01,0.28,0.02,0.94,0.00,0.03,0.95,0.28,0.0010,0.0203,     0,0,0,2.49,97.51,0.00,N/A,1.40,4.94,211.53,0.28,7.09,0.01,0.17,0.03,3.36,0.01,1.00,0.00,0.00,0.66,0.90,0.0000,0.0000,     0,0,0,1.00,99.00,0.00,N/A,7.10,2.11,211.53,3.36,83.94,0.03,0.84,0.07,3.33,0.02,1.00,0.00,0.00,0.58,0.71,0.0000,0.0000,     0,0,0,2.02,97.98,0.00,N/A,14.20,4.26,211.53,3.33,83.37,0.07,1.68,0.00,0.40,0.00,0.72,0.00,0.00,0.94,0.89,0.0001,0.0020,     0,0,0,0.03,99.97,0.00,N/A,0.02,0.05,211.53,0.40,10.05,0.00,0.00,0.00,0.45,0.00,0.87,0.00,0.00,0.79,0.70,0.0010,0.0057,     0,0,0,0.06,99.94,0.00,N/A,0.05,0.11,211.53,0.45,11.33,0.00,0.01,0.00,0.44,0.00,0.86,0.00,0.00,0.75,0.66,0.0014,0.0067,     0,0,0,0.06,99.94,0.00,N/A,0.05,0.11,211.53,0.44,11.03,0.00,0.01,0.00,0.46,0.00,0.86,0.00,0.00,0.64,0.91,0.0005,0.0018,     0,0,0,0.02,99.98,0.00,N/A,0.02,0.04,211.53,0.46,11.52,0.00,0.00,0.00,0.38,0.00,0.84,0.00,0.00,0.88,0.74,0.0005,0.0048,     0,0,0,0.05,99.95,0.00,N/A,0.03,0.08,211.53,0.38,9.51,0.00,0.00,
2024-03-21,21:07:07.752,0.05,2.56,0.02,0.98,0.00,0.07,0.94,0.51,0.0000,0.0004,0.00,0.00,-2147483648,0.00,0.00,158.55,61.94,210.19,2.56,64.00,0.05,1.18,0.83,0.45,1.77,1.88,98.12,0.00,100.00,0.00,0.00,0.00,0.00,-nan,0.08,0.08,2.72,0.03,1.00,0.00,0.04,0.94,0.60,0.0000,0.0003,     0,0,0,0.00,0.00,-2147483648,0.00,0.00,N/A,137.01,50.33,210.19,2.72,68.06,0.08,2.05,0.01,1.86,0.01,0.90,0.00,0.03,0.94,0.34,0.0001,0.0014,     0,0,0,0.00,0.00,-2147483648,0.00,0.00,N/A,21.54,11.61,210.19,1.86,46.39,0.01,0.32,0.14,0.09,  0%,  0%,0.40,0.19,  0%,  0%,0.21,0.31,  0%,  0%,0.70,0.55,  0%,  0%,3.01,96.99,0.00,100.00,0.00,0.00,0.76,99.24,0.00,100.00,0.00,0.00,0.00,0.00,0.00 ,0.00 ,-nan ,-nan ,0.09,0.08,0.02,0.60,0.03,1.00,0.00,0.03,0.94,0.27,0.0004,0.0076,     0,0,0,3.18,96.82,0.00,N/A,4.03,6.68,210.19,0.60,15.06,0.02,0.48,0.10,3.16,0.03,1.00,0.00,0.00,0.87,0.74,0.0000,0.0000,     0,0,0,3.13,96.87,0.00,N/A,20.11,6.37,210.19,3.16,78.93,0.10,2.47,0.12,3.13,0.04,1.00,0.00,0.00,0.72,0.85,0.0000,0.0000,     0,0,0,3.86,96.14,0.00,N/A,26.06,8.33,210.19,3.13,78.21,0.12,3.02,0.03,1.70,0.02,1.00,0.00,0.00,0.95,0.94,0.0000,0.0003,     0,0,0,1.63,98.37,0.00,N/A,6.00,3.53,210.19,1.70,42.48,0.03,0.69,0.07,3.17,0.02,1.00,0.00,0.00,0.73,0.80,0.0000,0.0000,     0,0,0,2.08,97.92,0.00,N/A,13.80,4.35,210.19,3.17,79.25,0.07,1.65,0.12,3.06,0.04,1.00,0.00,0.00,0.73,0.66,0.0000,0.0000,     0,0,0,4.07,95.93,0.00,N/A,25.46,8.32,210.19,3.06,76.51,0.12,3.12,0.14,3.40,0.04,1.00,0.00,0.00,0.88,0.89,0.0000,0.0000,     0,0,0,4.09,95.91,0.00,N/A,28.30,8.32,210.19,3.40,85.01,0.14,3.48,0.06,3.00,0.02,1.00,0.00,0.00,0.86,0.76,0.0000,0.0000,     0,0,0,2.10,97.90,0.00,N/A,13.26,4.42,210.19,3.00,75.02,0.06,1.58,0.01,0.31,0.02,0.84,0.00,0.03,0.96,0.28,0.0009,0.0208,     0,0,0,2.42,97.58,0.00,N/A,1.33,4.25,210.19,0.31,7.84,0.01,0.16,0.03,3.33,0.01,0.98,0.00,0.00,0.90,0.83,0.0000,0.0000,     0,0,0,1.03,98.97,0.00,N/A,7.07,2.13,210.19,3.33,83.13,0.03,0.84,0.06,3.02,0.02,0.99,0.00,0.00,0.75,0.67,0.0000,0.0000,     0,0,0,1.98,98.02,0.00,N/A,12.84,4.26,210.19,3.02,75.40,0.06,1.48,0.00,0.40,0.00,0.75,0.00,0.00,0.88,0.89,0.0002,0.0019,     0,0,0,0.03,99.97,0.00,N/A,0.02,0.05,210.19,0.40,9.96,0.00,0.00,0.00,0.51,0.00,0.45,0.00,0.00,0.87,0.71,0.0005,0.0054,     0,0,0,0.10,99.90,0.00,N/A,0.05,0.10,210.19,0.51,12.68,0.00,0.01,0.00,0.50,0.00,0.45,0.00,0.00,0.85,0.68,0.0009,0.0064,     0,0,0,0.10,99.90,0.00,N/A,0.05,0.10,210.19,0.50,12.43,0.00,0.01,0.00,0.51,0.00,0.77,0.00,0.00,0.69,0.69,0.0010,0.0053,     0,0,0,0.07,99.93,0.00,N/A,0.06,0.12,210.19,0.51,12.84,0.00,0.01,0.00,0.20,0.00,0.96,0.00,0.00,0.27,0.56,0.0035,0.0049,     0,0,0,0.31,99.69,0.00,N/A,0.12,0.62,210.19,0.20,4.98,0.00,0.01,
2024-03-21,21:07:07.850,0.04,2.50,0.02,1.00,0.00,0.07,0.94,0.48,0.0000,0.0005,0.00,0.00,-2147483648,0.00,0.00,131.51,52.66,210.15,2.50,62.44,0.04,0.98,0.51,0.63,1.61,1.57,98.43,0.00,100.00,0.00,0.00,0.00,0.00,-nan,0.09,0.06,2.59,0.02,1.00,0.00,0.04,0.93,0.55,0.0000,0.0004,     0,0,0,0.00,0.00,-2147483648,0.00,0.00,N/A,101.71,39.34,210.15,2.59,64.64,0.06,1.52,0.02,2.24,0.01,1.00,0.00,0.03,0.95,0.32,0.0000,0.0010,     0,0,0,0.00,0.00,-2147483648,0.00,0.00,N/A,29.80,13.32,210.15,2.24,55.95,0.02,0.45,0.15,0.18,  0%,  0%,0.13,0.06,  0%,  0%,0.41,0.48,  0%,  0%,0.32,0.40,  0%,  0%,2.35,97.65,0.00,100.00,0.00,0.00,0.80,99.20,0.00,100.00,0.00,0.00,0.00,0.00,0.00 ,0.00 ,-nan ,-nan ,0.09,0.10,0.01,0.48,0.03,1.00,0.00,0.03,0.94,0.27,0.0007,0.0114,     0,0,0,2.58,97.42,0.00,N/A,2.61,5.42,210.15,0.48,12.03,0.01,0.31,0.03,1.62,0.02,1.00,0.00,0.00,0.95,0.87,0.0000,0.0008,     0,0,0,1.60,98.40,0.00,N/A,5.46,3.36,210.15,1.62,40.61,0.03,0.65,0.13,3.13,0.04,1.00,0.00,0.00,0.71,0.83,0.0000,0.0000,     0,0,0,4.08,95.92,0.00,N/A,26.08,8.33,210.15,3.13,78.29,0.13,3.19,0.07,3.11,0.02,1.00,0.00,0.00,0.80,0.57,0.0000,0.0001,     0,0,0,2.23,97.77,0.00,N/A,14.12,4.53,210.15,3.11,77.87,0.07,1.73,0.09,2.99,0.03,1.00,0.00,0.00,0.75,0.65,0.0000,0.0001,     0,0,0,3.00,97.00,0.00,N/A,19.08,6.39,210.15,2.99,74.71,0.09,2.24,0.09,3.13,0.03,1.00,0.00,0.00,0.78,0.88,0.0000,0.0000,     0,0,0,2.98,97.02,0.00,N/A,19.56,6.26,210.15,3.13,78.15,0.09,2.33,0.04,2.75,0.01,1.00,0.00,0.00,0.89,0.70,0.0000,0.0001,     0,0,0,1.30,98.70,0.00,N/A,7.51,2.73,210.15,2.75,68.75,0.04,0.89,0.03,3.14,0.01,1.00,0.00,0.00,0.81,0.78,0.0000,0.0001,     0,0,0,1.11,98.89,0.00,N/A,7.28,2.32,210.15,3.14,78.40,0.03,0.87,0.01,0.29,0.02,1.00,0.00,0.03,0.96,0.28,0.0009,0.0208,     0,0,0,2.19,97.81,0.00,N/A,1.35,4.60,210.15,0.29,7.30,0.01,0.16,0.03,3.34,0.01,1.00,0.00,0.00,0.56,0.90,0.0000,0.0000,     0,0,0,1.01,98.99,0.00,N/A,7.07,2.12,210.15,3.34,83.47,0.03,0.84,0.00,0.46,0.00,1.00,0.00,0.00,0.77,0.70,0.0009,0.0057,     0,0,0,0.05,99.95,0.00,N/A,0.04,0.10,210.15,0.46,11.55,0.00,0.01,0.00,0.42,0.00,1.00,0.00,0.00,0.92,0.77,0.0003,0.0049,     0,0,0,0.03,99.97,0.00,N/A,0.02,0.06,210.15,0.42,10.49,0.00,0.00,0.00,0.45,0.00,1.00,0.00,0.00,1.00,0.88,0.0000,0.0021,     0,0,0,0.02,99.98,0.00,N/A,0.02,0.04,210.15,0.,98.15,0.00,N/A,14.23,4.31,211.47,1.00,0.00,0.00,0.53,0.90,0.0000,0.0000,     0,0,0,2.98,97.02,0.00,N/A,21.24,6.26,210.15,3.39,84.84,0.10,2.53,0.00,0.38,0.00,1.00,0.00,0.00,0.67,0.89,0.0005,0.0019,     0,0,0,0.02,99.98,0.00,N/A,0.02,0.05,210.15,0.38,9.61,0.00,0.00,0.00,0.44,0.00,1.00,0.00,0.00,0.86,0.69,0.0006,0.0059,     0,0,0,0.04,99.96,0.00,N/A,0.04,0.09,210.15,0.44,10.95,0.00,0.00,
2024-03-21,21:07:07.950,0.04,2.47,0.02,1.00,0.00,0.07,0.93,0.59,0.0000,0.0004,0.00,0.00,-2147483648,0.00,0.00,150.13,60.73,211.87,2.47,61.81,0.04,1.11,0.54,0.21,1.48,1.79,98.21,0.00,100.00,0.00,0.00,0.00,0.00,-nan,0.08,0.07,2.59,0.03,1.00,0.00,0.04,0.93,0.69,0.0000,0.0003,     0,0,0,0.00,0.00,-2147483648,0.00,0.00,N/A,122.74,47.42,211.87,2.59,64.71,0.07,1.81,0.02,2.06,0.01,1.00,0.00,0.03,0.94,0.34,0.0001,0.0011,     0,0,0,0.00,0.00,-2147483648,0.00,0.00,N/A,27.39,13.31,211.87,2.06,51.46,0.02,0.40,0.12,0.20,  0%,  0%,0.18,0.05,  0%,  0%,0.38,0.57,  0%,  0%,0.31,0.22,  0%,  0%,2.80,97.20,0.00,100.00,0.00,0.00,0.78,99.22,0.00,100.00,0.00,0.00,0.00,0.00,0.00 ,0.00 ,-nan ,-nan ,0.08,0.08,0.01,0.52,0.02,1.00,0.00,0.03,0.95,0.26,0.0006,0.0113,     0,0,0,2.36,97.64,0.00,N/A,2.60,5.01,211.87,0.52,13.00,0.01,0.31,0.05,1.70,0.03,1.00,0.00,0.00,0.94,0.95,0.0000,0.0003,     0,0,0,3.03,96.97,0.00,N/A,10.99,6.45,211.87,1.70,42.61,0.05,1.29,0.12,3.14,0.04,1.00,0.00,0.00,0.69,0.88,0.0000,0.0000,     0,0,0,3.93,96.07,0.00,N/A,26.10,8.33,211.87,3.14,78.38,0.12,3.08,0.13,3.34,0.04,1.00,0.00,0.00,0.77,0.67,0.0000,0.0000,     0,0,0,3.93,96.07,0.00,N/A,27.81,8.33,211.87,3.34,83.50,0.13,3.28,0.12,3.11,0.04,1.00,0.00,0.00,0.83,0.69,0.0000,0.0000,     0,0,0,3.96,96.04,0.00,N/A,25.86,8.32,211.87,3.11,77.73,0.12,3.08,0.12,3.14,0.04,1.00,0.00,0.00,0.94,0.88,0.0000,0.0000,     0,0,0,3.92,96.08,0.00,N/A,26.10,8.32,211.87,3.14,78.40,0.12,3.08,0.01,1.35,0.01,1.00,0.00,0.00,0.63,0.82,0.0001,0.0004,     0,0,0,1.06,98.94,0.00,N/A,3.02,2.25,211.87,1.35,33.63,0.01,0.36,0.00,0.61,0.00,1.00,0.00,0.00,0.51,0.69,0.0015,0.0046,     0,0,0,0.20,99.80,0.00,N/A,0.26,0.43,211.87,0.61,15.31,0.00,0.03,0.01,0.29,0.02,1.00,0.00,0.03,0.96,0.27,0.0009,0.0209,     0,0,0,2.16,97.84,0.00,N/A,1.35,4.58,211.87,0.29,7.34,0.01,0.16,0.07,3.38,0.02,1.00,0.00,0.00,0.45,0.88,0.0000,0.0000,     0,0,0,1.97,98.03,0.00,N/A,14.14,4.18,211.87,3.38,84.59,0.07,1.67,0.00,0.47,0.00,1.00,0.00,0.00,0.64,0.67,0.0019,0.0064,     0,0,0,0.09,99.91,0.00,N/A,0.09,0.20,211.87,0.47,11.69,0.00,0.01,0.00,0.51,0.00,1.00,0.00,0.00,0.72,0.67,0.0014,0.0065,     0,0,0,0.06,99.94,0.00,N/A,0.06,0.12,211.87,0.51,12.83,0.00,0.01,0.00,0.52,0.00,1.00,0.00,0.00,0.76,0.72,0.0007,0.0046,     0,0,0,0.06,99.94,0.00,N/A,0.06,0.12,211.87,0.52,12.98,0.00,0.01,0.05,2.96,0.02,1.00,0.00,0.00,0.53,0.63,0.0000,0.0001,     0,0,0,1.85,98.15,0.00,N/A,11.60,3.92,211.87,2.96,73.98,0.05,1.37,0.00,0.39,0.00,1.00,0.00,0.00,0.76,0.87,0.0004,0.0023,     0,0,0,0.02,99.98,0.00,N/A,0.02,0.05,211.87,0.39,9.78,0.00,0.00,0.00,0.45,0.00,1.00,0.00,0.00,0.77,0.71,0.0008,0.0041,     0,0,0,0.06,99.94,0.00,N/A,0.06,0.13,211.87,0.45,11.19,0.00,0.01,
2024-03-21,21:07:08.050,0.04,2.49,0.02,1.00,0.00,0.07,0.94,0.60,0.0000,0.0005,0.00,0.00,-2147483648,0.00,0.00,145.42,58.50,210.32,2.49,62.15,0.04,1.08,0.54,0.47,2.15,1.74,98.26,0.00,100.00,0.00,0.00,0.00,0.00,-nan,0.08,0.07,2.59,0.03,1.00,0.00,0.04,0.93,0.69,0.0000,0.0003,     0,0,0,0.00,0.00,-2147483648,0.00,0.00,N/A,122.60,47.34,210.32,2.59,64.75,0.07,1.82,0.01,2.05,0.01,1.00,0.00,0.03,0.95,0.33,0.0001,0.0013,     0,0,0,0.00,0.00,-2147483648,0.00,0.00,N/A,22.83,11.16,210.32,2.05,51.13,0.01,0.34,0.08,0.09,  0%,  0%,0.24,0.13,  0%,  0%,0.19,0.95,  0%,  0%,0.56,0.45,  0%,  0%,2.82,97.18,0.00,100.00,0.00,0.00,0.66,99.34,0.00,100.00,0.00,0.00,0.00,0.00,0.00 ,0.00 ,-nan ,-nan ,0.08,0.08,0.01,0.50,0.03,1.00,0.00,0.03,0.94,0.28,0.0006,0.0108,     0,0,0,2.61,97.39,0.00,N/A,2.76,5.48,210.32,0.50,12.57,0.01,0.33,0.05,1.70,0.03,1.00,0.00,0.00,0.96,0.93,0.0000,0.0004,     0,0,0,3.17,96.83,0.00,N/A,11.29,6.65,210.32,1.70,42.42,0.05,1.34,0.12,3.13,0.04,1.00,0.00,0.00,0.54,0.88,0.0000,0.0000,     0,0,0,3.97,96.03,0.00,N/A,26.06,8.33,210.32,3.13,78.16,0.12,3.10,0.13,3.38,0.04,1.00,0.00,0.00,0.85,0.76,0.0000,0.0000,     0,0,0,3.96,96.04,0.00,N/A,28.07,8.32,210.32,3.38,84.38,0.13,3.34,0.12,3.13,0.04,1.00,0.00,0.00,0.75,0.84,0.0000,0.0000,     0,0,0,3.96,96.04,0.00,N/A,25.99,8.31,210.32,3.13,78.15,0.12,3.09,0.12,3.13,0.04,1.00,0.00,0.00,0.77,0.88,0.0000,0.0000,     0,0,0,3.96,96.04,0.00,N/A,26.03,8.33,210.32,3.13,78.16,0.12,3.10,0.01,1.31,0.01,1.00,0.00,0.00,0.56,0.82,0.0001,0.0005,     0,0,0,0.55,99.45,0.00,N/A,1.52,1.16,210.32,1.31,32.71,0.01,0.18,0.00,1.19,0.00,1.00,0.00,0.00,0.54,0.64,0.0004,0.0013,     0,0,0,0.36,99.64,0.00,N/A,0.89,0.75,210.32,1.19,29.67,0.00,0.11,0.01,0.31,0.02,1.00,0.00,0.03,0.96,0.27,0.0008,0.0214,     0,0,0,2.03,97.97,0.00,N/A,1.32,4.26,210.32,0.31,7.72,0.01,0.16,0.03,3.28,0.01,1.00,0.00,0.00,0.55,0.72,0.0000,0.0000,     0,0,0,1.03,98.97,0.00,N/A,7.12,2.17,210.32,3.28,81.93,0.03,0.85,0.07,3.27,0.02,1.00,0.00,0.00,0.75,0.65,0.0000,0.0001,     0,0,0,2.07,97.93,0.00,N/A,14.23,4.35,210.32,3.27,81.68,0.07,1.69,0.00,0.52,0.00,1.00,0.00,0.00,0.61,0.75,0.0011,0.0049,     0,0,0,0.04,99.96,0.00,N/A,0.04,0.08,210.32,0.52,12.88,0.00,0.00,0.00,0.37,0.00,1.00,0.00,0.00,0.93,0.86,0.0002,0.0027,     0,0,0,0.02,99.98,0.00,N/A,0.02,0.05,210.32,0.37,9.26,0.00,0.00,0.00,0.37,0.00,1.00,0.00,0.00,0.84,0.85,0.0003,0.0027,     0,0,0,0.03,99.97,0.00,N/A,0.02,0.05,210.32,0.37,9.29,0.00,0.00,0.00,0.47,0.00,1.00,0.00,0.00,0.85,0.72,0.0007,0.0055,     0,0,0,0.05,99.95,0.00,N/A,0.05,0.11,210.32,0.47,11.69,0.00,0.01,0.00,0.43,0.00,1.00,0.00,0.00,0.88,0.80,0.0004,0.0037,     0,0,0,0.04,99.96,0.00,N/A,0.03,0.08,210.32,0.43,10.70,0.00,0.00,
2024-03-21,21:07:08.153,0.04,2.48,0.02,1.00,0.00,0.07,0.93,0.57,0.0000,0.0005,0.00,0.00,-2147483648,0.00,0.00,144.14,58.16,215.88,2.48,61.96,0.04,1.04,0.93,0.71,2.13,1.68,98.32,0.00,100.00,0.00,0.00,0.00,0.00,-nan,0.08,0.06,2.53,0.02,1.00,0.00,0.04,0.93,0.66,0.0000,0.0004,     0,0,0,0.00,0.00,-2147483648,0.00,0.00,N/A,107.80,42.61,215.88,2.53,63.25,0.06,1.56,0.02,2.34,0.01,1.00,0.00,0.03,0.95,0.33,0.0000,0.0008,     0,0,0,0.00,0.00,-2147483648,0.00,0.00,N/A,36.33,15.55,215.88,2.34,58.42,0.02,0.53,0.34,0.19,  0%,  0%,0.20,0.20,  0%,  0%,0.39,0.34,  0%,  0%,0.79,0.60,  0%,  0%,2.47,97.53,0.00,100.00,0.00,0.00,0.90,99.10,0.00,100.00,0.00,0.00,0.00,0.00,0.00 ,0.00 ,-nan ,-nan ,0.08,0.08,0.01,0.31,0.02,1.00,0.00,0.03,0.95,0.28,0.0009,0.0195,     0,0,0,2.17,97.83,0.00,N/A,1.46,4.68,215.88,0.31,7.78,0.01,0.17,0.03,1.58,0.02,1.00,0.00,0.00,0.87,0.91,0.0001,0.0004,     0,0,0,1.98,98.02,0.00,N/A,6.76,4.27,215.88,1.58,39.51,0.03,0.78,0.09,3.13,0.03,1.00,0.00,0.00,0.84,0.87,0.0000,0.0000,     0,0,0,2.90,97.10,0.00,N/A,19.55,6.25,215.88,3.13,78.26,0.09,2.27,0.08,2.76,0.03,1.00,0.00,0.00,0.90,0.79,0.0000,0.0002,     0,0,0,2.88,97.12,0.00,N/A,17.24,6.24,215.88,2.76,69.07,0.08,1.99,0.12,3.13,0.04,1.00,0.00,0.00,0.72,0.84,0.0000,0.0000,     0,0,0,3.85,96.15,0.00,N/A,26.05,8.32,215.88,3.13,78.24,0.12,3.01,0.10,3.25,0.03,1.00,0.00,0.00,0.32,0.57,0.0000,0.0000,     0,0,0,2.97,97.03,0.00,N/A,20.88,6.43,215.88,3.25,81.16,0.10,2.41,0.06,2.94,0.02,1.00,0.00,0.00,0.71,0.65,0.0000,0.0001,     0,0,0,1.99,98.01,0.00,N/A,12.69,4.32,215.88,2.94,73.46,0.06,1.46,0.01,1.52,0.01,1.00,0.00,0.00,0.80,0.88,0.0001,0.0008,     0,0,0,0.97,99.03,0.00,N/A,3.18,2.10,215.88,1.52,37.94,0.01,0.37,0.01,0.30,0.02,1.00,0.00,0.03,0.96,0.27,0.0008,0.0212,     0,0,0,2.07,97.93,0.00,N/A,1.32,4.47,215.88,0.30,7.38,0.01,0.15,0.00,0.44,0.00,1.00,0.00,0.00,0.54,0.70,0.0022,0.0057,     0,0,0,0.05,99.95,0.00,N/A,0.05,0.11,215.88,0.44,10.95,0.00,0.01,0.13,3.37,0.04,1.00,0.00,0.00,0.50,0.72,0.0000,0.0000,     0,0,0,3.86,96.14,0.00,N/A,28.20,8.36,215.88,3.37,84.28,0.13,3.25,0.03,3.01,0.01,1.00,0.00,0.00,0.86,0.71,0.0000,0.0000,     0,0,0,1.01,98.99,0.00,N/A,6.54,2.17,215.88,3.01,75.29,0.03,0.76,0.00,0.40,0.00,1.00,0.00,0.00,0.55,0.88,0.0008,0.0022,     0,0,0,0.02,99.98,0.00,N/A,0.02,0.05,215.88,0.40,10.00,0.00,0.00,0.00,0.39,0.00,1.00,0.00,0.00,0.35,0.78,0.0024,0.0042,     0,0,0,0.03,99.97,0.00,N/A,0.03,0.07,215.88,0.39,9.82,0.00,0.00,0.00,0.49,0.00,1.00,0.00,0.00,0.85,0.71,0.0007,0.0055, 1.00,0.00,0.00,0.83,0.57,0.0010,0.,0.10,215.88,0.49,12.24,0.00,0.01,0.00,0.59,0.00,1.00,0.00,0.00,0.77,0.59,0.0012,0.0065,     0,0,0,0.10,99.90,0.00,N/A,0.13,0.22,215.88,0.59,14.66,0.00,0.01,
2024-03-21,21:07:08.258,0.05,2.33,0.02,1.00,0.01,0.07,0.91,0.56,0.0000,0.0005,0.00,0.00,-2147483648,0.00,0.00,152.99,65.67,212.01,2.33,58.24,0.05,1.13,0.68,0.32,1.65,1.94,98.06,0.00,100.00,0.00,0.00,0.00,0.00,-nan,0.09,0.07,2.42,0.03,1.00,0.00,0.04,0.90,0.65,0.0000,0.0003,     0,0,0,0.00,0.00,-2147483648,0.00,0.00,N/A,122.64,50.61,212.01,2.42,60.58,0.07,1.81,0.02,2.01,0.01,1.00,0.00,0.03,0.92,0.33,0.0001,0.0010,     0,0,0,0.00,0.00,-2147483648,0.00,0.00,N/A,30.35,15.07,212.01,2.01,50.37,0.02,0.45,0.27,0.22,  0%,  0%,0.14,0.06,  0%,  0%,0.48,0.47,  0%,  0%,0.32,0.38,  0%,  0%,2.98,97.02,0.00,100.00,0.00,0.00,0.89,99.11,0.00,100.00,0.00,0.00,0.00,0.00,0.00 ,0.00 ,-nan ,-nan ,0.09,0.09,0.01,0.42,0.03,1.00,0.00,0.03,0.93,0.27,0.0009,0.0132,     0,0,0,2.59,97.41,0.00,N/A,2.31,5.49,212.01,0.42,10.53,0.01,0.27,0.02,1.19,0.02,1.00,0.00,0.00,0.55,0.91,0.0001,0.0003,     0,0,0,1.78,98.22,0.00,N/A,4.48,3.78,212.01,1.19,29.63,0.02,0.53,0.01,0.85,0.02,1.00,0.00,0.00,0.56,0.80,0.0001,0.0003,     0,0,0,1.57,98.43,0.00,N/A,2.81,3.30,212.01,0.85,21.25,0.01,0.33,0.12,3.09,0.04,1.00,0.00,0.00,0.73,0.67,0.0000,0.0000,     0,0,0,3.75,96.25,0.00,N/A,25.64,8.31,212.01,3.09,77.17,0.12,2.89,0.12,3.11,0.04,1.00,0.00,0.00,0.76,0.76,0.0000,0.0000,     0,0,0,3.96,96.04,0.00,N/A,25.92,8.32,212.01,3.11,77.85,0.12,3.09,0.13,3.36,0.04,1.00,0.00,0.00,0.72,0.70,0.0000,0.0000,     0,0,0,3.97,96.03,0.00,N/A,27.99,8.33,212.01,3.36,84.04,0.13,3.33,0.12,3.13,0.04,1.00,0.00,0.00,0.84,0.90,0.0000,0.0000,     0,0,0,3.96,96.04,0.00,N/A,26.06,8.32,212.01,3.13,78.31,0.12,3.10,0.04,1.56,0.02,1.00,0.00,0.00,0.79,0.90,0.0001,0.0006,     0,0,0,2.25,97.75,0.00,N/A,7.41,4.75,212.01,1.56,39.03,0.04,0.88,0.01,0.28,0.02,1.00,0.00,0.03,0.96,0.27,0.0009,0.0207,     0,0,0,2.31,97.69,0.00,N/A,1.38,4.88,212.01,0.28,7.09,0.01,0.16,0.00,0.51,0.00,1.00,0.00,0.00,0.49,0.74,0.0017,0.0040,     0,0,0,0.06,99.94,0.00,N/A,0.07,0.13,212.01,0.51,12.81,0.00,0.01,0.13,3.38,0.04,1.00,0.00,0.00,0.67,0.79,0.0000,0.0000,     0,0,0,3.96,96.04,0.00,N/A,28.12,8.32,212.01,3.38,84.48,0.13,3.35,0.00,0.43,0.00,1.00,0.00,0.00,0.61,0.82,0.0006,0.0036,     0,0,0,0.03,99.97,0.00,N/A,0.02,0.05,212.01,0.43,10.83,0.00,0.00,0.00,0.44,0.01,1.00,0.00,0.00,0.32,0.44,0.0015,0.0023,     0,0,0,0.60,99.40,0.00,N/A,0.55,1.26,212.01,0.44,10.98,0.00,0.07,0.00,0.36,0.00,1.00,0.00,0.00,0.62,0.63,0.0019,0.0075,     0,0,0,0.06,99.94,0.00,N/A,0.05,0.13,212.01,0.36,9.06,0.00,0.01,0.00,0.52,0.00,1.00,0.00,0.00,0.78,0.71,0.0010,0.0056,     0,0,0,0.06,99.94,0.00,N/A,0.06,0.12,212.01,0.52,12.94,0.00,0.01,0.00,0.55,0.00,1.00,0.00,0.00,0.75,0.59,0.0015,0.0068,     0,0,0,0.08,99.92,0.00,N/A,0.09,0.17,212.01,0.55,13.84,0.00,0.01,
2024-03-21,21:07:08.359,0.04,2.51,0.02,1.00,0.00,0.06,0.93,0.43,0.0000,0.0004,0.00,0.00,-2147483648,0.00,0.00,145.98,58.13,208.27,2.51,62.78,0.04,1.09,0.45,0.27,1.73,1.73,98.27,0.00,100.00,0.00,0.00,0.00,0.00,-nan,0.09,0.07,2.64,0.03,1.00,0.00,0.03,0.93,0.50,0.0000,0.0003,     0,0,0,0.00,0.00,-2147483648,0.00,0.00,N/A,115.89,43.82,208.27,2.64,66.12,0.07,1.73,0.02,2.10,0.01,1.00,0.00,0.03,0.93,0.34,0.0001,0.0010,     0,0,0,0.00,0.00,-2147483648,0.00,0.00,N/A,30.08,14.31,208.27,2.10,52.55,0.02,0.45,0.10,0.16,  0%,  0%,0.14,0.06,  0%,  0%,0.33,0.80,  0%,  0%,0.35,0.26,  0%,  0%,2.61,97.39,0.00,100.00,0.00,0.00,0.85,99.15,0.00,100.00,0.00,0.00,0.00,0.00,0.00 ,0.00 ,-nan ,-nan ,0.09,0.09,0.01,0.30,0.02,1.00,0.00,0.03,0.95,0.27,0.0011,0.0199,     0,0,0,2.32,97.68,0.00,N/A,1.44,4.82,208.27,0.30,7.44,0.01,0.17,0.07,2.85,0.02,1.00,0.00,0.00,0.97,0.86,0.0000,0.0001,     0,0,0,2.29,97.71,0.00,N/A,14.46,5.07,208.27,2.85,71.33,0.07,1.64,0.01,1.38,0.01,1.00,0.00,0.00,0.57,0.74,0.0001,0.0006,     0,0,0,0.55,99.45,0.00,N/A,1.58,1.14,208.27,1.38,34.57,0.01,0.19,0.08,2.55,0.03,1.00,0.00,0.00,0.58,0.66,0.0000,0.0001,     0,0,0,3.05,96.95,0.00,N/A,15.31,6.01,208.27,2.55,63.65,0.08,1.94,0.12,3.14,0.04,1.00,0.00,0.00,0.65,0.84,0.0000,0.0000,     0,0,0,3.98,96.02,0.00,N/A,26.13,8.32,208.27,3.14,78.48,0.12,3.12,0.13,3.39,0.04,1.00,0.00,0.00,0.75,0.87,0.0000,0.0000,     0,0,0,3.97,96.03,0.00,N/A,28.26,8.33,208.27,3.39,84.78,0.13,3.36,0.12,3.11,0.04,1.00,0.00,0.00,0.77,0.75,0.0000,0.0000,     0,0,0,3.96,96.04,0.00,N/A,25.89,8.32,208.27,3.11,77.77,0.12,3.08,0.01,1.58,0.01,1.00,0.00,0.00,0.70,0.90,0.0001,0.0003,     0,0,0,0.85,99.15,0.00,N/A,2.82,1.79,208.27,1.58,39.46,0.01,0.33,0.01,0.30,0.02,1.00,0.00,0.03,0.95,0.28,0.0009,0.0205,     0,0,0,2.22,97.78,0.00,N/A,1.38,4.65,208.27,0.30,7.43,0.01,0.17,0.00,0.47,0.00,1.00,0.00,0.00,0.56,0.70,0.0021,0.0060,     0,0,0,0.06,99.94,0.00,N/A,0.05,0.12,208.27,0.47,11.71,0.00,0.01,0.13,3.36,0.04,1.00,0.00,0.00,0.67,0.76,0.0000,0.0000,     0,0,0,3.96,96.04,0.00,N/A,27.99,8.32,208.27,3.36,84.06,0.13,3.33,0.00,0.48,0.00,1.00,0.00,0.00,0.80,0.80,0.0004,0.0043,     0,0,0,0.04,99.96,0.00,N/A,0.04,0.08,208.27,0.48,11.90,0.00,0.00,0.00,0.46,0.00,1.00,0.00,0.00,0.90,0.86,0.0002,0.0025,     0,0,0,0.02,99.98,0.00,N/A,0.02,0.05,208.27,0.46,11.45,0.00,0.00,0.00,0.43,0.00,1.00,0.00,0.00,0.85,0.87,0.0003,0.0026,     0,0,0,0.02,99.98,0.00,N/A,0.02,0.05,208.27,0.43,10.77,0.00,0.00,0.00,0.51,0.00,1.00,0.00,0.00,0.81,0.68,0.0010,0.0066,     0,0,0,0.05,99.95,0.00,N/A,0.05,0.10,208.27,0.51,12.73,0.00,0.01,0.00,0.56,0.00,1.00,0.00,0.00,0.28,0.55,0.0012,0.0017,     0,0,0,0.45,99.55,0.00,N/A,0.52,0.94,208.27,0.56,13.89,0.00,0.06,
2024-03-21,21:07:08.459,0.04,2.49,0.02,1.00,0.00,0.07,0.94,0.53,0.0000,0.0005,0.00,0.00,-2147483648,0.00,0.00,138.45,55.54,211.88,2.49,62.32,0.04,1.01,0.47,0.52,1.59,1.62,98.38,0.00,100.00,0.00,0.00,0.00,0.00,-nan,0.08,0.06,2.55,0.02,1.00,0.00,0.04,0.92,0.62,0.0000,0.0004,     0,0,0,0.00,0.00,-2147483648,0.00,0.00,N/A,102.05,40.06,211.88,2.55,63.68,0.06,1.49,0.02,2.35,0.01,1.00,0.00,0.03,0.95,0.33,0.0000,0.0008,     0,0,0,0.00,0.00,-2147483648,0.00,0.00,N/A,36.40,15.48,211.88,2.35,58.79,0.02,0.53,0.08,0.11,  0%,  0%,0.17,0.11,  0%,  0%,0.20,0.43,  0%,  0%,0.53,0.44,  0%,  0%,2.33,97.67,0.00,100.00,0.00,0.00,0.90,99.10,0.00,100.00,0.00,0.00,0.00,0.00,0.00 ,0.00 ,-nan ,-nan ,0.08,0.08,0.01,0.30,0.02,1.00,0.00,0.03,0.94,0.27,0.0012,0.0198,     0,0,0,2.26,97.74,0.00,N/A,1.46,4.79,211.88,0.30,7.61,0.01,0.17,0.00,1.02,0.00,1.00,0.00,0.00,0.86,0.92,0.0000,0.0005,     0,0,0,0.06,99.94,0.00,N/A,0.11,0.11,211.88,1.02,25.39,0.00,0.01,0.01,1.35,0.01,1.00,0.00,0.00,0.79,0.86,0.0001,0.0007,     0,0,0,1.10,98.90,0.00,N/A,3.14,2.32,211.88,1.35,33.77,0.01,0.37,0.00,0.84,0.00,1.00,0.00,0.00,0.83,0.74,0.0001,0.0021,     0,0,0,0.21,99.79,0.00,N/A,0.38,0.45,211.88,0.84,20.93,0.00,0.04,0.12,3.13,0.04,1.00,0.00,0.00,0.67,0.80,0.0000,0.0000,     0,0,0,3.71,96.29,0.00,N/A,26.07,8.33,211.88,3.13,78.23,0.12,2.90,0.13,3.39,0.04,1.00,0.00,0.00,0.79,0.89,0.0000,0.0000,     0,0,0,3.72,96.28,0.00,N/A,28.23,8.33,211.88,3.39,84.77,0.13,3.15,0.12,3.13,0.04,1.00,0.00,0.00,0.79,0.92,0.0000,0.0000,     0,0,0,3.72,96.28,0.00,N/A,26.02,8.32,211.88,3.13,78.17,0.12,2.91,0.08,2.25,0.04,1.00,0.00,0.00,0.88,0.88,0.0000,0.0003,     0,0,0,3.51,96.49,0.00,N/A,16.63,7.40,211.88,2.25,56.16,0.08,1.97,0.01,0.29,0.02,1.00,0.00,0.03,0.96,0.28,0.0009,0.0206,     0,0,0,2.20,97.80,0.00,N/A,1.36,4.65,211.88,0.29,7.33,0.01,0.16,0.00,1.26,0.00,1.00,0.00,0.00,0.68,0.69,0.0003,0.0013,     0,0,0,0.08,99.92,0.00,N/A,0.20,0.16,211.88,1.26,31.53,0.00,0.02,0.07,3.37,0.02,1.00,0.00,0.00,0.60,0.86,0.0000,0.0000,     0,0,0,1.98,98.02,0.00,N/A,14.10,4.18,211.88,3.37,84.25,0.07,1.67,0.06,3.37,0.02,1.00,0.00,0.00,0.32,0.88,0.0000,0.0000,     0,0,0,1.86,98.14,0.00,N/A,14.08,4.17,211.88,3.37,84.31,0.06,1.57,0.00,0.48,0.00,1.00,0.00,0.00,0.96,0.92,0.0001,0.0014,     0,0,0,0.02,99.98,0.00,N/A,0.02,0.04,211.88,0.48,12.11,0.00,0.00,0.00,0.46,0.00,0.99,0.00,0.00,0.76,0.91,0.0003,0.0016,     0,0,0,0.02,99.98,0.00,N/A,0.02,0.04,211.88,0.46,11.53,0.00,0.00,0.03,3.03,0.01,1.00,0.00,0.00,0.81,0.72,0.0000,0.0000,     0,0,0,0.97,99.03,0.00,N/A,6.60,2.17,211.88,3.03,75.87,0.03,0.73,0.00,0.47,0.00,1.00,0.00,0.00,0.79,0.83,0.0004,0.0034,     0,0,0,0.02,99.98,0.00,N/A,0.02,0.05,211.88,0.47,11.69,0.00,0.00,
2024--2147483648,0.00,0.00,145.20,57.931.00,0.01,0.07,0.91,0.43,0.0000,0.0005,0.00,0.00,-2147483648,0.00,0.00,145.33,57.65,208.13,2.52,63.02,0.04,1.10,0.50,0.42,1.11,1.74,98.26,0.00,100.00,0.00,0.00,0.00,0.00,-nan,0.08,0.07,2.62,0.03,1.00,0.00,0.04,0.89,0.49,0.0000,0.0003,     0,0,0,0.00,0.00,-2147483648,0.00,0.00,N/A,115.28,44.05,208.13,2.62,65.44,0.07,1.74,0.02,2.21,0.01,1.00,0.00,0.03,0.95,0.34,0.0001,0.0010,     0,0,0,0.00,0.00,-2147483648,0.00,0.00,N/A,30.04,13.61,208.13,2.21,55.20,0.02,0.46,0.09,0.09,  0%,  0%,0.21,0.10,  0%,  0%,0.17,0.27,  0%,  0%,0.42,0.25,  0%,  0%,2.66,97.34,0.00,100.00,0.00,0.00,0.83,99.17,0.00,100.00,0.00,0.00,0.00,0.00,0.00 ,0.00 ,-nan ,-nan ,0.08,0.08,0.01,0.33,0.02,1.00,0.00,0.03,0.95,0.26,0.0011,0.0207,     0,0,0,2.03,97.97,0.00,N/A,1.41,4.22,208.13,0.33,8.36,0.01,0.17,0.12,3.14,0.04,1.00,0.00,0.00,0.67,0.83,0.0000,0.0000,     0,0,0,3.84,96.16,0.00,N/A,26.10,8.32,208.13,3.14,78.39,0.12,3.01,0.01,1.10,0.01,1.00,0.00,0.00,0.48,0.68,0.0002,0.0012,     0,0,0,0.56,99.44,0.00,N/A,1.29,1.17,208.13,1.10,27.59,0.01,0.15,0.01,1.34,0.01,1.00,0.00,0.00,0.55,0.70,0.0001,0.0006,     0,0,0,0.66,99.34,0.00,N/A,1.85,1.38,208.13,1.34,33.49,0.01,0.22,0.13,3.14,0.04,1.00,0.00,0.00,0.86,0.86,0.0000,0.0000,     0,0,0,4.15,95.85,0.00,N/A,26.10,8.32,208.13,3.14,78.46,0.13,3.26,0.14,3.39,0.04,1.00,0.00,0.00,0.90,0.90,0.0000,0.0000,     0,0,0,4.08,95.92,0.00,N/A,28.22,8.32,208.13,3.39,84.79,0.14,3.46,0.13,3.14,0.04,1.00,0.00,0.00,0.84,0.88,0.0000,0.0000,     0,0,0,4.08,95.92,0.00,N/A,26.09,8.32,208.13,3.14,78.39,0.13,3.20,0.02,1.06,0.02,1.00,0.00,0.01,0.59,0.77,0.0005,0.0013,     0,0,0,1.91,98.09,0.00,N/A,4.23,3.99,208.13,1.06,26.46,0.02,0.51,0.01,0.29,0.02,1.00,0.00,0.03,0.96,0.28,0.0009,0.0206,     0,0,0,2.22,97.78,0.00,N/A,1.35,4.61,208.13,0.29,7.31,0.01,0.16,0.00,0.44,0.00,1.00,0.00,0.00,0.45,0.70,0.0025,0.0056,     0,0,0,0.05,99.95,0.00,N/A,0.05,0.11,208.13,0.44,11.12,0.00,0.01,0.00,0.52,0.00,1.00,0.00,0.00,0.78,0.74,0.0008,0.0050,     0,0,0,0.04,99.96,0.00,N/A,0.05,0.09,208.13,0.52,12.92,0.00,0.01,0.14,3.40,0.04,1.00,0.00,0.00,0.37,0.89,0.0000,0.0000,     0,0,0,4.08,95.92,0.00,N/A,28.25,8.32,208.13,3.40,84.90,0.14,3.46,0.00,0.38,0.00,1.00,0.00,0.00,0.71,0.87,0.0005,0.0025,     0,0,0,0.02,99.98,0.00,N/A,0.02,0.05,208.13,0.38,9.43,0.00,0.00,0.00,0.44,0.00,1.00,0.00,0.00,0.64,0.85,0.0007,0.0025,     0,0,0,0.03,99.97,0.00,N/A,0.03,0.07,208.13,0.44,10.94,0.00,0.00,0.00,0.97,0.00,1.00,0.00,0.00,0.65,0.70,0.0006,0.0019,     0,0,0,0.14,99.86,0.00,N/A,0.26,0.26,208.13,0.97,24.31,0.00,0.03,0.00,0.42,0.00,1.00,0.00,0.00,0.83,0.69,0.0007,0.0055,     0,0,0,0.04,99.96,0.00,N/A,0.03,0.08,208.13,0.42,10.62,0.00,0.00,
2024-03-21,21:07:08.656,0.04,2.54,0.02,1.00,0.00,0.07,0.94,0.49,0.0000,0.0005,0.00,0.00,-2147483648,0.00,0.00,139.22,54.75,209.80,2.54,63.57,0.04,1.04,0.64,0.49,1.68,1.63,98.37,0.00,100.00,0.00,0.00,0.00,0.00,-nan,0.08,0.06,2.57,0.02,1.00,0.00,0.04,0.92,0.57,0.0000,0.0004,     0,0,0,0.00,0.00,-2147483648,0.00,0.00,N/A,96.46,37.57,209.80,2.57,64.18,0.06,1.44,0.03,2.49,0.01,1.00,0.00,0.03,0.95,0.33,0.0000,0.0007,     0,0,0,0.00,0.00,-2147483648,0.00,0.00,N/A,42.76,17.18,209.80,2.49,62.23,0.03,0.64,0.25,0.18,  0%,  0%,0.12,0.09,  0%,  0%,0.41,0.39,  0%,  0%,0.44,0.44,  0%,  0%,2.25,97.75,0.00,100.00,0.00,0.00,1.02,98.98,0.00,100.00,0.00,0.00,0.00,0.00,0.00 ,0.00 ,-nan ,-nan ,0.08,0.08,0.02,0.56,0.03,1.00,0.00,0.03,0.94,0.35,0.0006,0.0099,     0,0,0,2.76,97.24,0.00,N/A,3.25,5.79,209.80,0.56,14.03,0.02,0.39,0.06,3.12,0.02,1.00,0.00,0.00,0.75,0.85,0.0000,0.0000,     0,0,0,2.08,97.92,0.00,N/A,13.05,4.19,209.80,3.12,77.94,0.06,1.62,0.00,1.29,0.00,1.00,0.00,0.00,0.51,0.63,0.0003,0.0008,     0,0,0,0.34,99.66,0.00,N/A,0.93,0.72,209.80,1.29,32.26,0.00,0.11,0.02,1.61,0.02,1.00,0.00,0.00,0.98,0.90,0.0000,0.0006,     0,0,0,1.52,98.48,0.00,N/A,5.12,3.18,209.80,1.61,40.24,0.02,0.61,0.09,3.00,0.03,1.00,0.00,0.00,0.65,0.66,0.0000,0.0001,     0,0,0,3.03,96.97,0.00,N/A,19.40,6.47,209.80,3.00,74.94,0.09,2.27,0.14,3.39,0.04,1.00,0.00,0.00,0.74,0.87,0.0000,0.0000,     0,0,0,4.01,95.99,0.00,N/A,28.26,8.33,209.80,3.39,84.83,0.14,3.40,0.13,3.13,0.04,1.00,0.00,0.00,0.50,0.90,0.0000,0.0000,     0,0,0,4.00,96.00,0.00,N/A,26.04,8.31,209.80,3.13,78.33,0.13,3.13,0.00,0.68,0.00,1.00,0.00,0.00,0.56,0.63,0.0011,0.0041,     0,0,0,0.28,99.72,0.00,N/A,0.39,0.58,209.80,0.68,17.01,0.00,0.05,0.01,0.31,0.02,1.00,0.00,0.03,0.96,0.28,0.0008,0.0212,     0,0,0,2.03,97.97,0.00,N/A,1.32,4.26,209.80,0.31,7.73,0.01,0.16,0.03,3.32,0.01,1.00,0.00,0.00,0.64,0.74,0.0000,0.0000,     0,0,0,1.01,98.99,0.00,N/A,7.07,2.13,209.80,3.32,83.08,0.03,0.84,0.03,3.08,0.01,1.00,0.00,0.00,0.87,0.73,0.0000,0.0000,     0,0,0,0.98,99.02,0.00,N/A,6.55,2.13,209.80,3.08,76.91,0.03,0.76,0.07,3.37,0.02,1.00,0.00,0.00,0.51,0.87,0.0000,0.0000,     0,0,0,2.08,97.92,0.00,N/A,14.10,4.19,209.80,3.37,84.24,0.07,1.75,0.03,3.33,0.01,1.00,0.00,0.00,0.68,0.80,0.0000,0.0000,     0,0,0,0.98,99.02,0.00,N/A,7.07,2.13,209.80,3.33,83.16,0.03,0.82,0.00,0.58,0.00,1.00,0.00,0.00,0.34,0.72,0.0023,0.0056,     0,0,0,0.05,99.95,0.00,N/A,0.06,0.11,209.80,0.58,14.44,0.00,0.01,0.00,0.51,0.00,1.00,0.00,0.00,0.87,0.68,0.0006,0.0063,     0,0,0,0.05,99.95,0.00,N/A,0.05,0.11,209.80,0.51,12.72,0.00,0.01,0.03,3.06,0.01,1.00,0.00,0.00,0.76,0.81,0.0000,0.0000,     0,0,0,1.02,98.98,0.00,N/A,6.53,2.13,209.80,3.06,76.59,0.03,0.78,
2024-03-21,21:07:08.756,0.04,2.52,0.02,1.00,0.00,0.07,0.93,0.51,0.0000,0.0005,0.00,0.00,-2147483648,0.00,0.00,139.33,55.37,211.97,2.52,62.90,0.04,1.03,1.69,0.75,3.56,1.63,98.37,0.00,100.00,0.00,0.00,0.00,0.00,-nan,0.08,0.06,2.58,0.02,1.00,0.00,0.04,0.91,0.59,0.0000,0.0004,     0,0,0,0.00,0.00,-2147483648,0.00,0.00,N/A,102.96,39.86,211.97,2.58,64.58,0.06,1.51,0.02,2.34,0.01,1.00,0.00,0.03,0.95,0.33,0.0000,0.0008,     0,0,0,0.00,0.00,-2147483648,0.00,0.00,N/A,36.37,15.52,211.97,2.34,58.59,0.02,0.54,0.28,1.19,  0%,  1%,0.17,0.05,  0%,  0%,1.79,1.22,  1%,  1%,0.31,0.25,  0%,  0%,2.34,97.66,0.00,100.00,0.00,0.00,0.92,99.08,0.00,100.00,0.00,0.00,0.00,0.00,0.00 ,0.00 ,-nan ,-nan ,0.08,0.08,0.01,0.31,0.02,1.00,0.00,0.03,0.94,0.28,0.0012,0.0193,     0,0,0,2.30,97.70,0.00,N/A,1.51,4.87,211.97,0.31,7.75,0.01,0.18,0.06,3.11,0.02,1.00,0.00,0.00,0.92,0.83,0.0000,0.0000,     0,0,0,1.92,98.08,0.00,N/A,13.03,4.19,211.97,3.11,77.83,0.06,1.49,0.07,3.01,0.02,1.00,0.00,0.00,0.81,0.67,0.0000,0.0000,     0,0,0,2.24,97.76,0.00,N/A,14.73,4.89,211.97,3.01,75.29,0.07,1.69,0.03,1.60,0.02,1.00,0.00,0.00,0.88,0.93,0.0000,0.0004,     0,0,0,1.90,98.10,0.00,N/A,6.45,4.02,211.97,1.60,40.10,0.03,0.76,0.12,3.11,0.04,1.00,0.00,0.00,0.74,0.64,0.0000,0.0000,     0,0,0,3.71,96.29,0.00,N/A,24.16,7.78,211.97,3.11,77.63,0.12,2.88,0.13,3.40,0.04,1.00,0.00,0.00,0.82,0.88,0.0000,0.0000,     0,0,0,3.93,96.07,0.00,N/A,28.28,8.33,211.97,3.40,84.89,0.13,3.33,0.07,2.89,0.02,1.00,0.00,0.00,0.76,0.90,0.0000,0.0000,     0,0,0,2.29,97.71,0.00,N/A,13.59,4.70,211.97,2.89,72.25,0.07,1.65,0.01,1.12,0.01,1.00,0.00,0.00,0.77,0.58,0.0006,0.0029,     0,0,0,0.51,99.49,0.00,N/A,1.22,1.09,211.97,1.12,28.07,0.01,0.14,0.01,0.30,0.02,1.00,0.00,0.03,0.96,0.28,0.0009,0.0207,     0,0,0,2.17,97.83,0.00,N/A,1.36,4.60,211.97,0.30,7.38,0.01,0.16,0.00,0.48,0.00,1.00,0.00,0.00,0.46,0.70,0.0025,0.0058,     0,0,0,0.06,99.94,0.00,N/A,0.06,0.13,211.97,0.48,12.12,0.00,0.01,0.03,3.06,0.01,1.00,0.00,0.00,0.75,0.77,0.0000,0.0000,     0,0,0,1.04,98.96,0.00,N/A,6.52,2.13,211.97,3.06,76.59,0.03,0.79,0.06,3.38,0.02,1.00,0.00,0.00,0.68,0.82,0.0000,0.0000,     0,0,0,1.92,98.08,0.00,N/A,14.15,4.19,211.97,3.38,84.47,0.06,1.62,0.07,3.37,0.02,1.00,0.00,0.00,0.46,0.89,0.0000,0.0000,     0,0,0,2.04,97.96,0.00,N/A,14.14,4.19,211.97,3.37,84.37,0.07,1.72,0.00,0.42,0.00,1.00,0.00,0.00,0.65,0.80,0.0006,0.0038,     0,0,0,0.03,99.97,0.00,N/A,0.03,0.06,211.97,0.42,10.50,0.00,0.00,0.00,0.52,0.00,1.00,0.00,0.00,0.79,0.68,0.0009,0.0057,     0,0,0,0.08,99.92,0.00,N/A,0.09,0.18,211.97,0.52,13.06,0.00,0.01,0.00,0.41,0.00,1.00,0.00,0.00,0.85,0.91,0.0002,0.0016,     0,0,0,0.02,99.98,0.00,N/A,0.02,0.05,211.97,0.41,10.16,0.00,0.00,
2024-03-21,21:07:08.857,0.04,2.52,0.02,1.00,0.00,0.06,0.93,0.47,0.0000,0.0004,0.00,0.00,-2147483648,0.00,0.00,145.86,57.89,212.21,2.52,62.99,0.04,1.07,0.57,0.38,2.10,1.70,98.30,0.00,100.00,0.00,0.00,0.00,0,0.00,-2147483648,0.00,0.00,N/A,1,0.00,0.04,0.93,0.55,0.0000,0.0003,     0,0,0,0.00,0.00,-2147483648,0.00,0.00,N/A,115.50,43.58,212.21,2.65,66.26,0.07,1.70,0.02,2.12,0.01,1.00,0.00,0.03,0.93,0.34,0.0001,0.0010,     0,0,0,0.00,0.00,-2147483648,0.00,0.00,N/A,30.35,14.31,212.21,2.12,53.02,0.02,0.45,0.16,0.12,  0%,  0%,0.20,0.09,  0%,  0%,0.27,0.95,  0%,  0%,0.48,0.40,  0%,  0%,2.56,97.44,0.00,100.00,0.00,0.00,0.84,99.16,0.00,100.00,0.00,0.00,0.00,0.00,0.00 ,0.00 ,-nan ,-nan ,0.10,0.10,0.01,0.41,0.03,1.00,0.00,0.03,0.94,0.27,0.0009,0.0136,     0,0,0,2.52,97.48,0.00,N/A,2.18,5.35,212.21,0.41,10.20,0.01,0.26,0.12,3.12,0.04,1.00,0.00,0.00,0.65,0.75,0.0000,0.0000,     0,0,0,3.92,96.08,0.00,N/A,26.01,8.32,212.21,3.12,78.11,0.12,3.06,0.12,3.13,0.04,1.00,0.00,0.00,0.82,0.92,0.0000,0.0000,     0,0,0,3.92,96.08,0.00,N/A,26.02,8.32,212.21,3.13,78.21,0.12,3.07,0.03,1.54,0.02,1.00,0.00,0.00,0.93,0.86,0.0000,0.0006,     0,0,0,1.77,98.23,0.00,N/A,5.79,3.76,212.21,1.54,38.49,0.03,0.68,0.06,3.00,0.02,1.00,0.00,0.00,0.81,0.76,0.0000,0.0000,     0,0,0,2.14,97.86,0.00,N/A,13.20,4.41,212.21,3.00,74.92,0.06,1.60,0.13,3.40,0.04,1.00,0.00,0.00,0.86,0.89,0.0000,0.0000,     0,0,0,3.92,96.08,0.00,N/A,28.28,8.32,212.21,3.40,84.95,0.13,3.33,0.06,2.95,0.02,1.00,0.00,0.00,0.74,0.94,0.0000,0.0000,     0,0,0,2.09,97.91,0.00,N/A,13.49,4.58,212.21,2.95,73.69,0.06,1.54,0.00,1.00,0.00,1.00,0.00,0.00,0.62,0.77,0.0005,0.0020,     0,0,0,0.25,99.75,0.00,N/A,0.52,0.53,212.21,1.00,24.92,0.00,0.06,0.01,0.28,0.02,1.00,0.00,0.03,0.96,0.28,0.0009,0.0204,     0,0,0,2.25,97.75,0.00,N/A,1.35,4.78,212.21,0.28,7.05,0.01,0.16,0.04,2.62,0.01,1.00,0.00,0.00,0.38,0.56,0.0001,0.0002,     0,0,0,1.37,98.63,0.00,N/A,7.61,2.90,212.21,2.62,65.62,0.04,0.90,0.00,0.48,0.00,1.00,0.00,0.00,0.57,0.74,0.0014,0.0043,     0,0,0,0.04,99.96,0.00,N/A,0.04,0.08,212.21,0.48,11.94,0.00,0.00,0.10,3.39,0.03,1.00,0.00,0.00,0.37,0.87,0.0000,0.0000,     0,0,0,2.94,97.06,0.00,N/A,21.21,6.25,212.21,3.39,84.84,0.10,2.50,0.00,0.51,0.00,1.00,0.00,0.00,0.81,0.82,0.0004,0.0038,     0,0,0,0.02,99.98,0.00,N/A,0.03,0.05,212.21,0.51,12.71,0.00,0.00,0.00,0.40,0.00,1.00,0.00,0.00,0.81,0.88,0.0003,0.0021,     0,0,0,0.02,99.98,0.00,N/A,0.02,0.05,212.21,0.40,10.09,0.00,0.00,0.00,0.53,0.00,1.00,0.00,0.00,0.86,0.66,0.0008,0.0067,     0,0,0,0.07,99.93,0.00,N/A,0.08,0.16,212.21,0.53,13.28,0.00,0.01,0.00,0.52,0.00,1.00,0.00,0.00,0.84,0.82,0.0004,0.0037,     0,0,0,0.02,99.98,0.00,N/A,0.02,0.05,212.21,0.52,13.01,0.00,0.00,
2024-03-21,21:07:08.957,0.04,2.45,0.02,1.00,0.00,0.07,0.94,0.56,0.0000,0.0005,0.00,0.00,-2147483648,0.00,0.00,133.19,54.25,210.24,2.45,61.37,0.04,1.00,0.70,0.37,1.97,1.62,98.38,0.00,100.00,0.00,0.00,0.00,0.00,-nan,0.08,0.06,2.56,0.02,1.00,0.00,0.04,0.94,0.65,0.0000,0.0003,     0,0,0,0.00,0.00,-2147483648,0.00,0.00,N/A,106.75,41.71,210.24,2.56,63.99,0.06,1.60,0.02,2.11,0.01,1.00,0.00,0.03,0.94,0.35,0.0001,0.0011,     0,0,0,0.00,0.00,-2147483648,0.00,0.00,N/A,26.44,12.55,210.24,2.11,52.68,0.02,0.39,0.10,0.23,  0%,  0%,0.22,0.15,  0%,  0%,0.40,0.35,  0%,  0%,0.65,0.57,  0%,  0%,2.50,97.50,0.00,100.00,0.00,0.00,0.75,99.25,0.00,100.00,0.00,0.00,0.00,0.00,0.00 ,0.00 ,-nan ,-nan ,0.08,0.08,0.02,0.86,0.03,1.00,0.00,0.03,0.94,0.27,0.0003,0.0057,     0,0,0,2.88,97.12,0.00,N/A,5.19,6.06,210.24,0.86,21.40,0.02,0.62,0.10,3.13,0.03,1.00,0.00,0.00,0.84,0.93,0.0000,0.0000,     0,0,0,3.06,96.94,0.00,N/A,19.60,6.26,210.24,3.13,78.35,0.10,2.40,0.12,3.14,0.04,1.00,0.00,0.00,0.89,0.91,0.0000,0.0000,     0,0,0,3.96,96.04,0.00,N/A,26.16,8.33,210.24,3.14,78.57,0.12,3.11,0.02,1.67,0.01,1.00,0.00,0.00,0.79,0.93,0.0000,0.0002,     0,0,0,1.15,98.85,0.00,N/A,4.11,2.46,210.24,1.67,41.72,0.02,0.48,0.02,2.66,0.01,1.00,0.00,0.00,0.79,0.75,0.0000,0.0002,     0,0,0,0.63,99.37,0.00,N/A,3.52,1.33,210.24,2.66,66.43,0.02,0.42,0.10,3.33,0.03,1.00,0.00,0.00,0.83,0.78,0.0000,0.0000,     0,0,0,3.14,96.86,0.00,N/A,21.32,6.39,210.24,3.33,83.37,0.10,2.62,0.09,3.14,0.03,1.00,0.00,0.00,0.76,0.93,0.0000,0.0000,     0,0,0,3.01,96.99,0.00,N/A,19.66,6.26,210.24,3.14,78.57,0.09,2.36,0.03,1.55,0.02,1.00,0.00,0.01,0.93,0.88,0.0000,0.0008,     0,0,0,2.22,97.78,0.00,N/A,7.17,4.63,210.24,1.55,38.76,0.03,0.86,0.02,0.88,0.03,1.00,0.00,0.03,0.96,0.28,0.0002,0.0057,     0,0,0,2.62,97.38,0.00,N/A,4.84,5.51,210.24,0.88,21.95,0.02,0.58,0.00,0.50,0.00,1.00,0.00,0.00,0.54,0.64,0.0027,0.0070,     0,0,0,0.12,99.88,0.00,N/A,0.12,0.25,210.24,0.50,12.50,0.00,0.01,0.03,3.34,0.01,1.00,0.00,0.00,0.58,0.88,0.0000,0.0000,     0,0,0,1.01,98.99,0.00,N/A,7.09,2.12,210.24,3.34,83.59,0.03,0.84,0.07,3.38,0.02,1.00,0.00,0.00,0.50,0.91,0.0000,0.0000,     0,0,0,2.05,97.95,0.00,N/A,14.14,4.19,210.24,3.38,84.40,0.07,1.73,0.00,0.50,0.00,1.00,0.00,0.00,0.54,0.71,0.0018,0.0046,     0,0,0,0.06,99.94,0.00,N/A,0.06,0.12,210.24,0.50,12.57,0.00,0.01,0.00,0.44,0.00,1.00,0.00,0.00,0.76,0.88,0.0004,0.0022,     0,0,0,0.02,99.98,0.00,N/A,0.02,0.05,210.24,0.44,10.93,0.00,0.00,0.00,0.54,0.00,1.00,0.00,0.00,0.86,0.67,0.0008,0.0063,     0,0,0,0.10,99.90,0.00,N/A,0.11,0.20,210.24,0.54,13.50,0.00,0.01,0.00,0.52,0.00,1.00,0.00,0.00,0.60,0.72,0.0010,0.0044,     0,0,0,0.05,99.95,0.00,N/A,0.06,0.11,210.24,0.52,13.04,0.00,0.01,
2024-03-21,21:07:09.058,0.04,2.34,0.02,1.00,0.01,0.08,0.90,0.61,0.0001,0.0005,0.00,0.00,-2147483648,0.00,0.00,148.27,63.34,209.94,2.34,58.52,0.04,1.10,0.91,0.33,3.60,1.87,98.13,0.00,100.00,0.00,0.00,0.00,0.00,-nan,0.08,0.07,2.55,0.03,1.00,0.00,0.04,0.90,0.64,0.0000,0.0003,     0,0,0,0.00,0.00,-2147483648,0.00,0.00,N/A,113.23,44.43,209.94,2.55,63.71,0.07,1.68,0.02,1.85,0.01,1.00,0.00,0.04,0.89,0.58,0.0001,0.0011,     0,0,0,0.00,0.00,-2147483648,0.00,0.00,N/A,35.04,18.91,209.94,1.85,46.32,0.02,0.52,0.20,0.41,  0%,  0%,0.16,0.13,  0%,  0%,1.12,1.48,  0%,  1%,0.48,0.53,  0%,  0%,2.63,97.37,0.00,100.00,0.00,0.00,1.12,98.88,0.00,100.00,0.00,0.00,0.00,0.00,0.00 ,0.00 ,-nan ,-nan ,0.08,0.08,0.01,0.30,0.02,1.00,0.00,0.03,0.95,0.27,0.0010,0.0207,     0,0,0,2.13,97.87,0.00,N/A,1.36,4.48,209.94,0.30,7.60,0.01,0.16,0.12,3.06,0.04,1.00,0.00,0.00,0.69,0.61,0.0000,0.0000,     0,0,0,3.85,96.15,0.00,N/A,25.48,8.32,209.94,3.06,76.56,0.12,2.95,0.12,3.14,0.04,1.00,0.00,0.00,0.61,0.89,0.0000,0.0000,     0,0,0,3.96,96.04,0.00,N/A,26.13,8.33,209.94,3.14,78.47,0.12,3.10,0.09,2.98,0.03,1.00,0.00,0.00,0.41,0.65,0.0000,0.0001,     0,0,0,2.98,97.02,0.00,N/A,18.37,6.16,209.94,2.98,74.61,0.09,2.22,0.04,1.64,0.02,1.00,0.00,0.00,0.95,0.91,0.0000,0.0005,     0,0,0,2.38,97.62,0.00,N/A,8.29,5.04,209.94,1.64,41.11,0.04,0.98,0.00,0.62,0.00,1.00,0.00,0.00,0.56,0.94,0.0002,0.0005,     0,0,0,0.30,99.70,0.00,N/A,0.39,0.62,209.94,0.62,15.55,0.00,0.05,0.12,3.09,0.04,1.00,0.00,0.00,0.71,0.63,0.0000,0.0000,     0,0,0,3.92,96.08,0.00,N/A,25.70,8.33,209.94,3.09,77.14,0.12,3.02,0.04,2.37,0.02,1.00,0.00,0.00,0.45,0.55,0.0001,0.0003,     0,0,0,1.51,98.49,0.00,N/A,7.51,3.16,209.94,2.37,59.35,0.04,0.89,0.01,0.40,0.03,1.00,0.00,0.03,0.94,0.39,0.0008,0.0135,     0,0,0,2.62,97.38,0.00,N/A,2.20,5.51,209.94,0.40,10.01,0.01,0.26,0.03,3.04,0.01,1.00,0.00,0.00,0.37,0.65,0.0001,0.0001,     0,0,0,1.09,98.91,0.00,N/A,6.95,2.29,209.94,3.04,75.91,0.03,0.83,0.07,3.26,0.02,1.00,0.00,0.00,0.43,0.61,0.0000,0.0001,     0,0,0,2.06,97.94,0.00,N/A,14.09,4.32,209.94,3.26,81.58,0.07,1.68,0.03,3.25,0.01,1.00,0.00,0.00,0.62,0.67,0.0000,0.0000,     0,0,0,1.01,98.99,0.00,N/A,7.12,2.19,209.94,3.25,81.19,0.03,0.82,0.02,1.07,0.02,1.00,0.00,0.01,0.77,0.81,0.0003,0.0014,     0,0,0,1.71,98.29,0.00,N/A,3.87,3.60,209.94,1.07,26.86,0.02,0.46,0.00,0.90,0.00,1.00,0.00,0.00,0.85,0.77,0.0004,0.0031,     0,0,0,0.36,99.64,0.00,N/A,0.71,0.79,209.94,0.90,22.46,0.00,0.08,0.00,0.45,0.00,1.00,0.00,0.00,0.69,0.63,0.0019,0.0072,     0,0,0,0.08,99.92,0.00,N/A,0.08,0.17,209.94,0.45,11.31,0.00,0.01,0.00,0.43,0.00,1.00,0.00,0.00,0.65,0.88,0.0008,0.0025,     0,0,0,0.02,99.98,0.00,N/A,0.02,0.05,209.94,0.43,10.79,0.00,0.00,
2024-03-21,21:07:09.156,0.05,2.43,0.02,1.00,0.01,0.07,0.91,0.67,0.0000,0.0005,0.00,0.00,-2147483648,0.00,0.00,152.95,62.83,210.17,2.43,60.86,0.05,1.14,1.12,0.43,2.90,1.88,98.12,0.00,100.00,0.00,0.00,0.00,0.00,-nan,0.08,0.07,2.67,0.03,1.00,0.00,0.04,0.91,0.61,0.0000,0.0003,     0,0,0,0.00,0.00,-2147483648,0.00,0.00,N/A,115.15,43.18,210.17,2.67,66.68,0.07,1.72,0.02,1.92,0.01,1.00,0.00,0.04,0.90,0.749.47,0.02,0.50,0.47,0.42,  0%,  0%,,-2147483648,0.00,0.00,N/A,37.80,19.65,210.17,1.92,48.08,0.02,0.57,0.27,0.28,  0%,  0%,0.37,0.20,  0%,  0%,0.69,0.35,  0%,  0%,0.97,0.89,  0%,  0%,2.59,97.41,0.00,100.00,0.00,0.00,1.18,98.82,0.00,100.00,0.00,0.00,0.00,0.00,0.00 ,0.00 ,-nan ,-nan ,0.08,0.08,0.01,0.33,0.02,1.00,0.00,0.03,0.95,0.26,0.0011,0.0205,     0,0,0,2.07,97.93,0.00,N/A,1.45,4.36,210.17,0.33,8.30,0.01,0.17,0.13,3.14,0.04,1.00,0.00,0.00,0.81,0.86,0.0000,0.0000,     0,0,0,4.04,95.96,0.00,N/A,26.12,8.31,210.17,3.14,78.56,0.13,3.17,0.12,3.07,0.04,1.00,0.00,0.00,0.65,0.62,0.0000,0.0000,     0,0,0,4.04,95.96,0.00,N/A,25.56,8.31,210.17,3.07,76.85,0.12,3.10,0.00,0.86,0.00,1.00,0.00,0.00,0.91,0.72,0.0000,0.0024,     0,0,0,0.14,99.86,0.00,N/A,0.25,0.29,210.17,0.86,21.53,0.00,0.03,0.01,1.42,0.01,1.00,0.00,0.00,0.79,0.84,0.0002,0.0010,     0,0,0,0.93,99.07,0.00,N/A,2.74,1.93,210.17,1.42,35.45,0.01,0.33,0.13,3.37,0.04,1.00,0.00,0.00,0.57,0.73,0.0000,0.0000,     0,0,0,3.91,96.09,0.00,N/A,28.02,8.31,210.17,3.37,84.23,0.13,3.29,0.13,3.13,0.04,1.00,0.00,0.00,0.79,0.88,0.0000,0.0000,     0,0,0,4.04,95.96,0.00,N/A,26.03,8.32,210.17,3.13,78.18,0.13,3.16,0.02,1.50,0.02,1.00,0.00,0.00,0.68,0.90,0.0002,0.0007,     0,0,0,1.57,98.43,0.00,N/A,5.00,3.33,210.17,1.50,37.52,0.02,0.59,0.01,0.39,0.03,1.00,0.00,0.03,0.94,0.37,0.0009,0.0139,     0,0,0,2.58,97.42,0.00,N/A,2.10,5.42,210.17,0.39,9.67,0.01,0.25,0.03,1.32,0.02,1.00,0.00,0.01,0.77,0.92,0.0002,0.0010,     0,0,0,1.98,98.02,0.00,N/A,5.47,4.15,210.17,1.32,32.93,0.03,0.65,0.03,3.34,0.01,1.00,0.00,0.00,0.83,0.86,0.0000,0.0000,     0,0,0,1.01,98.99,0.00,N/A,7.06,2.11,210.17,3.34,83.45,0.03,0.84,0.03,3.34,0.01,1.00,0.00,0.00,0.86,0.82,0.0000,0.0000,     0,0,0,1.03,98.97,0.00,N/A,7.09,2.12,210.17,3.34,83.56,0.03,0.86,0.07,3.38,0.02,1.00,0.00,0.00,0.43,0.85,0.0000,0.0000,     0,0,0,1.99,98.01,0.00,N/A,14.12,4.18,210.17,3.38,84.48,0.07,1.68,0.01,1.31,0.01,1.00,0.00,0.00,0.74,0.83,0.0002,0.0008,     0,0,0,0.70,99.30,0.00,N/A,1.86,1.41,210.17,1.31,32.85,0.01,0.23,0.00,0.42,0.00,1.00,0.00,0.00,0.63,0.65,0.0021,0.0069,     0,0,0,0.09,99.91,0.00,N/A,0.08,0.19,210.17,0.42,10.61,0.00,0.01,0.00,0.44,0.00,1.00,0.00,0.00,0.79,0.88,0.0003,0.0020,     0,0,0,0.03,99.97,0.00,N/A,0.02,0.05,210.17,0.44,11.03,0.00,0.00,
2024-03-21,21:07:09.260,0.05,2.60,0.02,1.00,0.00,0.07,0.93,0.54,0.0000,0.0004,0.00,0.00,-2147483648,0.00,0.00,156.25,60.05,211.84,2.60,65.05,0.05,1.14,0.64,0.37,1.79,1.75,98.25,0.00,100.00,0.00,0.00,0.00,0.00,-nan,0.08,0.07,2.68,0.02,1.00,0.00,0.04,0.92,0.60,0.0000,0.0003,     0,0,0,0.00,0.00,-2147483648,0.00,0.00,N/A,115.18,42.91,211.84,2.68,67.10,0.07,1.67,0.02,2.40,0.01,1.00,0.00,0.03,0.93,0.44,0.0000,0.0007,     0,0,0,0.00,0.00,-2147483648,0.00,0.00,N/A,41.07,17.14,211.84,2.40,59.91,0.02,0.60,0.26,0.18,  0%,  0%,0.13,0.07,  0%,  0%,0.37,0.66,  0%,  0%,0.34,0.42,  0%,  0%,2.49,97.51,0.00,100.00,0.00,0.00,1.01,98.99,0.00,100.00,0.00,0.00,0.00,0.00,0.00 ,0.00 ,-nan ,-nan ,0.08,0.08,0.01,0.32,0.02,1.00,0.00,0.03,0.94,0.26,0.0012,0.0204,     0,0,0,2.12,97.88,0.00,N/A,1.44,4.50,211.84,0.32,7.98,0.01,0.17,0.12,3.14,0.04,1.00,0.00,0.00,0.88,0.89,0.0000,0.0000,     0,0,0,3.79,96.21,0.00,N/A,26.15,8.32,211.84,3.14,78.57,0.12,2.98,0.09,3.05,0.03,1.00,0.00,0.00,0.65,0.65,0.0000,0.0000,     0,0,0,3.05,96.95,0.00,N/A,19.42,6.38,211.84,3.05,76.13,0.09,2.32,0.00,0.77,0.00,1.00,0.00,0.00,0.69,0.69,0.0001,0.0024,     0,0,0,0.18,99.82,0.00,N/A,0.31,0.40,211.84,0.77,19.29,0.00,0.03,0.03,2.90,0.01,1.00,0.00,0.00,0.75,0.80,0.0000,0.0000,     0,0,0,1.03,98.97,0.00,N/A,6.65,2.30,211.84,2.90,72.44,0.03,0.75,0.14,3.40,0.04,1.00,0.00,0.00,0.69,0.85,0.0000,0.0000,     0,0,0,3.98,96.02,0.00,N/A,28.25,8.32,211.84,3.40,84.92,0.14,3.38,0.12,3.14,0.04,1.00,0.00,0.00,0.82,0.91,0.0000,0.0000,     0,0,0,3.79,96.21,0.00,N/A,26.14,8.33,211.84,3.14,78.49,0.12,2.98,0.03,1.56,0.02,1.00,0.00,0.01,0.80,0.88,0.0001,0.0008,     0,0,0,2.08,97.92,0.00,N/A,6.82,4.38,211.84,1.56,38.95,0.03,0.81,0.01,0.31,0.02,1.00,0.00,0.03,0.96,0.28,0.0008,0.0213,     0,0,0,1.97,98.03,0.00,N/A,1.29,4.18,211.84,0.31,7.70,0.01,0.15,0.11,3.26,0.03,1.00,0.00,0.00,0.55,0.62,0.0000,0.0000,     0,0,0,3.34,96.66,0.00,N/A,24.16,7.42,211.84,3.26,81.42,0.11,2.72,0.04,2.80,0.01,1.00,0.00,0.00,0.61,0.91,0.0000,0.0001,     0,0,0,1.39,98.61,0.00,N/A,8.35,2.98,211.84,2.80,70.09,0.04,0.98,0.03,3.33,0.01,1.00,0.00,0.00,0.57,0.84,0.0000,0.0000,     0,0,0,1.02,98.98,0.00,N/A,7.07,2.13,211.84,3.33,83.22,0.03,0.85,0.00,0.47,0.00,1.00,0.00,0.00,0.79,0.71,0.0010,0.0057,     0,0,0,0.05,99.95,0.00,N/A,0.05,0.11,211.84,0.47,11.79,0.00,0.01,0.00,0.47,0.00,1.00,0.00,0.00,0.76,0.70,0.0012,0.0058,     0,0,0,0.05,99.95,0.00,N/A,0.05,0.11,211.84,0.47,11.76,0.00,0.01,0.00,0.49,0.00,1.00,0.00,0.00,0.66,0.71,0.0017,0.0059,     0,0,0,0.06,99.94,0.00,N/A,0.07,0.14,211.84,0.49,12.33,0.00,0.01,0.00,0.41,0.00,1.00,0.00,0.00,0.49,0.78,0.0015,0.0043,     0,0,0,0.04,99.96,0.00,N/A,0.03,0.08,211.84,0.41,10.37,0.00,0.00,
2024-03-21,21:07:09.361,0.05,2.57,0.02,1.00,0.01,0.06,0.92,0.55,0.0000,0.0004,0.00,0.00,-2147483648,0.00,0.00,161.37,62.76,209.86,2.57,64.28,0.05,1.20,2.27,0.80,4.20,1.86,98.14,0.00,100.00,0.00,0.00,0.00,0.00,-nan,0.09,0.07,2.73,0.03,1.00,0.00,0.03,0.91,0.49,0.0000,0.0003,     0,0,0,0.00,0.00,-2147483648,0.00,0.00,N/A,115.99,42.54,209.86,2.73,68.17,0.07,1.72,0.03,2.24,0.01,1.00,0.00,0.03,0.93,0.60,0.0000,0.0007,     0,0,0,0.00,0.00,-2147483648,0.00,0.00,N/A,45.38,20.22,209.86,2.24,56.11,0.03,0.67,0.25,0.27,  0%,  0%,1.14,0.62,  0%,  0%,0.59,0.46,  0%,  0%,1.65,1.50,  1%,  1%,2.52,97.48,0.00,100.00,0.00,0.00,1.20,98.80,0.00,100.00,0.00,0.00,0.00,0.00,0.00 ,0.00 ,-nan ,-nan ,0.10,0.08,0.02,0.79,0.03,1.00,0.00,0.03,0.96,0.26,0.0003,0.0067,     0,0,0,2.58,97.42,0.00,N/A,4.24,5.41,209.86,0.79,19.63,0.02,0.51,0.10,3.07,0.03,1.00,0.00,0.00,0.51,0.94,0.0000,0.0000,     0,0,0,3.22,96.78,0.00,N/A,19.74,6.42,209.86,3.07,76.84,0.10,2.47,0.04,2.95,0.01,1.00,0.00,0.00,0.65,0.88,0.0000,0.0000,     0,0,0,1.39,98.61,0.00,N/A,9.13,3.10,209.86,2.95,73.70,0.04,1.03,0.13,3.37,0.04,1.00,0.00,0.00,0.75,0.77,0.0000,0.0000,     0,0,0,3.92,96.08,0.00,N/A,28.07,8.32,209.86,3.37,84.33,0.13,3.31,0.10,3.07,0.03,1.00,0.00,0.00,0.77,0.78,0.0000,0.0000,     0,0,0,3.19,96.81,0.00,N/A,19.55,6.37,209.86,3.07,76.76,0.10,2.45,0.01,1.11,0.01,1.00,0.00,0.00,0.46,0.88,0.0004,0.0008,     0,0,0,0.98,99.02,0.00,N/A,2.29,2.06,209.86,1.11,27.71,0.01,0.27,0.12,3.14,0.04,1.00,0.00,0.00,0.73,0.89,0.0000,0.0000,     0,0,0,3.93,96.07,0.00,N/A,26.16,8.33,209.86,3.14,78.52,0.12,3.08,0.03,2.69,0.01,1.00,0.00,0.00,0.41,0.61,0.0001,0.0002,     0,0,0,1.14,98.86,0.00,N/A,6.81,2.53,209.86,2.69,67.31,0.03,0.76,0.01,0.32,0.02,1.00,0.00,0.03,0.94,0.28,0.0011,0.0184,     0,0,0,2.31,97.69,0.00,N/A,1.56,4.86,209.86,0.32,8.03,0.01,0.19,0.14,3.36,0.04,1.00,0.00,0.00,0.64,0.68,0.0000,0.0000,     0,0,0,4.30,95.70,0.00,N/A,30.60,9.12,209.86,3.36,83.88,0.14,3.61,0.03,1.64,0.02,1.00,0.00,0.00,0.91,0.94,0.0000,0.0004,     0,0,0,1.69,98.31,0.00,N/A,5.80,3.53,209.86,1.64,41.10,0.03,0.69,0.03,3.35,0.01,1.00,0.00,0.00,0.70,0.86,0.0000,0.0000,     0,0,0,1.01,98.99,0.00,N/A,7.09,2.11,209.86,3.35,83.87,0.03,0.84,0.00,0.62,0.00,1.00,0.00,0.00,0.79,0.70,0.0003,0.0022,     0,0,0,0.13,99.87,0.00,N/A,0.17,0.28,209.86,0.62,15.57,0.00,0.02,0.00,0.46,0.00,1.00,0.00,0.00,0.72,0.70,0.0014,0.0061,     0,0,0,0.06,99.94,0.00,N/A,0.06,0.12,209.86,0.46,11.43,0.00,0.01,0.00,0.46,0.00,1.00,0.00,0.00,0.77,0.71,0.0011,0.0054,     0,0,0,0.08,99.92,0.00,N/A,0.07,0.16,209.86,0.46,11.58,0.00,0.01,0.00,0.53,0.00,1.00,0.00,0.00,0.88,0.93,0.0001,0.0015,     0,0,0,0.02,99.98,0.00,N/A,0.02,0.04,209.86,0.53,13.22,0.00,0.00,
2024-03-21,21:07:09.461,0.05,2.52,0.02,1.00,0.00,0.07,0.93,0.52,0.0000,0.0004,0.00,0.00,-2147483648,0.00,0.00,160.01,63.52,210.35,2.52,62.98,0.05,1.19,0.89,0.33,2.86,1.89,98.11,0.00,100.00,0.00,0.00,0.00,0.00,-nan,0.09,0.07,2.69,0.03,1.00,0.00,0.03,0.92,0.38,0.0000,0.0003,     0,0,0,0.00,0.00,-2147483648,0.00,0.00,N/A,116.83,43.36,210.35,2.69,67.36,0.07,1.74,0.03,2.14,0.01,1.00,0.00,0.03,0.93,0.60,0.0001,0.0008,     0,0,0,0.00,0.00,-2147483648,0.00,0.00,N/A,43.18,20.16,210.35,2.14,53.55,0.03,0.64,0.18,0.20,  0%,  0%,0.24,0.28,  0%,  0%,0.48,0.67,  0%,  0%,0.92,0.78,  0%,  0%,2.58,97.42,0.00 ,0.08,0.08,0.01,0.31,0.02,1.00,0.00,0.0,0.00,0.00,0.00,0.00,0.00 ,0.00 ,-nan ,-nan ,0.08,0.10,0.01,0.43,0.03,1.00,0.00,0.03,0.95,0.25,0.0006,0.0133,     0,0,0,2.50,97.50,0.00,N/A,2.28,5.27,210.35,0.43,10.81,0.01,0.27,0.01,1.47,0.00,1.00,0.00,0.00,0.46,0.87,0.0001,0.0003,     0,0,0,0.44,99.56,0.00,N/A,1.44,0.98,210.35,1.47,36.63,0.01,0.16,0.13,3.13,0.04,1.00,0.00,0.00,0.64,0.84,0.0000,0.0000,     0,0,0,4.22,95.78,0.00,N/A,26.09,8.33,210.35,3.13,78.29,0.13,3.30,0.14,3.29,0.04,1.00,0.00,0.00,0.73,0.72,0.0000,0.0000,     0,0,0,4.21,95.79,0.00,N/A,27.42,8.33,210.35,3.29,82.32,0.14,3.47,0.04,2.64,0.01,1.00,0.00,0.00,0.44,0.68,0.0000,0.0001,     0,0,0,1.34,98.66,0.00,N/A,7.44,2.82,210.35,2.64,65.92,0.04,0.88,0.03,2.17,0.01,1.00,0.00,0.00,0.60,0.70,0.0001,0.0002,     0,0,0,1.38,98.62,0.00,N/A,6.65,3.07,210.35,2.17,54.21,0.03,0.75,0.12,3.13,0.04,1.00,0.00,0.00,0.73,0.90,0.0000,0.0000,     0,0,0,3.96,96.04,0.00,N/A,26.01,8.32,210.35,3.13,78.18,0.12,3.09,0.09,3.12,0.03,1.00,0.00,0.00,0.79,0.58,0.0000,0.0000,     0,0,0,2.97,97.03,0.00,N/A,19.50,6.24,210.35,3.12,78.10,0.09,2.32,0.01,0.28,0.02,1.00,0.00,0.03,0.96,0.28,0.0009,0.0205,     0,0,0,2.29,97.71,0.00,N/A,1.37,4.81,210.35,0.28,7.11,0.01,0.16,0.07,3.26,0.02,1.00,0.00,0.00,0.52,0.67,0.0000,0.0000,     0,0,0,2.20,97.80,0.00,N/A,14.17,4.35,210.35,3.26,81.39,0.07,1.79,0.03,1.67,0.02,1.00,0.00,0.00,0.94,0.91,0.0000,0.0005,     0,0,0,1.87,98.13,0.00,N/A,6.60,3.94,210.35,1.67,41.85,0.03,0.78,0.06,3.38,0.02,1.00,0.00,0.00,0.70,0.89,0.0000,0.0000,     0,0,0,1.88,98.12,0.00,N/A,14.13,4.18,210.35,3.38,84.43,0.06,1.59,0.00,0.42,0.00,1.00,0.00,0.00,0.75,0.63,0.0015,0.0074,     0,0,0,0.10,99.90,0.00,N/A,0.09,0.21,210.35,0.42,10.39,0.00,0.01,0.00,0.44,0.00,1.00,0.00,0.00,0.77,0.64,0.0013,0.0071,     0,0,0,0.10,99.90,0.00,N/A,0.09,0.20,210.35,0.44,11.06,0.00,0.01,0.00,0.50,0.00,1.00,0.00,0.00,0.75,0.68,0.0014,0.0064,     0,0,0,0.11,99.89,0.00,N/A,0.12,0.23,210.35,0.50,12.61,0.00,0.01,0.03,2.97,0.01,1.00,0.00,0.00,0.45,0.55,0.0000,0.0001,     0,0,0,1.06,98.94,0.00,N/A,6.62,2.23,210.35,2.97,74.33,0.03,0.79,
2024-03-21,21:07:09.561,0.04,2.52,0.02,1.00,0.00,0.07,0.94,0.57,0.0000,0.0004,0.00,0.00,-2147483648,0.00,0.00,147.64,58.65,209.80,2.52,62.93,0.04,1.10,0.66,0.29,2.69,1.75,98.25,0.00,100.00,0.00,0.00,0.00,0.00,-nan,0.08,0.06,2.74,0.02,1.00,0.00,0.03,0.94,0.37,0.0000,0.0003,     0,0,0,0.00,0.00,-2147483648,0.00,0.00,N/A,108.88,39.79,209.80,2.74,68.40,0.06,1.62,0.02,2.06,0.01,1.00,0.00,0.03,0.94,0.67,0.0000,0.0008,     0,0,0,0.00,0.00,-2147483648,0.00,0.00,N/A,38.76,18.86,209.80,2.06,51.39,0.02,0.58,0.13,0.19,  0%,  0%,0.20,0.14,  0%,  0%,0.42,0.58,  0%,  0%,0.78,0.92,  0%,  0%,2.37,97.63,0.00,100.00,0.00,0.00,1.12,98.88,0.00,100.00,0.00,0.00,0.00,0.00,0.00 ,0.00 ,-nan ,-nan ,0.08,0.08,0.01,0.30,0.02,1.00,0.00,0.03,0.95,0.25,0.0009,0.0206,     0,0,0,2.30,97.70,0.00,N/A,1.45,4.83,209.80,0.30,7.52,0.01,0.17,0.12,3.14,0.04,1.00,0.00,0.00,0.55,0.85,0.0000,0.0000,     0,0,0,3.97,96.03,0.00,N/A,26.11,8.33,209.80,3.14,78.38,0.12,3.11,0.13,3.37,0.04,1.00,0.00,0.00,0.79,0.70,0.0000,0.0000,     0,0,0,3.74,96.26,0.00,N/A,28.05,8.33,209.80,3.37,84.17,0.13,3.15,0.09,3.13,0.03,1.00,0.00,0.00,0.78,0.89,0.0000,0.0000,     0,0,0,2.98,97.02,0.00,N/A,19.58,6.26,209.80,3.13,78.23,0.09,2.33,0.03,2.70,0.01,1.00,0.00,0.00,0.72,0.71,0.0000,0.0000,     0,0,0,1.11,98.89,0.00,N/A,6.64,2.46,209.80,2.70,67.43,0.03,0.75,0.00,0.84,0.00,1.00,0.00,0.00,0.68,0.80,0.0004,0.0019,     0,0,0,0.43,99.57,0.00,N/A,0.72,0.85,209.80,0.84,21.00,0.00,0.09,0.12,3.13,0.04,1.00,0.00,0.00,0.62,0.91,0.0000,0.0000,     0,0,0,3.96,96.04,0.00,N/A,26.09,8.32,209.80,3.13,78.35,0.12,3.11,0.00,0.58,0.00,1.00,0.00,0.00,0.61,0.60,0.0009,0.0043,     0,0,0,0.21,99.79,0.00,N/A,0.24,0.41,209.80,0.58,14.41,0.00,0.03,0.01,0.29,0.02,1.00,0.00,0.03,0.96,0.28,0.0008,0.0208,     0,0,0,2.20,97.80,0.00,N/A,1.34,4.62,209.80,0.29,7.24,0.01,0.16,0.06,3.35,0.02,1.00,0.00,0.00,0.32,0.75,0.0000,0.0000,     0,0,0,1.89,98.11,0.00,N/A,14.13,4.22,209.80,3.35,83.80,0.06,1.59,0.04,1.72,0.02,1.00,0.00,0.00,0.93,0.96,0.0000,0.0003,     0,0,0,2.45,97.55,0.00,N/A,8.74,5.10,209.80,1.72,42.90,0.04,1.05,0.07,3.38,0.02,1.00,0.00,0.00,0.46,0.83,0.0000,0.0000,     0,0,0,2.13,97.87,0.00,N/A,14.17,4.19,209.80,3.38,84.49,0.07,1.80,0.00,0.49,0.00,1.00,0.00,0.00,0.81,0.67,0.0010,0.0068,     0,0,0,0.11,99.89,0.00,N/A,0.12,0.24,209.80,0.49,12.30,0.00,0.01,0.00,0.50,0.00,1.00,0.00,0.00,0.79,0.65,0.0013,0.0072,     0,0,0,0.11,99.89,0.00,N/A,0.12,0.23,209.80,0.50,12.47,0.00,0.01,0.00,0.53,0.00,1.00,0.00,0.00,0.79,0.69,0.0011,0.0063,     0,0,0,0.10,99.90,0.00,N/A,0.11,0.20,209.80,0.53,13.22,0.00,0.01,0.00,0.51,0.00,1.00,0.00,0.00,0.60,0.90,0.0006,0.0017,     0,0,0,0.03,99.97,0.00,N/A,0.03,0.06,209.80,0.51,12.71,0.00,0.00,
2024-03-21,21:07:09.661,0.04,2.49,0.02,1.00,0.00,0.07,0.93,0.50,0.0000,0.0005,0.00,0.00,-2147483648,0.00,0.00,139.98,56.12,210.15,2.49,62.35,0.04,1.05,0.50,0.43,2.21,1.68,98.32,0.00,100.00,0.00,0.00,0.00,0.00,-nan,0.08,0.06,2.69,0.02,1.00,0.00,0.03,0.93,0.36,0.0000,0.0003,     0,0,0,0.00,0.00,-2147483648,0.00,0.00,N/A,102.51,38.18,210.15,2.69,67.13,0.06,1.54,0.02,2.09,0.01,1.00,0.00,0.03,0.94,0.59,0.0001,0.0009,     0,0,0,0.00,0.00,-2147483648,0.00,0.00,N/A,37.46,17.95,210.15,2.09,52.18,0.02,0.56,0.10,0.10,  0%,  0%,0.19,0.12,  0%,  0%,0.20,0.32,  0%,  0%,0.88,0.81,  0%,  0%,2.29,97.71,0.00,100.00,0.00,0.00,1.07,98.93,0.00,100.00,0.00,0.00,0.00,0.00,0.00 ,0.00 ,-nan ,-nan ,0.08,0.08,0.01,0.49,0.03,1.00,0.00,0.03,0.94,0.26,0.0007,0.0110,     0,0,0,2.75,97.25,0.00,N/A,2.85,5.79,210.15,0.49,12.29,0.01,0.34,0.13,3.15,0.04,1.00,0.00,0.00,0.67,0.89,0.0000,0.0000,     0,0,0,3.99,96.01,0.00,N/A,26.22,8.32,210.15,3.15,78.77,0.13,3.14,0.13,3.40,0.04,1.00,0.00,0.00,0.89,0.93,0.0000,0.0000,     0,0,0,3.96,96.04,0.00,N/A,28.28,8.32,210.15,3.40,84.95,0.13,3.37,0.06,3.14,0.02,1.00,0.00,0.00,0.88,0.91,0.0000,0.0000,     0,0,0,1.99,98.01,0.00,N/A,13.10,4.18,210.15,3.14,78.45,0.06,1.56,0.03,2.71,0.01,1.00,0.00,0.00,0.80,0.63,0.0000,0.0001,     0,0,0,1.23,98.77,0.00,N/A,6.57,2.43,210.15,2.71,67.67,0.03,0.83,0.05,2.73,0.02,1.00,0.00,0.00,0.67,0.71,0.0000,0.0001,     0,0,0,1.98,98.02,0.00,N/A,12.03,4.40,210.15,2.73,68.32,0.05,1.35,0.07,3.07,0.02,1.00,0.00,0.00,0.72,0.77,0.0000,0.0000,     0,0,0,2.17,97.83,0.00,N/A,13.19,4.29,210.15,3.07,76.85,0.07,1.67,0.00,0.64,0.00,1.00,0.00,0.00,0.59,0.65,0.0007,0.0037,     0,0,0,0.21,99.79,0.00,N/A,0.29,0.45,210.15,0.64,15.92,0.00,0.03,0.01,0.29,0.02,1.00,0.00,0.03,0.96,0.28,0.0009,0.0209,     0,0,0,2.17,97.83,0.00,N/A,1.33,4.56,210.15,0.29,7.29,0.01,0.16,0.07,3.34,0.02,1.00,0.00,0.00,0.67,0.72,0.0000,0.0000,     0,0,0,2.02,97.98,0.00,N/A,14.18,4.25,210.15,3.34,83.43,0.07,1.69,0.03,1.63,0.02,1.00,0.00,0.00,0.90,0.91,0.0001,0.0006,     0,0,0,1.71,98.29,0.00,N/A,5.92,3.62,210.15,1.63,40.81,0.03,0.70,0.00,0.43,0.00,1.00,0.00,0.00,0.88,0.89,0.0002,0.0018,     0,0,0,0.02,99.98,0.00,N/A,0.02,0.05,210.15,0.43,10.72,0.00,0.00,0.08,3.17,0.02,1.00,0.00,0.00,0.77,0.60,0.0000,0.0001,     0,0,0,2.37,97.63,0.00,N/A,15.77,4.97,210.15,3.17,79.24,0.08,1.88,0.00,0.51,0.00,1.00,0.00,0.00,0.80,0.61,0.0013,0.0076,     0,0,0,0.16,99.84,0.00,N/A,0.17,0.34,210.15,0.51,12.69,0.00,0.02,0.00,0.51,0.00,1.00,0.00,0.00,0.83,0.72,0.0008,0.0060,     0,0,0,0.05,99.95,0.00,N/A,0.06,0.11,210.15,0.51,12.67,0.00,0.01,0.00,0.43,0.00,1.00,0.00,0.00,0.70,0.90,0.0004,0.0016,     0,0,0,0.02,99.98,0.00,N/A,0.02,0.05,210.15,0.43,10.69,0.00,0.00,
2024-03-21,21:07:09.761,0.04,2.42,0.02,1.00,0.01,0.07,0.92,0.56,0.0000,0.0006,0.00,0.00,-2147483648,0.00,0.00,129.93,53.74,209.88,2.42,60.44,0.04,0.97,0.71,0.56,1.47,1.61,98.39,0.00,100.00,0.00,0.00,0.00,0.00,-nan,0.08,0.05,2.63,0.02,1.00,0.00,0.04,0.92,0.35,0.0000,0.0004,     0,0,0,0.00,0.00,-2147483648,0.00,0.00,N/A,82.90,31.58,209.88,2.63,65.64,0.05,1.23,0.03,2.12,0.01,1.00,0.00,0.04,0.93,0.66,0.0001,0.0008,     0,0,0,0.00,0.00,-2147483648,0.00,0.00,N/A,47.03,22.17,209.88,2.12,53.04,0.03,0.71,0.26,0.21,  0%,  0%,0.18,0.06,  0%,  0%,0.48,0.33,  0%,  0%,0.37,0.29,  0%,  0%,1.88,98.12,0.00,100.00,0.00,0.00,1.33,98.67,0.00,100.00,0.00,0.00,0.00,0.00,0.00 ,0.00 ,-nan ,-nan ,0.08,0.08,0.01,0.35,0.02,1.00,0.00,0.03,0.93,0.25,0.0014,0.0193,     0,0,0,2.32,97.68,0.00,N/A,1.69,4.87,209.,0,0,3.91,96.09,0.00,N/A,26.14,8.51,210.15,0.00,0.00,0.71,0.66,0.0000,0.0000,     0,0,0,3.15,96.85,0.00,N/A,19.46,6.26,209.88,3.11,77.72,0.10,2.45,0.13,3.39,0.04,1.00,0.00,0.00,0.71,0.88,0.0000,0.0000,     0,0,0,3.96,96.04,0.00,N/A,28.25,8.33,209.88,3.39,84.79,0.13,3.36,0.12,3.14,0.04,1.00,0.00,0.00,0.73,0.88,0.0000,0.0000,     0,0,0,3.74,96.26,0.00,N/A,26.09,8.32,209.88,3.14,78.43,0.12,2.93,0.00,0.86,0.00,1.00,0.00,0.00,0.77,0.76,0.0001,0.0023,     0,0,0,0.13,99.87,0.00,N/A,0.25,0.28,209.88,0.86,21.59,0.00,0.03,0.01,2.08,0.00,1.00,0.00,0.00,0.72,0.77,0.0001,0.0004,     0,0,0,0.48,99.52,0.00,N/A,1.96,0.94,209.88,2.08,52.10,0.01,0.25,0.00,0.68,0.00,1.00,0.00,0.00,0.78,0.73,0.0004,0.0032,     0,0,0,0.14,99.86,0.00,N/A,0.20,0.29,209.88,0.68,17.09,0.00,0.02,0.02,2.19,0.01,1.00,0.00,0.00,0.61,0.58,0.0000,0.0002,     0,0,0,1.09,98.91,0.00,N/A,5.01,2.28,209.88,2.19,54.82,0.02,0.60,0.01,0.29,0.02,1.00,0.00,0.03,0.96,0.27,0.0009,0.0209,     0,0,0,2.20,97.80,0.00,N/A,1.35,4.61,209.88,0.29,7.29,0.01,0.16,0.04,3.19,0.01,1.00,0.00,0.00,0.46,0.67,0.0000,0.0001,     0,0,0,1.13,98.87,0.00,N/A,7.12,2.23,209.88,3.19,79.78,0.04,0.90,0.05,1.71,0.03,1.00,0.00,0.00,0.94,0.94,0.0000,0.0004,     0,0,0,2.75,97.25,0.00,N/A,9.78,5.72,209.88,1.71,42.75,0.05,1.18,0.03,3.33,0.01,1.00,0.00,0.00,0.75,0.85,0.0000,0.0000,     0,0,0,1.01,98.99,0.00,N/A,7.06,2.12,209.88,3.33,83.37,0.03,0.84,0.00,0.50,0.00,1.00,0.00,0.00,0.85,0.68,0.0008,0.0066,     0,0,0,0.08,99.92,0.00,N/A,0.09,0.17,209.88,0.50,12.52,0.00,0.01,0.03,3.19,0.01,1.00,0.00,0.00,0.80,0.65,0.0000,0.0001,     0,0,0,1.07,98.93,0.00,N/A,7.15,2.24,209.88,3.19,79.78,0.03,0.85,0.00,0.50,0.00,1.00,0.00,0.00,0.77,0.58,0.0010,0.0066,     0,0,0,0.35,99.65,0.00,N/A,0.37,0.74,209.88,0.50,12.39,0.00,0.04,0.07,3.25,0.02,1.00,0.00,0.00,0.64,0.60,0.0000,0.0001,     0,0,0,2.07,97.93,0.00,N/A,14.12,4.34,209.88,3.25,81.37,0.07,1.68,
2024-03-21,21:07:09.861,0.04,2.49,0.02,1.00,0.01,0.07,0.92,0.49,0.0000,0.0005,0.00,0.00,-2147483648,0.00,0.00,140.86,56.58,210.09,2.49,62.25,0.04,1.04,0.55,0.49,2.21,1.67,98.33,0.00,100.00,0.00,0.00,0.00,0.00,-nan,0.08,0.06,2.67,0.02,1.00,0.00,0.04,0.92,0.39,0.0000,0.0004,     0,0,0,0.00,0.00,-2147483648,0.00,0.00,N/A,103.16,38.66,210.09,2.67,66.71,0.06,1.52,0.02,2.10,0.01,1.00,0.00,0.04,0.93,0.56,0.0001,0.0009,     0,0,0,0.00,0.00,-2147483648,0.00,0.00,N/A,37.71,17.91,210.09,2.10,52.62,0.02,0.56,0.07,0.15,  0%,  0%,0.17,0.16,  0%,  0%,0.32,0.69,  0%,  0%,0.62,0.58,  0%,  0%,2.28,97.72,0.00,100.00,0.00,0.00,1.06,98.94,0.00,100.00,0.00,0.00,0.00,0.00,0.00 ,0.00 ,-nan ,-nan ,0.08,0.08,0.01,0.32,0.02,1.00,0.00,0.03,0.94,0.24,0.0012,0.0203,     0,0,0,2.23,97.77,0.00,N/A,1.52,4.69,210.09,0.32,8.10,0.01,0.18,0.06,2.91,0.02,1.00,0.00,0.00,0.84,0.75,0.0000,0.0001,     0,0,0,2.08,97.92,0.00,N/A,12.68,4.36,210.09,2.91,72.68,0.06,1.51,0.13,3.39,0.04,1.00,0.00,0.00,0.59,0.88,0.0000,0.0000,     0,0,0,3.97,96.03,0.00,N/A,28.28,8.33,210.09,3.39,84.86,0.13,3.37,0.12,3.09,0.04,1.00,0.00,0.00,0.86,0.69,0.0000,0.0000,     0,0,0,3.97,96.03,0.00,N/A,25.69,8.33,210.09,3.09,77.14,0.12,3.06,0.04,2.43,0.02,1.00,0.00,0.00,0.60,0.69,0.0000,0.0001,     0,0,0,1.57,98.43,0.00,N/A,8.01,3.30,210.09,2.43,60.74,0.04,0.95,0.00,1.17,0.00,1.00,0.00,0.00,0.63,0.62,0.0004,0.0014,     0,0,0,0.37,99.63,0.00,N/A,0.90,0.77,210.09,1.17,29.16,0.00,0.11,0.12,3.08,0.04,1.00,0.00,0.00,0.77,0.59,0.0000,0.0000,     0,0,0,3.74,96.26,0.00,N/A,25.61,8.33,210.09,3.08,76.89,0.12,2.88,0.00,0.84,0.00,1.00,0.00,0.00,0.55,0.78,0.0004,0.0022,     0,0,0,0.26,99.74,0.00,N/A,0.47,0.55,210.09,0.84,21.12,0.00,0.06,0.01,0.30,0.02,1.00,0.00,0.03,0.96,0.26,0.0008,0.0219,     0,0,0,2.00,98.00,0.00,N/A,1.28,4.21,210.09,0.30,7.62,0.01,0.15,0.00,0.49,0.00,1.00,0.00,0.00,0.56,0.73,0.0018,0.0051,     0,0,0,0.05,99.95,0.00,N/A,0.05,0.10,210.09,0.49,12.36,0.00,0.01,0.02,1.61,0.01,1.00,0.00,0.00,0.93,0.90,0.0000,0.0006,     0,0,0,1.40,98.60,0.00,N/A,4.74,2.96,210.09,1.61,40.13,0.02,0.56,0.09,3.06,0.03,1.00,0.00,0.00,0.58,0.63,0.0000,0.0001,     0,0,0,3.01,96.99,0.00,N/A,19.39,6.33,210.09,3.06,76.61,0.09,2.31,0.05,3.18,0.02,1.00,0.00,0.00,0.76,0.67,0.0000,0.0001,     0,0,0,1.68,98.32,0.00,N/A,11.93,3.75,210.09,3.18,79.53,0.05,1.34,0.00,0.52,0.00,1.00,0.00,0.00,0.77,0.65,0.0014,0.0070,     0,0,0,0.13,99.87,0.00,N/A,0.14,0.27,210.09,0.52,13.01,0.00,0.02,0.00,0.53,0.00,1.00,0.00,0.00,0.64,0.70,0.0016,0.0053,     0,0,0,0.07,99.93,0.00,N/A,0.08,0.15,210.09,0.53,13.15,0.00,0.01,0.00,0.59,0.00,1.00,0.00,0.00,0.76,0.57,0.0014,0.0069,     0,0,0,0.07,99.93,0.00,N/A,0.09,0.16,210.09,0.59,14.67,0.00,0.01,
2024-03-21,21:07:09.961,0.04,2.49,0.02,1.00,0.01,0.07,0.92,0.53,0.0000,0.0005,0.00,0.00,-2147483648,0.00,0.00,149.30,59.96,209.99,2.49,62.25,0.04,1.11,0.57,0.33,1.44,1.79,98.21,0.00,100.00,0.00,0.00,0.00,0.00,-nan,0.08,0.06,2.66,0.02,1.00,0.00,0.04,0.91,0.36,0.0000,0.0003,     0,0,0,0.00,0.00,-2147483648,0.00,0.00,N/A,105.24,39.62,209.99,2.66,66.40,0.06,1.57,0.03,2.17,0.01,1.00,0.00,0.03,0.94,0.63,0.0000,0.0008,     0,0,0,0.00,0.00,-2147483648,0.00,0.00,N/A,44.06,20.34,209.99,2.17,54.15,0.03,0.66,0.10,0.19,  0%,  0%,0.21,0.07,  0%,  0%,0.57,0.33,  0%,  0%,0.32,0.22,  0%,  0%,2.36,97.64,0.00,100.00,0.00,0.00,1.21,98.79,0.00,100.00,0.00,0.00,0.00,0.00,0.00 ,0.00 ,-nan ,-nan ,0.08,0.08,0.01,0.33,0.02,1.00,0.00,0.03,0.93,0.25,0.0013,0.0189,     0,0,0,2.49,97.51,0.00,N/A,1.70,5.23,209.99,0.33,8.13,0.01,0.20,0.01,1.46,0.01,1.00,0.00,0.00,0.54,0.83,0.0001,0.0003,     0,0,0,0.82,99.18,0.00,N/A,2.53,1.73,209.99,1.46,36.55,0.01,0.30,0.13,3.39,0.04,1.00,0.00,0.00,0.42,0.82,0.0000,0.0000,     0,0,0,3.96,96.04,0.00,N/A,28.21,8.32,209.99,3.39,84.74,0.13,3.36,0.12,3.13,0.04,1.00,0.00,0.00,0.81,0.87,0.0000,0.0000,     0,0,0,3.96,96.04,0.00,N/A,26.08,8.32,209.99,3.13,78.35,0.12,3.10,0.09,3.03,0.03,1.00,0.00,0.00,0.86,0.66,0.0000,0.0000,     0,0,0,3.03,96.97,0.00,N/A,19.27,6.36,209.99,3.03,75.79,0.09,2.29,0.00,1.20,0.00,1.00,0.00,0.00,0.63,0.56,0.0003,0.0012,     0,0,0,0.42,99.58,0.00,N/A,1.05,0.87,209.99,1.20,30.10,0.00,0.12,0.12,3.13,0.04,1.00,0.00,0.00,0.95,0.87,0.0000,0.0000,     0,0,0,3.96,96.04,0.00,N/A,26.04,8.32,209.99,3.13,78.29,0.12,3.10,0.00,0.74,0.00,1.00,0.00,0.00,0.59,0.63,0.0006,0.0034,     0,0,0,0.22,99.78,0.00,N/A,0.35,0.47,209.99,0.74,18.59,0.00,0.04,0.01,0.29,0.02,1.00,0.00,0.03,0.96,0.27,0.0008,0.0212,     0,0,0,2.14,97.86,0.00,N/A,1.32,4.50,209.99,0.29,7.37,0.01,0.16,0.00,0.48,0.00,1.00,0.00,0.00,0.40,0.70,0.0027,0.0054,     0,0,0,0.08,99.92,0.00,N/A,0.08,0.17,209.99,0.48,11.91,0.00,0.01,0.07,2.22,0.03,1.00,0.00,0.00,0.95,0.92,0.0000,0.0002,     0,0,0,2.95,97.05,0.00,N/A,14.54,6.54,209.99,2.22,55.54,0.07,1.64,0.00,0.48,0.00,1.00,0.00,0.00,0.84,0.70,0.0008,0.0060,     0,0,0,0.06,99.94,0.00,N/A,0.06,0.12,209.99,0.48,12.08,0.00,0.01,0.00,0.50,0.00,1.00,0.00,0.00,0.71,0.63,0.0015,0.0060,     0,0,0,0.17,99.83,0.00,N/A,0.17,0.33,209.99,0.50,12.38,0.00,0.02,0.00,0.48,0.00,1.00,0.00,0.00,0.82,0.65,0.0011,0.0071,     0,0,0,0.11,99.89,0.00,N/A,0.11,0.24,209.99,0.48,12.11,0.00,0.01,0.10,3.38,0.03,1.00,0.00,0.00,0.40,0.77,0.0000,0.0000,     0,0,0,2.99,97.01,0.00,N/A,21.20,6.28,209.99,3.38,84.44,0.10,2.52,0.03,3.04,0.01,1.00,0.00,0.00,0.60,0.75,0.0000,0.0000,     0,0,0,1.03,98.97,0.00,N/A,6.58,2.17,209.99,3.04,75.91,0.03,0.78,
2024-03-21,21:07:10.062,0.04,2.50,0.02,1.00,0.01,0.07,0.92,0.44,0.0000,0.0005,0.00,0.00,-2147483648,0.00,0.00,143.06,57.22,209.98,2.50,62.51,0.04,1.07,0.50,0.34,1.43,1.71,98.29,0.00,100.00,0.00,0.00,0.00,0.00,-nan,0.10,0.07,2.68,0.02,1.00,0.00,0.03,0.92,0.38,0.0000,0.0003,     0,0,0,0.00,0.00,-2147483648,0.00,0.00,N/A,110.13,41.07,209.98,2.68,67.05,0.07,1.66,0.02,2.04,0.01,1.00,0.00,0.04,0.93,0.49,0.0001,0.0011,     0,0,0,0.00,0.00,-2147483648,0.00,0.00,N/A,32.93,16.15,209.98,2.04,50.97,0.02,0.49,0.09,0.11,  0%,  0%,0.18,0.12,  0%,  0%,0.25,0.40,  0%,  0%,0.42,0.36,  0%,  0%,2.48,97.52,0.00,100.00,0.00,0.00,0.96,99.04,0.00,100.00,0.00,0.00,0.00,0.00,0.00 ,0.00 ,-nan ,-nan ,0.10,0.10,0.01,0.31,0.02,1.00,0.00,0.03,0.93,0.24,0.0013,0.0198,     0,0,0,2.43,97.57,0.00,N/A,1.58,5.11,209.98,0.31,7.72,0.01,0.19,0.06,3.12,0.02,1.00,0.00,0.00,0.70,0.78,0.0000,0.0000,     0,0,0,2.00,98.00,0.00,N/A,13.08,4.20,209.98,3.12,77.89,0.06,1.56,0.11,3.19,0.04,1.00,0.00,0.00,0.45,0.77,0.0000,0.00,0.03,1.00,0.00,0.00,0.71,0.65,0.0000,0.0000,209.98,3.19,79.84,0.11,2.84,0.10,3.16,0.03,1.00,0.00,0.00,0.53,0.63,0.0000,0.0000,     0,0,0,3.23,96.77,0.00,N/A,20.15,6.38,209.98,3.16,78.92,0.10,2.55,0.12,3.06,0.04,1.00,0.00,0.00,0.84,0.64,0.0000,0.0000,     0,0,0,3.95,96.05,0.00,N/A,25.43,8.32,209.98,3.06,76.43,0.12,3.02,0.01,0.89,0.01,1.00,0.00,0.00,0.73,0.82,0.0002,0.0009,     0,0,0,0.73,99.27,0.00,N/A,1.37,1.53,209.98,0.89,22.27,0.01,0.16,0.12,3.11,0.04,1.00,0.00,0.00,0.76,0.75,0.0000,0.0000,     0,0,0,3.96,96.04,0.00,N/A,25.92,8.32,209.98,3.11,77.84,0.12,3.08,0.00,0.98,0.00,1.00,0.00,0.00,0.75,0.76,0.0001,0.0019,     0,0,0,0.08,99.92,0.00,N/A,0.17,0.18,209.98,0.98,24.49,0.00,0.02,0.01,0.29,0.02,1.00,0.00,0.03,0.96,0.26,0.0009,0.0209,     0,0,0,2.28,97.72,0.00,N/A,1.37,4.79,209.98,0.29,7.13,0.01,0.16,0.13,3.39,0.04,1.00,0.00,0.00,0.54,0.81,0.0000,0.0000,     0,0,0,3.74,96.26,0.00,N/A,28.24,8.34,209.98,3.39,84.69,0.13,3.17,0.00,0.43,0.00,1.00,0.00,0.00,0.52,0.66,0.0024,0.0067,     0,0,0,0.09,99.91,0.00,N/A,0.08,0.18,209.98,0.43,10.72,0.00,0.01,0.01,1.51,0.01,1.00,0.00,0.00,0.92,0.87,0.0001,0.0009,     0,0,0,0.81,99.19,0.00,N/A,2.56,1.70,209.98,1.51,37.69,0.01,0.31,0.00,0.47,0.00,1.00,0.00,0.00,0.81,0.62,0.0011,0.0070,     0,0,0,0.11,99.89,0.00,N/A,0.11,0.24,209.98,0.47,11.78,0.00,0.01,0.00,0.49,0.00,1.00,0.00,0.00,0.81,0.66,0.0010,0.0066,     0,0,0,0.11,99.89,0.00,N/A,0.11,0.23,209.98,0.49,12.24,0.00,0.01,0.00,0.74,0.00,1.00,0.00,0.00,0.83,0.74,0.0006,0.0041,     0,0,0,0.22,99.78,0.00,N/A,0.35,0.47,209.98,0.74,18.38,0.00,0.04,0.00,0.54,0.00,1.00,0.00,0.00,0.70,0.60,0.0019,0.0070,     0,0,0,0.09,99.91,0.00,N/A,0.11,0.20,209.98,0.54,13.46,0.00,0.01,
2024-03-21,21:07:10.161,0.04,2.49,0.02,1.00,0.00,0.07,0.93,0.50,0.0000,0.0005,0.00,0.00,-2147483648,0.00,0.00,143.46,57.51,209.84,2.49,62.36,0.04,1.06,0.75,0.46,1.90,1.70,98.30,0.00,100.00,0.00,0.00,0.00,0.00,-nan,0.08,0.06,2.70,0.02,1.00,0.00,0.04,0.92,0.35,0.0000,0.0003,     0,0,0,0.00,0.00,-2147483648,0.00,0.00,N/A,107.16,39.75,209.84,2.70,67.40,0.06,1.57,0.02,2.04,0.01,1.00,0.00,0.04,0.93,0.59,0.0001,0.0010,     0,0,0,0.00,0.00,-2147483648,0.00,0.00,N/A,36.30,17.76,209.84,2.04,51.10,0.02,0.54,0.21,0.17,  0%,  0%,0.21,0.15,  0%,  0%,0.40,0.34,  0%,  0%,0.56,0.61,  0%,  0%,2.33,97.67,0.00,100.00,0.00,0.00,1.06,98.94,0.00,100.00,0.00,0.00,0.00,0.00,0.00 ,0.00 ,-nan ,-nan ,0.08,0.08,0.01,0.31,0.02,1.00,0.00,0.03,0.94,0.25,0.0012,0.0198,     0,0,0,2.44,97.56,0.00,N/A,1.58,5.12,209.84,0.31,7.72,0.01,0.19,0.09,3.08,0.03,1.00,0.00,0.00,0.56,0.88,0.0000,0.0000,     0,0,0,2.89,97.11,0.00,N/A,19.82,6.43,209.84,3.08,77.08,0.09,2.23,0.12,3.34,0.04,1.00,0.00,0.00,0.70,0.71,0.0000,0.0000,     0,0,0,3.74,96.26,0.00,N/A,27.80,8.32,209.84,3.34,83.56,0.12,3.12,0.00,0.61,0.00,1.00,0.00,0.00,0.60,0.64,0.0011,0.0051,     0,0,0,0.14,99.86,0.00,N/A,0.17,0.28,209.84,0.61,15.16,0.00,0.02,0.01,1.33,0.01,1.00,0.00,0.00,0.61,0.69,0.0001,0.0007,     0,0,0,0.57,99.43,0.00,N/A,1.49,1.12,209.84,1.33,33.36,0.01,0.19,0.13,3.08,0.04,1.00,0.00,0.00,0.77,0.62,0.0000,0.0000,     0,0,0,4.37,95.63,0.00,N/A,29.97,9.72,209.84,3.08,77.08,0.13,3.37,0.12,3.13,0.04,1.00,0.00,0.00,0.76,0.87,0.0000,0.0000,     0,0,0,3.97,96.03,0.00,N/A,26.09,8.33,209.84,3.13,78.31,0.12,3.11,0.00,0.56,0.00,1.00,0.00,0.00,0.80,0.69,0.0001,0.0032,     0,0,0,0.21,99.79,0.00,N/A,0.24,0.43,209.84,0.56,13.93,0.00,0.03,0.01,0.30,0.02,1.00,0.00,0.03,0.96,0.26,0.0009,0.0209,     0,0,0,2.19,97.81,0.00,N/A,1.37,4.60,209.84,0.30,7.47,0.01,0.16,0.00,0.45,0.00,1.00,0.00,0.00,0.43,0.64,0.0034,0.0066,     0,0,0,0.08,99.92,0.00,N/A,0.07,0.16,209.84,0.45,11.13,0.00,0.01,0.13,3.39,0.04,1.00,0.00,0.00,0.49,0.82,0.0000,0.0000,     0,0,0,3.74,96.26,0.00,N/A,28.17,8.32,209.84,3.39,84.63,0.13,3.16,0.00,0.48,0.00,1.00,0.00,0.00,0.80,0.71,0.0010,0.0059,     0,0,0,0.05,99.95,0.00,N/A,0.05,0.10,209.84,0.48,12.01,0.00,0.01,0.00,0.47,0.00,1.00,0.00,0.00,0.75,0.63,0.0016,0.0070,     0,0,0,0.11,99.89,0.00,N/A,0.11,0.23,209.84,0.47,11.87,0.00,0.01,0.00,0.46,0.00,1.00,0.00,0.00,0.76,0.63,0.0015,0.0073,     0,0,0,0.12,99.88,0.00,N/A,0.11,0.24,209.84,0.46,11.56,0.00,0.01,0.00,0.53,0.00,1.00,0.00,0.00,0.78,0.67,0.0013,0.0067,     0,0,0,0.09,99.91,0.00,N/A,0.10,0.19,209.84,0.53,13.23,0.00,0.01,0.03,1.61,0.02,1.00,0.00,0.00,0.89,0.91,0.0001,0.0006,     0,0,0,1.86,98.14,0.00,N/A,6.31,3.91,209.84,1.61,40.35,0.03,0.75,
2024-03-21,21:07:10.262,0.04,2.48,0.02,1.00,0.01,0.07,0.91,0.44,0.0000,0.0005,0.00,0.00,-2147483648,0.00,0.00,138.00,55.60,210.17,2.48,62.05,0.04,1.02,0.87,0.51,2.08,1.65,98.35,0.00,100.00,0.00,0.00,0.00,0.00,-nan,0.08,0.06,2.65,0.02,1.00,0.00,0.04,0.89,0.39,0.0000,0.0004,     0,0,0,0.00,0.00,-2147483648,0.00,0.00,N/A,105.08,39.72,210.17,2.65,66.14,0.06,1.56,0.02,2.07,0.01,1.00,0.00,0.03,0.93,0.48,0.0001,0.0010,     0,0,0,0.00,0.00,-2147483648,0.00,0.00,N/A,32.92,15.88,210.17,2.07,51.82,0.02,0.49,0.18,0.21,  0%,  0%,0.41,0.06,  0%,  0%,0.43,0.63,  0%,  0%,0.53,0.49,  0%,  0%,2.35,97.65,0.00,100.00,0.00,0.00,0.94,99.06,0.00,100.00,0.00,0.00,0.00,0.00,0.00 ,0.00 ,-nan ,-nan ,0.08,0.08,0.01,0.35,0.03,1.00,0.00,0.03,0.91,0.27,0.0015,0.0165,     0,0,0,2.76,97.24,0.00,N/A,2.06,5.81,210.17,0.35,8.85,0.01,0.24,0.04,2.98,0.01,1.00,0.00,0.00,0.48,0.81,0.0000,0.0001,     0,0,0,1.24,98.76,0.00,N/A,7.27,2.44,210.17,2.98,74.42,0.04,0.92,0.07,3.32,0.02,1.00,0.00,0.00,0.75,0.76,0.0000,0.0000,     0,0,0,2.18,97.82,0.00,N/A,14.24,4.30,210.17,3.32,82.88,0.07,1.80,0.08,3.03,0.03,1.00,0.00,0.00,0.79,0.60,0.0000,0.0000,     0,0,0,2.79,97.21,0.00,N/A,18.97,6.26,210.17,3.03,75.76,0.08,2.11,0.04,2.64,0.01,1.00,0.00,0.00,0.72,0.79,0.0000,0.0001,     0,0,0,1.40,98.60,0.00,N/A,8.30,3.15,210.17,2.64,65.99,0.04,0.92,0.13,3.10,0.04,1.00,0.00,0.00,0.80,0.68,0.0000,0.0000,     0,0,0,4.25,95.75,0.00,N/A,27.93,9.00,210.17,3.10,77.57,0.13,3.30,0.12,3.12,0.04,1.00,0.00,0.00,0.84,0.76,0.0000,0.0000,     0,0,0,3.93,96.07,0.00,N/A,25.96,8.33,210.17,3.12,77.92,0.12,3.06,0.00,0.80,0.00,1.00,0.00,0.00,0.71,0.82,0.0001,0.0018,     0,0,0,0.21,99.79,0.00,N/A,0.35,0.43,210.17,0.80,19.91,0.00,0.04,0.01,0.48,0.03,1.00,0.00,0.03,0.95,0.26,0.0005,0.0114,     0,0,0,2.57,97.43,0.00,N/A,2.57,5.40,210.17,0.48,11.90,0.01,0.31,0.00,0.45,0.00,1.00,0.00,0.00,0.48,0.68,0.0025,0.0058,     0,0,0,0.05,99.95,0.00,N/A,0.05,0.11,210.17,0.45,11.28,0.00,0.01,0.11,3.38,0.03,1.00,0.00,0.00,0.39,0.79,0.0000,0.0000,     0,0,0,3.17,96.83,0.00,N/A,21.15,6.26,210.17,3.38,84.51,0.11,2.68,0.03,3.03,0.01,1.00,0.00,0.00,0.59,0.75,0.0000,0.0000,     0,0,0,0.96,99.04,0.00,N/A,6.50,2.15,210.17,3.03,75.71,0.03,0.72,0.00,0.47,0.00,1.00,0.00,0.00,0.72,0.72,0.0013,0.0054,     0,0,0,0.05,99.95,0.00,N/A,0.05,0.11,210.17,0.47,11.76,0.00,0.01,0.01,1.53,0.01,1.00,0.00,0.00,0.80,0.91,0.0001,0.0006,     0,0,0,0.56,99.44,0.00,N/A,1.80,1.18,210.17,1.53,38.15,0.01,0.21,0.00,0.51,0.00,1.00,0.00,0.00,0.75,0.70,0.0011,0.0058,     0,0,0,0.07,99.93,0.00,N/A,0.07,0.14,210.17,0.51,12.68,0.00,0.01,0.00,1.34,0.00,1.00,0.00,0.00,0.77,0.86,0.0002,0.0011,     0,0,0,0.26,99.74,0.00,N/A,0.73,0.54,210.17,1.34,33.48,0.00,0.09,
2024-03-21,21:07:10.356,0.04,2.56,0.02,1.00,0.00,0.07,0.94,0.49,0.0000,0.0005,0.00,0.00,-2147483648,0.00,0.00,136.27,53.26,211.75,2.56,63.96,0.04,1.03,0.45,0.23,1.15,1.61,98.39,0.00,100.00,0.00,0.00,0.00,0.00,-nan,0.08,0.06,2.76,0.02,1.00,0.00,0.04,0.92,0.33,0.0000,0.0003,     0,0,0,0.00,0.00,-2147483648,0.00,0.00,N/A,101.16,36.68,211.75,2.76,68.94,0.06,1.55,0.02,2.12,0.01,1.00,0.00,0.03,0.95,0.59,0.0000,0.0009,     0,0,0,0.00,0.00,-2147483648,0.00,0.00,N/A,35.11,16.58,211.75,2.12,52.93,0.02,0.52,0.08,0.08,  0%,  0%,0.23,0.06,  0%,  0%,0.17,0.44,  0%,  0%,0.35,0.19,  0%,  0%,2.24,97.76,0.00,100.00,0.00,0.00,0.99,99.01,0.00,100.00,0.00,0.00,0.00,0.00,0.00 ,0.00 ,-nan ,-nan ,0.08,0.08,0.01,0.35,0.02,1.00,0.00,0.03,0.93,0.25,0.0014,0.0193,     0,0,0,2.28,97.72,0.00,N/A,1.67,4.84,211.75,0.35,8.65,0.01,0.20,0.00,0.52,0.00,1.00,0.00,0.00,0.56,0.68,0.0015,0.0062,     0,0,0,0.07,99.93,0.00,N/A,0.08,0.15,211.75,0.52,12.95,0.00,0.01,0.00,0.91,0.00,1.00,0.00,0.00,0.78,0.71,0.0002,0.0027,     0,0,0,0.11,99.89,0.00,N/A,0.20,0.22,211.75,0.91,22.66,0.00,0.02,0.13,3.11,0.04,1.00,0.00,0.00,0.57,0.67,0.0000,0.0000,     0,0,0,4.21,95.79,0.00,N/A,25.80,8.31,211.75,3.11,77.63,0.13,3.27,0.,N/A,34.23,10.39,211.63,3.29,82.37,0.16,3.99,0.0000,     0,0,0,4.21,95.79,0.00,N/A,27.67,8.31,211.75,3.33,83.24,0.14,3.50,0.10,3.11,0.03,1.00,0.00,0.00,0.88,0.75,0.0000,0.0000,     0,0,0,3.16,96.84,0.00,N/A,19.39,6.24,211.75,3.11,77.64,0.10,2.46,0.13,3.14,0.04,1.00,0.00,0.00,0.86,0.87,0.0000,0.0000,     0,0,0,4.21,95.79,0.00,N/A,26.08,8.32,211.75,3.14,78.41,0.13,3.30,0.00,0.88,0.00,1.00,0.00,0.00,0.90,0.73,0.0000,0.0024,     0,0,0,0.14,99.86,0.00,N/A,0.26,0.30,211.75,0.88,22.03,0.00,0.03,0.01,0.29,0.02,1.00,0.00,0.03,0.96,0.27,0.0009,0.0212,     0,0,0,2.19,97.81,0.00,N/A,1.35,4.65,211.75,0.29,7.28,0.01,0.16,0.00,0.46,0.00,1.00,0.00,0.00,0.83,0.90,0.0002,0.0018,     0,0,0,0.02,99.98,0.00,N/A,0.02,0.04,211.75,0.46,11.60,0.00,0.00,0.07,3.33,0.02,1.00,0.00,0.00,0.79,0.70,0.0000,0.0000,     0,0,0,2.01,97.99,0.00,N/A,14.19,4.26,211.75,3.33,83.29,0.07,1.67,0.00,0.51,0.00,1.00,0.00,0.00,0.79,0.71,0.0009,0.0056,     0,0,0,0.07,99.93,0.00,N/A,0.07,0.13,211.75,0.51,12.85,0.00,0.01,0.00,0.47,0.00,1.00,0.00,0.00,0.76,0.72,0.0012,0.0054,     0,0,0,0.05,99.95,0.00,N/A,0.05,0.10,211.75,0.47,11.86,0.00,0.01,0.02,1.70,0.01,1.00,0.00,0.00,0.89,0.97,0.0000,0.0002,     0,0,0,1.44,98.56,0.00,N/A,5.18,3.05,211.75,1.70,42.50,0.02,0.61,0.07,3.30,0.02,1.00,0.00,0.00,0.91,0.86,0.0000,0.0000,     0,0,0,2.04,97.96,0.00,N/A,14.23,4.31,211.75,3.30,82.47,0.07,1.68,0.00,0.47,0.00,1.00,0.00,0.00,0.88,0.90,0.0002,0.0019,     0,0,0,0.02,99.98,0.00,N/A,0.02,0.04,211.75,0.47,11.74,0.00,0.00,
2024-03-21,21:07:10.625,0.05,2.52,0.02,0.99,0.01,0.18,0.93,0.54,0.0000,0.0005,0.00,0.00,-2147483648,0.00,0.00,410.31,162.67,554.39,2.52,63.06,0.05,1.15,1.53,0.33,5.05,1.84,98.16,0.00,100.00,0.00,0.00,0.00,0.00,-nan,0.08,0.07,2.72,0.03,1.00,0.01,0.09,0.92,0.38,0.0000,0.0003,     0,0,0,0.00,0.00,-2147483648,0.00,0.00,N/A,308.10,113.17,554.39,2.72,68.06,0.07,1.72,0.02,2.06,0.01,0.97,0.00,0.09,0.95,0.63,0.0000,0.0009,     0,0,0,0.00,0.00,-2147483648,0.00,0.00,N/A,102.21,49.50,554.39,2.06,51.62,0.02,0.58,0.43,0.45,  0%,  0%,0.40,0.25,  0%,  0%,1.16,1.72,  0%,  0%,1.13,1.03,  0%,  0%,2.53,97.47,0.00,100.00,0.00,0.00,1.15,98.85,0.00,100.00,0.00,0.00,0.00,0.00,0.00 ,0.00 ,-nan ,-nan ,0.08,0.08,0.01,0.35,0.03,1.00,0.01,0.08,0.94,0.27,0.0011,0.0170,     0,0,0,2.54,97.46,0.00,N/A,4.95,14.07,554.39,0.35,8.79,0.01,0.22,0.07,2.83,0.03,1.00,0.00,0.00,0.51,0.80,0.0000,0.0000,     0,0,0,2.62,97.38,0.00,N/A,41.85,14.78,554.39,2.83,70.78,0.07,1.86,0.09,3.14,0.03,1.00,0.00,0.00,0.84,0.90,0.0000,0.0000,     0,0,0,2.96,97.04,0.00,N/A,52.31,16.68,554.39,3.14,78.38,0.09,2.32,0.10,3.14,0.03,1.00,0.00,0.00,0.66,0.67,0.0000,0.0000,     0,0,0,3.11,96.89,0.00,N/A,55.10,17.55,554.39,3.14,78.51,0.10,2.45,0.05,3.09,0.02,1.00,0.00,0.00,0.78,0.70,0.0000,0.0001,     0,0,0,1.59,98.41,0.00,N/A,27.64,8.94,554.39,3.09,77.33,0.05,1.23,0.07,3.17,0.02,1.00,0.00,0.00,0.72,0.90,0.0000,0.0000,     0,0,0,2.34,97.66,0.00,N/A,40.91,12.92,554.39,3.17,79.14,0.07,1.85,0.12,3.13,0.04,1.00,0.00,0.00,0.62,0.79,0.0000,0.0000,     0,0,0,3.69,96.31,0.00,N/A,65.21,20.82,554.39,3.13,78.31,0.12,2.89,0.04,2.71,0.01,1.00,0.00,0.00,0.56,0.65,0.0000,0.0002,     0,0,0,1.34,98.66,0.00,N/A,20.14,7.42,554.39,2.71,67.87,0.04,0.91,0.01,0.31,0.02,0.94,0.00,0.08,0.96,0.27,0.0008,0.0209,     0,0,0,2.38,97.62,0.00,N/A,3.79,12.41,554.39,0.31,7.64,0.01,0.17,0.04,3.26,0.01,1.00,0.00,0.00,0.78,0.86,0.0000,0.0000,     0,0,0,1.15,98.85,0.00,N/A,20.67,6.35,554.39,3.26,81.43,0.04,0.93,0.06,3.36,0.02,1.00,0.00,0.00,0.61,0.78,0.0000,0.0000,     0,0,0,1.91,98.09,0.00,N/A,35.39,10.55,554.39,3.36,83.88,0.06,1.60,0.00,0.54,0.00,0.85,0.00,0.00,0.65,0.73,0.0012,0.0049,     0,0,0,0.08,99.92,0.00,N/A,0.21,0.39,554.39,0.54,13.49,0.00,0.01,0.00,0.48,0.00,0.92,0.00,0.00,0.83,0.77,0.0007,0.0046,     0,0,0,0.04,99.96,0.00,N/A,0.09,0.19,554.39,0.48,12.00,0.00,0.00,0.03,1.68,0.02,0.98,0.00,0.01,0.92,0.94,0.0000,0.0004,     0,0,0,2.10,97.90,0.00,N/A,19.16,11.40,554.39,1.68,42.03,0.03,0.87,0.02,2.50,0.01,0.93,0.00,0.00,0.87,0.81,0.0000,0.0003,     0,0,0,0.76,99.24,0.00,N/A,9.85,3.94,554.39,2.50,62.44,0.02,0.44,0.02,3.05,0.01,0.99,0.00,0.00,0.69,0.86,0.0000,0.0000,     0,0,0,0.78,99.22,0.00,N/A,13.05,4.28,554.39,3.05,76.29,0.02,0.59,
2024-03-21,21:07:10.725,0.04,2.50,0.02,1.00,0.00,0.07,0.93,0.57,0.0000,0.0004,0.00,0.00,-2147483648,0.00,0.00,147.17,58.97,209.98,2.50,62.39,0.04,1.09,0.44,0.55,1.38,1.76,98.24,0.00,100.00,0.00,0.00,0.00,0.00,-nan,0.09,0.06,2.76,0.02,1.00,0.00,0.03,0.93,0.38,0.0000,0.0003,     0,0,0,0.00,0.00,-2147483648,0.00,0.00,N/A,108.50,39.32,209.98,2.76,68.98,0.06,1.62,0.02,1.97,0.01,0.99,0.00,0.03,0.93,0.67,0.0001,0.0009,     0,0,0,0.00,0.00,-2147483648,0.00,0.00,N/A,38.66,19.65,209.98,1.97,49.20,0.02,0.57,0.09,0.08,  0%,  0%,0.20,0.07,  0%,  0%,0.16,0.57,  0%,  0%,0.36,0.30,  0%,  0%,2.35,97.65,0.00,100.00,0.00,0.00,1.17,98.83,0.00,100.00,0.00,0.00,0.00,0.00,0.00 ,0.00 ,-nan ,-nan ,0.10,0.08,0.01,0.31,0.02,1.00,0.00,0.03,0.93,0.27,0.0013,0.0191,     0,0,0,2.43,97.57,0.00,N/A,1.59,5.10,209.98,0.31,7.78,0.01,0.19,0.10,3.12,0.03,1.00,0.00,0.00,0.82,0.87,0.0000,0.0000,     0,0,0,3.13,96.87,0.00,N/A,19.52,6.25,209.98,3.12,78.11,0.10,2.44,0.00,0.47,0.00,1.00,0.00,0.00,0.83,0.93,0.0001,0.0013,     0,0,0,0.02,99.98,0.00,N/A,0.01,0.03,209.98,0.47,11.79,0.00,0.00,0.13,3.38,0.04,1.00,0.00,0.00,0.71,0.89,0.0000,0.0000,     0,0,0,3.95,96.05,0.00,N/A,28.15,8.32,209.98,3.38,84.61,0.13,3.35,0.12,3.10,0.04,1.00,0.00,0.00,0.75,0.63,0.0000,0.0000,     0,0,0,3.95,96.05,0.00,N/A,25.75,8.32,209.98,3.10,77.38,0.12,3.06,0.00,0.84,0.00,1.00,0.00,0.00,0.80,0.92,0.0001,0.0008,     0,0,0,0.25,99.75,0.00,N/A,0.44,0.52,209.98,0.84,20.99,0.00,0.05,0.12,3.14,0.04,1.00,0.00,0.00,0.70,0.88,0.0000,0.0000,     0,0,0,3.96,96.04,0.00,N/A,26.17,8.32,209.98,3.14,78.62,0.12,3.11,0.03,2.78,0.01,1.00,0.00,0.00,0.79,0.65,0.0000,0.0002,     0,0,0,1.12,98.88,0.00,N/A,6.88,2.47,209.98,2.78,69.61,0.03,0.78,0.01,0.29,0.02,1.00,0.00,0.03,0.96,0.27,0.0009,0.0207,     0,0,0,2.21,97.79,0.00,N/A,1.36,4.64,209.98,0.29,7.31,0.01,0.16,0.13,3.31,0.04,1.00,0.00,0.00,0.75,0.78,0.0000,0.0000,     0,0,0,3.77,96.23,0.00,N/A,27.56,8.31,209.98,3.31,82.85,0.13,3.13,0.00,0.49,0.00,0.50,0.00,0.00,0.72,0.63,0.0013,0.0075,     0,0,0,0.11,99.89,0.00,N/A,0.06,0.11,209.98,0.49,12.36,0.00,0.01,0.00,0.43,0.00,1.00,0.00,0.00,0.83,0.87,0.0004,0.0023,     0,0,0,0.02,99.98,0.00,N/A,0.02,0.05,209.98,0.43,10.68,0.00,0.00,0.00,0.53,0.00,1.00,0.00,0.00,0.98,0.79,0.0001,0.0043,     0,0,0,0.02,99.98,0.00,N/A,0.03,0.05,209.98,0.53,13.16,0.00,0.00,0.04,1.73,0.03,1.00,0.00,0.00,0.97,0.95,0.0000,0.0003,     0,0,0,2.57,97.43,0.00,N/A,9.32,5.41,209.98,1.73,43.13,0.04,1.11,0.00,0.45,0.00,1.00,0.00,0.00,0.86,0.80,0.0004,0.0043,     0,0,0,0.02,99.98,0.00,N/A,0.02,0.05,209.98,0.45,11.34,0.00,0.00,0.00,0.29,0.00,0.99,0.00,0.00,0.49,0.56,0.0026,0.0058,     0,0,0,0.49,99.51,0.00,N/A,0.30,1.02,209.98,0.29,7.32,0.00,0.04,
2024-03-21,21:07:10.825,0.04,2.52,0.02,1.00,0.00,0.07,0.92,0.48,0.0000,0.0005,0.00,0.00,-2147483648,0.00,0.00,138.10,54.73,210.00,2.52,63.08,0.04,1.03,0.42,0.34,1.98,1.63,98.37,0.00,100.00,0.00,0.00,0.00,0.00,-nan,0.07,0.06,2.71,0.02,1.00,0.00,0.03,0.92,0.39,0.0000,0.0003,     0,0,0,0.00,0.00,-2147483648,0.00,0.00,N/A,104.47,38.58,210.00,2.71,67.70,0.06,1.56,0.02,2.08,0.01,1.00,0.00,0.03,0.93,0.55,0.0001,0.0010,     0,0,0,0.00,0.00,-2147483648,0.00,0.00,N/A,33.63,16.16,210.00,2.08,52.04,0.02,0.50,0.08,0.08,  0%,  0%,0.15,0.12,  0%,  0%,0.16,0.29,  0%,  0%,0.75,0.78,  0%,  0%,2.30,97.70,0.00,100.00,0.00,0.00,0.96,99.04,0.00,100.00,0.00,0.00,0.00,0.00,0.00 ,0.00 ,-nan ,-nan ,0.06,0.08,0.02,0.78,0.03,1.00,0.00,0.03,0.94,0.27,0.0004,0.0063,     0,0,0,2.86,97.14,0.00,N/A,4.68,6.01,210.00,0.78,19.44,0.02,0.56,0.09,3.03,0.03,1.00,0.00,0.00,0.83,0.84,0.0000,0.0000,     0,0,0,2.93,97.07,0.00,N/A,19.53,6.45,210.00,3.03,75.74,0.09,2.22,0.00,0.73,0.00,1.00,0.00,0.00,0.35,0.67,0.0007,0.0020,     0,0,0,0.21,99.79,0.00,N/A,0.33,0.45,210.00,0.73,18.37,0.00,0.04,0.13,3.35,0.04,1.00,0.00,0.00,0.86,0.71,0.0000,0.0000,     0,0,0,3.97,96.03,0.00,N/A,27.92,8.33,210.00,3.35,83.82,0.13,3.33,0.12,3.08,0.04,1.00,0.00,0.00,0.83,0.59,0.0000,0.0000,     0,0,0,3.96,96.04,0.00,N/A,25.65,8.32,210.00,3.08,77.10,0.12,3.06,0.00,0.56,0.00,1.00,0.00,0.00,0.60,0.72,0.0003,0.0030,     0,1.00,0.00,0.00,0.83,0.87,0.0000,0.0000,     0,0,0,3.97,96.03,0.00,0.0001,0.0020,     0,0,0,0.10,99.90,0.00,N/A,0.16,0.21,210.09,0.77,19.27,0.00,0.02,0.12,3.14,0.04,1.00,0.00,0.00,0.56,0.88,0.0000,0.0000,     0,0,0,3.97,96.03,0.00,N/A,26.12,8.32,210.09,3.14,78.51,0.12,3.11,0.00,0.71,0.01,1.00,0.00,0.00,0.50,0.58,0.0007,0.0018,     0,0,0,0.53,99.47,0.00,N/A,0.76,1.07,210.09,0.71,17.75,0.00,0.09,0.01,0.29,0.02,1.00,0.00,0.03,0.96,0.27,0.0009,0.0208,     0,0,0,2.18,97.82,0.00,N/A,1.32,4.57,210.09,0.29,7.24,0.01,0.16,0.13,3.33,0.04,1.00,0.00,0.00,0.31,0.91,0.0000,0.0000,     0,0,0,3.97,96.03,0.00,N/A,27.72,8.33,210.09,3.33,83.18,0.13,3.30,0.00,0.44,0.00,1.00,0.00,0.00,0.50,0.88,0.0006,0.0021,     0,0,0,0.03,99.97,0.00,N/A,0.03,0.06,210.09,0.44,10.99,0.00,0.00,0.00,0.39,0.00,1.00,0.00,0.00,0.88,0.87,0.0002,0.0024,     0,0,0,0.03,99.97,0.00,N/A,0.02,0.06,210.09,0.39,9.70,0.00,0.00,0.00,0.36,0.00,1.00,0.00,0.00,0.68,0.86,0.0007,0.0026,     0,0,0,0.03,99.97,0.00,N/A,0.02,0.05,210.09,0.36,9.09,0.00,0.00,0.03,1.69,0.02,1.00,0.00,0.00,0.95,0.92,0.0000,0.0005,     0,0,0,1.64,98.36,0.00,N/A,5.78,3.42,210.09,1.69,42.22,0.03,0.69,0.00,0.36,0.00,1.00,0.00,0.00,0.83,0.86,0.0004,0.0025,     0,0,0,0.03,99.97,0.00,N/A,0.02,0.06,210.09,0.36,9.00,0.00,0.00,0.00,0.60,0.00,1.00,0.00,0.00,0.75,0.54,0.0016,0.0077,     0,0,0,0.14,99.86,0.00,N/A,0.17,0.29,210.09,0.60,14.88,0.00,0.02,
2024-03-21,21:07:10.925,0.05,2.52,0.02,1.00,0.00,0.07,0.94,0.55,0.0000,0.0004,0.00,0.00,-2147483648,0.00,0.00,151.55,60.09,210.39,2.52,63.05,0.05,1.13,0.92,2.93,2.07,1.78,98.22,0.00,100.00,0.00,0.00,0.00,0.00,-nan,0.08,0.05,2.60,0.02,1.00,0.00,0.03,0.93,0.37,0.0000,0.0004,     0,0,0,0.00,0.00,-2147483648,0.00,0.00,N/A,86.41,33.18,210.39,2.60,65.11,0.05,1.29,0.04,2.42,0.02,1.00,0.00,0.03,0.96,0.65,0.0000,0.0005,     0,0,0,0.00,0.00,-2147483648,0.00,0.00,N/A,65.14,26.91,210.39,2.42,60.51,0.04,0.96,0.26,0.28,  0%,  0%,0.24,0.14,  0%,  0%,0.53,0.65,  0%,  0%,0.48,0.42,  0%,  0%,1.98,98.02,0.00,100.00,0.00,0.00,1.59,98.41,0.00,100.00,0.00,0.00,0.00,0.00,0.00 ,0.00 ,-nan ,-nan ,0.08,0.09,0.01,0.49,0.03,1.00,0.00,0.03,0.93,0.27,0.0007,0.0109,     0,0,0,2.71,97.29,0.00,N/A,2.82,5.71,210.39,0.49,12.37,0.01,0.34,0.12,3.13,0.04,1.00,0.00,0.00,0.90,0.91,0.0000,0.0000,     0,0,0,3.96,96.04,0.00,N/A,26.02,8.32,210.39,3.13,78.16,0.12,3.09,0.01,1.62,0.01,1.00,0.00,0.00,0.54,0.74,0.0001,0.0002,     0,0,0,0.74,99.26,0.00,N/A,2.52,1.56,210.39,1.62,40.51,0.01,0.30,0.13,3.40,0.04,1.00,0.00,0.00,0.91,0.92,0.0000,0.0000,     0,0,0,3.96,96.04,0.00,N/A,28.26,8.32,210.39,3.40,84.89,0.13,3.36,0.00,0.77,0.00,1.00,0.00,0.00,0.95,0.68,0.0000,0.0025,     0,0,0,0.21,99.79,0.00,N/A,0.32,0.42,210.39,0.77,19.19,0.00,0.04,0.00,0.85,0.00,1.00,0.00,0.00,0.79,0.96,0.0001,0.0004,     0,0,0,0.10,99.90,0.00,N/A,0.19,0.22,210.39,0.85,21.28,0.00,0.02,0.12,3.13,0.04,1.00,0.00,0.00,0.91,0.92,0.0000,0.0000,     0,0,0,3.96,96.04,0.00,N/A,26.09,8.32,210.39,3.13,78.36,0.12,3.10,0.00,0.59,0.00,1.00,0.00,0.00,0.84,0.67,0.0001,0.0027,     0,0,0,0.14,99.86,0.00,N/A,0.18,0.30,210.39,0.59,14.73,0.00,0.02,0.01,0.30,0.02,1.00,0.00,0.03,0.96,0.27,0.0008,0.0212,     0,0,0,2.12,97.88,0.00,N/A,1.32,4.45,210.39,0.30,7.39,0.01,0.16,0.10,3.38,0.03,1.00,0.00,0.00,0.36,0.93,0.0000,0.0000,     0,0,0,3.10,96.90,0.00,N/A,21.13,6.25,210.39,3.38,84.52,0.10,2.62,0.03,3.35,0.01,1.00,0.00,0.00,0.59,0.90,0.0000,0.0000,     0,0,0,0.97,99.03,0.00,N/A,7.09,2.12,210.39,3.35,83.78,0.03,0.81,0.12,3.15,0.04,1.00,0.00,0.00,0.76,0.91,0.0000,0.0000,     0,0,0,3.80,96.20,0.00,N/A,26.20,8.32,210.39,3.15,78.70,0.12,2.99,0.00,0.49,0.00,1.00,0.00,0.00,1.00,0.91,0.0000,0.0017,     0,0,0,0.02,99.98,0.00,N/A,0.02,0.04,210.39,0.49,12.22,0.00,0.00,0.04,1.68,0.03,1.00,0.00,0.01,0.96,0.91,0.0000,0.0005,     0,0,0,2.61,97.39,0.00,N/A,9.26,5.50,210.39,1.68,42.05,0.04,1.10,0.00,0.48,0.00,1.00,0.00,0.00,0.94,0.85,0.0001,0.0032,     0,0,0,0.02,99.98,0.00,N/A,0.02,0.05,210.39,0.48,12.09,0.00,0.00,0.00,0.58,0.00,1.00,0.00,0.00,0.71,0.58,0.0016,0.0068,     0,0,0,0.09,99.91,0.00,N/A,0.11,0.19,210.39,0.58,14.39,0.00,0.01,
2024-03-21,21:07:11.025,0.04,2.57,0.02,1.00,0.00,0.06,0.93,0.46,0.0000,0.0004,0.00,0.00,-2147483648,0.00,0.00,145.10,56.46,211.46,2.57,64.24,0.04,1.07,0.41,0.15,1.14,1.67,98.33,0.00,100.00,0.00,0.00,0.00,0.00,-nan,0.09,0.06,2.70,0.02,1.00,0.00,0.03,0.93,0.35,0.0000,0.0003,     0,0,0,0.00,0.00,-2147483648,0.00,0.00,N/A,97.07,35.95,211.46,2.70,67.50,0.06,1.43,0.03,2.34,0.01,1.00,0.00,0.03,0.94,0.54,0.0000,0.0006,     0,0,0,0.00,0.00,-2147483648,0.00,0.00,N/A,48.03,20.51,211.46,2.34,58.54,0.03,0.71,0.09,0.11,  0%,  0%,0.17,0.06,  0%,  0%,0.22,0.36,  0%,  0%,0.32,0.24,  0%,  0%,2.13,97.87,0.00,100.00,0.00,0.00,1.21,98.79,0.00,100.00,0.00,0.00,0.00,0.00,0.00 ,0.00 ,-nan ,-nan ,0.10,0.09,0.01,0.51,0.03,1.00,0.00,0.03,0.94,0.27,0.0007,0.0109,     0,0,0,2.59,97.41,0.00,N/A,2.78,5.47,211.46,0.51,12.68,0.01,0.33,0.13,3.14,0.04,1.00,0.00,0.00,0.65,0.87,0.0000,0.0000,     0,0,0,4.10,95.90,0.00,N/A,26.10,8.32,211.46,3.14,78.42,0.13,3.22,0.06,3.11,0.02,1.00,0.00,0.00,0.83,0.90,0.0000,0.0000,     0,0,0,1.98,98.02,0.00,N/A,13.02,4.19,211.46,3.11,77.76,0.06,1.54,0.10,3.39,0.03,1.00,0.00,0.00,0.67,0.90,0.0000,0.0000,     0,0,0,2.96,97.04,0.00,N/A,21.21,6.26,211.46,3.39,84.78,0.10,2.51,0.03,2.83,0.01,1.00,0.00,0.00,0.81,0.70,0.0000,0.0001,     0,0,0,1.07,98.93,0.00,N/A,6.67,2.35,211.46,2.83,70.87,0.03,0.76,0.03,3.11,0.01,1.00,0.00,0.00,0.71,0.72,0.0000,0.0001,     0,0,0,1.10,98.90,0.00,N/A,7.24,2.33,211.46,3.11,77.80,0.03,0.86,0.09,3.13,0.03,1.00,0.00,0.00,0.85,0.83,0.0000,0.0000,     0,0,0,2.96,97.04,0.00,N/A,19.59,6.26,211.46,3.13,78.22,0.09,2.32,0.00,0.60,0.00,1.00,0.00,0.00,0.66,0.66,0.0005,0.0034,     0,0,0,0.37,99.63,0.00,N/A,0.46,0.78,211.46,0.60,14.89,0.00,0.05,0.01,0.49,0.03,1.00,0.00,0.03,0.95,0.28,0.0006,0.0111,     0,0,0,2.56,97.44,0.00,N/A,2.64,5.41,211.46,0.49,12.18,0.01,0.31,0.06,3.11,0.02,1.00,0.00,0.00,0.26,0.91,0.0000,0.0000,     0,0,0,1.98,98.02,0.00,N/A,13.02,4.18,211.46,3.11,77.81,0.06,1.54,0.10,3.40,0.03,1.00,0.00,0.00,0.58,0.90,0.0000,0.0000,     0,0,0,3.09,96.91,0.00,N/A,21.24,6.26,211.46,3.40,84.88,0.10,2.62,0.00,0.44,0.00,1.00,0.00,0.00,0.90,0.90,0.0002,0.0018,     0,0,0,0.02,99.98,0.00,N/A,0.02,0.04,211.46,0.44,11.04,0.00,0.00,0.03,3.35,0.01,1.00,0.00,0.00,0.53,0.88,0.0000,0.0000,     0,0,0,0.96,99.04,0.00,N/A,7.07,2.11,211.46,3.35,83.76,0.03,0.80,0.02,1.71,0.01,1.00,0.00,0.00,0.90,0.96,0.0000,0.0003,     0,0,0,1.09,98.91,0.00,N/A,3.93,2.30,211.46,1.71,42.64,0.02,0.46,0.00,0.45,0.00,1.00,0.00,0.00,0.97,0.90,0.0001,0.0018,     0,0,0,0.02,99.98,0.00,N/A,0.02,0.04,211.46,0.45,11.32,0.00,0.00,0.00,0.58,0.00,1.00,0.00,0.00,0.67,0.57,0.0020,0.0070,     0,0,0,0.08,99.92,0.00,N/A,0.10,0.17,211.46,0.58,14.38,0.00,0.01,
2024-03-21,21:07:11.128,0.04,2.42,0.02,1.00,0.01,0.07,0.91,0.63,0.0000,0.0005,0.00,0.00,-2147483648,0.00,0.00,136.81,56.44,212.17,2.42,60.60,0.04,1.01,0.58,0.40,1.73,1.67,98.33,0.00,100.00,0.00,0.00,0.00,0.00,-nan,0.08,0.05,2.50,0.02,1.00,0.00,0.04,0.87,0.59,0.0001,0.0004,     0,0,0,0.00,0.00,-2147483648,0.00,0.00,N/A,85.46,34.18,212.17,2.50,62.51,0.05,1.26,0.03,2.31,0.01,1.00,0.00,0.03,0.96,0.68,0.0000,0.0006,     0,0,0,0.00,0.00,-2147483648,0.00,0.00,N/A,51.35,22.26,212.17,2.31,57.67,0.03,0.77,0.10,0.12,  0%,  0%,0.19,0.18,  0%,  0%,0.24,0.37,  0%,  0%,0.59,0.52,  0%,  0%,2.01,97.99,0.00,100.00,0.00,0.00,1.33,98.67,0.00,100.00,0.00,0.00,0.00,0.00,0.00 ,0.00 ,-nan ,-nan ,0.08,0.08,0.02,0.82,0.03,1.00,0.00,0.03,0.94,0.25,0.0004,0.0062,     0,0,0,2.83,97.17,0.00,N/A,4.94,6.00,212.17,0.82,20.61,0.02,0.58,0.00,0.75,0.00,1.00,0.00,0.00,0.58,0.96,0.0002,0.0004,     0,0,0,0.12,99.88,0.00,N/A,0.21,0.28,212.17,0.75,18.66,0.00,0.02,0.09,3.13,0.03,1.00,0.00,0.00,0.31,0.82,0.0000,0.0000,     0,0,0,2.83,97.17,0.00,N/A,19.57,6.26,212.17,3.13,78.17,0.09,2.21,0.07,3.32,0.02,1.00,0.00,0.00,0.81,0.75,0.0000,0.0000,     0,0,0,2.13,97.87,0.00,N/A,14.23,4.29,212.17,3.32,82.88,0.07,1.76,0.02,2.50,0.01,1.00,0.00,0.00,0.76,0.68,0.0000,0.0003,     0,0,0,0.81,99.19,0.00,N/A,4.21,1.68,212.17,2.50,62.51,0.02,0.51,0.09,3.13,0.03,1.00,0.00,0.00,0.67,0.90,0.0000,0.0000,     0,0,0,2.83,97.17,0.00,N/A,19.56,6.25,212.17,3.13,78.23,0.09,2.21,0.06,3.12,0.02,1.00,0.00,0.00,0.53,0.88,0.0000,0.0000,212.32,2.66,66.54,0.03,0.77,0.01,0.30,0.02,0,0,1.12,98.88,0.00,N/A,6.65,2.41,211.90,2.76,68.88,0.03,0.77,0.01,0.30,0.02,1.00,0.00,0.03,0.96,0.27,0.0008,0.0212,     0,0,0,2.13,97.87,0.00,N/A,1.35,4.49,211.90,0.30,7.53,0.01,0.16,0.07,3.30,0.02,1.00,0.00,0.00,0.67,0.72,0.0000,0.0000,     0,0,0,1.99,98.01,0.00,N/A,13.83,4.19,211.90,3.30,82.47,0.07,1.64,0.03,2.95,0.01,1.00,0.00,0.00,0.73,0.67,0.0000,0.0001,     0,0,0,1.06,98.94,0.00,N/A,6.58,2.23,211.90,2.95,73.84,0.03,0.78,0.01,2.74,0.01,1.00,0.00,0.00,0.76,0.65,0.0000,0.0002,     0,0,0,0.51,99.49,0.00,N/A,2.96,1.08,211.90,2.74,68.46,0.01,0.35,0.04,3.20,0.01,1.00,0.00,0.00,0.75,0.61,0.0000,0.0001,     0,0,0,1.10,98.90,0.00,N/A,7.13,2.23,211.90,3.20,80.02,0.04,0.88,0.05,1.72,0.03,1.00,0.00,0.00,0.93,0.95,0.0000,0.0003,     0,0,0,2.71,97.29,0.00,N/A,9.74,5.67,211.90,1.72,42.92,0.05,1.16,0.01,0.88,0.01,1.00,0.00,0.00,0.50,0.74,0.0008,0.0018,     0,0,0,0.83,99.17,0.00,N/A,1.55,1.75,211.90,0.88,22.10,0.01,0.18,0.03,3.34,0.01,1.00,0.00,0.00,0.55,0.82,0.0000,0.0000,     0,0,0,0.99,99.01,0.00,N/A,7.04,2.11,211.90,3.34,83.47,0.03,0.83,
2024-03-21,21:07:11.231,0.04,2.50,0.02,1.00,0.00,0.06,0.93,0.56,0.0000,0.0004,0.00,0.00,-2147483648,0.00,0.00,148.55,59.35,209.83,2.50,62.57,0.04,1.09,0.86,0.20,3.08,1.74,98.26,0.00,100.00,0.00,0.00,0.00,0.00,-nan,0.08,0.06,2.66,0.02,1.00,0.00,0.03,0.93,0.50,0.0000,0.0003,     0,0,0,0.00,0.00,-2147483648,0.00,0.00,N/A,106.85,40.19,209.83,2.66,66.46,0.06,1.57,0.02,2.18,0.01,1.00,0.00,0.03,0.93,0.60,0.0001,0.0007,     0,0,0,0.00,0.00,-2147483648,0.00,0.00,N/A,41.70,19.16,209.83,2.18,54.40,0.02,0.61,0.07,0.27,  0%,  0%,0.12,0.39,  0%,  0%,0.46,0.49,  0%,  0%,0.96,1.17,  0%,  0%,2.36,97.64,0.00,100.00,0.00,0.00,1.12,98.88,0.00,100.00,0.00,0.00,0.00,0.00,0.00 ,0.00 ,-nan ,-nan ,0.08,0.08,0.02,0.60,0.03,1.00,0.00,0.03,0.95,0.31,0.0004,0.0084,     0,0,0,2.67,97.33,0.00,N/A,3.37,5.60,209.83,0.60,15.03,0.02,0.40,0.10,3.12,0.03,1.00,0.00,0.00,0.82,0.89,0.0000,0.0000,     0,0,0,3.12,96.88,0.00,N/A,19.52,6.26,209.83,3.12,78.00,0.10,2.43,0.12,3.12,0.04,1.00,0.00,0.00,0.57,0.78,0.0000,0.0000,     0,0,0,3.80,96.20,0.00,N/A,25.94,8.31,209.83,3.12,78.01,0.12,2.96,0.01,1.66,0.01,1.00,0.00,0.00,0.86,0.95,0.0000,0.0003,     0,0,0,0.70,99.30,0.00,N/A,2.48,1.50,209.83,1.66,41.46,0.01,0.29,0.01,0.90,0.01,1.00,0.00,0.00,0.70,0.57,0.0006,0.0030,     0,0,0,0.58,99.42,0.00,N/A,1.07,1.19,209.83,0.90,22.38,0.01,0.13,0.12,3.11,0.04,1.00,0.00,0.00,0.79,0.89,0.0000,0.0000,     0,0,0,3.81,96.19,0.00,N/A,25.87,8.33,209.83,3.11,77.67,0.12,2.96,0.12,3.39,0.04,1.00,0.00,0.00,0.81,0.89,0.0000,0.0000,     0,0,0,3.64,96.36,0.00,N/A,28.28,8.33,209.83,3.39,84.86,0.12,3.09,0.00,0.49,0.00,1.00,0.00,0.00,0.76,0.65,0.0001,0.0027,     0,0,0,0.33,99.67,0.00,N/A,0.33,0.68,209.83,0.49,12.16,0.00,0.04,0.01,0.28,0.02,1.00,0.00,0.03,0.95,0.29,0.0009,0.0202,     0,0,0,2.27,97.73,0.00,N/A,1.34,4.79,209.83,0.28,7.02,0.01,0.16,0.12,3.36,0.04,1.00,0.00,0.00,0.20,0.88,0.0000,0.0000,     0,0,0,3.64,96.36,0.00,N/A,28.03,8.33,209.83,3.36,84.11,0.12,3.06,0.00,0.47,0.00,1.00,0.00,0.00,0.83,0.89,0.0002,0.0019,     0,0,0,0.02,99.98,0.00,N/A,0.02,0.04,209.83,0.47,11.68,0.00,0.00,0.00,0.40,0.00,1.00,0.00,0.00,0.93,0.89,0.0001,0.0023,     0,0,0,0.02,99.98,0.00,N/A,0.02,0.04,209.83,0.40,10.07,0.00,0.00,0.03,3.11,0.01,1.00,0.00,0.00,0.63,0.90,0.0000,0.0000,     0,0,0,0.92,99.08,0.00,N/A,6.55,2.11,209.83,3.11,77.66,0.03,0.71,0.03,1.71,0.02,1.00,0.00,0.00,0.93,0.96,0.0000,0.0002,     0,0,0,1.53,98.47,0.00,N/A,5.51,3.23,209.83,1.71,42.68,0.03,0.65,0.00,0.47,0.00,1.00,0.00,0.00,0.76,0.81,0.0006,0.0041,     0,0,0,0.03,99.97,0.00,N/A,0.03,0.06,209.83,0.47,11.77,0.00,0.00,0.00,0.36,0.00,1.00,0.00,0.00,0.42,0.55,0.0036,0.0069,     0,0,0,0.28,99.72,0.00,N/A,0.21,0.57,209.83,0.36,9.08,0.00,0.03,
2024-03-21,21:07:11.333,0.05,2.31,0.02,1.00,0.01,0.08,0.90,0.64,0.0000,0.0005,0.00,0.00,-2147483648,0.00,0.00,156.84,67.85,212.14,2.31,57.79,0.05,1.16,1.52,1.18,4.31,2.01,97.99,0.00,100.00,0.00,0.00,0.00,0.00,-nan,0.08,0.07,2.61,0.03,1.00,0.00,0.03,0.93,0.65,0.0000,0.0003,     0,0,0,0.00,0.00,-2147483648,0.00,0.00,N/A,116.06,44.45,212.14,2.61,65.28,0.07,1.71,0.02,1.74,0.01,1.00,0.01,0.04,0.87,0.63,0.0001,0.0011,     0,0,0,0.00,0.00,-2147483648,0.00,0.00,N/A,40.78,23.41,212.14,1.74,43.56,0.02,0.61,0.55,0.36,  0%,  0%,0.27,0.33,  0%,  0%,1.41,1.57,  1%,  1%,0.69,0.64,  0%,  0%,2.62,97.38,0.00,100.00,0.00,0.00,1.40,98.60,0.00,100.00,0.00,0.00,0.00,0.00,0.00 ,0.00 ,-nan ,-nan ,0.08,0.08,0.03,0.89,0.03,1.00,0.00,0.03,0.94,0.28,0.0003,0.0053,     0,0,0,2.87,97.13,0.00,N/A,5.40,6.08,212.14,0.89,22.19,0.03,0.64,0.12,3.14,0.04,1.00,0.00,0.00,0.73,0.87,0.0000,0.0000,     0,0,0,3.88,96.12,0.00,N/A,26.10,8.32,212.14,3.14,78.42,0.12,3.04,0.01,1.47,0.01,1.00,0.00,0.00,0.64,0.68,0.0001,0.0005,     0,0,0,0.95,99.05,0.00,N/A,2.69,1.84,212.14,1.47,36.65,0.01,0.35,0.07,2.61,0.03,1.00,0.00,0.00,0.90,0.93,0.0000,0.0001,     0,0,0,2.71,97.29,0.00,N/A,16.18,6.19,212.14,2.61,65.33,0.07,1.77,0.02,1.65,0.01,1.00,0.00,0.00,0.94,0.94,0.0000,0.0003,     0,0,0,1.34,98.66,0.00,N/A,4.70,2.85,212.14,1.65,41.19,0.02,0.55,0.12,3.13,0.04,1.00,0.00,0.00,0.84,0.88,0.0000,0.0000,     0,0,0,3.93,96.07,0.00,N/A,26.08,8.33,212.14,3.13,78.29,0.12,3.07,0.13,3.40,0.04,1.00,0.00,0.00,0.81,0.88,0.0000,0.0000,     0,0,0,3.93,96.07,0.00,N/A,28.28,8.33,212.14,3.40,84.91,0.13,3.33,0.03,2.64,0.01,1.00,0.00,0.00,0.64,0.70,0.0000,0.0001,     0,0,0,1.18,98.82,0.00,N/A,6.62,2.51,212.14,2.64,66.07,0.03,0.78,0.01,0.30,0.02,1.00,0.00,0.03,0.96,0.27,0.0009,0.0207,     0,0,0,2.19,97.81,0.00,N/A,1.38,4.64,212.14,0.30,7.41,0.01,0.16,0.13,3.40,0.04,1.00,0.00,0.00,0.24,0.90,0.0000,0.0000,     0,0,0,3.92,96.08,0.00,N/A,28.26,8.32,212.14,3.40,84.89,0.13,3.33,0.02,1.18,0.02,1.00,0.00,0.00,0.82,0.80,0.0001,0.0009,     0,0,0,1.64,98.36,0.00,N/A,4.07,3.44,212.14,1.18,29.61,0.02,0.48,0.00,0.54,0.00,1.00,0.00,0.00,0.27,0.78,0.0017,0.0036,     0,0,0,0.08,99.92,0.00,N/A,0.09,0.17,212.14,0.54,13.61,0.00,0.01,0.02,1.37,0.01,1.00,0.00,0.00,0.87,0.88,0.0001,0.0008,     0,0,0,1.10,98.90,0.00,N/A,2.95,2.14,212.14,1.37,34.37,0.02,0.38,0.01,0.98,0.01,1.00,0.00,0.00,0.79,0.79,0.0004,0.0020,     0,0,0,0.63,99.37,0.00,N/A,1.31,1.34,212.14,0.98,24.42,0.01,0.15,0.00,0.70,0.00,1.00,0.00,0.00,0.70,0.73,0.0007,0.0031,     0,0,0,0.13,99.87,0.00,N/A,0.20,0.28,212.14,0.70,17.58,0.00,0.02,0.01,0.82,0.01,1.00,0.00,0.01,0.53,0.76,0.0011,0.0026,     0,0,0,1.45,98.55,0.00,N/A,2.53,3.07,212.14,0.82,20.57,0.01,0.30,
2024-03-21,21:07:11.433,0.04,2.54,0.02,1.00,0.01,0.07,0.92,0.50,0.0000,0.0005,0.00,0.00,-2147483648,0.00,0.00,145.52,57.25,209.89,2.54,63.55,0.04,1.08,1.23,0.52,4.01,1.70,98.30,0.00,100.00,0.00,0.00,0.00,0.00,-nan,0.10,0.07,2.65,0.03,1.00,0.00,0.04,0.93,0.59,0.0000,0.0003,     0,0,0,0.00,0.00,-2147483648,0.00,0.00,N/A,115.46,43.52,209.89,2.65,66.32,0.07,1.70,0.02,2.19,0.01,1.00,0.00,0.03,0.90,0.34,0.0001,0.0010,     0,0,0,0.00,0.00,-2147483648,0.00,0.00,N/A,30.06,13.72,209.89,2.19,54.75,0.02,0.45,0.35,0.66,  0%,  0%,0.17,0.06,  0%,  0%,2.53,0.92,  2%,  0%,0.31,0.24,  0%,  0%,2.57,97.43,0.00,100.00,0.00,0.00,0.82,99.18,0.00,100.00,0.00,0.00,0.00,0.00,0.00 ,0.00 ,-nan ,-nan ,0.10,0.10,0.01,0.30,0.02,1.00,0.00,0.03,0.95,0.29,0.0009,0.0197,     0,0,0,2.25,97.75,0.00,N/A,1.42,4.71,209.89,0.30,7.52,0.01,0.17,0.12,3.14,0.04,1.00,0.00,0.00,0.88,0.89,0.0000,0.0000,     0,0,0,3.69,96.31,0.00,N/A,26.12,8.32,209.89,3.14,78.51,0.12,2.90,0.00,0.45,0.00,1.00,0.00,0.00,0.47,0.67,0.0012,0.0040,     0,0,0,0.25,99.75,0.00,N/A,0.23,0.52,209.89,0.45,11.16,0.00,0.03,0.12,3.13,0.04,1.00,0.00,0.00,0.76,0.79,0.0000,0.0000,     0,0,0,3.96,96.04,0.00,N/A,26.01,8.32,209.89,3.13,78.21,0.12,3.10,0.00,1.14,0.00,1.00,0.00,0.00,0.84,0.55,0.0003,0.0026,     0,0,0,0.32,99.68,0.00,N/A,0.77,0.68,209.89,1.14,28.47,0.00,0.09,0.12,3.13,0.04,1.00,0.00,0.00,0.81,0.90,0.0000,0.0000,     0,0,0,3.96,96.04,0.00,N/A,26.06,8.32,209.89,3.13,78.31,0.12,3.10,0.13,3.39,0.04,1.00,0.00,0.00,0.89,0.90,0.0000,0.0000,     0,0,0,3.96,96.04,0.00,N/A,28.24,8.32,209.89,3.39,84.85,0.13,3.36,0.03,1.52,0.02,1.00,0.00,0.01,0.89,0.86,0.0001,0.0009,     0,0,0,2.05,97.95,0.00,N/A,6.60,4.34,209.89,1.52,38.02,0.03,0.78,0.01,0.29,0.02,1.00,0.00,0.03,0.96,0.29,0.0008,0.0207,     0,0,0,2.11,97.89,0.00,N/A,1.31,4.,0.0022,     0,0,0,0.01,99.99,0.00,N/A,0.01,0.03,210.,0.44,0.00,1,97.83,0.00,N/A,1.33,4.56,210.08,0.29,7.27,0.01,0.16,0.00,0.52,0.00,1.00,0.00,0.00,0.72,0.65,0.0014,0.0057,     0,0,0,0.11,99.89,0.00,N/A,0.11,0.22,210.08,0.52,13.09,0.00,0.02,0.00,0.46,0.00,1.00,0.00,0.00,0.71,0.89,0.0005,0.0022,     0,0,0,0.02,99.98,0.00,N/A,0.02,0.04,210.08,0.46,11.59,0.00,0.00,0.00,0.42,0.00,1.00,0.00,0.00,0.78,0.84,0.0005,0.0029,     0,0,0,0.03,99.97,0.00,N/A,0.02,0.06,210.08,0.42,10.42,0.00,0.00,0.12,3.34,0.04,1.00,0.00,0.00,0.57,0.71,0.0000,0.0000,     0,0,0,3.67,96.33,0.00,N/A,28.15,8.42,210.08,3.34,83.53,0.12,3.06,0.00,0.41,0.00,1.00,0.00,0.00,0.82,0.88,0.0003,0.0023,     0,0,0,0.02,99.98,0.00,N/A,0.02,0.04,210.08,0.41,10.36,0.00,0.00,0.01,1.59,0.01,1.00,0.00,0.00,0.20,0.74,0.0002,0.0002,     0,0,0,0.65,99.35,0.00,N/A,2.16,1.36,210.08,1.59,39.77,0.01,0.26,0.00,0.51,0.00,1.00,0.00,0.00,0.33,0.52,0.0044,0.0075,     0,0,0,0.22,99.78,0.00,N/A,0.24,0.47,210.08,0.51,12.71,0.00,0.03,
2024-03-21,21:07:11.533,0.05,2.54,0.02,1.00,0.01,0.07,0.89,0.52,0.0000,0.0004,0.00,0.00,-2147483648,0.00,0.00,181.22,71.44,210.30,2.54,63.42,0.05,1.34,0.98,1.24,1.96,2.12,97.88,0.00,100.00,0.00,0.00,0.00,0.00,-nan,0.10,0.08,2.65,0.03,1.00,0.00,0.04,0.89,0.60,0.0000,0.0003,     0,0,0,0.00,0.00,-2147483648,0.00,0.00,N/A,141.61,53.40,210.30,2.65,66.30,0.08,2.10,0.02,2.20,0.01,1.00,0.00,0.03,0.90,0.36,0.0001,0.0008,     0,0,0,0.00,0.00,-2147483648,0.00,0.00,N/A,39.61,18.04,210.30,2.20,54.89,0.02,0.59,0.09,0.11,  0%,  0%,0.49,0.29,  0%,  0%,0.18,0.32,  0%,  0%,0.76,0.71,  0%,  0%,3.16,96.84,0.00,100.00,0.00,0.00,1.07,98.93,0.00,100.00,0.00,0.00,0.00,0.00,0.00 ,0.00 ,-nan ,-nan ,0.10,0.10,0.01,0.30,0.02,1.00,0.00,0.03,0.96,0.28,0.0009,0.0207,     0,0,0,2.11,97.89,0.00,N/A,1.33,4.44,210.30,0.30,7.52,0.01,0.16,0.15,3.09,0.05,1.00,0.00,0.00,0.72,0.67,0.0000,0.0000,     0,0,0,4.86,95.14,0.00,N/A,31.86,10.32,210.30,3.09,77.20,0.15,3.76,0.02,1.54,0.01,1.00,0.00,0.00,0.52,0.63,0.0002,0.0004,     0,0,0,1.02,98.98,0.00,N/A,3.30,2.15,210.30,1.54,38.44,0.02,0.39,0.15,3.08,0.05,1.00,0.00,0.00,0.74,0.63,0.0000,0.0000,     0,0,0,4.86,95.14,0.00,N/A,31.80,10.31,210.30,3.08,77.11,0.15,3.75,0.00,0.89,0.00,1.00,0.00,0.00,0.89,0.75,0.0000,0.0020,     0,0,0,0.23,99.77,0.00,N/A,0.44,0.49,210.30,0.89,22.24,0.00,0.05,0.15,3.10,0.05,1.00,0.00,0.00,0.76,0.73,0.0000,0.0000,     0,0,0,4.87,95.13,0.00,N/A,32.01,10.33,210.30,3.10,77.50,0.15,3.77,0.16,3.36,0.05,1.00,0.00,0.00,0.80,0.72,0.0000,0.0000,     0,0,0,4.87,95.13,0.00,N/A,34.66,10.32,210.30,3.36,83.95,0.16,4.09,0.03,1.23,0.02,1.00,0.00,0.01,0.66,0.84,0.0003,0.0012,     0,0,0,2.40,97.60,0.00,N/A,6.19,5.04,210.30,1.23,30.71,0.03,0.74,0.01,0.30,0.02,1.00,0.00,0.03,0.96,0.27,0.0009,0.0196,     0,0,0,2.30,97.70,0.00,N/A,1.45,4.83,210.30,0.30,7.52,0.01,0.17,0.00,0.47,0.00,1.00,0.00,0.00,0.51,0.87,0.0006,0.0020,     0,0,0,0.03,99.97,0.00,N/A,0.03,0.06,210.30,0.47,11.80,0.00,0.00,0.00,0.43,0.00,1.00,0.00,0.00,0.94,0.89,0.0001,0.0021,     0,0,0,0.02,99.98,0.00,N/A,0.02,0.04,210.30,0.43,10.83,0.00,0.00,0.00,0.68,0.00,1.00,0.00,0.00,0.48,0.73,0.0005,0.0032,     0,0,0,0.05,99.95,0.00,N/A,0.07,0.11,210.30,0.68,17.04,0.00,0.01,0.16,3.35,0.05,1.00,0.00,0.00,0.62,0.70,0.0000,0.0000,     0,0,0,4.87,95.13,0.00,N/A,34.58,10.32,210.30,3.35,83.80,0.16,4.08,0.01,1.49,0.01,1.00,0.00,0.00,0.29,0.63,0.0002,0.0004,     0,0,0,1.00,99.00,0.00,N/A,3.16,2.11,210.30,1.49,37.34,0.01,0.37,0.00,0.44,0.00,1.00,0.00,0.00,0.87,0.70,0.0006,0.0054,     0,0,0,0.05,99.95,0.00,N/A,0.05,0.10,210.30,0.44,11.11,0.00,0.01,0.00,0.53,0.00,1.00,0.00,0.00,0.46,0.54,0.0035,0.0075,     0,0,0,0.22,99.78,0.00,N/A,0.25,0.47,210.30,0.53,13.37,0.00,0.03,
2024-03-21,21:07:11.633,0.04,2.56,0.02,1.00,0.00,0.06,0.94,0.52,0.0000,0.0005,0.00,0.00,-2147483648,0.00,0.00,134.45,52.42,210.12,2.56,64.12,0.04,1.00,0.77,0.35,3.05,1.56,98.44,0.00,100.00,0.00,0.00,0.00,0.00,-nan,0.08,0.06,2.67,0.02,1.00,0.00,0.03,0.92,0.62,0.0000,0.0003,     0,0,0,0.00,0.00,-2147483648,0.00,0.00,N/A,104.67,39.24,210.12,2.67,66.68,0.06,1.56,0.02,2.26,0.01,1.00,0.00,0.03,0.96,0.32,0.0000,0.0010,     0,0,0,0.00,0.00,-2147483648,0.00,0.00,N/A,29.78,13.17,210.12,2.26,56.51,0.02,0.44,0.08,0.10,  0%,  0%,0.33,0.27,  0%,  0%,0.19,0.31,  0%,  0%,1.33,1.21,  1%,  1%,2.34,97.66,0.00,100.00,0.00,0.00,0.78,99.22,0.00,100.00,0.00,0.00,0.00,0.00,0.00 ,0.00 ,-nan ,-nan ,0.08,0.08,0.01,0.31,0.02,1.00,0.00,0.03,0.96,0.29,0.0009,0.0203,     0,0,0,2.05,97.95,0.00,N/A,1.33,4.31,210.12,0.31,7.69,0.01,0.16,0.12,3.14,0.04,1.00,0.00,0.00,0.93,0.89,0.0000,0.0000,     0,0,0,3.96,96.04,0.00,N/A,26.09,8.32,210.12,3.14,78.43,0.12,3.11,0.12,3.35,0.04,1.00,0.00,0.00,0.82,0.76,0.0000,0.0000,     0,0,0,3.66,96.34,0.00,N/A,28.39,8.47,210.12,3.35,83.84,0.12,3.06,0.01,1.66,0.00,1.00,0.00,0.00,0.99,0.96,0.0000,0.0002,     0,0,0,0.33,99.67,0.00,N/A,1.02,0.62,210.12,1.66,41.56,0.01,0.14,0.10,3.02,0.03,1.00,0.00,0.00,0.65,0.61,0.0000,0.0001,     0,0,0,3.30,96.70,0.00,N/A,23.09,7.65,210.12,3.02,75.45,0.10,2.49,0.09,3.12,0.03,1.00,0.00,0.00,0.76,0.92,0.0000,0.0000,     0,0,0,2.98,97.02,0.00,N/A,19.52,6.26,210.12,3.12,77.97,0.09,2.32,0.00,0.84,0.00,1.00,0.00,0.00,0.69,0.97,0.0001,0.0003,     0,0,0,0.20,99.80,0.00,N/A,0.32,0.37,210.12,0.84,21.02,0.00,0.04,0.02,1.51,0.02,1.00,0.00,0.00,0.66,0.90,0.0002,0.0007,     0,0,0,1.55,98.45,0.00,N/A,4.91,3.25,210.12,1.51,37.82,0.02,0.58,0.01,0.30,0.02,1.00,0.00,0.03,0.96,0.28,0.0008,0.0209,     0,0,0,2.16,97.84,0.00,N/A,1.35,4.54,210.12,0.30,7.45,0.01,0.16,0.00,0.41,0.00,1.00,0.00,0.00,0.68,0.92,0.0005,0.0016,     0,0,0,0.02,99.98,0.00,N/A,0.02,0.04,210.12,0.41,10.34,0.00,0.00,0.00,0.43,0.00,1.00,0.00,0.00,0.74,0.91,0.0004,0.0017,     0,0,0,0.02,99.98,0.00,N/A,0.02,0.04,210.12,0.43,10.83,0.00,0.00,0.00,0.45,0.00,1.00,0.00,0.00,0.84,0.93,0.0002,0.0014,     0,0,0,0.02,99.98,0.00,N/A,0.02,0.04,210.12,0.45,11.14,0.00,0.00,0.04,3.36,0.01,1.00,0.00,0.00,0.93,0.84,0.0000,0.0000,     0,0,0,1.12,98.88,0.00,N/A,7.08,2.11,210.12,3.36,84.12,0.04,0.94,0.09,3.39,0.03,1.00,0.00,0.00,0.67,0.92,0.0000,0.0000,     0,0,0,2.71,97.29,0.00,N/A,21.23,6.27,210.12,3.39,84.68,0.09,2.30,0.00,0.43,0.00,1.00,0.00,0.00,0.80,0.86,0.0003,0.0025,     0,0,0,0.02,99.98,0.00,N/A,0.02,0.05,210.12,0.43,10.75,0.00,0.00,0.00,0.45,0.00,1.00,0.00,0.00,0.62,0.71,0.0016,0.0059,     0,0,0,0.04,99.96,0.00,N/A,0.04,0.08,210.12,0.45,11.32,0.00,0.00,
2024-03-21,21:07:11.733,0.04,2.55,0.02,1.00,0.00,0.06,0.95,0.60,0.0000,0.0004,0.00,0.00,-2147483648,0.00,0.00,148.64,58.22,210.32,2.55,63.82,0.04,1.10,0.33,0.08,0.96,1.73,98.27,0.00,100.00,0.00,0.00,0.00,0.00,-nan,0.08,0.07,2.64,0.03,1.00,0.00,0.03,0.95,0.70,0.0000,0.0003,     0,0,0,0.00,0.00,-2147483648,0.00,0.00,N/A,118.90,45.06,210.32,2.64,65.96,0.07,1.77,0.02,2.26,0.01,1.00,0.00,0.03,0.95,0.32,0.0000,0.0010,     0,0,0,0.00,0.00,-2147483648,0.00,0.00,N/A,29.74,13.16,210.32,2.26,56.51,0.02,0.44,0.08,0.09,  0%,  0%,0.11,0.04,  0%,  0%,0.16,0.28,  0%,  0%,0.30,0.22,  0%,  0%,2.68,97.32,0.00,100.00,0.00,0.00,0.78,99.22,0.00,100.00,0.00,0.00,0.00,0.00,0.00 ,0.00 ,-nan ,-nan ,0.08,0.08,0.01,0.32,0.02,1.00,0.00,0.03,0.96,0.29,0.0008,0.0190,     0,0,0,2.19,97.81,0.00,N/A,1.49,4.60,210.32,0.32,8.10,0.01,0.18,0.12,3.13,0.04,1.00,0.00,0.00,0.76,0.88,0.0000,0.0000,     0,0,0,3.97,96.03,0.00,N/A,26.08,8.33,210.32,3.13,78.31,0.12,3.11,0.13,3.40,0.04,1.00,0.00,0.00,0.91,0.89,0.0000,0.0000,     0,0,0,3.97,96.03,0.00,N/A,28.29,8.33,210.32,3.40,84.91,0.13,3.37,0.00,0.41,0.00,1.00,0.00,0.00,0.66,0.77,0.0007,0.0032,     0,0,0,0.05,99.95,0.00,N/A,0.04,0.10,210.32,0.41,10.30,0.00,0.00,0.12,3.05,0.04,1.00,0.00,0.00,0.73,0.60,0.0000,0.0000,     0,0,0,3.95,96.05,0.00,N/A,25.28,8.29,210.32,3.05,76.25,0.12,3.01,0.12,3.14,0.04,1.00,0.00,0.00,0.76,0.91,0.0000,0.0000,     0,0,0,3.97,96.03,0.00,N/A,26.18,8.33,210.32,3.14,78.62,0.12,3.12,0.00,1.00,0.00,1.00,0.00,0.00,0.83,0.96,0.0000,0.0003,     0,0,0,0.29,99.71,0.00,N/A,0.61,0.61,210.32,1.00,25.05,0.00,0.07,0.05,1.68,0.03,1.00,0.00,0.00,0.93,0.93,0.0000,0.0004,     0,0,0,3.06,96.94,0.00,N/A,10.92,6.48,210.32,1.68,42.12,0.05,1.29,0.01,0.30,0.02,1.00,0.00,0.03,0.96,0.28,0.0008,0.0209,     0,0,0,2.13,97.87,0.00,N/A,1.34,4.47,210.32,0.30,7.49,0.01,0.16,0.00,0.48,0.00,1.00,0.00,0.00,0.71,0.93,0.0003,0.0013,     0,0,0,0.02,99.980.00,0.55,0.00,1.00,0.00,0.00,0.41,0.84,0.0011,210.09,N/A,0.14,0.29,210.63,0.48,11.94,,0.47,11.66,0.00,0.00,0.00,0.39,0.00,1.00,0.00,0.00,0.95,0.78,0.0002,0.0049,     0,0,0,0.03,99.97,0.00,N/A,0.02,0.06,211.43,0.39,9.77,0.00,0.00,0.13,3.39,0.04,1.00,0.00,0.00,0.40,0.88,0.0000,0.0000,     0,0,0,3.97,96.03,0.00,N/A,28.29,8.33,211.43,3.39,84.86,0.13,3.37,0.00,0.28,0.00,1.00,0.00,0.00,0.37,0.67,0.0033,0.0071,     0,0,0,0.07,99.93,0.00,N/A,0.04,0.15,211.43,0.28,6.91,0.00,0.00,0.00,0.59,0.00,1.00,0.00,0.00,0.65,0.53,0.0023,0.0076,     0,0,0,0.20,99.80,0.00,N/A,0.24,0.42,211.43,0.59,14.67,0.00,0.03,
2024-03-21,21:07:11.878,0.05,2.55,0.02,1.00,0.01,0.09,0.93,0.52,0.0000,0.0004,0.00,0.00,-2147483648,0.00,0.00,218.99,85.99,300.65,2.55,63.67,0.05,1.15,1.84,1.61,5.22,1.80,98.20,0.00,100.00,0.00,0.00,0.00,0.00,-nan,0.08,0.07,2.66,0.03,1.00,0.00,0.05,0.94,0.62,0.0000,0.0003,     0,0,0,0.00,0.00,-2147483648,0.00,0.00,N/A,165.78,62.33,300.65,2.66,66.49,0.07,1.74,0.02,2.25,0.01,1.00,0.00,0.05,0.93,0.35,0.0001,0.0009,     0,0,0,0.00,0.00,-2147483648,0.00,0.00,N/A,53.21,23.66,300.65,2.25,56.22,0.02,0.56,0.12,0.19,  0%,  0%,0.84,0.69,  0%,  0%,0.36,0.62,  0%,  0%,2.21,2.04,  1%,  1%,2.61,97.39,0.00,100.00,0.00,0.00,0.99,99.01,0.00,100.00,0.00,0.00,0.00,0.00,0.00 ,0.00 ,-nan ,-nan ,0.08,0.09,0.01,0.30,0.02,1.00,0.00,0.04,0.95,0.29,0.0010,0.0204,     0,0,0,2.27,97.73,0.00,N/A,2.03,6.82,300.65,0.30,7.44,0.01,0.17,0.13,3.14,0.04,1.00,0.00,0.00,0.74,0.89,0.0000,0.0000,     0,0,0,4.10,95.90,0.00,N/A,39.21,12.49,300.65,3.14,78.49,0.13,3.22,0.15,3.35,0.04,1.00,0.00,0.00,0.72,0.87,0.0000,0.0000,     0,0,0,4.34,95.66,0.00,N/A,41.78,12.48,300.65,3.35,83.70,0.15,3.63,0.03,1.69,0.02,1.00,0.00,0.00,0.97,0.95,0.0000,0.0003,     0,0,0,1.63,98.37,0.00,N/A,8.33,4.92,300.65,1.69,42.30,0.03,0.69,0.11,3.10,0.04,1.00,0.00,0.00,0.71,0.75,0.0000,0.0000,     0,0,0,3.70,96.30,0.00,N/A,32.64,10.54,300.65,3.10,77.38,0.11,2.86,0.13,3.13,0.04,1.00,0.00,0.00,0.78,0.91,0.0000,0.0000,     0,0,0,4.10,95.90,0.00,N/A,39.12,12.49,300.65,3.13,78.33,0.13,3.21,0.00,0.84,0.00,1.00,0.00,0.00,0.81,0.95,0.0001,0.0005,     0,0,0,0.35,99.65,0.00,N/A,0.90,1.07,300.65,0.84,21.09,0.00,0.07,0.01,1.17,0.01,1.00,0.00,0.00,0.62,0.57,0.0004,0.0016,     0,0,0,0.51,99.49,0.00,N/A,1.77,1.52,300.65,1.17,29.13,0.01,0.15,0.01,0.40,0.03,1.00,0.00,0.04,0.94,0.29,0.0008,0.0135,     0,0,0,2.69,97.31,0.00,N/A,3.22,8.09,300.65,0.40,9.96,0.01,0.27,0.00,0.46,0.00,1.00,0.00,0.00,0.84,0.84,0.0004,0.0033,     0,0,0,0.02,99.98,0.00,N/A,0.03,0.07,300.65,0.46,11.48,0.00,0.00,0.00,0.50,0.00,1.00,0.00,0.00,0.83,0.78,0.0004,0.0038,     0,0,0,0.03,99.97,0.00,N/A,0.05,0.10,300.65,0.50,12.54,0.00,0.00,0.00,0.55,0.00,1.00,0.00,0.00,0.86,0.82,0.0004,0.0033,     0,0,0,0.03,99.97,0.00,N/A,0.05,0.09,300.65,0.55,13.87,0.00,0.00,0.00,0.43,0.00,1.00,0.00,0.00,0.88,0.83,0.0004,0.0034,     0,0,0,0.02,99.98,0.00,N/A,0.03,0.07,300.65,0.43,10.86,0.00,0.00,0.15,3.39,0.04,1.00,0.00,0.00,0.32,0.91,0.0000,0.0000,     0,0,0,4.38,95.62,0.00,N/A,42.38,12.49,300.65,3.39,84.84,0.15,3.72,0.00,0.48,0.00,1.00,0.00,0.00,0.63,0.81,0.0012,0.0043,     0,0,0,0.03,99.97,0.00,N/A,0.04,0.09,300.65,0.48,11.94,0.00,0.00,0.02,2.78,0.01,1.00,0.00,0.00,0.74,0.57,0.0001,0.0003,     0,0,0,0.87,99.13,0.00,N/A,7.40,2.67,300.65,2.78,69.42,0.02,0.61,
2024-03-21,21:07:11.979,0.04,2.53,0.02,1.00,0.00,0.06,0.95,0.58,0.0000,0.0004,0.00,0.00,-2147483648,0.00,0.00,148.66,58.65,211.81,2.53,63.37,0.04,1.09,0.50,0.50,2.31,1.71,98.29,0.00,100.00,0.00,0.00,0.00,0.00,-nan,0.09,0.05,2.46,0.02,1.00,0.00,0.03,0.95,0.68,0.0000,0.0004,     0,0,0,0.00,0.00,-2147483648,0.00,0.00,N/A,89.28,36.34,211.81,2.46,61.41,0.05,1.32,0.03,2.66,0.01,1.00,0.00,0.03,0.94,0.34,0.0000,0.0005,     0,0,0,0.00,0.00,-2147483648,0.00,0.00,N/A,59.38,22.30,211.81,2.66,66.56,0.03,0.86,0.07,0.09,  0%,  0%,0.20,0.14,  0%,  0%,0.17,0.30,  0%,  0%,0.86,0.97,  0%,  0%,2.15,97.85,0.00,100.00,0.00,0.00,1.29,98.71,0.00,100.00,0.00,0.00,0.00,0.00,0.00 ,0.00 ,-nan ,-nan ,0.08,0.09,0.01,0.30,0.02,1.00,0.00,0.03,0.96,0.29,0.0009,0.0204,     0,0,0,2.11,97.89,0.00,N/A,1.34,4.47,211.81,0.30,7.47,0.01,0.16,0.10,3.13,0.03,1.00,0.00,0.00,0.56,0.91,0.0000,0.0000,     0,0,0,3.26,96.74,0.00,N/A,19.56,6.26,211.81,3.13,78.16,0.10,2.55,0.11,3.14,0.04,1.00,0.00,0.00,0.77,0.89,0.0000,0.0000,     0,0,0,3.64,96.36,0.00,N/A,26.13,8.33,211.81,3.14,78.40,0.11,2.86,0.00,0.43,0.00,1.00,0.00,0.00,0.80,0.88,0.0003,0.0023,     0,0,0,0.02,99.98,0.00,N/A,0.02,0.04,211.81,0.43,10.84,0.00,0.00,0.03,1.58,0.02,1.00,0.00,0.00,0.97,0.93,0.0000,0.0005,     0,0,0,2.07,97.93,0.00,N/A,6.93,4.38,211.81,1.58,39.55,0.03,0.82,0.12,3.13,0.04,1.00,0.00,0.00,1.00,0.93,0.0000,0.0000,     0,0,0,3.92,96.08,0.00,N/A,26.09,8.32,211.81,3.13,78.36,0.12,3.07,0.03,2.98,0.01,1.00,0.00,0.00,0.83,0.66,0.0000,0.0000,     0,0,0,1.03,98.97,0.00,N/A,6.53,2.19,211.81,2.98,74.44,0.03,0.77,0.01,1.15,0.01,1.00,0.00,0.00,0.91,0.83,0.0001,0.0012,     0,0,0,1.11,98.89,0.00,N/A,2.69,2.35,211.81,1.15,28.68,0.01,0.32,0.01,0.30,0.02,1.00,0.00,0.03,0.96,0.29,0.0008,0.0208,     0,0,0,2.07,97.93,0.00,N/A,1.32,4.38,211.81,0.30,7.52,0.01,0.16,0.12,3.40,0.04,1.00,0.00,0.00,0.36,0.93,0.0000,0.0000,     0,0,0,3.59,96.41,0.00,N/A,28.31,8.33,211.81,3.40,84.98,0.12,3.05,0.00,0.52,0.00,1.00,0.00,0.00,0.59,0.69,0.0016,0.0059,     0,0,0,0.05,99.95,0.00,N/A,0.06,0.11,211.81,0.52,13.05,0.00,0.01,0.00,0.49,0.00,1.00,0.00,0.00,0.85,0.90,0.0002,0.0020,     0,0,0,0.02,99.98,0.00,N/A,0.02,0.04,211.81,0.49,12.19,0.00,0.00,0.12,3.40,0.04,1.00,0.00,0.00,0.44,0.93,0.0000,0.0000,     0,0,0,3.59,96.41,0.00,N/A,28.28,8.32,211.81,3.40,84.94,0.12,3.05,0.00,0.39,0.00,1.00,0.00,0.00,0.71,0.89,0.0005,0.0020,     0,0,0,0.02,99.98,0.00,N/A,0.02,0.05,211.81,0.39,9.78,0.00,0.00,0.00,0.41,0.00,1.00,0.00,0.00,0.73,0.90,0.0004,0.0018,     0,0,0,0.02,99.98,0.00,N/A,0.02,0.04,211.81,0.41,10.25,0.00,0.00,0.01,1.32,0.00,1.00,0.00,0.00,0.58,0.55,0.0003,0.0009,     0,0,0,0.50,99.50,0.00,N/A,1.36,1.03,211.81,1.32,32.94,0.01,0.16,
2024-03-21,21:07:12.079,0.04,2.56,0.02,1.00,0.01,0.07,0.90,0.46,0.0000,0.0005,0.00,0.00,-2147483648,0.00,0.00,143.04,55.89,210.48,2.56,63.98,0.04,1.06,0.36,0.09,1.02,1.65,98.35,0.00,100.00,0.00,0.00,0.00,0.00,-nan,0.08,0.05,2.50,0.02,1.00,0.00,0.04,0.88,0.52,0.0001,0.0005,     0,0,0,0.00,0.00,-2147483648,0.00,0.00,N/A,84.65,33.92,210.48,2.50,62.38,0.05,1.24,0.03,2.66,0.01,1.00,0.00,0.03,0.94,0.35,0.0000,0.0005,     0,0,0,0.00,0.00,-2147483648,0.00,0.00,N/A,58.39,21.97,210.48,2.66,66.45,0.03,0.87,0.10,0.11,  0%,  0%,0.11,0.04,  0%,  0%,0.21,0.32,  0%,  0%,0.28,0.21,  0%,  0%,1.99,98.01,0.00,100.00,0.00,0.00,1.31,98.69,0.00,100.00,0.00,0.00,0.00,0.00,0.00 ,0.00 ,-nan ,-nan ,0.08,0.08,0.01,0.33,0.02,1.00,0.00,0.03,0.96,0.29,0.0008,0.0188,     0,0,0,2.18,97.82,0.00,N/A,1.50,4.58,210.48,0.33,8.20,0.01,0.18,0.11,3.15,0.04,1.00,0.00,0.00,0.72,0.91,0.0000,0.0000,     0,0,0,3.62,96.38,0.00,N/A,26.17,8.32,210.48,3.15,78.64,0.11,2.84,0.12,3.14,0.04,1.00,0.00,0.00,0.60,0.91,0.0000,0.0000,     0,0,0,3.96,96.04,0.00,N/A,26.13,8.32,210.48,3.14,78.47,0.12,3.11,0.00,0.47,0.00,1.00,0.00,0.00,0.83,0.89,0.0002,0.0018,     0,0,0,0.02,99.98,0.00,N/A,0.02,0.04,210.48,0.47,11.67,0.00,0.00,0.01,1.60,0.01,1.00,0.00,0.00,0.98,0.96,0.0000,0.0003,     0,0,0,0.71,99.29,0.00,N/A,2.40,1.50,210.48,1.60,40.06,0.01,0.28,0.00,0.94,0.00,1.00,0.00,0.00,0.82,0.94,0.0001,0.0006,     0,0,0,0.13,99.87,0.00,N/A,0.23,0.24,210.48,0.94,23.55,0.00,0.03,0.11,3.14,0.04,1.00,0.00,0.00,0.93,0.91,0.0000,0.0000,     0,0,0,3.64,96.36,0.00,N/A,26.13,8.33,210.48,3.14,78.45,0.11,2.85,0.01,0.80,0.01,1.00,0.00,0.01,0.62,0.56,0.0017,0.0055,     0,0,0,1.23,98.77,0.00,N/A,2.07,2.59,210.48,0.80,19.98,0.01,0.25,0.01,0.30,0.02,1.00,0.00,0.03,0.96,0.28,0.0008,0.0209,     0,0,0,2.05,97.95,0.00,N/A,1.31,4.32,210.48,0.30,7.56,0.01,0.16,0.11,3.39,0.03,1.00,0.00,0.00,0.45,0.91,0.0000,0.0000,     0,0,0,3.28,96.72,0.00,N/A,21.20,6.25,210.48,3.39,84.76,0.11,2.78,0.03,3.16,0.01,1.00,0.00,0.00,0.58,0.71,0.0000,0.0001,     0,0,0,0.98,99.02,0.00,N/A,7.15,2.26,210.48,3.16,79.01,0.03,0.78,0.03,3.35,0.01,1.00,0.00,0.00,0.86,0.84,0.0000,0.0000,     0,0,0,0.92,99.08,0.00,N/A,7.09,2.12,210.48,3.35,83.68,0.03,0.77,0.11,3.39,0.03,1.00,0.00,0.00,0.64,0.90,0.0000,0.0000,     0,0,0,3.28,96.72,0.00,N/A,21.18,96.06,0.00,N/A,28.23,8.33,212.01,3.39,84.77,0.13,3.,0.0000,     0,0.0015,     0,0,0,0.02,99.98,0.00,N/A,0.02,0.04,210.08,0.53,13.35,0.00,0.00,
2024-03-21,21:07:12.167,0.05,2.56,0.02,1.00,0.00,0.06,0.94,0.54,0.0000,0.0004,0.00,0.00,-2147483648,0.00,0.00,153.03,59.82,208.54,2.56,63.96,0.05,1.15,1.12,1.12,3.75,1.79,98.21,0.00,100.00,0.00,0.00,0.00,0.00,-nan,0.08,0.06,2.54,0.02,1.00,0.00,0.03,0.94,0.63,0.0000,0.0004,     0,0,0,0.00,0.00,-2147483648,0.00,0.00,N/A,93.52,36.81,208.54,2.54,63.52,0.06,1.40,0.04,2.59,0.01,1.00,0.00,0.03,0.94,0.36,0.0000,0.0005,     0,0,0,0.00,0.00,-2147483648,0.00,0.00,N/A,59.51,23.01,208.54,2.59,64.66,0.04,0.89,0.45,0.46,  0%,  0%,0.14,0.08,  0%,  0%,1.22,1.32,  1%,  1%,0.40,0.81,  0%,  1%,2.21,97.79,0.00,100.00,0.00,0.00,1.38,98.62,0.00,100.00,0.00,0.00,0.00,0.00,0.00 ,0.00 ,-nan ,-nan ,0.08,0.08,0.01,0.29,0.02,1.00,0.00,0.03,0.96,0.28,0.0009,0.0205,     0,0,0,2.17,97.83,0.00,N/A,1.33,4.52,208.54,0.29,7.37,0.01,0.16,0.13,3.13,0.04,1.00,0.00,0.00,0.78,0.86,0.0000,0.0000,     0,0,0,4.00,96.00,0.00,N/A,26.05,8.32,208.54,3.13,78.27,0.13,3.13,0.12,3.08,0.04,1.00,0.00,0.00,0.75,0.66,0.0000,0.0000,     0,0,0,4.01,95.99,0.00,N/A,25.66,8.33,208.54,3.08,76.99,0.12,3.09,0.03,3.33,0.01,1.00,0.00,0.00,0.92,0.77,0.0000,0.0000,     0,0,0,1.01,98.99,0.00,N/A,7.06,2.12,208.54,3.33,83.35,0.03,0.84,0.00,0.57,0.00,1.00,0.00,0.00,0.65,0.66,0.0004,0.0033,     0,0,0,0.42,99.58,0.00,N/A,0.50,0.87,208.54,0.57,14.25,0.00,0.06,0.03,1.68,0.02,1.00,0.00,0.00,0.94,0.95,0.0000,0.0003,     0,0,0,1.82,98.18,0.00,N/A,6.38,3.80,208.54,1.68,41.99,0.03,0.77,0.13,3.13,0.04,1.00,0.00,0.00,0.83,0.88,0.0000,0.0000,     0,0,0,4.00,96.00,0.00,N/A,26.02,8.32,208.54,3.13,78.15,0.13,3.13,0.00,0.98,0.00,1.00,0.00,0.00,0.93,0.74,0.0000,0.0019,     0,0,0,0.25,99.75,0.00,N/A,0.52,0.53,208.54,0.98,24.53,0.00,0.06,0.01,0.29,0.02,1.00,0.00,0.03,0.96,0.28,0.0009,0.0207,     0,0,0,2.23,97.77,0.00,N/A,1.34,4.66,208.54,0.29,7.20,0.01,0.16,0.01,1.51,0.00,1.00,0.00,0.00,0.40,0.69,0.0002,0.0003,     0,0,0,0.41,99.59,0.00,N/A,1.28,0.85,208.54,1.51,37.73,0.01,0.15,0.14,3.40,0.04,1.00,0.00,0.00,0.41,0.89,0.0000,0.0000,     0,0,0,4.01,95.99,0.00,N/A,28.27,8.33,208.54,3.40,84.88,0.14,3.40,0.14,3.38,0.04,1.00,0.00,0.00,0.45,0.75,0.0000,0.0000,     0,0,0,4.00,96.00,0.00,N/A,28.17,8.32,208.54,3.38,84.61,0.14,3.39,0.00,0.54,0.00,1.00,0.00,0.00,0.82,0.64,0.0010,0.0065,     0,0,0,0.12,99.88,0.00,N/A,0.14,0.26,208.54,0.54,13.59,0.00,0.02,0.00,0.55,0.00,1.00,0.00,0.00,0.83,0.64,0.0010,0.0068,     0,0,0,0.12,99.88,0.00,N/A,0.14,0.25,208.54,0.55,13.70,0.00,0.02,0.00,0.52,0.00,1.00,0.00,0.00,0.83,0.64,0.0011,0.0073,     0,0,0,0.15,99.85,0.00,N/A,0.16,0.30,208.54,0.52,13.09,0.00,0.02,0.00,0.47,0.00,1.00,0.00,0.00,0.77,0.88,0.0004,0.0022,     0,0,0,0.02,99.98,0.00,N/A,0.02,0.04,208.54,0.47,11.70,0.00,0.00,
2024-03-21,21:07:12.270,0.04,2.53,0.02,1.00,0.00,0.07,0.94,0.59,0.0000,0.0004,0.00,0.00,-2147483648,0.00,0.00,149.39,58.97,211.47,2.53,63.33,0.04,1.10,0.91,1.13,2.56,1.74,98.26,0.00,100.00,0.00,0.00,0.00,0.00,-nan,0.08,0.07,2.67,0.03,1.00,0.00,0.03,0.95,0.70,0.0000,0.0003,     0,0,0,0.00,0.00,-2147483648,0.00,0.00,N/A,118.71,44.51,211.47,2.67,66.67,0.07,1.75,0.02,2.12,0.01,1.00,0.00,0.03,0.94,0.36,0.0001,0.0011,     0,0,0,0.00,0.00,-2147483648,0.00,0.00,N/A,30.68,14.46,211.47,2.12,53.04,0.02,0.45,0.35,0.37,  0%,  0%,0.13,0.06,  0%,  0%,0.89,1.02,  0%,  0%,0.37,0.27,  0%,  0%,2.63,97.37,0.00,100.00,0.00,0.00,0.85,99.15,0.00,100.00,0.00,0.00,0.00,0.00,0.00 ,0.00 ,-nan ,-nan ,0.08,0.08,0.01,0.33,0.02,1.00,0.00,0.03,0.96,0.29,0.0008,0.0209,     0,0,0,1.84,98.16,0.00,N/A,1.28,3.90,211.47,0.33,8.19,0.01,0.15,0.12,3.14,0.04,1.00,0.00,0.00,0.67,0.85,0.0000,0.0000,     0,0,0,3.97,96.03,0.00,N/A,26.12,8.33,211.47,3.14,78.42,0.12,3.11,0.12,3.13,0.04,1.00,0.00,0.00,0.69,0.86,0.0000,0.0000,     0,0,0,3.97,96.03,0.00,N/A,26.08,8.33,211.47,3.13,78.31,0.12,3.11,0.13,3.40,0.04,1.00,0.00,0.00,0.82,0.83,0.0000,0.0000,     0,0,0,3.97,96.03,0.00,N/A,28.29,8.33,211.47,3.40,84.90,0.13,3.37,0.00,0.66,0.00,1.00,0.00,0.00,0.64,0.76,0.0005,0.0026,     0,0,0,0.32,99.68,0.00,N/A,0.45,0.68,211.47,0.66,16.52,0.00,0.05,0.04,1.65,0.02,1.00,0.00,0.00,0.88,0.94,0.0000,0.0004,     0,0,0,2.48,97.52,0.00,N/A,8.93,5.42,211.47,1.65,41.23,0.04,1.02,0.12,3.13,0.04,1.00,0.00,0.00,0.77,0.79,0.0000,0.0000,     0,0,0,3.92,96.08,0.00,N/A,26.06,8.32,211.47,3.13,78.28,0.12,3.07,0.01,1.24,0.01,1.00,0.00,0.00,0.92,0.87,0.0000,0.0010,     0,0,0,0.57,99.43,0.00,N/A,1.51,1.22,211.47,1.24,30.95,0.01,0.18,0.01,0.29,0.02,1.00,0.00,0.03,0.96,0.26,0.0008,0.0213,     0,0,0,2.14,97.86,0.00,N/A,1.33,4.53,211.47,0.29,7.34,0.01,0.16,0.00,1.25,0.00,1.00,0.00,0.00,0.57,0.61,0.0003,0.0010,     0,0,0,0.28,99.72,0.00,N/A,0.75,0.60,211.47,1.25,31.34,0.00,0.09,0.00,0.34,0.00,1.00,0.00,0.00,0.62,0.64,0.0018,0.0057,     0,0,0,0.10,99.90,0.00,N/A,0.07,0.21,211.47,0.34,8.56,0.00,0.01,0.13,3.37,0.04,1.00,0.00,0.00,0.43,0.77,0.0000,0.0000,     0,0,0,3.94,96.06,0.00,N/A,28.07,8.32,211.47,3.37,84.37,0.13,3.32,0.00,0.58,0.00,1.00,0.00,0.00,0.83,0.66,0.0009,0.0064,     0,0,0,0.11,99.89,0.00,N/A,0.13,0.23,211.47,0.58,14.47,0.00,0.02,0.00,0.58,0.00,1.00,0.00,0.00,0.84,0.67,0.0008,0.0065,     0,0,0,0.11,99.89,0.00,N/A,0.14,0.24,211.47,0.58,14.39,0.00,0.02,0.00,0.56,0.00,1.00,0.00,0.00,0.83,0.65,0.0011,0.0071,     0,0,0,0.14,99.86,0.00,N/A,0.16,0.29,211.47,0.56,13.90,0.00,0.02,0.00,0.49,0.00,1.00,0.00,0.00,0.72,0.91,0.0004,0.0017,     0,0,0,0.02,99.98,0.00,N/A,0.02,0.04,211.47,0.49,12.20,0.00,0.00,
2024-03-21,21:07:12.367,0.04,2.51,0.02,1.00,0.00,0.06,0.94,0.50,0.0000,0.0004,0.00,0.00,-2147483648,0.00,0.00,145.83,58.00,208.27,2.51,62.86,0.04,1.10,0.77,0.86,2.16,1.74,98.26,0.00,100.00,0.00,0.00,0.00,0.00,-nan,0.08,0.07,2.65,0.03,1.00,0.00,0.03,0.94,0.59,0.0000,0.0003,     0,0,0,0.00,0.00,-2147483648,0.00,0.00,N/A,115.89,43.71,208.27,2.65,66.27,0.07,1.74,0.02,2.10,0.01,1.00,0.00,0.03,0.94,0.34,0.0001,0.0010,     0,0,0,0.00,0.00,-2147483648,0.00,0.00,N/A,29.95,14.29,208.27,2.10,52.40,0.02,0.45,0.09,0.10,  0%,  0%,0.38,0.20,  0%,  0%,0.20,0.33,  0%,  0%,0.74,0.90,  0%,  1%,2.62,97.38,0.00,100.00,0.00,0.00,0.86,99.14,0.00,100.00,0.00,0.00,0.00,0.00,0.00 ,0.00 ,-nan ,-nan ,0.08,0.08,0.01,0.51,0.02,1.00,0.00,0.03,0.95,0.27,0.0005,0.0110,     0,0,0,2.47,97.53,0.00,N/A,2.60,5.14,208.27,0.51,12.65,0.01,0.31,0.12,3.14,0.04,1.00,0.00,0.00,0.73,0.85,0.0000,0.0000,     0,0,0,3.96,96.04,0.00,N/A,26.11,8.32,208.27,3.14,78.45,0.12,3.11,0.12,3.10,0.04,1.00,0.00,0.00,0.67,0.64,0.0000,0.0000,     0,0,0,3.96,96.04,0.00,N/A,25.78,8.31,208.27,3.10,77.53,0.12,3.07,0.00,1.04,0.00,1.00,0.00,0.00,0.56,0.67,0.0002,0.0010,     0,0,0,0.42,99.58,0.00,N/A,0.92,0.89,208.27,1.04,26.06,0.00,0.11,0.13,3.39,0.04,1.00,0.00,0.00,0.76,0.87,0.0000,0.0000,     0,0,0,3.96,96.04,0.00,N/A,28.18,8.32,208.27,3.39,84.68,0.13,3.35,0.01,1.23,0.01,1.00,0.00,0.00,0.62,0.87,0.0001,0.0005,     0,0,0,0.68,99.32,0.00,N/A,1.68,1.36,208.27,1.23,30.79,0.01,0.21,0.12,3.10,0.04,1.00,0.00,0.00,0.77,0.69,0.0000,0.0000,     0,0,0,4.00,96.00,0.00,N/A,25.76,8.32,208.27,3.10,77.38,0.12,3.10,0.02,1.59,0.01,1.00,0.00,0.00,0.93,0.91,0.0000,0.0005,     0,0,0,1.46,98.54,0.00,N/A,4.85,3.05,208.27,1.59,39.71,0.02,0.58,0.01,0.29,0.02,1.00,0.00,0.03,0.96,0.27,0.0008,0.0210,     0,0,0,2.17,97.83,0.00,N/A,1.33,4.52,208.27,0.29,7.37,0.01,0.16,0.14,3.39,0.04,1.00,0.00,0.00,0.33,0.84,0.0000,0.0000,     0,0,0,4.00,96.00,0.00,N/A,28.21,8.32,208.27,3.39,84.75,0.14,3.39,0.00,0.49,0.00,1.00,0.00,0.00,0.72,0.60,0.0015,0.0072,     0,0,0,0.14,99.86,0.00,N/A,0.14,0.28,208.27,0.49,12.31,0.00,0.02,0.00,0.47,0.00,1.00,0.00,0.00,0.89,0.74,0.0005,0.0052,     0,0,0,0.05,99.95,0.00,N/A,0.05,0.10,208.27,0.47,11.71,0.00,0.01,0.00,0.50,0.00,1.00,0.00,0.00,0.86,0.69,0.0007,0.0060,     0,0,0,0.05,99.95,0.00,N/A,0.05,0.11,208.27,0.50,12.42,0.00,0.01,0.00,0.48,0.00,1.00,0.00,0.00,0.82,0.70,0.0009,0.0059,     0,0,0,0.05,99.95,0.00,N/A,0.05,0.11,208.27,0.48,12.04,0.00,0.01,0.00,0.48,0.00,1.00,0.00,0.00,0.86,0.65,0.0009,0.0074,     0,0,0,0.07,99.93,0.00,N/A,0.07,0.15,208.27,0.48,11.91,0.00,0.01,0.00,0.06,0.00,1.00,0.00,0.00,0.28,0.72,0.0032,0.0051,     0,0,0,0.33,99.67,0.00,N/A,0.04,0.69,208.27,0.06,1.49,0.00,0.00,
2024-03-21,21:07:12.468,0.04,2.64,0.02,1.00,0.00,0.06,0.950.00,0.00,0.84,0.63,0.0010,0.0074,     0,0,0,0.10,99.90,0.00,N/A,211.85,2,0.00,0.00,0.,0.00,1.00,0.00,0.00,0.76,0.54,0.0015,0.0074,     0,0,0,0.28,99.72,0.00,N/A,0.32,0.59,209.95,0.54,13.47,0.00,0.04,
2024-03-21,21:07:12.480,0.04,2.61,0.02,1.00,0.00,0.06,0.95,0.48,0.0000,0.0004,0.00,0.00,-2147483648,0.00,0.00,141.85,54.27,211.59,2.61,65.35,0.04,1.05,0.33,0.22,1.46,1.60,98.40,0.00,100.00,0.00,0.00,0.00,0.00,-nan,0.09,0.07,2.75,0.02,1.00,0.00,0.03,0.95,0.57,0.0000,0.0003,     0,0,0,0.00,0.00,-2147483648,0.00,0.00,N/A,111.99,40.72,211.59,2.75,68.76,0.07,1.65,0.02,2.20,0.01,1.00,0.00,0.03,0.95,0.33,0.0000,0.0010,     0,0,0,0.00,0.00,-2147483648,0.00,0.00,N/A,29.86,13.55,211.59,2.20,55.10,0.02,0.44,0.08,0.09,  0%,  0%,0.11,0.04,  0%,  0%,0.19,0.76,  0%,  0%,0.29,0.22,  0%,  0%,2.40,97.60,0.00,100.00,0.00,0.00,0.80,99.20,0.00,100.00,0.00,0.00,0.00,0.00,0.00 ,0.00 ,-nan ,-nan ,0.08,0.10,0.01,0.30,0.02,1.00,0.00,0.03,0.95,0.29,0.0009,0.0205,     0,0,0,2.08,97.92,0.00,N/A,1.32,4.40,211.59,0.30,7.51,0.01,0.16,0.12,3.12,0.04,1.00,0.00,0.00,0.76,0.87,0.0000,0.0000,     0,0,0,3.92,96.08,0.00,N/A,26.00,8.32,211.59,3.12,78.09,0.12,3.06,0.12,3.14,0.04,1.00,0.00,0.00,0.91,0.90,0.0000,0.0000,     0,0,0,3.93,96.07,0.00,N/A,26.11,8.32,211.59,3.14,78.40,0.12,3.08,0.00,0.40,0.00,1.00,0.00,0.00,0.56,0.83,0.0011,0.0032,     0,0,0,0.03,99.97,0.00,N/A,0.03,0.06,211.59,0.40,9.95,0.00,0.00,0.13,3.39,0.04,1.00,0.00,0.00,0.71,0.89,0.0000,0.0000,     0,0,0,3.92,96.08,0.00,N/A,28.24,8.32,211.59,3.39,84.86,0.13,3.33,0.00,0.86,0.00,1.00,0.00,0.00,0.80,0.97,0.0000,0.0002,     0,0,0,0.39,99.61,0.00,N/A,0.71,0.83,211.59,0.86,21.48,0.00,0.08,0.12,3.15,0.04,1.00,0.00,0.00,0.92,0.90,0.0000,0.0000,     0,0,0,3.92,96.08,0.00,N/A,26.21,8.32,211.59,3.15,78.76,0.12,3.09,0.02,1.58,0.01,1.00,0.00,0.00,0.85,0.90,0.0001,0.0006,     0,0,0,1.01,98.99,0.00,N/A,3.39,2.14,211.59,1.58,39.52,0.02,0.40,0.01,0.28,0.02,1.00,0.00,0.03,0.96,0.29,0.0009,0.0203,     0,0,0,2.24,97.76,0.00,N/A,1.35,4.73,211.59,0.28,7.11,0.01,0.16,0.00,0.49,0.00,1.00,0.00,0.00,0.73,0.72,0.0012,0.0050,     0,0,0,0.03,99.97,0.00,N/A,0.04,0.07,211.59,0.49,12.31,0.00,0.00,0.13,3.40,0.04,1.00,0.00,0.00,0.39,0.90,0.0000,0.0000,     0,0,0,3.92,96.08,0.00,N/A,28.28,8.32,211.59,3.40,84.92,0.13,3.33,0.00,0.45,0.00,1.00,0.00,0.00,0.95,0.80,0.0001,0.0041,     0,0,0,0.02,99.98,0.00,N/A,0.02,0.05,211.59,0.45,11.18,0.00,0.00,0.00,0.42,0.00,1.00,0.00,0.00,0.58,0.81,0.0012,0.0032,     0,0,0,0.03,99.97,0.00,N/A,0.03,0.07,211.59,0.42,10.48,0.00,0.00,0.00,0.39,0.00,1.00,0.00,0.00,0.49,0.79,0.0015,0.0036,     0,0,0,0.03,99.97,0.00,N/A,0.03,0.07,211.59,0.39,9.80,0.00,0.00,0.00,0.48,0.00,1.00,0.00,0.00,0.85,0.75,0.0007,0.0052,     0,0,0,0.03,99.97,0.00,N/A,0.03,0.07,211.59,0.48,12.03,0.00,0.00,0.00,0.56,0.00,1.00,0.00,0.00,0.86,0.54,0.0009,0.0072,     0,0,0,0.08,99.92,0.00,N/A,0.09,0.16,211.59,0.56,14.07,0.00,0.01,
2024-03-21,21:07:12.581,0.04,2.48,0.02,1.00,0.00,0.06,0.94,0.57,0.0000,0.0004,0.00,0.00,-2147483648,0.00,0.00,147.48,59.46,208.46,2.48,62.01,0.04,1.10,0.33,0.28,0.93,1.78,98.22,0.00,100.00,0.00,0.00,0.00,0.00,-nan,0.08,0.07,2.57,0.03,1.00,0.00,0.03,0.94,0.67,0.0000,0.0003,     0,0,0,0.00,0.00,-2147483648,0.00,0.00,N/A,117.27,45.67,208.46,2.57,64.20,0.07,1.75,0.02,2.19,0.01,1.00,0.00,0.03,0.94,0.34,0.0001,0.0010,     0,0,0,0.00,0.00,-2147483648,0.00,0.00,N/A,30.21,13.79,208.46,2.19,54.77,0.02,0.45,0.09,0.10,  0%,  0%,0.10,0.04,  0%,  0%,0.18,0.30,  0%,  0%,0.25,0.19,  0%,  0%,2.73,97.27,0.00,100.00,0.00,0.00,0.83,99.17,0.00,100.00,0.00,0.00,0.00,0.00,0.00 ,0.00 ,-nan ,-nan ,0.08,0.08,0.01,0.31,0.02,1.00,0.00,0.03,0.96,0.27,0.0009,0.0199,     0,0,0,2.25,97.75,0.00,N/A,1.43,4.69,208.46,0.31,7.64,0.01,0.17,0.12,3.14,0.04,1.00,0.00,0.00,0.77,0.90,0.0000,0.0000,     0,0,0,3.97,96.03,0.00,N/A,26.12,8.33,208.46,3.14,78.40,0.12,3.11,0.12,3.14,0.04,1.00,0.00,0.00,0.84,0.89,0.0000,0.0000,     0,0,0,3.97,96.03,0.00,N/A,26.12,8.33,208.46,3.14,78.41,0.12,3.11,0.00,0.21,0.01,1.00,0.00,0.00,0.39,0.85,0.0011,0.0018,     0,0,0,1.02,98.98,0.00,N/A,0.45,2.12,208.46,0.21,5.36,0.00,0.05,0.13,3.39,0.04,1.00,0.00,0.00,0.86,0.89,0.0000,0.0000,     0,0,0,3.96,96.04,0.00,N/A,28.19,8.32,208.46,3.39,84.67,0.13,3.36,0.00,0.88,0.00,1.00,0.00,0.00,0.80,0.96,0.0001,0.0003,     0,0,0,0.32,99.68,0.00,N/A,0.58,0.67,208.46,0.88,21.91,0.00,0.07,0.12,3.13,0.04,1.00,0.00,0.00,0.71,0.91,0.0000,0.0000,     0,0,0,3.96,96.04,0.00,N/A,26.04,8.32,208.46,3.13,78.25,0.12,3.10,0.04,1.70,0.02,1.00,0.00,0.00,0.96,0.92,0.0000,0.0005,     0,0,0,2.36,97.64,0.00,N/A,8.34,4.90,208.46,1.70,42.53,0.04,1.00,0.01,0.30,0.02,1.00,0.00,0.03,0.96,0.28,0.0008,0.0208,     0,0,0,2.15,97.85,0.00,N/A,1.35,4.47,208.46,0.30,7.52,0.01,0.16,0.00,0.61,0.00,1.00,0.00,0.00,0.44,0.77,0.0004,0.0017,     0,0,0,0.13,99.87,0.00,N/A,0.16,0.27,208.46,0.61,15.26,0.00,0.02,0.13,3.39,0.04,1.00,0.00,0.00,0.40,0.88,0.0000,0.0000,     0,0,0,3.97,96.03,0.00,N/A,28.25,8.33,208.46,3.39,84.80,0.13,3.36,0.00,0.64,0.00,1.00,0.00,0.00,0.09,0.64,0.0018,0.0029,     0,0,0,0.15,99.85,0.00,N/A,0.20,0.31,208.46,0.64,15.96,0.00,0.02,0.00,0.42,0.00,1.00,0.00,0.00,0.85,0.82,0.0002,0.0025,     0,0,0,0.03,99.97,0.00,N/A,0.03,0.07,208.46,0.42,10.61,0.00,0.00,0.00,0.43,0.00,1.00,0.00,0.00,0.67,0.88,0.0005,0.0022,     0,0,0,0.02,99.98,0.00,N/A,0.02,0.04,208.46,0.43,10.84,0.00,0.00,0.00,0.71,0.00,1.00,0.00,0.00,0.36,0.79,0.0002,0.0012,     0,0,0,0.13,99.87,0.00,N/A,0.19,0.26,208.46,0.71,17.83,0.00,0.02,0.00,0.46,0.00,1.00,0.00,0.00,0.78,0.89,0.0005,0.0021,     0,0,0,0.02,99.98,0.00,N/A,0.02,0.04,208.46,0.46,11.47,0.00,0.00,
2024-03-21,21:07:12.675,0.04,2.51,0.02,1.00,0.00,0.07,0.93,0.50,0.0000,0.0005,0.00,0.00,-2147483648,0.00,0.00,136.68,54.36,210.21,2.51,62.85,0.04,1.03,0.38,0.36,1.15,1.64,98.36,0.00,100.00,0.00,0.00,0.00,0.00,-nan,0.08,0.07,2.63,0.03,1.00,0.00,0.04,0.92,0.58,0.0000,0.0004,     0,0,0,0.00,0.00,-2147483648,0.00,0.00,N/A,113.27,43.06,210.21,2.63,65.76,0.07,1.73,0.01,2.07,0.01,1.00,0.00,0.03,0.95,0.33,0.0001,0.0012,     0,0,0,0.00,0.00,-2147483648,0.00,0.00,N/A,23.41,11.30,210.21,2.07,51.78,0.01,0.35,0.10,0.10,  0%,  0%,0.13,0.05,  0%,  0%,0.21,0.32,  0%,  0%,0.35,0.27,  0%,  0%,2.63,97.37,0.00,100.00,0.00,0.00,0.68,99.32,0.00,100.00,0.00,0.00,0.00,0.00,0.00 ,0.00 ,-nan ,-nan ,0.08,0.08,0.01,0.45,0.02,1.00,0.00,0.03,0.96,0.31,0.0005,0.0135,     0,0,0,2.35,97.65,0.00,N/A,2.22,4.95,210.21,0.45,11.22,0.01,0.26,0.02,1.53,0.02,1.00,0.00,0.00,0.92,0.84,0.0001,0.0010,     0,0,0,1.62,98.38,0.00,N/A,4.85,3.16,210.21,1.53,38.32,0.02,0.62,0.13,3.13,0.04,1.00,0.00,0.00,0.91,0.89,0.0000,0.0000,     0,0,0,4.19,95.81,0.00,N/A,26.04,8.32,210.21,3.13,78.23,0.13,3.28,0.00,0.46,0.00,1.00,0.00,0.00,0.83,0.81,0.0003,0.0038,     0,0,0,0.03,99.97,0.00,N/A,0.03,0.06,210.21,0.46,11.59,0.00,0.00,0.14,3.39,0.04,1.00,0.00,0.00,0.86,0.88,0.0000,0.0000,     0,0,0,4.19,95.81,0.00,N/A,28.23,8.33,210.21,3.39,84.73,0.14,3.55,0.00,0.93,0.00,1.00,0.00,0.00,0.90,0.95,0.0000,0.0005,     0,0,0,0.26,99.74,0.00,N/A,0.50,0.54,210.21,0.93,23.20,0.00,0.06,0.13,3.13,0.04,1.00,0.00,0.00,0.92,0.91,0.0000,0.0000,     0,0,0,4.19,95.81,0.00,N/A,26.07,8.32,210.21,3.13,78.30,0.13,3.28,0.12,2.70,0.04,1.00,0.00,0.00,0.65,0.69,0.0001,0.0002,     0,0,0,4.38,95.62,0.00,N/A,25.33,9.38,210.21,2.70,67.53,0.12,2.96,0.01,0.30,0.02,1.00,0.00,0.03,0.96,0.28,0.0008,0.0210,     0,0,0,2.04,97.96,0.00,N/A,1.30,4.29,210.21,0.30,7.59,0.01,0.15,0.00,0.46,0.00,1.00,0.00,0.00,0.64,0.89,0.0005,0.0020,     0,0,0,0.02,99.98,0.00,N/A,0.02,0.04,210.21,0.46,11.48,0.00,0.00,0.11,3.39,0.03,1.00,0.00,0.00,0.42,0.90,0.0000,0.0000,     0,0,0,3.14,96.86,0.00,N/A,21.18,6.24,210.21,3.39,84.85,0.11,2.66,0.00,0.45,0.00,1.00,0.00,0.00,0.93,0.83,0.0002,0.0036,     0,0,0,0.02,99.98,0.00,N/A,0.02,0.05,210.21,0.45,11.35,0.00,0.00,0.00,0.48,0.00,1.00,0.00,0.00,0.87,0.90,0.0002,0.0020,     0,0,0,0.02,99.98,0.00,N/A,0.02,0.04,210.21,0.48,12.08,0.00,0.00,0.00,0.40,0.00,1.00,0.00,0.00,0.76,0.88,0.0005,0.0023,     0,0,0,0.02,99.98,0.00,N/A,0.02,0.05,210.21,0.40,10.04,0.00,0.00,0.00,0.42,0.00,1.00,0.00,0.00,0.70,0.88,0.0006,0.0026,     0,0,0,0.02,99.98,0.00,N/A,0.02,0.05,210.21,0.42,10.55,0.00,0.00,0.00,1.51,0.00,1.00,0.00,0.00,0.39,0.66,0.0004,0.0007,     0,0,0,0.26,99.74,0.00,N/A,0.83,0.55,210.21,1.51,37.70,0.00,0.10,
212.00,0.45,11.32,0.00,0.00,
2024-03-21,21:07:12.775,N/A,0.,0.00,N/A,0.08,0.37,212.01,0,-2147483648,0.00,0.00,146.31,56.05,211.66,2.61,65.26,0.04,1.08,0.40,0.31,1.00,1.65,98.35,0.00,100.00,0.00,0.00,0.00,0.00,-nan,0.08,0.07,2.71,0.03,1.00,0.00,0.03,0.95,0.65,0.0000,0.0003,     0,0,0,0.00,0.00,-2147483648,0.00,0.00,N/A,116.66,43.09,211.66,2.71,67.69,0.07,1.72,0.02,2.29,0.01,1.00,0.00,0.03,0.96,0.32,0.0000,0.0009,     0,0,0,0.00,0.00,-2147483648,0.00,0.00,N/A,29.65,12.96,211.66,2.29,57.18,0.02,0.44,0.12,0.10,  0%,  0%,0.13,0.05,  0%,  0%,0.19,0.31,  0%,  0%,0.31,0.20,  0%,  0%,2.54,97.46,0.00,100.00,0.00,0.00,0.77,99.23,0.00,100.00,0.00,0.00,0.00,0.00,0.00 ,0.00 ,-nan ,-nan ,0.08,0.08,0.01,0.32,0.02,1.00,0.00,0.03,0.96,0.27,0.0008,0.0210,     0,0,0,1.96,98.04,0.00,N/A,1.33,4.16,211.66,0.32,7.99,0.01,0.16,0.04,1.71,0.02,1.00,0.00,0.00,0.97,0.93,0.0000,0.0004,     0,0,0,2.13,97.87,0.00,N/A,7.71,4.51,211.66,1.71,42.70,0.04,0.91,0.12,3.13,0.04,1.00,0.00,0.00,0.91,0.90,0.0000,0.0000,     0,0,0,3.92,96.08,0.00,N/A,26.04,8.32,211.66,3.13,78.24,0.12,3.07,0.00,0.35,0.00,1.00,0.00,0.00,0.38,0.86,0.0012,0.0025,     0,0,0,0.03,99.97,0.00,N/A,0.02,0.06,211.66,0.35,8.83,0.00,0.00,0.13,3.40,0.04,1.00,0.00,0.00,0.82,0.89,0.0000,0.0000,     0,0,0,3.93,96.07,0.00,N/A,28.29,8.33,211.66,3.40,84.88,0.13,3.33,0.00,0.89,0.00,1.00,0.00,0.00,0.81,0.95,0.0001,0.0005,     0,0,0,0.32,99.68,0.00,N/A,0.61,0.69,211.66,0.89,22.20,0.00,0.07,0.12,3.13,0.04,1.00,0.00,0.00,0.92,0.89,0.0000,0.0000,     0,0,0,3.92,96.08,0.00,N/A,26.07,8.33,211.66,3.13,78.28,0.12,3.07,0.13,3.06,0.04,1.00,0.00,0.00,0.62,0.51,0.0000,0.0001,     0,0,0,4.10,95.90,0.00,N/A,26.59,8.69,211.66,3.06,76.49,0.13,3.14,0.01,0.30,0.02,1.00,0.00,0.03,0.96,0.29,0.0008,0.0209,     0,0,0,2.06,97.94,0.00,N/A,1.30,4.36,211.66,0.30,7.46,0.01,0.15,0.00,0.39,0.00,1.00,0.00,0.00,0.64,0.88,0.0007,0.0022,     0,0,0,0.02,99.98,0.00,N/A,0.02,0.05,211.66,0.39,9.69,0.00,0.00,0.13,3.39,0.04,1.00,0.00,0.00,0.41,0.90,0.0000,0.0000,     0,0,0,3.93,96.07,0.00,N/A,28.24,8.32,211.66,3.39,84.82,0.13,3.33,0.00,0.42,0.00,1.00,0.00,0.00,0.86,0.89,0.0003,0.0021,     0,0,0,0.02,99.98,0.00,N/A,0.02,0.04,211.66,0.42,10.46,0.00,0.00,0.00,0.39,0.00,1.00,0.00,0.00,0.67,0.88,0.0006,0.0023,     0,0,0,0.02,99.98,0.00,N/A,0.02,0.05,211.66,0.39,9.83,0.00,0.00,0.00,0.37,0.00,1.00,0.00,0.00,0.78,0.86,0.0005,0.0027,     0,0,0,0.02,99.98,0.00,N/A,0.02,0.05,211.66,0.37,9.36,0.00,0.00,0.00,0.41,0.00,1.00,0.00,0.00,0.92,0.79,0.0003,0.0045,     0,0,0,0.03,99.97,0.00,N/A,0.02,0.06,211.66,0.41,10.14,0.00,0.00,0.00,0.46,0.00,1.00,0.00,0.00,0.73,0.89,0.0005,0.0022,     0,0,0,0.02,99.98,0.00,N/A,0.02,0.04,211.66,0.46,11.50,0.00,0.00,
2024-03-21,21:07:12.875,0.04,2.59,0.02,1.00,0.00,0.06,0.95,0.55,0.0000,0.0004,0.00,0.00,-2147483648,0.00,0.00,138.23,53.28,209.98,2.59,64.86,0.04,1.03,0.36,0.74,1.04,1.59,98.41,0.00,100.00,0.00,0.00,0.00,0.00,-nan,0.08,0.06,2.70,0.02,1.00,0.00,0.03,0.95,0.65,0.0000,0.0003,     0,0,0,0.00,0.00,-2147483648,0.00,0.00,N/A,108.52,40.21,209.98,2.70,67.47,0.06,1.61,0.02,2.27,0.01,1.00,0.00,0.03,0.96,0.32,0.0000,0.0009,     0,0,0,0.00,0.00,-2147483648,0.00,0.00,N/A,29.71,13.07,209.98,2.27,56.84,0.02,0.44,0.07,0.09,  0%,  0%,0.14,0.06,  0%,  0%,0.18,0.31,  0%,  0%,0.31,0.24,  0%,  0%,2.39,97.61,0.00,100.00,0.00,0.00,0.78,99.22,0.00,100.00,0.00,0.00,0.00,0.00,0.00 ,0.00 ,-nan ,-nan ,0.08,0.08,0.01,0.34,0.02,1.00,0.00,0.03,0.96,0.31,0.0008,0.0183,     0,0,0,2.15,97.85,0.00,N/A,1.53,4.52,209.98,0.34,8.46,0.01,0.18,0.03,1.74,0.02,1.00,0.00,0.00,0.94,0.96,0.0000,0.0002,     0,0,0,1.79,98.21,0.00,N/A,6.53,3.76,209.98,1.74,43.48,0.03,0.78,0.12,3.14,0.04,1.00,0.00,0.00,0.77,0.89,0.0000,0.0000,     0,0,0,3.96,96.04,0.00,N/A,26.12,8.32,209.98,3.14,78.46,0.12,3.10,0.06,3.13,0.02,1.00,0.00,0.00,0.69,0.90,0.0000,0.0000,     0,0,0,1.95,98.05,0.00,N/A,13.12,4.19,209.98,3.13,78.31,0.06,1.53,0.13,3.37,0.04,1.00,0.00,0.00,0.87,0.72,0.0000,0.0000,     0,0,0,3.95,96.05,0.00,N/A,28.03,8.32,209.98,3.37,84.25,0.13,3.33,0.00,0.75,0.00,1.00,0.00,0.00,0.84,0.92,0.0001,0.0008,     0,0,0,0.26,99.74,0.00,N/A,0.42,0.56,209.98,0.75,18.87,0.00,0.05,0.12,3.13,0.04,1.00,0.00,0.00,0.76,0.92,0.0000,0.0000,     0,0,0,3.96,96.04,0.00,N/A,26.09,8.33,209.98,3.13,78.32,0.12,3.10,0.03,3.01,0.01,1.00,0.00,0.00,0.75,0.77,0.0000,0.0000,     0,0,0,1.08,98.92,0.00,N/A,6.68,2.22,209.98,3.01,75.14,0.03,0.81,0.01,0.30,0.02,1.00,0.00,0.03,0.96,0.28,0.0009,0.0207,     0,0,0,2.13,97.87,0.00,N/A,1.32,4.47,209.98,0.30,7.40,0.01,0.16,0.00,0.41,0.00,1.00,0.00,0.00,0.96,0.91,0.0001,0.0017,     0,0,0,0.02,99.98,0.00,N/A,0.02,0.04,209.98,0.41,10.35,0.00,0.00,0.13,3.39,0.04,1.00,0.00,0.00,0.16,0.91,0.0000,0.0000,     0,0,0,3.96,96.04,0.00,N/A,28.27,8.33,209.98,3.39,84.87,0.13,3.36,0.00,0.48,0.00,1.00,0.00,0.00,0.92,0.82,0.0003,0.0037,     0,0,0,0.02,99.98,0.00,N/A,0.02,0.05,209.98,0.48,11.93,0.00,0.00,0.00,0.42,0.00,1.00,0.00,0.00,0.93,0.91,0.0001,0.0017,     0,0,0,0.02,99.98,0.00,N/A,0.02,0.04,209.98,0.42,10.57,0.00,0.00,0.00,0.42,0.00,1.00,0.00,0.00,0.65,0.91,0.0004,0.0017,     0,0,0,0.02,99.98,0.00,N/A,0.02,0.04,209.98,0.42,10.52,0.00,0.00,0.00,0.41,0.00,1.00,0.00,0.00,0.82,0.91,0.0003,0.0017,     0,0,0,0.02,99.98,0.00,N/A,0.02,0.04,209.98,0.41,10.31,0.00,0.00,0.00,0.42,0.00,1.00,0.00,0.00,0.71,0.90,0.0005,0.0020,     0,0,0,0.02,99.98,0.00,N/A,0.02,0.05,209.98,0.42,10.58,0.00,0.00,
2024-03-21,21:07:12.976,0.04,2.64,0.02,1.00,0.00,0.06,0.95,0.43,0.0000,0.0004,0.00,0.00,-2147483648,0.00,0.00,143.68,54.46,212.03,2.64,65.96,0.04,1.06,0.85,0.63,1.82,1.61,98.39,0.00,100.00,0.00,0.00,0.00,0.00,-nan,0.09,0.06,2.77,0.02,1.00,0.00,0.03,0.95,0.48,0.0000,0.0003,     0,0,0,0.00,0.00,-2147483648,0.00,0.00,N/A,109.54,39.57,212.03,2.77,69.21,0.06,1.62,0.02,2.29,0.01,1.00,0.00,0.03,0.95,0.36,0.0000,0.0009,     0,0,0,0.00,0.00,-2147483648,0.00,0.00,N/A,34.15,14.89,212.03,2.29,57.33,0.02,0.50,0.44,0.14,  0%,  0%,0.17,0.10,  0%,  0%,0.27,0.32,  0%,  0%,0.64,0.59,  0%,  0%,2.33,97.67,0.00,100.00,0.00,0.00,0.88,99.12,0.00,100.00,0.00,0.00,0.00,0.00,0.00 ,0.00 ,-nan ,-nan ,0.10,0.08,0.01,0.32,0.02,1.00,0.00,0.03,0.95,0.31,0.0009,0.0183,     0,0,0,2.24,97.76,0.00,N/A,1.54,4.75,212.03,0.32,8.08,0.01,0.18,0.00,1.42,0.00,1.00,0.00,0.00,0.86,0.97,0.0000,0.0002,     0,0,0,0.13,99.87,0.00,N/A,0.40,0.28,212.03,1.42,35.50,0.00,0.05,0.12,3.13,0.04,1.00,0.00,0.00,0.69,0.89,0.0000,0.0000,     0,0,0,3.93,96.07,0.00,N/A,26.05,8.33,212.03,3.13,78.19,0.12,3.08,0.12,3.14,0.04,1.00,0.00,0.00,0.85,0.88,0.0000,0.0000,     0,0,0,3.94,96.06,0.00,N/A,26.19,8.33,212.03,3.14,78.60,0.12,3.09,0.13,3.36,0.04,1.00,0.00,0.00,0.76,0.69,0.0000,0.0000,     0,0,0,3.93,96.07,0.00,N/A,27.90,8.31,212.03,3.36,83.89,0.13,3.30,0.00,0.85,0.00,1.00,0.00,0.00,0.92,0.97,0.0000,0.0003,     0,0,0,0.33,99.67,0.00,N/A,0.59,0.69,212.03,0.85,21.15,0.00,0.07,0.12,3.13,0.04,1.00,0.00,0.00,0.83,0.91,0.0000,0.0000,     0,0,0,3.93,96.07,0.00,N/A,26.06,8.32,212.03,3.13,78.31,0.12,3.08,0.00,1.48,0.00,1.00,0.00,0.00,0.95,0.92,0.0000,0.0006,     0,0,0,0.26,99.74,0.00,N/A,0.81,0.55,212.03,1.48,37.09,0.00,0.10,0.01,0.29,0.02,1.00,0.00,0.03,0.95,0.29,0.0009,0.0204,     0,0,0,2.22,97.78,0.00,N/A,1.36,4.71,212.03,0.29,7.22,0.01,0.16,0.00,0.42,0.00,1.00,0.00,0.00,0.59,0.90,0.0006,0.0020,     0,0,0,0.02,99.98,0.00,N/A,0.02,0.04,212.03,0.42,10.40,0.00,0.00,0.15,3.33,0.05,1.00,0.00,0.00,0.55,0.84,0.0000,0.0000,     0,0,0,4.61,95.39,0.00,N/A,32.58,9.77,212.03,3.33,83.37,0.15,3.85,0.00,0.45,0.00,1.00,0.00,0.00,0.89,0.94,0.0001,0.0011,     0,0,0,0.02,99.98,0.00,N/A,0.02,0.04,212.03,0.45,11.22,0.00,0.00,0.00,0.40,0.00,1.00,0.00,0.00,0.91,0.90,0.0002,0.0019,     0,0,0,0.02,99.98,0.00,N/A,0.02,0.05,212.03,0.40,10.06,0.00,0.00,0.00,0.42,0.00,1.00,0.00,0.00,0.74,0.90,0.0004,0.0018,     0,0,0,0.02,99.98,0.00,N/A,0.02,0.05,212.03,0.42,10.59,0.00,0.00,0.00,0.43,0.00,1.00,0.00,0.00,0.67,0.91,0.0005,0.0019,     0,0,0,0.02,99.98,0.00,N/A,0.02,0.05,212.03,0.43,10.82,0.00,0.00,0.00,0.58,0.00,1.00,0.00,0.00,0.80,0.61,0.0011,0.0070,     0,0,0,0.09,99.91,0.00,N/A,0.11,0.19,212.03,0.58,14.52,0.00,0.01,
2024-03-21,21:07:13.077,0.04,2.60,0.02,1.00,0.00,0.06,0.95,0.48,0.0000,0.0004,0.00,0.00,-2147483648,0.00,0.00,143.71,55.37,210.24,2.60,64.88,0.04,1.07,1.28,0.58,4.36,1.64,98.36,0.00,100.00,0.00,0.00,0.00,,98.36,0.00,100.00,0.00,0.00,0.00,0.00,-nan,0.08,0.07,2.74,0,0.72,1.21,1.71,98.29,0.00,10,-2147483648,0.00,0.00,N/A,111.88,41.20,210.24,2.72,67.88,0.07,1.66,0.02,2.25,0.01,1.00,0.00,0.03,0.95,0.34,0.0000,0.0009,     0,0,0,0.00,0.00,-2147483648,0.00,0.00,N/A,31.83,14.17,210.24,2.25,56.16,0.02,0.47,0.38,0.72,  0%,  0%,0.12,0.05,  0%,  0%,2.48,1.31,  2%,  1%,0.32,0.26,  0%,  0%,2.44,97.56,0.00,100.00,0.00,0.00,0.84,99.16,0.00,100.00,0.00,0.00,0.00,0.00,0.00 ,0.00 ,-nan ,-nan ,0.08,0.10,0.01,0.35,0.02,1.00,0.00,0.03,0.95,0.32,0.0008,0.0171,     0,0,0,2.32,97.68,0.00,N/A,1.69,4.87,210.24,0.35,8.68,0.01,0.20,0.00,0.42,0.00,1.00,0.00,0.00,1.00,0.87,0.0000,0.0024,     0,0,0,0.02,99.98,0.00,N/A,0.02,0.04,210.24,0.42,10.53,0.00,0.00,0.12,3.13,0.04,1.00,0.00,0.00,0.80,0.88,0.0000,0.0000,     0,0,0,3.92,96.08,0.00,N/A,26.08,8.32,210.24,3.13,78.35,0.12,3.07,0.12,3.12,0.04,1.00,0.00,0.00,0.60,0.88,0.0000,0.0000,     0,0,0,3.93,96.07,0.00,N/A,25.99,8.33,210.24,3.12,78.03,0.12,3.06,0.13,3.31,0.04,1.00,0.00,0.00,0.81,0.62,0.0000,0.0000,     0,0,0,3.92,96.08,0.00,N/A,27.54,8.31,210.24,3.31,82.84,0.13,3.25,0.02,1.68,0.01,1.00,0.00,0.00,0.96,0.93,0.0000,0.0005,     0,0,0,1.15,98.85,0.00,N/A,4.09,2.43,210.24,1.68,42.08,0.02,0.49,0.12,3.13,0.04,1.00,0.00,0.00,0.76,0.93,0.0000,0.0000,     0,0,0,3.93,96.07,0.00,N/A,26.10,8.33,210.24,3.13,78.32,0.12,3.08,0.00,0.65,0.00,1.00,0.00,0.00,0.65,0.62,0.0009,0.0044,     0,0,0,0.27,99.73,0.00,N/A,0.37,0.57,210.24,0.65,16.34,0.00,0.04,0.01,0.28,0.02,1.00,0.00,0.03,0.96,0.28,0.0009,0.0203,     0,0,0,2.28,97.72,0.00,N/A,1.35,4.80,210.24,0.28,7.00,0.01,0.16,0.00,0.44,0.00,1.00,0.00,0.00,0.96,0.91,0.0001,0.0016,     0,0,0,0.02,99.98,0.00,N/A,0.02,0.04,210.24,0.44,10.88,0.00,0.00,0.14,3.38,0.04,1.00,0.00,0.00,0.41,0.88,0.0000,0.0000,     0,0,0,4.22,95.78,0.00,N/A,30.27,8.96,210.24,3.38,84.50,0.14,3.57,0.00,0.47,0.00,1.00,0.00,0.00,0.93,0.83,0.0001,0.0033,     0,0,0,0.02,99.98,0.00,N/A,0.02,0.05,210.24,0.47,11.78,0.00,0.00,0.00,0.50,0.00,1.00,0.00,0.00,0.97,0.82,0.0001,0.0036,     0,0,0,0.02,99.98,0.00,N/A,0.02,0.05,210.24,0.50,12.55,0.00,0.00,0.00,0.48,0.00,1.00,0.00,0.00,0.78,0.81,0.0004,0.0038,     0,0,0,0.02,99.98,0.00,N/A,0.02,0.05,210.24,0.48,12.04,0.00,0.00,0.00,0.47,0.00,1.00,0.00,0.00,0.94,0.83,0.0002,0.0038,     0,0,0,0.02,99.98,0.00,N/A,0.02,0.05,210.24,0.47,11.64,0.00,0.00,0.00,0.59,0.00,1.00,0.00,0.00,0.76,0.61,0.0014,0.0067,     0,0,0,0.09,99.91,0.00,N/A,0.11,0.18,210.24,0.59,14.71,0.00,0.01,
2024-03-21,21:07:13.174,0.04,2.46,0.02,1.00,0.01,0.07,0.92,0.58,0.0000,0.0005,0.00,0.00,-2147483648,0.00,0.00,141.21,57.43,211.62,2.46,61.47,0.04,1.06,0.35,0.16,1.59,1.72,98.28,0.00,100.00,0.00,0.00,0.00,0.00,-nan,0.08,0.07,2.67,0.03,1.00,0.00,0.03,0.94,0.65,0.0000,0.0003,     0,0,0,0.00,0.00,-2147483648,0.00,0.00,N/A,116.23,43.59,211.62,2.67,66.66,0.07,1.75,0.01,1.81,0.01,1.00,0.00,0.03,0.90,0.46,0.0001,0.0013,     0,0,0,0.00,0.00,-2147483648,0.00,0.00,N/A,24.98,13.84,211.62,1.81,45.13,0.01,0.37,0.09,0.10,  0%,  0%,0.12,0.04,  0%,  0%,0.19,0.90,  0%,  1%,0.29,0.22,  0%,  0%,2.63,97.37,0.00,100.00,0.00,0.00,0.82,99.18,0.00,100.00,0.00,0.00,0.00,0.00,0.00 ,0.00 ,-nan ,-nan ,0.08,0.08,0.01,0.32,0.02,1.00,0.00,0.03,0.96,0.30,0.0008,0.0187,     0,0,0,2.23,97.77,0.00,N/A,1.52,4.73,211.62,0.32,8.03,0.01,0.18,0.00,1.43,0.00,1.00,0.00,0.00,0.82,0.91,0.0001,0.0007,     0,0,0,0.30,99.70,0.00,N/A,0.90,0.63,211.62,1.43,35.64,0.00,0.11,0.13,3.14,0.04,1.00,0.00,0.00,0.90,0.90,0.0000,0.0000,     0,0,0,4.08,95.92,0.00,N/A,26.13,8.33,211.62,3.14,78.43,0.13,3.20,0.13,3.13,0.04,1.00,0.00,0.00,0.74,0.91,0.0000,0.0000,     0,0,0,4.08,95.92,0.00,N/A,26.09,8.33,211.62,3.13,78.34,0.13,3.19,0.14,3.33,0.04,1.00,0.00,0.00,0.84,0.63,0.0000,0.0000,     0,0,0,4.07,95.93,0.00,N/A,27.73,8.32,211.62,3.33,83.33,0.14,3.39,0.04,1.67,0.02,1.00,0.00,0.00,0.96,0.93,0.0000,0.0004,     0,0,0,2.14,97.86,0.00,N/A,7.52,4.50,211.62,1.67,41.78,0.04,0.89,0.13,3.13,0.04,1.00,0.00,0.00,0.79,0.91,0.0000,0.0000,     0,0,0,4.07,95.93,0.00,N/A,26.05,8.32,211.62,3.13,78.32,0.13,3.19,0.00,0.65,0.00,1.00,0.00,0.00,0.58,0.58,0.0013,0.0050,     0,0,0,0.21,99.79,0.00,N/A,0.29,0.44,211.62,0.65,16.19,0.00,0.03,0.01,0.30,0.02,1.00,0.00,0.03,0.96,0.28,0.0008,0.0210,     0,0,0,2.11,97.89,0.00,N/A,1.32,4.43,211.62,0.30,7.41,0.01,0.16,0.01,0.87,0.01,1.00,0.00,0.00,0.59,0.80,0.0007,0.0019,     0,0,0,1.00,99.00,0.00,N/A,1.83,2.11,211.62,0.87,21.69,0.01,0.22,0.10,3.40,0.03,1.00,0.00,0.00,0.30,0.90,0.0000,0.0000,     0,0,0,3.06,96.94,0.00,N/A,21.23,6.25,211.62,3.40,84.95,0.10,2.60,0.00,0.63,0.00,1.00,0.00,0.00,0.48,0.68,0.0014,0.0028,     0,0,0,0.33,99.67,0.00,N/A,0.44,0.70,211.62,0.63,15.82,0.00,0.05,0.00,0.37,0.00,1.00,0.00,0.00,0.64,0.87,0.0008,0.0026,     0,0,0,0.03,99.97,0.00,N/A,0.02,0.06,211.62,0.37,9.23,0.00,0.00,0.00,0.42,0.00,1.00,0.00,0.00,0.89,0.88,0.0002,0.0024,     0,0,0,0.02,99.98,0.00,N/A,0.02,0.04,211.62,0.42,10.58,0.00,0.00,0.00,0.44,0.00,1.00,0.00,0.00,0.76,0.88,0.0004,0.0022,     0,0,0,0.02,99.98,0.00,N/A,0.02,0.04,211.62,0.44,11.01,0.00,0.00,0.00,0.52,0.00,1.00,0.00,0.00,0.66,0.59,0.0021,0.0073,     0,0,0,0.10,99.90,0.00,N/A,0.11,0.21,211.62,0.52,13.09,0.00,0.01,
2024-03-21,21:07:13.285,0.04,2.62,0.02,1.00,0.00,0.06,0.95,0.54,0.0000,0.0004,0.00,0.00,-2147483648,0.00,0.00,151.19,57.74,210.19,2.62,65.46,0.04,1.10,0.77,0.45,1.50,1.68,98.32,0.00,100.00,0.00,0.00,0.00,0.00,-nan,0.08,0.05,2.50,0.02,1.00,0.00,0.03,0.94,0.63,0.0000,0.0004,     0,0,0,0.00,0.00,-2147483648,0.00,0.00,N/A,86.32,34.47,210.19,2.50,62.61,0.05,1.24,0.04,2.79,0.01,1.00,0.00,0.03,0.96,0.33,0.0000,0.0004,     0,0,0,0.00,0.00,-2147483648,0.00,0.00,N/A,64.87,23.28,210.19,2.79,69.68,0.04,0.95,0.08,0.10,  0%,  0%,0.34,0.25,  0%,  0%,0.21,0.34,  0%,  0%,0.52,0.43,  0%,  0%,1.98,98.02,0.00,100.00,0.00,0.00,1.37,98.63,0.00,100.00,0.00,0.00,0.00,0.00,0.00 ,0.00 ,-nan ,-nan ,0.08,0.08,0.01,0.31,0.02,1.00,0.00,0.03,0.96,0.30,0.0009,0.0203,     0,0,0,2.04,97.96,0.00,N/A,1.31,4.29,210.19,0.31,7.65,0.01,0.16,0.00,0.46,0.00,1.00,0.00,0.00,0.96,0.91,0.0001,0.0018,     0,0,0,0.02,99.98,0.00,N/A,0.02,0.04,210.19,0.46,11.49,0.00,0.00,0.11,3.13,0.04,1.00,0.00,0.00,0.82,0.89,0.0000,0.0000,     0,0,0,3.57,96.43,0.00,N/A,26.09,8.33,210.19,3.13,78.29,0.11,2.80,0.11,3.14,0.04,1.00,0.00,0.00,0.90,0.93,0.0000,0.0000,     0,0,0,3.57,96.43,0.00,N/A,26.15,8.32,210.19,3.14,78.54,0.11,2.80,0.00,0.90,0.00,1.00,0.00,0.00,0.93,0.77,0.0000,0.0018,     0,0,0,0.24,99.76,0.00,N/A,0.46,0.51,210.19,0.90,22.58,0.00,0.05,0.00,0.48,0.00,1.00,0.00,0.00,0.67,0.89,0.0005,0.0017,     0,0,0,0.03,99.97,0.00,N/A,0.03,0.06,210.19,0.48,11.96,0.00,0.00,0.12,3.14,0.04,1.00,0.00,0.00,0.91,0.88,0.0000,0.0000,     0,0,0,3.85,96.15,0.00,N/A,26.08,8.32,210.19,3.14,78.39,0.12,3.02,0.03,1.35,0.02,1.00,0.00,0.00,0.81,0.90,0.0001,0.0007,     0,0,0,2.17,97.83,0.00,N/A,6.18,4.60,210.19,1.35,33.63,0.03,0.73,0.01,0.30,0.02,1.00,0.00,0.03,0.96,0.28,0.0008,0.0209,     0,0,0,2.05,97.95,0.00,N/A,1.31,4.34,210.19,0.30,7.54,0.01,0.15,0.00,0.55,0.00,1.00,0.00,0.00,0.92,0.77,0.0002,0.0053,     0,0,0,0.02,99.98,0.00,N/A,0.03,0.05,210.19,0.55,13.63,0.00,0.00,0.16,3.40,0.05,1.00,0.00,0.00,0.38,0.88,0.0000,0.0000,     0,0,0,4.82,95.18,0.00,N/A,35.35,10.41,210.19,3.40,84.88,0.16,4.09,0.13,3.38,0.04,1.00,0.00,0.00,0.71,0.79,0.0000,0.0000,     0,0,0,3.86,96.14,0.00,N/A,28.12,8.32,210.19,3.38,84.47,0.13,3.26,0.00,0.50,0.00,1.00,0.00,0.00,0.97,0.90,0.0001,0.0020,     0,0,0,0.02,99.98,0.00,N/A,0.02,0.04,210.19,0.50,12.40,0.00,0.00,0.00,0.45,0.00,1.00,0.00,0.00,0.77,0.87,0.0004,0.0024,     0,0,0,0.02,99.98,0.00,N/A,0.02,0.04,210.19,0.45,11.16,0.00,0.00,0.00,0.44,0.00,1.00,0.00,0.00,0.81,0.88,0.0004,0.0022,     0,0,0,0.02,99.98,0.00,N/A,0.02,0.04,210.19,0.44,11.04,0.00,0.00,0.00,0.49,0.00,1.00,0.00,0.00,0.85,0.91,0.0002,0.0019,     0,0,0,0.02,99.98,0.00,N/A,0.02,0.04,210.19,0.49,12.36,0.00,0.00,
2024-03-21,21:07:13.378,0.04,2.61,0.02,1.00,0.00,0.06,0.96,0.55,0.0000,0.0004,0.00,0.00,-2147483648,0.00,0.00,145.46,55.70,208.08,2.61,65.29,0.04,1.10,0.39,0.15,1.17,1.68,98.32,0.00,100.00,0.00,0.00,0.00,0.00,-nan,0.08,0.05,2.55,0.02,1.00,0.00,0.03,0.96,0.65,0.0000,0.0004,     0,0,0,0.00,0.00,-2147483648,0.00,0.00,N/A,87.47,34.34,208.08,2.55,63.69,0.05,1.33,0.03,2.71,0.01,1.00,0.00,0.03,0.95,0.33,0.0000,,1.00,0.00,0.03,0.94,0.36,0.0000,0.0005,     0,0,0,0.00,0.00,-2147483648,0.00,0.00,N/A,57.09,21.69,210.00,2.63,65.79,0.03,0.85,0.07,0.09,  0%,  0%,0.15,0.05,  0%,  0%,0.17,0.32,  0%,  0%,0.36,0.27,  0%,  0%,2.25,97.75,0.00,100.00,0.00,0.00,1.29,98.71,0.00,100.00,0.00,0.00,0.00,0.00,0.00 ,0.00 ,-nan ,-nan ,0.10,0.10,0.01,0.32,0.02,1.00,0.00,0.03,0.96,0.30,0.0008,0.0194,     0,0,0,2.15,97.85,0.00,N/A,1.43,4.51,210.00,0.32,7.92,0.01,0.17,0.01,1.09,0.01,1.00,0.00,0.00,0.43,0.88,0.0007,0.0012,     0,0,0,1.19,98.81,0.00,N/A,2.72,2.50,210.00,1.09,27.20,0.01,0.32,0.14,3.12,0.04,1.00,0.00,0.00,0.68,0.85,0.0000,0.0000,     0,0,0,4.33,95.67,0.00,N/A,25.99,8.32,210.00,3.12,78.05,0.14,3.38,0.14,3.13,0.04,1.00,0.00,0.00,0.96,0.89,0.0000,0.0000,     0,0,0,4.32,95.68,0.00,N/A,26.03,8.32,210.00,3.13,78.21,0.14,3.38,0.00,0.74,0.00,1.00,0.00,0.00,0.73,0.81,0.0001,0.0019,     0,0,0,0.07,99.93,0.00,N/A,0.11,0.14,210.00,0.74,18.46,0.00,0.01,0.02,1.79,0.01,1.00,0.00,0.00,0.54,0.88,0.0001,0.0002,     0,0,0,1.04,98.96,0.00,N/A,3.91,2.18,210.00,1.79,44.79,0.02,0.46,0.12,3.14,0.04,1.00,0.00,0.00,0.83,0.91,0.0000,0.0000,     0,0,0,3.96,96.04,0.00,N/A,26.10,8.33,210.00,3.14,78.38,0.12,3.11,0.02,1.71,0.01,1.00,0.00,0.00,0.96,0.95,0.0000,0.0003,     0,0,0,1.28,98.72,0.00,N/A,4.58,2.68,210.00,1.71,42.67,0.02,0.55,0.01,0.29,0.02,1.00,0.00,0.03,0.96,0.28,0.0009,0.0207,     0,0,0,2.22,97.78,0.00,N/A,1.33,4.66,210.00,0.29,7.15,0.01,0.16,0.00,0.43,0.00,1.00,0.00,0.00,0.74,0.90,0.0005,0.0021,     0,0,0,0.02,99.98,0.00,N/A,0.02,0.04,210.00,0.43,10.79,0.00,0.00,0.13,3.32,0.04,1.00,0.00,0.00,0.34,0.86,0.0000,0.0000,     0,0,0,3.99,96.01,0.00,N/A,27.84,8.38,210.00,3.32,83.09,0.13,3.31,0.13,3.32,0.04,1.00,0.00,0.00,0.72,0.74,0.0000,0.0000,     0,0,0,3.99,96.01,0.00,N/A,27.78,8.37,210.00,3.32,82.94,0.13,3.31,0.00,0.54,0.00,1.00,0.00,0.00,0.69,0.77,0.0012,0.0048,     0,0,0,0.05,99.95,0.00,N/A,0.05,0.10,210.00,0.54,13.52,0.00,0.01,0.00,0.47,0.00,1.00,0.00,0.00,0.67,0.78,0.0008,0.0044,     0,0,0,0.03,99.97,0.00,N/A,0.02,0.05,210.00,0.47,11.82,0.00,0.00,0.00,0.45,0.00,1.00,0.00,0.00,0.80,0.79,0.0007,0.0044,     0,0,0,0.02,99.98,0.00,N/A,0.02,0.05,210.00,0.45,11.20,0.00,0.00,0.00,0.47,0.00,1.00,0.00,0.00,0.42,0.90,0.0009,0.0017,     0,0,0,0.02,99.98,0.00,N/A,0.02,0.04,210.00,0.47,11.81,0.00,0.00,
2024-03-21,21:07:13.482,0.05,2.32,0.02,1.00,0.01,0.08,0.89,0.61,0.0001,0.0005,0.00,0.00,-2147483648,0.00,0.00,160.22,69.15,210.33,2.32,57.93,0.05,1.19,1.58,0.50,3.73,2.05,97.95,0.00,100.00,0.00,0.00,0.00,0.00,-nan,0.08,0.05,2.44,0.02,1.00,0.00,0.04,0.88,0.64,0.0000,0.0004,     0,0,0,0.00,0.00,-2147483648,0.00,0.00,N/A,88.98,36.44,210.33,2.44,61.05,0.05,1.32,0.04,2.18,0.02,1.00,0.00,0.05,0.89,0.59,0.0001,0.0006,     0,0,0,0.00,0.00,-2147483648,0.00,0.00,N/A,71.25,32.71,210.33,2.18,54.46,0.04,1.05,0.19,0.19,  0%,  0%,0.64,0.56,  0%,  0%,1.08,1.01,  1%,  1%,0.83,0.80,  0%,  0%,2.17,97.83,0.00,100.00,0.00,0.00,1.93,98.07,0.00,100.00,0.00,0.00,0.00,0.00,0.00 ,0.00 ,-nan ,-nan ,0.08,0.08,0.01,0.31,0.02,1.00,0.00,0.03,0.96,0.29,0.0009,0.0207,     0,0,0,1.99,98.01,0.00,N/A,1.30,4.19,210.33,0.31,7.77,0.01,0.15,0.03,1.64,0.02,1.00,0.00,0.00,0.88,0.93,0.0001,0.0004,     0,0,0,1.90,98.10,0.00,N/A,6.54,3.99,210.33,1.64,40.96,0.03,0.78,0.12,3.13,0.04,1.00,0.00,0.00,0.85,0.80,0.0000,0.0000,     0,0,0,3.96,96.04,0.00,N/A,26.08,8.32,210.33,3.13,78.34,0.12,3.10,0.12,3.14,0.04,1.00,0.00,0.00,0.84,0.89,0.0000,0.0000,     0,0,0,3.96,96.04,0.00,N/A,26.14,8.33,210.33,3.14,78.46,0.12,3.11,0.00,0.84,0.00,1.00,0.00,0.00,0.83,0.73,0.0001,0.0025,     0,0,0,0.19,99.81,0.00,N/A,0.33,0.40,210.33,0.84,21.04,0.00,0.04,0.00,1.18,0.00,1.00,0.00,0.00,0.60,0.77,0.0002,0.0007,     0,0,0,0.41,99.59,0.00,N/A,1.01,0.85,210.33,1.18,29.50,0.00,0.12,0.12,3.14,0.04,1.00,0.00,0.00,0.82,0.90,0.0000,0.0000,     0,0,0,3.96,96.04,0.00,N/A,26.18,8.33,210.33,3.14,78.55,0.12,3.11,0.01,0.69,0.01,1.00,0.00,0.01,0.48,0.66,0.0016,0.0040,     0,0,0,0.96,99.04,0.00,N/A,1.40,2.02,210.33,0.69,17.36,0.01,0.17,0.01,0.33,0.02,1.00,0.00,0.03,0.95,0.28,0.0008,0.0176,     0,0,0,2.44,97.56,0.00,N/A,1.69,5.14,210.33,0.33,8.22,0.01,0.20,0.03,1.39,0.02,1.00,0.00,0.01,0.82,0.77,0.0002,0.0011,     0,0,0,2.26,97.74,0.00,N/A,6.59,4.76,210.33,1.39,34.63,0.03,0.78,0.14,3.31,0.04,1.00,0.00,0.00,0.23,0.84,0.0000,0.0000,     0,0,0,4.12,95.88,0.00,N/A,28.75,8.68,210.33,3.31,82.84,0.14,3.42,0.14,3.32,0.04,1.00,0.00,0.00,0.49,0.83,0.0000,0.0000,     0,0,0,4.12,95.88,0.00,N/A,28.75,8.67,210.33,3.32,82.94,0.14,3.42,0.00,0.45,0.00,1.00,0.00,0.00,0.65,0.70,0.0017,0.0062,     0,0,0,0.08,99.92,0.00,N/A,0.08,0.17,210.33,0.45,11.15,0.00,0.01,0.00,0.64,0.00,1.00,0.00,0.00,0.87,0.63,0.0002,0.0032,     0,0,0,0.28,99.72,0.00,N/A,0.38,0.60,210.33,0.64,16.07,0.00,0.05,0.02,1.17,0.02,1.00,0.00,0.00,0.78,0.79,0.0002,0.0008,     0,0,0,1.64,98.36,0.00,N/A,4.24,3.63,210.33,1.17,29.24,0.02,0.48,0.00,0.71,0.01,1.00,0.00,0.00,0.56,0.73,0.0014,0.0034,     0,0,0,0.51,99.49,0.00,N/A,0.76,1.07,210.33,0.71,17.75,0.00,0.09,
2024-03-21,21:07:13.577,0.04,2.50,0.02,1.00,0.01,0.06,0.92,0.50,0.0000,0.0004,0.00,0.00,-2147483648,0.00,0.00,144.12,57.73,210.27,2.50,62.41,0.04,1.07,0.42,0.23,1.24,1.72,98.28,0.00,100.00,0.00,0.00,0.00,0.00,-nan,0.08,0.05,2.54,0.02,1.00,0.00,0.03,0.95,0.60,0.0000,0.0003,     0,0,0,0.00,0.00,-2147483648,0.00,0.00,N/A,84.65,33.29,210.27,2.54,63.57,0.05,1.26,0.04,2.43,0.01,1.00,0.00,0.03,0.89,0.37,0.0001,0.0006,     0,0,0,0.00,0.00,-2147483648,0.00,0.00,N/A,59.47,24.44,210.27,2.43,60.83,0.04,0.89,0.12,0.13,  0%,  0%,0.12,0.05,  0%,  0%,0.30,0.39,  0%,  0%,0.31,0.24,  0%,  0%,1.98,98.02,0.00,100.00,0.00,0.00,1.46,98.54,0.00,100.00,0.00,0.00,0.00,0.00,0.00 ,0.00 ,-nan ,-nan ,0.08,0.08,0.01,0.30,0.02,1.00,0.00,0.03,0.96,0.30,0.0009,0.0201,     0,0,0,2.07,97.93,0.00,N/A,1.32,4.34,210.27,0.30,7.61,0.01,0.16,0.02,1.69,0.01,1.00,0.00,0.00,0.98,0.94,0.0000,0.0003,     0,0,0,1.08,98.92,0.00,N/A,3.86,2.28,210.27,1.69,42.30,0.02,0.46,0.12,3.12,0.04,1.00,0.00,0.00,0.79,0.79,0.0000,0.0000,     0,0,0,3.96,96.04,0.00,N/A,25.96,8.32,210.27,3.12,77.98,0.12,3.09,0.12,3.14,0.04,1.00,0.00,0.00,0.86,0.91,0.0000,0.0000,     0,0,0,3.96,96.04,0.00,N/A,26.11,8.32,210.27,3.14,78.43,0.12,3.10,0.00,0.53,0.00,1.00,0.00,0.00,0.85,0.77,0.0004,0.0048,     0,0,0,0.04,99.96,0.00,N/A,0.05,0.09,210.27,0.53,13.21,0.00,0.01,0.01,0.79,0.01,1.00,0.00,0.00,0.61,0.92,0.0002,0.0005,     0,0,0,0.74,99.26,0.00,N/A,1.24,1.57,210.27,0.79,19.87,0.01,0.15,0.12,3.14,0.04,1.00,0.00,0.00,0.84,0.91,0.0000,0.0000,     0,0,0,3.96,96.04,0.00,N/A,26.09,8.32,210.27,3.14,78.41,0.12,3.10,0.00,0.41,0.00,1.00,0.00,0.00,0.77,0.91,0.0003,0.0017,     0,0,0,0.02,99.98,0.00,N/A,0.02,0.05,210.27,0.41,10.30,0.00,0.00,0.01,0.31,0.02,1.00,0.00,0.03,0.96,0.28,0.0008,0.0213,     0,0,0,1.96,98.04,0.00,N/A,1.28,4.12,210.27,0.31,7.79,0.01,0.15,0.00,0.41,0.00,1.00,0.00,0.00,0.78,0.90,0.0003,0.0019,     0,0,0,0.02,99.98,0.00,N/A,0.02,0.04,210.27,0.41,10.24,0.00,0.00,0.14,3.34,0.04,1.00,0.00,0.00,0.53,0.70,0.0000,0.0000,     0,0,0,4.07,95.93,0.00,N/A,28.57,8.55,210.27,3.34,83.58,0.14,3.40,0.14,3.34,0.04,1.00,0.00,0.00,0.64,0.70,0.0000,0.0000,     0,0,0,4.07,95.93,0.00,N/A,28.57,8.55,210.27,3.34,83.56,0.14,3.40,0.00,0.42,0.00,1.00,0.00,0.00,0.59,0.74,0.0010,0.0028,     0,0,0,0.13,99.87,0.00,N/A,0.11,0.27,210.27,0.42,10.52,0.00,0.01,0.00,0.44,0.00,1.00,0.00,0.00,0.69,0.69,0.0016,0.0065,     0,0,0,0.05,99.95,0.00,N/A,0.05,0.11,210.27,0.44,11.07,0.00,0.01,0.00,0.44,0.00,1.00,0.00,0.00,0.72,0.70,0.0015,0.0062,     0,0,0,0.06,99.94,0.00,N/A,0.05,0.11,210.27,0.44,11.09,0.00,0.01,0.00,0.30,0.01,1.00,0.00,0.00,0.46,0.51,0.0025,0.0052,     0,0,0,1.28,98.72,0.00,N/A,0.82,2.69,210.27,0.30,7.60,0.00,0.10,
2024-03-21,21:07:13.677,0.04,2.42,0.02,1.00,0.00,0.07,0.93,0.61,0.0000,0.0004,0.00,0.00,-2147483648,0.00,0.00,148.81,61.52,209.94,2.42,60.48,0.04,1.11,0.52,0.14,1.46,1.83,98.17,0.00,100.00,0.00,0.00,0.00,0.00,-nan,0.08,0.05,2.34,0.02,1.00,0.00,0.03,0.94,0.71,0.0000,0.0004,     0,0,0,0.00,0.00,-2147483648,0.00,0.00,N/A,91.48,39.03,209.94,2.34,58.59,0.05,1.36,0.03,2.55,0.01,1.00,0.00,0.03,0.91,0.35,0.0000,0.0005,     0,0,0,0.00,0.00,-2147483648,0.00,0.00,N/A,57.33,22.48,209.94,2.55,63.75,0.03,0.85,0.10,0.12,  0%,  0%,0.18,0.11,  0%,  0%,0.24,0.35,  0%,  0%,0.47,0.40,  0%,  0%,2.32,97.68,0.00,100.00,0.00,0.00,1.34,98.66,0.00,100.00,0.00,0.00,0.00,0.00,0.00 ,0.00 ,-nan ,-nan ,0.08,0.08,0.01,0.31,0.02,1.00,0.00,0.03,0.96,0.29,0.0008,0.0200,     0,0,0,2.07,97.93,0.00,N/A,1.37,4.35,209.94,0.31,7.86,0.01,0.16,0.05,1.73,0.03,1.00,0.00,0.00,0.98,0.95,0.0000,0.0003,     0,0,0,2.94,97.06,0.00,N/A,10.64,6.15,209.94,1.73,43.21,0.05,1.27,0.12,3.11,0.04,1.00,0.00,0.00,0.84,0.79,0.0000,0.0000,     0,0,0,3.96,96.04,0.00,N/A,25.90,8.32,209.94,3.11,77.86,0.12,3.08,0.12,3.13,0.04,1.00,0.00,0.00,0.91,0.90,0.0000,0.0000,     0,0,0,3.97,96.03,0.00,N/A,26.09,8.33,209.94,3.13,78.30,0.12,3.11,0.00,0.62,0.00,1.00,0.00,0.00,0.73,0.65,0.0001,0.0029,     0,0,0,0.26,99.74,0.00,N/A,0.33,0.54,209.94,0.62,15.43,0.00,0.04,0.00,0.23,0.01,1.00,0.00,0.00,0.50,0.92,0.0005,0.0011,     0,0,0,1.17,98.83,0.00,N/A,0.56,2.46,209.94,0.23,5.73,0.00,0.07,0.12,3.14,0.04,1.00,0.00,0.00,0.90,0.91,0.0000,0.0000,     0,0,0,3.97,96.03,0.00,N/A,26.12,8.33,209.94,3.14,78.40,0.12,3.11,0.00,0.86,0.00,1.00,0.00,0.00,0.59,0.69,0.0005,0.0030,     0,0,0,0.26,99.74,0.00,N/A,0.47,0.55,209.94,0.86,21.44,0.00,0.06,0.01,0.32,0.02,1.00,0.00,0.03,0.96,0.28,0.0008,0.0192,     0,0,0,2.18,97.82,0.00,N/A,1.45,4.59,209.94,0.32,7.91,0.01,0.17,0.00,0.54,0.00,1.00,0.00,0.00,0.87,0.87,0.0002,0.0030,     0,0,0,0.03,99.97,0.00,N/A,0.03,0.05,209.94,0.54,13.51,0.00,0.00,0.00,0.44,0.00,1.00,0.00,0.00,0.56,0.65,0.0025,0.0061,     0,0,0,0.09,99.91,0.00,N/A,0.08,0.18,209.94,0.44,11.01,0.00,0.01,0.13,3.33,0.04,1.00,0.00,0.00,0.65,0.70,0.0000,0.0000,     0,0,0,3.94,96.06,0.00,N/A,27.58,8.27,209.94,3.33,83.35,0.13,3.28,0.13,3.37,0.04,1.00,0.00,0.00,0.72,0.75,0.0000,0.0000,     0,0,0,3.91,96.09,0.00,N/A,27.68,8.21,209.94,3.37,84.27,0.13,3.30,0.00,0.47,0.00,1.00,0.00,0.00,0.71,0.89,0.0005,0.0019,     0,0,0,0.02,99.98,0.00,N/A,0.02,0.04,209.94,0.47,11.79,0.00,0.00,0.00,0.66,0.00,1.00,0.00,0.00,0.67,0.83,0.0002,0.0014,     0,0,0,0.07,99.93,0.00,N/A,0.09,0.14,209.94,0.66,16.40,0.00,0.01,0.00,0.39,0.00,1.00,0.00,0.00,0.39,0.50,0.0031,0.0056,     0,0,0,0.47,99.53,0.00,N/A,0.39,0.99,209.94,0.39,9.82,0.00,0.05,
2024-03-21,21:07:13.776,0.04,2.57,0.02,1.00,0.00,0.06,0.93,0.53,0.0000,0.0004,0.00,0.00,-2147483648,0.00,0.00,144.22,56.16,209.75,2.57,64.20,0.04,1.07,2.09,1.23,5.11,1.67,98.33,0.00,100.00,0.00,0.00,0.00,0.00,-nan,0.08,0.07,2.71,0.03,1.00,0.00,0.03,0.94,0.63,0.0000,0.0003,     0,0,0,0.00,0.00,-2147483648,0.00,0.00,N/A,114.04,42.01,209.75,2.71,67.87,0.07,1.70,0.02,2.13,0.01,1.00,0.00,0.03,0.92,0.35,0.0001,0.0011,     0,0,0,0.00,0.00,-2147483648,0.00,0.00,N/A,30.18,14.15,209.75,2.13,53.30,0.02,0.45,0.37,0.24,  0%,  0%,0.78,0.70,  0%,  0%,0.43,0.69,  0%,  0%,2.00,1.98,  2%,  2%,2.50,97.50,0.00,100.00,0.00,0.00,0.84,99.16,0.00,100.00,0.00,0.00,0.00,0.00,0.00 ,0.00 ,-nan ,-nan ,0.08,0.08,0.01,0.30,0.02,1.00,0.00,0.03,0.96,0.29,0.0009,0.0199,     0,0,0,2.15,97.85,0.00,N/A,1.37,4.51,209.75,0.30,7.62,0.01,0.16,0.00,0.88,0.00,1.00,0.00,0.00,0.76,0.97,0.0001,0.0003,     0,0,0,0.27,99.73,0.00,N/A,0.50,0.57,209.75,0.88,21.98,0.00,0.06,0.12,3.12,0.04,1.00,0.00,0.00,0.63,0.85,0.0000,0.0000,     0,0,0,3.97,96.03,0.00,N/A,26.02,8.33,209.75,3.12,78.10,0.12,3.10,0.12,3.14,0.04,1.00,0.00,0.00,0.75,0.88,0.0000,0.0000,     0,0,0,3.97,96.03,0.00,N/A,26.15,8.33,209.75,3.14,78.46,0.12,3.12,0.13,3.38,0.04,1.00,0.00,0.00,0.88,0.82,0.0000,0.0000,     0,0,0,3.97,96.03,0.00,N/A,28.09,8.32,209.75,3.38,84.41,0.13,3.35,0.02,1.65,0.01,1.00,0.00,0.00,0.85,0.95,0.0000,0.0003,     0,0,0,1.43,98.57,0.00,N/A,4.95,3.00,209.75,1.65,41.21,0.02,0.59,0.12,3.14,0.04,1.00,0.00,0.00,0.47,0.89,0.0000,0.0000,     0,0,0,3.97,96.03,0.00,N/A,26.13,8.33,209.75,3.14,78.43,0.12,3.11,0.00,1.33,0.00,1.00,0.00,0.00,0.57,0.87,0.0003,0.0009,     0,0,0,0.30,99.70,0.00,N/A,0.83,0.63,209.75,1.33,33.32,0.00,0.10,0.01,0.29,0.02,1.00,0.00,0.03,0.96,0.27,0.0009,0.0211,     0,0,0,2.18,97.82,0.00,N/A,1.32,4.57,209.75,0.29,7.22,0.01,0.16,0.00,0.46,0.00,1.00,0.00,0.00,0.52,0.84,0.0007,0.0032,     0,0,0,0.02,99.98,0.00,N/A,0.02,0.05,209.75,0.46,11.49,0.00,0.00,0.00,0.44,0.00,1.00,0.00,0.00,0.67,0.68,0.0014,0.0063,     0,0,0,0.06,99.94,0.00,N/A,0.05,0.12,209.75,0.44,11.08,0.00,0.01,0.00,0.45,0.00,1.00,0.00,0.00,0.62,0.65,0.0021,0.0062,     0,0,0,0.11,99.89,0.00,N/A,0.11,0.24,209.75,0.45,11.32,0.00,0.01,0.00,0.47,0.00,1.00,0.00,0.00,0.72,0.63,0.0017,0.0065,     0,0,0,0.11,99.89,0.00,N/A,0.11,0.23,209.75,0.47,11.75,0.00,0.01,0.03,3.33,0.01,1.00,0.00,0.00,0.80,0.89,0.0000,0.0000,     0,0,0,1.01,98.99,0.00,N/A,7.06,2.12,209.75,3.33,83.35,0.03,0.84,0.10,3.39,0.03,1.00,0.00,0.00,0.57,0.91,0.0000,0.0000,     0,0,0,2.98,97.02,0.00,N/A,21.20,6.26,209.75,3.39,84.72,0.10,2.53,0.00,0.53,0.00,1.00,0.00,0.00,0.57,0.54,0.0025,0.0068,     0,0,0,0.27,99.73,0.00,N/A,0.31,0.58,209.75,0.53,13.28,0.00,0.04,
2024-03-21,21:07:13.877,0.04,2.54,0.02,1.00,0.00,0.06,0.93,0.53,0.0000,0.0004,0.00,0.00,-2147483648,0.00,0.00,145.83,57.37,210.22,2.54,63.55,0.04,1.08,0.94,1.27,3.70,1.71,98.29,0.00,100.00,0.00,0.00,0.00,0.00,-nan,0.08,0.07,2.69,0.03,1.00,0.00,0.03,0.94,0.63,0.0000,0.0003,     0,0,0,0.00,0.00,-2147483648,0.00,0.00,N/A,114.65,42.67,210.22,2.69,67.17,0.07,1.70,0.02,2.12,0.01,1.00,0.00,0.03,0.93,0.35,0.0001,0.0010,     0,0,0,0.00,0.00,-2147483648,0.00,0.00,N/A,31.18,14.70,210.22,2.12,53.03,0.02,0.46,0.25,0.41,  0%,  0%,0.17,0.10,  0%,  0%,1.11,1.45,  1%,  1%,0.60,0.54,  0%,  0%,2.54,97.46,0.00,100.00,0.00,0.00,0.87,99.13,0.00,100.00,0.00,0.00,0.00,0.00,0.00 ,0.00 ,-nan ,-nan ,0.08,0.08,0.01,0.30,0.02,1.00,0.00,0.03,0.95,0.28,0.0009,0.0202,     0,0,0,2.18,97.82,0.00,N/A,1.38,4.58,210.22,0.30,7.55,0.01,0.16,0.00,0.51,0.00,1.00,0.00,0.00,0.64,0.76,0.0004,0.0030,     0,0,0,0.16,99.84,0.00,N/A,0.17,0.33,210.22,0.51,12.78,0.00,0.02,0.12,3.13,0.04,1.00,0.00,0.00,0.74,0.78,0.0000,0.0000,     0,0,0,3.96,96.04,0.00,N/A,26.02,8.32,210.22,3.13,78.15,0.12,3.09,0.12,3.13,0.04,1.00,0.00,0.00,0.84,0.87,0.0000,0.0000,     0,0,0,3.96,96.04,0.00,N/A,26.10,8.33,210.22,3.13,78.35,0.12,3.10,0.13,3.39,0.04,1.00,0.00,0.00,0.83,0.87,0.0000,0.0000,     0,0,0,3.96,96.04,0.00,N/A,28.21,8.32,210.22,3.39,84.80,0.13,3.36,0.00,0.87,0.01,1.00,0.00,0.00,0.51,0.85,0.0004,0.0014,     0,0,0,0.51,99.49,0.00,N/A,0.93,1.07,210.22,0.87,21.75,0.00,0.11,0.12,3.14,0.04,1.00,0.00,0.00,0.76,0.86,0.0000,0.0000,     0,0,0,3.96,96.04,0.00,N/A,26.13,8.33,210.22,3.14,78.42,0.12,3.11,0.03,1.68,0.02,1.00,0.00,0.00,0.88,0.94,0.0000,0.0004,     0,0,0,1.62,98.38,0.00,N/A,5.70,3.40,210.22,1.68,41.99,0.03,0.68,0.01,0.49,0.03,1.00,0.00,0.03,0.95,0.28,0.0005,0.0110,     0,0,0,2.52,97.48,0.00,N/A,2.58,5.30,210.22,0.49,12.17,0.01,0.31,0.00,0.40,0.00,1.00,0.00,0.00,0.67,0.89,0.0007,0.0022,     0,0,0,0.03,99.97,0.00,N/A,0.02,0.05,210.22,0.40,9.95,0.00,0.00,0.03,3.24,0.01,1.00,0.00,0.00,0.73,0.68,0.0000,0.0001,     0,0,0,1.04,98.96,0.00,N/A,7.11,2.19,210.22,3.24,81.12,0.03,0.85,0.10,3.36,0.03,1.00,0.00,0.00,0.79,0.71,0.0000,0.0000,     0,0,0,2.93,97.07,0.00,N/A,20.72,6.16,210.22,3.36,84.05,0.10,2.46,0.00,0.46,0.00,1.00,0.00,0.00,0.83,0.71,0.0009,0.0060,     0,0,0,0.05,99.95,0.00,N/A,0.05,0.11,210.22,0.46,11.42,0.00,0.01,0.00,0.50,0.00,1.00,0.00,0.00,0.82,0.73,0.0009,0.0057,     0,0,0,0.05,99.95,0.00,N/A,0.06,0.11,210.22,0.50,12.49,0.00,0.01,0.00,0.48,0.00,1.00,0.00,0.00,0.84,0.71,0.0008,0.0063,     0,0,0,0.05,99.95,0.00,N/A,0.05,0.11,210.22,0.48,11.97,0.00,0.01,0.00,0.89,0.00,1.00,0.00,0.00,0.68,0.52,0.0010,0.0034,     0,0,0,0.31,99.69,0.00,N/A,0.59,0.66,210.22,0.89,22.23,0.00,0.07,
2024-03-21,21:07:13.982,0.04,2.54,0.02,1.00,0.00,0.07,0.94,0.46,0.0000,0.0005,0.00,0.00,-2147483648,0.00,0.00,142.06,55.83,211.64,2.54,63.61,0.04,1.03,2.12,0.77,4.99,1.62,98.38,0.00,100.00,0.00,0.00,0.00,0.00,-nan,0.10,0.06,2.72,0.02,1.00,0.00,0.03,0.94,0.54,0.0000,0.0003,     0,0,0,0.00,0.00,-2147483648,0.00,0.00,N/A,111.61,41.01,211.64,2.72,68.05,0.06,1.61,0.02,2.05,0.01,1.00,0.00,0.04,0.94,0.34,0.0001,0.0012,     0,0,0,0.00,0.00,-2147483648,0.00,0.00,N/A,30.45,14.83,211.64,2.05,51.34,0.02,0.45,0.58,0.50,  0%,  0%,0.56,0.48,  0%,  0%,0.90,1.05,  1%,  1%,1.54,1.50,  1%,  1%,2.36,97.64,0.00,100.00,0.00,0.00,0.87,99.13,0.00,100.00,0.00,0.00,0.00,0.00,0.00 ,0.00 ,-nan ,-nan ,0.10,0.10,0.01,0.33,0.02,1.00,0.00,0.03,0.96,0.28,0.0008,0.0191,     0,0,0,2.19,97.81,0.00,N/A,1.52,4.63,211.64,0.33,8.24,0.01,0.18,0.01,1.33,0.01,1.00,0.00,0.00,0.85,0.93,0.0000,0.0004,     0,0,0,0.60,99.40,0.00,N/A,1.68,1.27,211.64,1.33,33.17,0.01,0.20,0.12,3.14,0.04,1.00,0.00,0.00,0.64,0.86,0.0000,0.0000,     0,0,0,3.75,96.25,0.00,N/A,26.16,8.33,211.64,3.14,78.55,0.12,2.95,0.12,3.13,0.04,1.00,0.00,0.00,0.62,0.87,0.0000,0.0000,     0,0,0,3.75,96.25,0.00,N/A,26.06,8.32,211.64,3.13,78.28,0.12,2.93,0.13,3.40,0.04,1.00,0.00,0.00,0.88,0.87,0.0000,0.0000,     0,0,0,3.75,96.25,0.00,N/A,28.27,8.33,211.64,3.40,84.88,0.13,3.18,0.00,0.95,0.00,1.00,0.00,0.00,0.74,0.91,0.0001,0.0007,     0,0,0,0.32,99.68,0.00,N/A,0.64,0.67,211.64,0.95,23.71,0.00,0.08,0.12,3.07,0.04,1.00,0.00,0.00,0.77,0.72,0.0000,0.0000,     0,0,0,3.75,96.25,0.00,N/A,25.56,8.32,211.64,3.07,76.82,0.12,2.88,0.01,1.50,0.01,1.00,0.00,0.00,0.70,0.90,0.0002,0.0007,     0,0,0,0.54,99.46,0.00,N/A,1.72,1.14,211.64,1.50,37.48,0.01,0.20,0.01,0.29,0.03,1.00,0.00,0.03,0.96,0.27,0.0009,0.0209,     0,0,0,2.55,97.45,0.00,N/A,1.54,5.39,211.64,0.29,7.15,0.01,0.18,0.13,3.39,0.04,1.00,0.00,0.00,0.71,0.85,0.0000,0.0000,     0,0,0,3.76,96.24,0.00,N/A,28.32,8.34,211.64,3.39,84.84,0.13,3.19,0.00,0.50,0.00,1.00,0.00,0.00,0.77,0.74,0.0007,0.0043,     0,0,0,0.04,99.96,0.00,N/A,0.05,0.09,211.64,0.50,12.49,0.00,0.01,0.00,0.48,0.00,1.00,0.00,0.00,0.76,0.65,0.0011,0.0056,     0,0,0,0.10,99.90,0.00,N/A,0.10,0.20,211.64,0.48,11.98,0.00,0.01,0.00,0.47,0.00,1.00,0.00,0.00,0.74,0.71,0.0011,0.0052,     0,0,0,0.05,99.95,0.00,N/A,0.05,0.10,211.64,0.47,11.68,0.00,0.01,0.00,0.49,0.00,1.00,0.00,0.00,0.79,0.76,0.0008,0.0046,     0,0,0,0.05,99.95,0.00,N/A,0.06,0.11,211.64,0.49,12.23,0.00,0.01,0.00,0.45,0.00,1.00,0.00,0.00,0.81,0.70,0.0009,0.0059,     0,0,0,0.06,99.94,0.00,N/A,0.05,0.12,211.64,0.45,11.23,0.00,0.01,0.00,0.63,0.00,1.00,0.00,0.00,0.81,0.50,0.0013,0.0078,     0,0,0,0.22,99.78,0.00,N/A,0.29,0.46,211.64,0.63,15.70,0.00,0.03,
2024-03-21,21:07:14.083,0.04,2.53,0.02,1.00,0.00,0.06,0.95,0.58,0.0000,0.0004,0.00,0.00,-2147483648,0.00,0.00,147.30,58.26,210.02,2.53,63.21,0.04,1.09,1.32,1.34,3.55,1.73,98.27,0.00,100.00,0.00,0.00,0.00,0.00,-nan,0.08,0.07,2.64,0.03,1.00,0.00,0.03,0.95,0.70,0.0000,0.0003,     0,0,0,0.00,0.00,-2147483648,0.00,0.00,N/A,117.27,44.47,210.02,2.64,65.92,0.07,1.74,0.02,2.18,0.01,1.00,0.00,0.03,0.94,0.33,0.0001,0.0010,     0,0,0,0.00,0.00,-2147483648,0.00,0.00,N/A,30.04,13.78,210.02,2.18,54.48,0.02,0.45,0.31,0.35,  0%,  0%,0.38,0.27,  0%,  0%,0.72,1.02,  0%,  1%,0.95,0.86,  1%,  0%,2.64,97.36,0.00,100.00,0.00,0.00,0.82,99.18,0.00,100.00,0.00,0.00,0.00,0.00,0.00 ,0.00 ,-nan ,-nan ,0.08,0.08,0.01,0.33,0.02,1.00,0.00,0.03,0.96,0.29,0.0008,0.0195,     0,0,0,2.08,97.92,0.00,N/A,1.44,4.37,210.02,0.33,8.23,0.01,0.17,0.00,0.54,0.01,1.00,0.00,0.00,0.69,0.93,0.0001,0.0006,     0,0,0,0.66,99.34,0.00,N/A,0.75,1.39,210.02,0.54,13.46,0.00,0.09,0.03,3.07,0.01,1.00,0.00,0.00,0.86,0.80,0.0000,0.0000,     0,0,0,1.06,98.94,0.00,N/A,6.50,2.12,210.02,3.07,76.79,0.03,0.81,0.12,3.12,0.04,1.00,0.00,0.00,0.29,0.64,0.0000,0.0000,     0,0,0,3.95,96.05,0.00,N/A,25.95,8.32,210.02,3.12,78.02,0.12,3.08,0.13,3.39,0.04,1.00,0.00,0.00,0.69,0.85,0.0000,0.0000,     0,0,0,3.95,96.05,0.00,N/A,28.21,8.32,210.02,3.39,84.80,0.13,3.35,0.09,3.08,0.03,1.00,0.00,0.00,0.65,0.77,0.0000,0.0000,     0,0,0,2.88,97.12,0.00,N/A,19.60,6.36,210.02,3.08,77.01,0.09,2.22,0.12,3.08,0.04,1.00,0.00,0.00,0.80,0.71,0.0000,0.0000,     0,0,0,3.95,96.05,0.00,N/A,25.62,8.33,210.02,3.08,76.89,0.12,3.04,0.04,1.74,0.03,1.00,0.00,0.00,0.98,0.97,0.0000,0.0002,     0,0,0,2.52,97.48,0.00,N/A,9.20,5.27,210.02,1.74,43.60,0.04,1.10,0.01,0.29,0.02,1.00,0.00,0.03,0.96,0.27,0.0009,0.0207,     0,0,0,2.26,97.74,0.00,N/A,1.39,4.75,210.02,0.29,7.33,0.01,0.17,0.00,0.42,0.00,1.00,0.00,0.00,0.86,0.88,0.0002,0.0021,     0,0,0,0.02,99.98,0.00,N/A,0.01,0.03,210.02,0.42,10.38,0.00,0.00,0.00,0.41,0.00,1.00,0.00,0.00,0.78,0.88,0.0004,0.0024,     0,0,0,0.02,99.98,0.00,N/A,0.02,0.05,210.02,0.41,10.23,0.00,0.00,0.00,0.39,0.00,1.00,0.00,0.00,0.76,0.89,0.0004,0.0020,     0,0,0,0.02,99.98,0.00,N/A,0.02,0.05,210.02,0.39,9.85,0.00,0.00,0.00,0.40,0.00,1.00,0.00,0.00,0.71,0.88,0.0005,0.0022,     0,0,0,0.02,99.98,0.00,N/A,0.02,0.05,210.02,0.40,9.93,0.00,0.00,0.00,0.52,0.00,1.00,0.00,0.00,0.74,0.72,0.0012,0.0058,     0,0,0,0.06,99.94,0.00,N/A,0.06,0.12,210.02,0.52,12.88,0.00,0.01,0.13,3.39,0.04,1.00,0.00,0.00,0.29,0.82,0.0000,0.0000,     0,0,0,3.77,96.23,0.00,N/A,28.26,8.33,210.02,3.39,84.79,0.13,3.19,0.00,0.63,0.00,1.00,0.00,0.00,0.79,0.55,0.0014,0.0074,     0,0,0,0.19,99.81,0.00,N/A,0.25,0.40,210.02,0.63,15.80,0.00,0.03,
2024-03-21,21:07:14.183,0.04,2.44,0.02,1.00,0.00,0.07,0.94,0.62,0.0000,0.0005,0.00,0.00,-2147483648,0.00,0.00,144.37,59.13,211.89,2.44,61.04,0.04,1.07,0.92,0.54,3.17,1.75,98.25,0.00,100.00,0.00,0.00,0.00,0.00,-nan,0.08,0.07,2.51,0.03,1.00,0.00,0.03,0.93,0.73,0.0000,0.0003,     0,0,0,0.00,0.00,-2147483648,0.00,0.00,N/A,114.24,45.49,211.89,2.51,62.79,0.07,1.69,0.02,2.21,0.01,1.00,0.00,0.03,0.95,0.34,0.0001,0.0011,     0,0,0,0.00,0.00,-2147483648,0.00,0.00,N/A,30.13,13.65,211.89,2.21,55.19,0.02,0.44,0.14,0.19,  0%,  0%,0.33,0.25,  0%,  0%,0.38,0.48,  0%,  0%,1.20,1.11,  1%,  1%,2.69,97.31,0.00,100.00,0.00,0.00,0.81,99.19,0.00,100.00,0.00,0.00,0.00,0.00,0.00 ,0.00 ,-nan ,-nan ,0.08,0.08,0.01,0.30,0.02,1.00,0.00,0.03,0.96,0.30,0.0009,0.0202,     0,0,0,2.07,97.93,0.00,N/A,1.32,4.38,211.89,0.30,7.53,0.01,0.16,0.00,0.52,0.01,1.00,0.00,0.00,0.61,0.87,0.0003,0.0012,     0,0,0,0.86,99.14,0.00,N/A,0.94,1.81,211.89,0.52,12.97,0.00,0.11,0.09,3.05,0.03,1.00,0.00,0.00,0.51,0.72,0.0000,0.0000,     0,0,0,2.85,97.15,0.00,N/A,19.29,6.31,211.89,3.05,76.36,0.09,2.18,0.05,1.69,0.03,1.00,0.00,0.00,0.92,0.93,0.0000,0.0004,     0,0,0,3.16,96.84,0.00,N/A,10.76,6.35,211.89,1.69,42.36,0.05,1.34,0.13,3.31,0.04,1.00,0.00,0.00,0.83,0.66,0.0000,0.0000,     0,0,0,3.94,96.06,0.00,N/A,27.56,8.32,211.89,3.31,82.78,0.13,3.26,0.12,3.13,0.04,1.00,0.00,0.00,0.85,0.90,0.0000,0.0000,     0,0,0,3.94,96.06,0.00,N/A,26.09,8.32,211.89,3.13,78.37,0.12,3.09,0.12,3.07,0.04,1.00,0.00,0.00,0.79,0.73,0.0000,0.0000,     0,0,0,3.94,96.06,0.00,N/A,25.56,8.32,211.89,3.07,76.80,0.12,3.03,0.01,1.64,0.01,1.00,0.00,0.00,0.88,0.94,0.0000,0.0003,     0,0,0,0.78,99.22,0.00,N/A,2.72,1.65,211.89,1.64,41.09,0.01,0.32,0.01,0.32,0.02,1.00,0.00,0.03,0.96,0.28,0.0008,0.0208,     0,0,0,2.16,97.84,0.00,N/A,1.48,4.58,211.89,0.32,8.08,0.01,0.17,0.13,3.38,0.04,1.00,0.00,0.00,0.67,0.81,0.0000,0.0000,     0,0,0,3.76,96.24,0.00,N/A,28.26,8.35,211.89,3.38,84.59,0.13,3.18,0.00,0.44,0.00,1.00,0.00,0.00,0.52,0.89,0.0008,0.0019,     0,0,0,0.02,99.98,0.00,N/A,0.02,0.04,211.89,0.44,11.00,0.00,0.00,0.00,0.47,0.00,1.00,0.00,0.00,0.81,0.90,0.0002,0.0017,     0,0,0,0.02,99.98,0.00,N/A,0.02,0.05,211.89,0.47,11.67,0.00,0.00,0.00,0.44,0.00,1.00,0.00,0.00,0.75,0.88,0.0004,0.0022,     0,0,0,0.02,99.98,0.00,N/A,0.02,0.05,211.89,0.44,10.93,0.00,0.00,0.00,0.46,0.00,1.00,0.00,0.00,0.85,0.71,0.0007,0.0058,     0,0,0,0.06,99.94,0.00,N/A,0.06,0.12,211.89,0.46,11.46,0.00,0.01,0.00,0.46,0.00,1.00,0.00,0.00,0.80,0.71,0.0010,0.0059,     0,0,0,0.05,99.95,0.00,N/A,0.05,0.11,211.89,0.46,11.55,0.00,0.01,0.00,0.65,0.00,1.00,0.00,0.00,0.82,0.54,0.0011,0.0074,     0,0,0,0.16,99.84,0.00,N/A,0.22,0.33,211.89,0.65,16.16,0.00,0.03,
2024-03-21,21:07:14.285,0.04,2.58,0.02,1.00,0.00,0.06,0.94,0.46,0.0000,0.0004,0.00,0.00,-2147483648,0.00,0.00,144.25,55.98,212.02,2.58,64.42,0.04,1.06,0.44,0.53,1.61,1.64,98.36,0.00,100.00,0.00,0.00,0.00,0.00,-nan,0.08,0.07,2.66,0.02,1.00,0.00,0.03,0.93,0.53,0.0000,0.0003,     0,0,0,0.00,0.00,-2147483648,0.00,0.00,N/A,111.08,41.71,212.02,2.66,66.59,0.07,1.64,0.02,2.32,0.01,1.00,0.00,0.03,0.95,0.34,0.0000,0.0009,     0,0,0,0.00,0.00,-2147483648,0.00,0.00,N/A,33.17,14.28,212.02,2.32,58.08,0.02,0.48,0.07,0.08,  0%,  0%,0.19,0.10,  0%,  0%,0.16,0.31,  0%,  0%,0.60,0.54,  0%,  0%,2.46,97.54,0.00,100.00,0.00,0.00,0.83,99.17,0.00,100.00,0.00,0.00,0.00,0.00,0.00 ,0.00 ,-nan ,-nan ,0.08,0.08,0.01,0.31,0.02,1.00,0.00,0.03,0.96,0.30,0.0009,0.0203,     0,0,0,2.02,97.98,0.00,N/A,1.32,4.28,212.02,0.31,7.69,0.01,0.16,0.00,0.55,0.01,1.00,0.00,0.00,0.73,0.92,0.0001,0.0008,     0,0,0,0.67,99.33,0.00,N/A,0.78,1.43,212.02,0.55,13.64,0.00,0.09,0.13,3.07,0.04,1.00,0.00,0.00,0.79,0.63,0.0000,0.0000,     0,0,0,4.10,95.90,0.00,N/A,25.52,8.32,212.02,3.07,76.67,0.13,3.15,0.02,1.34,0.01,1.00,0.00,0.00,0.85,0.78,0.0002,0.0012,     0,0,0,1.25,98.75,0.00,N/A,3.57,2.66,212.02,1.34,33.56,0.02,0.42,0.13,3.39,0.04,1.00,0.00,0.00,0.73,0.86,0.0000,0.0000,     0,0,0,3.88,96.12,0.00,N/A,28.26,8.33,212.02,3.39,84.84,0.13,3.29,0.12,3.13,0.04,1.00,0.00,0.00,0.72,0.91,0.0000,0.0000,     0,0,0,3.88,96.12,0.00,N/A,26.01,8.32,212.02,3.13,78.13,0.12,3.03,0.12,3.08,0.04,1.00,0.00,0.00,0.78,0.71,0.0000,0.0000,     0,0,0,3.88,96.12,0.00,N/A,25.61,8.32,212.02,3.08,76.99,0.12,2.98,0.00,0.36,0.00,1.00,0.00,0.00,0.66,0.86,0.0007,0.0028,     0,0,0,0.02,99.98,0.00,N/A,0.02,0.05,212.02,0.36,9.12,0.00,0.00,0.02,0.86,0.02,1.00,0.00,0.03,0.96,0.29,0.0002,0.0059,     0,0,0,2.37,97.63,0.00,N/A,4.56,5.33,212.02,0.86,21.40,0.02,0.51,0.13,3.40,0.04,1.00,0.00,0.00,0.50,0.91,0.0000,0.0000,     0,0,0,3.88,96.12,0.00,N/A,28.28,8.33,212.02,3.40,84.88,0.13,3.29,0.00,0.39,0.00,1.00,0.00,0.00,0.82,0.89,0.0003,0.0021,     0,0,0,0.02,99.98,0.00,N/A,0.02,0.05,212.02,0.39,9.77,0.00,0.00,0.00,0.41,0.00,1.00,0.00,0.00,0.92,0.88,0.0002,0.0021,     0,0,0,0.02,99.98,0.00,N/A,0.02,0.05,212.02,0.41,10.21,0.00,0.00,0.00,0.41,0.00,1.00,0.00,0.00,0.75,0.88,0.0004,0.0023,     0,0,0,0.02,99.98,0.00,N/A,0.02,0.05,212.02,0.41,10.37,0.00,0.00,0.00,0.52,0.00,1.00,0.00,0.00,0.84,0.80,0.0005,0.0041,     0,0,0,0.05,99.95,0.00,N/A,0.06,0.11,212.02,0.52,13.01,0.00,0.01,0.00,0.47,0.00,1.00,0.00,0.00,0.86,0.71,0.0007,0.0056,     0,0,0,0.05,99.95,0.00,N/A,0.05,0.10,212.02,0.47,11.85,0.00,0.01,0.00,0.62,0.00,1.00,0.00,0.00,0.71,0.52,0.0020,0.0077,     0,0,0,0.13,99.87,0.00,N/A,0.17,0.27,212.02,0.62,15.52,0.00,0.02,
2024-03-21,21:07:14.380,0.05,2.51,0.02,1.00,0.00,0.07,0.95,0.60,0.0000,0.0004,0.00,0.00,-2147483648,0.00,0.00,152.14,60.50,210.30,2.51,62.87,0.05,1.15,0.43,0.23,1.89,1.83,98.17,0.00,100.00,0.00,0.00,0.00,0.00,-nan,0.08,0.07,2.60,0.03,1.00,0.00,0.04,0.95,0.69,0.0000,0.0003,     0,0,0,0.00,0.00,-2147483648,0.00,0.00,N/A,122.25,47.04,210.30,2.60,64.97,0.07,1.86,0.02,2.22,0.01,1.00,0.00,0.03,0.95,0.34,0.0000,0.0010,     0,0,0,0.00,0.00,-2147483648,0.00,0.00,N/A,29.89,13.46,210.30,2.22,55.52,0.02,0.45,0.10,0.11,  0%,  0%,0.16,0.07,  0%,  0%,0.21,1.08,  0%,  1%,0.34,0.26,  0%,  0%,2.86,97.14,0.00,100.00,0.00,0.00,0.81,99.19,0.00,100.00,0.00,0.00,0.00,0.00,0.00 ,0.00 ,-nan ,-nan ,0.08,0.08,0.01,0.30,0.02,1.00,0.00,0.03,0.96,0.28,0.0009,0.0206,     0,0,0,2.10,97.90,0.00,N/A,1.33,4.41,210.30,0.30,7.54,0.01,0.16,0.12,3.11,0.04,1.00,0.00,0.00,0.74,0.75,0.0000,0.0000,     0,0,0,3.96,96.04,0.00,N/A,25.86,8.32,210.30,3.11,77.70,0.12,3.07,0.13,3.39,0.04,1.00,0.00,0.00,0.88,0.90,0.0000,0.0000,     0,0,0,3.96,96.04,0.00,N/A,28.22,8.32,210.30,3.39,84.80,0.13,3.35,0.04,1.62,0.03,1.00,0.00,0.01,0.92,0.86,0.0001,0.0008,     0,0,0,2.64,97.36,0.00,N/A,8.99,5.54,210.30,1.62,40.57,0.04,1.07,0.01,1.34,0.01,1.00,0.00,0.00,0.91,0.82,0.0001,0.0012,     0,0,0,0.92,99.08,0.00,N/A,2.42,1.81,210.30,1.34,33.38,0.01,0.31,0.13,3.13,0.04,1.00,0.00,0.00,0.90,0.89,0.0000,0.0000,     0,0,0,4.22,95.78,0.00,N/A,26.08,8.33,210.30,3.13,78.30,0.13,3.30,0.13,3.14,0.04,1.00,0.00,0.00,0.91,0.86,0.0000,0.0000,     0,0,0,4.22,95.78,0.00,N/A,26.14,8.33,210.30,3.14,78.49,0.13,3.31,0.02,1.62,0.01,1.00,0.00,0.00,0.98,0.93,0.0000,0.0004,     0,0,0,0.94,99.06,0.00,N/A,3.21,1.98,210.30,1.62,40.45,0.02,0.38,0.01,0.29,0.02,1.00,0.00,0.03,0.96,0.28,0.0009,0.0207,     0,0,0,2.33,97.67,0.00,N/A,1.33,4.60,210.30,0.29,7.22,0.01,0.17,0.00,0.40,0.00,1.00,0.00,0.00,0.72,0.86,0.0006,0.0027,     0,0,0,0.02,99.98,0.00,N/A,0.02,0.04,210.30,0.40,9.95,0.00,0.00,0.13,3.40,0.04,1.00,0.00,0.00,0.26,0.89,0.0000,0.0000,     0,0,0,3.96,96.04,0.00,N/A,28.29,8.32,210.30,3.40,85.00,0.13,3.36,0.00,0.46,0.00,1.00,0.00,0.00,0.91,0.78,0.0003,0.0043,     0,0,0,0.02,99.98,0.00,N/A,0.02,0.05,210.30,0.46,11.43,0.00,0.00,0.00,0.44,0.00,1.00,0.00,0.00,0.94,0.75,0.0002,0.0051,     0,0,0,0.03,99.97,0.00,N/A,0.02,0.06,210.30,0.44,10.96,0.00,0.00,0.00,0.50,0.00,1.00,0.00,0.00,0.83,0.76,0.0007,0.0046,     0,0,0,0.05,99.95,0.00,N/A,0.05,0.10,210.30,0.50,12.47,0.00,0.01,0.00,0.51,0.00,1.00,0.00,0.00,0.78,0.77,0.0008,0.0045,     0,0,0,0.05,99.95,0.00,N/A,0.05,0.10,210.30,0.51,12.68,0.00,0.01,0.00,0.59,0.00,1.00,0.00,0.00,0.81,0.62,0.0011,0.0068,     0,0,0,0.09,99.91,0.00,N/A,0.11,0.19,210.30,0.59,14.71,0.00,0.01,
2024-03-21,21:07:14.480,0.04,2.53,0.02,1.00,0.00,0.07,0.92,0.46,0.0000,0.0005,0.00,0.00,-2147483648,0.00,0.00,143.76,56.74,210.23,2.53,63.34,0.04,1.07,0.38,0.93,1.07,1.69,98.31,0.00,100.00,0.00,0.00,0.00,0.00,-nan,0.10,0.07,2.66,0.03,1.00,0.00,0.03,0.91,0.54,0.0000,0.0003,     0,0,0,0.00,0.00,-2147483648,0.00,0.00,N/A,113.71,42.77,210.23,2.66,66.46,0.07,1.69,0.02,2.15,0.01,1.00,0.00,0.03,0.93,0.34,0.0001,0.0010,     0,0,0,0.00,0.00,-2147483648,0.00,0.00,N/A,30.05,13.97,210.23,2.15,53.79,0.02,0.45,0.11,0.13,  0%,  0%,0.11,0.04,  0%,  0%,0.27,0.35,  0%,  0%,0.26,0.18,  0%,  0%,2.54,97.46,0.00,100.00,0.00,0.00,0.83,99.17,0.00,100.00,0.00,0.00,0.00,0.00,0.00 ,0.00 ,-nan ,-nan ,0.09,0.10,0.01,0.39,0.02,1.00,0.00,0.03,0.96,0.28,0.0007,0.0151,     0,0,0,2.31,97.69,0.00,N/A,1.90,4.85,210.23,0.39,9.78,0.01,0.23,0.12,3.06,0.04,1.00,0.00,0.00,0.64,0.59,0.0000,0.0000,     0,0,0,3.95,96.05,0.00,N/A,25.47,8.31,210.23,3.06,76.58,0.12,3.03,0.13,3.39,0.04,1.00,0.00,0.00,0.75,0.79,0.0000,0.0000,     0,0,0,3.96,96.04,0.00,N/A,28.22,8.33,210.23,3.39,84.70,0.13,3.36,0.00,1.06,0.00,1.00,0.00,0.00,0.55,0.70,0.0003,0.0010,     0,0,0,0.23,99.77,0.00,N/A,0.51,0.48,210.23,1.06,26.58,0.00,0.06,0.01,1.37,0.01,1.00,0.00,0.00,0.72,0.88,0.0001,0.0008,     0,0,0,0.95,99.05,0.00,N/A,2.75,2.00,210.23,1.37,34.26,0.01,0.33,0.12,3.13,0.04,1.00,0.00,0.00,0.78,0.90,0.0000,0.0000,     0,0,0,3.96,96.04,0.00,N/A,26.02,8.32,210.23,3.13,78.18,0.12,3.09,0.12,3.14,0.04,1.00,0.00,0.00,0.90,0.85,0.0000,0.0000,     0,0,0,3.96,96.04,0.00,N/A,26.11,8.32,210.23,3.14,78.47,0.12,3.10,0.01,1.27,0.01,1.00,0.00,0.00,0.50,0.83,0.0003,0.0007,     0,0,0,1.02,98.98,0.00,N/A,2.73,2.15,210.23,1.27,31.77,0.01,0.33,0.01,0.28,0.02,1.00,0.00,0.03,0.96,0.28,0.0009,0.0206,     0,0,0,2.26,97.74,0.00,N/A,1.35,4.75,210.23,0.28,7.11,0.01,0.16,0.00,0.56,0.00,1.00,0.00,0.00,0.66,0.90,0.0004,0.0020,     0,0,0,0.03,99.97,0.00,N/A,0.04,0.07,210.23,0.56,13.89,0.00,0.00,0.13,3.40,0.04,1.00,0.00,0.00,0.36,0.90,0.0000,0.0000,     0,0,0,3.96,96.04,0.00,N/A,28.26,8.32,210.23,3.40,84.88,0.13,3.36,0.00,0.49,0.00,1.00,0.00,0.00,0.91,0.81,0.0003,0.0039,     0,0,0,0.02,99.98,0.00,N/A,0.02,0.05,210.23,0.49,12.27,0.00,0.00,0.00,0.46,0.00,1.00,0.00,0.00,0.68,0.89,0.0006,0.0021,     0,0,0,0.02,99.98,0.00,N/A,0.02,0.05,210.23,0.46,11.45,0.00,0.00,0.00,0.50,0.00,1.00,0.00,0.00,0.81,0.69,0.0009,0.0060,     0,0,0,0.05,99.95,0.00,N/A,0.06,0.11,210.23,0.50,12.44,0.00,0.01,0.00,0.46,0.00,1.00,0.00,0.00,0.72,0.67,0.0017,0.0070,     0,0,0,0.05,99.95,0.00,N/A,0.05,0.11,210.23,0.46,11.46,0.00,0.01,0.00,0.49,0.00,1.00,0.00,0.00,0.63,0.46,0.0027,0.0082,     0,0,0,0.25,99.75,0.00,N/A,0.25,0.52,210.23,0.49,12.36,0.00,0.03,
2024-03-21,21:07:14.581,0.04,2.55,0.02,1.00,0.00,0.07,0.93,0.47,0.0000,0.0005,0.00,0.00,-2147483648,0.00,0.00,144.16,56.55,211.63,2.55,63.73,0.04,1.06,0.39,0.27,1.14,1.67,98.33,0.00,100.00,0.00,0.00,0.00,0.00,-nan,0.08,0.07,2.66,0.03,1.00,0.00,0.04,0.93,0.54,0.0000,0.0003,     0,0,0,0.00,0.00,-2147483648,0.00,0.00,N/A,114.15,42.87,211.63,2.66,66.57,0.07,1.68,0.02,2.19,0.01,1.00,0.00,0.03,0.94,0.33,0.0001,0.0010,     0,0,0,0.00,0.00,-2147483648,0.00,0.00,N/A,30.00,13.68,211.63,2.19,54.84,0.02,0.44,0.10,0.12,  0%,  0%,0.12,0.05,  0%,  0%,0.25,0.38,  0%,  0%,0.29,0.22,  0%,  0%,2.53,97.47,0.00,100.00,0.00,0.00,0.81,99.19,0.00,100.00,0.00,0.00,0.00,0.00,0.00 ,0.00 ,-nan ,-nan ,0.09,0.08,0.01,0.49,0.03,1.00,0.00,0.03,0.94,0.28,0.0006,0.0109,     0,0,0,2.83,97.17,0.00,N/A,2.94,6.00,211.63,0.49,12.26,0.01,0.35,0.12,3.13,0.04,1.00,0.00,0.00,0.68,0.72,0.0000,0.0000,     0,0,0,3.93,96.07,0.00,N/A,26.07,8.33,211.63,3.13,78.28,0.12,3.08,0.13,3.39,0.04,1.00,0.00,0.00,0.78,0.83,0.0000,0.0000,     0,0,0,3.94,96.06,0.00,N/A,28.22,8.33,211.63,3.39,84.66,0.13,3.33,0.01,1.46,0.01,1.00,0.00,0.00,0.87,0.76,0.0002,0.0014,     0,0,0,0.57,99.43,0.00,N/A,1.76,1.21,211.63,1.46,36.42,0.01,0.21,0.00,0.58,0.00,1.00,0.00,0.00,0.49,0.71,0.0007,0.0032,     0,0,0,0.16,99.84,0.00,N/A,0.20,0.34,211.63,0.58,14.48,0.00,0.02,0.12,3.13,0.04,1.00,0.00,0.00,0.71,0.85,0.0000,0.0000,     0,0,0,3.93,96.07,0.00,N/A,26.01,8.32,211.63,3.13,78.15,0.12,3.07,0.12,3.09,0.04,1.00,0.00,0.00,0.82,0.70,0.0000,0.0000,     0,0,0,3.94,96.06,0.00,N/A,25.76,8.33,211.63,3.09,77.33,0.12,3.04,0.02,1.59,0.01,1.00,0.00,0.00,0.90,0.95,0.0000,0.0003,     0,0,0,0.95,99.05,0.00,N/A,3.20,2.02,211.63,1.59,39.63,0.02,0.38,0.01,0.29,0.02,1.00,0.00,0.03,0.96,0.28,0.0009,0.0210,     0,0,0,2.13,97.87,0.00,N/A,1.32,4.50,211.63,0.29,7.33,0.01,0.16,0.00,0.44,0.00,1.00,0.00,0.00,0.57,0.91,0.0005,0.0016,     0,0,0,0.02,99.98,0.00,N/A,0.02,0.04,211.63,0.44,11.11,0.00,0.00,0.13,3.40,0.04,1.00,0.00,0.00,0.46,0.89,0.0000,0.0000,     0,0,0,3.93,96.07,0.00,N/A,28.26,8.32,211.63,3.40,84.90,0.13,3.34,0.00,0.44,0.00,1.00,0.00,0.00,0.82,0.87,0.0004,0.0024,     0,0,0,0.02,99.98,0.00,N/A,0.02,0.04,211.63,0.44,11.05,0.00,0.00,0.00,0.43,0.00,1.00,0.00,0.00,0.81,0.88,0.0004,0.0024,     0,0,0,0.02,99.98,0.00,N/A,0.02,0.04,211.63,0.43,10.71,0.00,0.00,0.00,0.36,0.00,1.00,0.00,0.00,0.82,0.88,0.0003,0.0023,     0,0,0,0.02,99.98,0.00,N/A,0.02,0.05,211.63,0.36,9.07,0.00,0.00,0.00,0.20,0.00,1.00,0.00,0.00,0.17,0.61,0.0079,0.0104,     0,0,0,0.09,99.91,0.00,N/A,0.04,0.20,211.63,0.20,5.08,0.00,0.00,0.00,0.64,0.00,1.00,0.00,0.00,0.80,0.51,0.0013,0.0073,     0,0,0,0.23,99.77,0.00,N/A,0.31,0.48,211.63,0.64,16.06,0.00,0.04,
2024-03-21,21:07:14.686,0.04,2.50,0.02,1.00,0.00,0.07,0.93,0.52,0.0000,0.0005,0.00,0.00,-2147483648,0.00,0.00,146.54,58.63,210.71,2.50,62.49,0.04,1.07,0.40,0.13,1.21,1.71,98.29,0.00,100.00,0.00,0.00,0.00,0.00,-nan,0.08,0.07,2.61,0.03,1.00,0.00,0.04,0.92,0.60,0.0000,0.0003,     0,0,0,0.00,0.00,-2147483648,0.00,0.00,N/A,116.01,44.47,210.71,2.61,65.22,0.07,1.68,0.02,2.16,0.01,1.00,0.00,0.03,0.94,0.36,0.0001,0.0010,     0,0,0,0.00,0.00,-2147483648,0.00,0.00,N/A,30.53,14.16,210.71,2.16,53.90,0.02,0.45,0.08,0.10,  0%,  0%,0.15,0.07,  0%,  0%,0.21,0.35,  0%,  0%,0.36,0.28,  0%,  0%,2.57,97.43,0.00,100.00,0.00,0.00,0.84,99.16,0.00,100.00,0.00,0.00,0.00,0.00,0.00 ,0.00 ,-nan ,-nan ,0.08,0.08,0.01,0.34,0.02,1.00,0.00,0.03,0.94,0.29,0.0011,0.0184,     0,0,0,2.28,97.72,0.00,N/A,1.63,4.80,210.71,0.34,8.50,0.01,0.19,0.04,2.47,0.02,1.00,0.00,0.00,0.57,0.77,0.0000,0.0001,     0,0,0,1.52,98.48,0.00,N/A,7.89,3.19,210.71,2.47,61.80,0.04,0.94,0.13,3.38,0.04,1.00,0.00,0.00,0.76,0.80,0.0000,0.0000,     0,0,0,3.76,96.24,0.00,N/A,28.19,8.33,210.71,3.38,84.62,0.13,3.18,0.09,2.87,0.03,1.00,0.00,0.00,0.92,0.91,0.0000,0.0001,     0,0,0,3.31,96.69,0.00,N/A,20.86,7.28,210.71,2.87,71.64,0.09,2.37,0.02,1.50,0.02,1.00,0.00,0.00,0.95,0.88,0.0000,0.0007,     0,0,0,1.53,98.47,0.00,N/A,4.86,3.23,210.71,1.50,37.60,0.02,0.58,0.12,3.13,0.04,1.00,0.00,0.00,0.87,0.90,0.0000,0.0000,     0,0,0,3.76,96.24,0.00,N/A,26.02,8.31,210.71,3.13,78.23,0.12,2.94,0.12,3.07,0.04,1.00,0.00,0.00,0.81,0.71,0.0000,0.0000,     0,0,0,3.76,96.24,0.00,N/A,25.56,8.33,210.71,3.07,76.73,0.12,2.89,0.00,1.01,0.00,1.00,0.00,0.00,0.81,0.44,0.0005,0.0033,     0,0,0,0.47,99.53,0.00,N/A,1.00,0.99,210.71,1.01,25.27,0.00,0.12,0.01,0.29,0.02,1.00,0.00,0.03,0.96,0.28,0.0009,0.0207,     0,0,0,2.18,97.82,0.00,N/A,1.34,4.60,210.71,0.29,7.28,0.01,0.16,0.13,3.40,0.04,1.00,0.00,0.00,0.20,0.92,0.0000,0.0000,     0,0,0,3.76,96.24,0.00,N/A,28.26,8.32,210.71,3.40,84.88,0.13,3.19,0.00,1.15,0.00,1.00,0.00,0.00,0.59,0.73,0.0003,0.0010,     0,0,0,0.17,99.83,0.00,N/A,0.40,0.35,210.71,1.15,28.76,0.00,0.05,0.00,0.46,0.00,0.99,0.00,0.00,0.89,0.91,0.0002,0.0016,     0,0,0,0.02,99.98,0.00,N/A,0.02,0.04,210.71,0.46,11.43,0.00,0.00,0.00,0.44,0.00,1.00,0.00,0.00,0.83,0.92,0.0002,0.0015,     0,0,0,0.02,99.98,0.00,N/A,0.02,0.04,210.71,0.44,11.11,0.00,0.00,0.00,0.51,0.00,1.00,0.00,0.00,0.73,0.71,0.0010,0.0055,     0,0,0,0.06,99.94,0.00,N/A,0.07,0.13,210.71,0.51,12.73,0.00,0.01,0.00,0.50,0.00,1.00,0.00,0.00,0.85,0.71,0.0007,0.0058,     0,0,0,0.05,99.95,0.00,N/A,0.05,0.11,210.71,0.50,12.57,0.00,0.01,0.00,0.66,0.00,1.00,0.00,0.00,0.77,0.53,0.0015,0.0071,     0,0,0,0.27,99.73,0.00,N/A,0.37,0.56,210.71,0.66,16.40,0.00,0.04,
2024-03-21,21:07:14.786,0.04,2.45,0.02,1.00,0.00,0.07,0.94,0.59,0.0000,0.0005,0.00,0.00,-2147483648,0.00,0.00,149.53,60.96,209.41,2.45,61.32,0.04,1.11,1.16,1.21,4.51,1.82,98.18,0.00,100.00,0.00,0.00,0.00,0.00,-nan,0.08,0.07,2.52,0.03,1.00,0.00,0.04,0.93,0.68,0.0000,0.0003,     0,0,0,0.00,0.00,-2147483648,0.00,0.00,N/A,119.33,47.41,209.41,2.52,62.93,0.07,1.78,0.02,2.23,0.01,1.00,0.00,0.03,0.95,0.34,0.0000,0.0010,     0,0,0,0.00,0.00,-2147483648,0.00,0.00,N/A,30.19,13.55,209.41,2.23,55.69,0.02,0.45,0.22,0.30,  0%,  0%,0.36,0.29,  0%,  0%,0.60,1.30,  0%,  1%,1.33,1.28,  1%,  1%,2.83,97.17,0.00,100.00,0.00,0.00,0.81,99.19,0.00,100.00,0.00,0.00,0.00,0.00,0.00 ,0.00 ,-nan ,-nan ,0.08,0.08,0.01,0.32,0.02,1.00,0.00,0.03,0.94,0.29,0.0011,0.0186,     0,0,0,2.32,97.68,0.00,N/A,1.56,4.85,209.41,0.32,8.03,0.01,0.19,0.00,0.33,0.01,1.00,0.00,0.00,0.43,0.89,0.0007,0.0013,     0,0,0,1.18,98.82,0.00,N/A,0.83,2.48,209.41,0.33,8.34,0.00,0.10,0.13,3.39,0.04,1.00,0.00,0.00,0.83,0.80,0.0000,0.0000,     0,0,0,3.96,96.04,0.00,N/A,28.15,8.32,209.41,3.39,84.63,0.13,3.35,0.12,3.14,0.04,1.00,0.00,0.00,0.79,0.90,0.0000,0.0000,     0,0,0,3.96,96.04,0.00,N/A,26.13,8.32,209.41,3.14,78.53,0.12,3.11,0.05,1.66,0.03,1.00,0.00,0.01,0.97,0.90,0.0000,0.0006,     0,0,0,3.16,96.84,0.00,N/A,11.02,6.62,209.41,1.66,41.61,0.05,1.31,0.12,3.13,0.04,1.00,0.00,0.00,0.91,0.90,0.0000,0.0000,     0,0,0,3.96,96.04,0.00,N/A,26.01,8.32,209.41,3.13,78.18,0.12,3.10,0.12,3.06,0.04,1.00,0.00,0.00,0.75,0.67,0.0000,0.0000,     0,0,0,3.97,96.03,0.00,N/A,25.52,8.33,209.41,3.06,76.60,0.12,3.04,0.00,0.68,0.00,1.00,0.00,0.00,0.86,0.75,0.0001,0.0025,     0,0,0,0.08,99.92,0.00,N/A,0.12,0.17,209.41,0.68,16.88,0.00,0.01,0.01,0.32,0.02,1.00,0.00,0.03,0.96,0.27,0.0007,0.0197,     0,0,0,2.09,97.91,0.00,N/A,1.41,4.37,209.41,0.32,8.08,0.01,0.17,0.04,3.33,0.01,1.00,0.00,0.00,0.78,0.82,0.0000,0.0000,     0,0,0,1.07,98.93,0.00,N/A,7.08,2.12,209.41,3.33,83.35,0.04,0.89,0.00,0.49,0.00,1.00,0.00,0.00,0.90,0.81,0.0002,0.0037,     0,0,0,0.02,99.98,0.00,N/A,0.02,0.05,209.41,0.49,12.22,0.00,0.00,0.00,0.50,0.00,1.00,0.00,0.00,0.58,0.89,0.0006,0.0020,     0,0,0,0.04,99.96,0.00,N/A,0.04,0.08,209.41,0.50,12.62,0.00,0.00,0.00,0.43,0.00,1.00,0.00,0.00,0.67,0.91,0.0005,0.0018,     0,0,0,0.02,99.98,0.00,N/A,0.02,0.04,209.41,0.43,10.72,0.00,0.00,0.10,3.39,0.03,1.00,0.00,0.00,0.44,0.91,0.0000,0.0000,     0,0,0,2.84,97.16,0.00,N/A,21.24,6.26,209.41,3.39,84.83,0.10,2.41,0.00,0.56,0.00,1.00,0.00,0.00,0.74,0.88,0.0002,0.0016,     0,0,0,0.04,99.96,0.00,N/A,0.04,0.07,209.41,0.56,13.96,0.00,0.00,0.00,0.61,0.00,1.00,0.00,0.00,0.81,0.50,0.0012,0.0073,     0,0,0,0.27,99.73,0.00,N/A,0.35,0.56,209.41,0.61,15.31,0.00,0.04,
2024-03-21,21:07:14.887,0.04,2.55,0.02,1.00,0.00,0.06,0.94,0.58,0.0000,0.0004,0.00,0.00,-2147483648,0.00,0.00,147.33,57.80,209.95,2.55,63.72,0.04,1.09,0.35,0.41,1.28,1.72,98.28,0.00,100.00,0.00,0.00,0.00,0.00,-nan,0.08,0.07,2.66,0.03,1.00,0.00,0.03,0.94,0.69,0.0000,0.0003,     0,0,0,0.00,0.00,-2147483648,0.00,0.00,N/A,116.97,44.03,209.95,2.66,66.42,0.07,1.73,0.02,2.20,0.01,1.00,0.00,0.03,0.94,0.34,0.0001,0.0010,     0,0,0,0.00,0.00,-2147483648,0.00,0.00,N/A,30.36,13.78,209.95,2.20,55.09,0.02,0.45,0.08,0.10,  0%,  0%,0.13,0.05,  0%,  0%,0.19,0.31,  0%,  0%,0.43,0.35,  0%,  0%,2.61,97.39,0.00,100.00,0.00,0.00,0.82,99.18,0.00,100.00,0.00,0.00,0.00,0.00,0.00 ,0.00 ,-nan ,-nan ,0.08,0.08,0.01,0.32,0.02,1.00,0.00,0.03,0.94,0.29,0.0011,0.0195,     0,0,0,2.15,97.85,0.00,N/A,1.45,4.51,209.95,0.32,8.02,0.01,0.17,0.00,0.85,0.00,1.00,0.00,0.00,0.66,0.95,0.0001,0.0005,     0,0,0,0.43,99.57,0.00,N/A,0.77,0.91,209.95,0.85,21.15,0.00,0.09,0.13,3.38,0.04,1.00,0.00,0.00,0.73,0.80,0.0000,0.0000,     0,0,0,3.92,96.08,0.00,N/A,28.18,8.32,209.95,3.38,84.62,0.13,3.32,0.12,3.11,0.04,1.00,0.00,0.00,0.85,0.75,0.0000,0.0000,     0,0,0,3.93,96.07,0.00,N/A,25.87,8.33,209.95,3.11,77.68,0.12,3.05,0.04,1.71,0.03,1.00,0.00,0.00,0.95,0.95,0.0000,0.0003,     0,0,0,2.51,97.49,0.00,N/A,9.00,5.26,209.95,1.71,42.73,0.04,1.07,0.12,3.13,0.04,1.00,0.00,0.00,0.84,0.85,0.0000,0.0000,     0,0,0,3.92,96.08,0.00,N/A,26.06,8.32,209.95,3.13,78.31,0.12,3.07,0.12,3.08,0.04,1,0,0,3.96,96.04,0.00,N/A,26.06,8.32,210.62,3.13,78.28,0.12,3.10,0.12,3.12,0.04,1.00,0.00,0.00,0.84,0.82,0.0000,0.0000,     0,0,0,3.96,96.04,0.00,N/A,25.99,8.32,210.62,3.12,78.08,0.12,3.09,0.00,0.53,0.00,1.00,0.00,0.00,0.52,0.58,0.0022,0.0069,     0,0,0,0.10,99.90,0.00,N/A,0.11,0.21,210.62,0.53,13.20,0.00,0.01,0.01,0.28,0.02,1.00,0.00,0.03,0.95,0.27,0.0010,0.0205,     0,0,0,2.31,97.69,0.00,N/A,1.39,4.88,210.62,0.28,7.10,0.01,0.16,0.00,0.48,0.00,1.00,0.00,0.00,0.65,0.61,0.0021,0.0071,     0,0,0,0.12,99.88,0.00,N/A,0.13,0.26,210.62,0.48,11.95,0.00,0.01,0.00,0.51,0.00,1.00,0.00,0.00,0.69,0.70,0.0014,0.0058,     0,0,0,0.05,99.95,0.00,N/A,0.05,0.10,210.62,0.51,12.74,0.00,0.01,0.00,0.50,0.00,1.00,0.00,0.00,0.79,0.65,0.0013,0.0072,     0,0,0,0.13,99.87,0.00,N/A,0.14,0.28,210.62,0.50,12.44,0.00,0.02,0.00,0.52,0.00,1.00,0.00,0.00,0.82,0.59,0.0012,0.0074,     0,0,0,0.16,99.84,0.00,N/A,0.17,0.34,210.62,0.52,12.88,0.00,0.02,0.13,3.39,0.04,1.00,0.00,0.00,0.21,0.86,0.0000,0.0000,     0,0,0,3.96,96.04,0.00,N/A,28.24,8.32,210.62,3.39,84.82,0.13,3.36,0.00,0.75,0.00,1.00,0.00,0.00,0.81,0.79,0.0005,0.0027,     0,0,0,0.22,99.78,0.00,N/A,0.34,0.45,210.62,0.75,18.81,0.00,0.04,0.00,0.44,0.00,1.00,0.00,0.00,0.81,0.89,0.0003,0.0021,     0,0,0,0.02,99.98,0.00,N/A,0.02,0.04,210.62,0.44,10.97,0.00,0.00,
2024-03-21,21:07:15.036,0.04,2.54,0.02,1.00,0.01,0.10,0.93,0.49,0.0000,0.0005,0.00,0.00,-2147483648,0.00,0.00,213.15,83.86,331.69,2.54,63.54,0.04,1.00,0.73,0.25,3.88,1.58,98.42,0.00,100.00,0.00,0.00,0.00,0.00,-nan,0.08,0.06,2.69,0.02,1.00,0.00,0.05,0.92,0.57,0.0000,0.0003,     0,0,0,0.00,0.00,-2147483648,0.00,0.00,N/A,168.56,62.73,331.69,2.69,67.17,0.06,1.58,0.02,2.11,0.01,1.00,0.00,0.05,0.94,0.38,0.0001,0.0011,     0,0,0,0.00,0.00,-2147483648,0.00,0.00,N/A,44.59,21.13,331.69,2.11,52.76,0.02,0.42,0.17,0.20,  0%,  0%,0.27,0.10,  0%,  0%,0.39,0.66,  0%,  0%,1.25,1.58,  0%,  0%,2.35,97.65,0.00,100.00,0.00,0.00,0.80,99.20,0.00,100.00,0.00,0.00,0.00,0.00,0.00 ,0.00 ,-nan ,-nan ,0.08,0.08,0.01,0.34,0.02,1.00,0.00,0.04,0.96,0.30,0.0008,0.0188,     0,0,0,2.00,98.00,0.00,N/A,2.23,6.64,331.69,0.34,8.41,0.01,0.17,0.00,0.69,0.00,1.00,0.00,0.00,0.63,0.87,0.0003,0.0013,     0,0,0,0.42,99.58,0.00,N/A,0.95,1.38,331.69,0.69,17.17,0.00,0.07,0.13,3.39,0.04,1.00,0.00,0.00,0.79,0.88,0.0000,0.0000,     0,0,0,3.73,96.27,0.00,N/A,42.33,12.47,331.69,3.39,84.86,0.13,3.16,0.12,3.08,0.04,1.00,0.00,0.00,0.77,0.66,0.0000,0.0000,     0,0,0,3.80,96.20,0.00,N/A,39.14,12.70,331.69,3.08,77.05,0.12,2.93,0.00,1.14,0.00,1.00,0.00,0.00,0.70,0.85,0.0002,0.0012,     0,0,0,0.43,99.57,0.00,N/A,1.62,1.42,331.69,1.14,28.60,0.00,0.12,0.12,3.08,0.04,1.00,0.00,0.00,0.75,0.63,0.0000,0.0000,     0,0,0,3.80,96.20,0.00,N/A,39.15,12.70,331.69,3.08,77.06,0.12,2.93,0.12,3.13,0.04,1.00,0.00,0.00,0.80,0.85,0.0000,0.0000,     0,0,0,3.74,96.26,0.00,N/A,39.13,12.49,331.69,3.13,78.32,0.12,2.93,0.01,1.36,0.01,1.00,0.00,0.00,0.73,0.88,0.0002,0.0008,     0,0,0,0.88,99.12,0.00,N/A,3.99,2.93,331.69,1.36,34.12,0.01,0.30,0.01,0.29,0.02,1.00,0.00,0.04,0.96,0.27,0.0009,0.0210,     0,0,0,2.11,97.89,0.00,N/A,2.02,7.01,331.69,0.29,7.19,0.01,0.15,0.00,0.55,0.00,1.00,0.00,0.00,0.56,0.68,0.0019,0.0060,     0,0,0,0.13,99.87,0.00,N/A,0.24,0.44,331.69,0.55,13.87,0.00,0.02,0.00,0.40,0.00,1.00,0.00,0.00,0.55,0.89,0.0008,0.0020,     0,0,0,0.02,99.98,0.00,N/A,0.03,0.07,331.69,0.40,9.98,0.00,0.00,0.00,0.60,0.00,1.00,0.00,0.00,0.83,0.71,0.0008,0.0057,     0,0,0,0.12,99.88,0.00,N/A,0.25,0.41,331.69,0.60,14.93,0.00,0.02,0.00,0.57,0.00,1.00,0.00,0.00,0.86,0.68,0.0007,0.0060,     0,0,0,0.10,99.90,0.00,N/A,0.19,0.33,331.69,0.57,14.24,0.00,0.01,0.12,3.34,0.04,1.00,0.00,0.00,0.66,0.72,0.0000,0.0000,     0,0,0,3.74,96.26,0.00,N/A,41.66,12.49,331.69,3.34,83.38,0.12,3.12,0.00,0.57,0.00,1.00,0.00,0.00,0.84,0.74,0.0007,0.0053,     0,0,0,0.09,99.91,0.00,N/A,0.17,0.30,331.69,0.57,14.25,0.00,0.01,0.00,0.43,0.00,1.00,0.00,0.00,0.64,0.89,0.0006,0.0020,     0,0,0,0.02,99.98,0.00,N/A,0.03,0.07,331.69,0.43,10.87,0.00,0.00,
2024-03-21,21:07:15.138,0.04,2.51,0.02,1.00,0.00,0.07,0.94,0.55,0.0000,0.0005,0.00,0.00,-2147483648,0.00,0.00,146.86,58.51,211.94,2.51,62.75,0.04,1.08,0.39,0.51,1.26,1.73,98.27,0.00,100.00,0.00,0.00,0.00,0.00,-nan,0.08,0.07,2.60,0.03,1.00,0.00,0.03,0.93,0.64,0.0000,0.0003,     0,0,0,0.00,0.00,-2147483648,0.00,0.00,N/A,116.57,44.83,211.94,2.60,65.01,0.07,1.72,0.02,2.21,0.01,1.00,0.00,0.03,0.95,0.38,0.0001,0.0011,     0,0,0,0.00,0.00,-2147483648,0.00,0.00,N/A,30.30,13.68,211.94,2.21,55.37,0.02,0.45,0.08,0.09,  0%,  0%,0.15,0.07,  0%,  0%,0.19,0.32,  0%,  0%,0.45,0.30,  0%,  0%,2.65,97.35,0.00,100.00,0.00,0.00,0.81,99.19,0.00,100.00,0.00,0.00,0.00,0.00,0.00 ,0.00 ,-nan ,-nan ,0.08,0.08,0.01,0.31,0.02,1.00,0.00,0.03,0.96,0.29,0.0008,0.0206,     0,0,0,2.01,97.99,0.00,N/A,1.31,4.26,211.94,0.31,7.70,0.01,0.15,0.02,1.37,0.01,1.00,0.00,0.00,0.58,0.66,0.0001,0.0005,     0,0,0,1.23,98.77,0.00,N/A,3.57,2.61,211.94,1.37,34.22,0.02,0.42,0.13,3.39,0.04,1.00,0.00,0.00,0.80,0.87,0.0000,0.0000,     0,0,0,3.89,96.11,0.00,N/A,28.26,8.33,211.94,3.39,84.87,0.13,3.30,0.12,3.04,0.04,1.00,0.00,0.00,0.78,0.65,0.0000,0.0000,     0,0,0,3.97,96.03,0.00,N/A,25.33,8.35,211.94,3.04,75.88,0.12,3.02,0.00,0.78,0.00,1.00,0.00,0.00,0.73,0.75,0.0002,0.0023,     0,0,0,0.36,99.64,0.00,N/A,0.58,0.75,211.94,0.78,19.41,0.00,0.07,0.12,3.05,0.04,1.00,0.00,0.00,0.81,0.66,0.0000,0.0000,     0,0,0,3.96,96.04,0.00,N/A,25.36,8.32,211.94,3.05,76.21,0.12,3.02,0.12,3.13,0.04,1.00,0.00,0.00,0.86,0.85,0.0000,0.0000,     0,0,0,3.96,96.04,0.00,N/A,26.01,8.31,211.94,3.13,78.23,0.12,3.10,0.03,1.57,0.02,1.00,0.00,0.00,0.97,0.94,0.0000,0.0004,     0,0,0,1.85,98.15,0.00,N/A,6.13,3.90,211.94,1.57,39.25,0.03,0.73,0.01,0.32,0.02,1.00,0.00,0.03,0.96,0.26,0.0008,0.0215,     0,0,0,1.98,98.02,0.00,N/A,1.32,4.20,211.94,0.32,7.88,0.01,0.16,0.00,0.50,0.00,1.00,0.00,0.00,0.65,0.65,0.0015,0.0067,     0,0,0,0.08,99.92,0.00,N/A,0.08,0.16,211.94,0.50,12.49,0.00,0.01,0.00,0.42,0.00,1.00,0.00,0.00,0.50,0.88,0.0008,0.0022,     0,0,0,0.02,99.98,0.00,N/A,0.02,0.04,211.94,0.42,10.61,0.00,0.00,0.00,0.53,0.00,1.00,0.00,0.00,0.84,0.69,0.0008,0.0062,     0,0,0,0.07,99.93,0.00,N/A,0.08,0.16,211.94,0.53,13.18,0.00,0.01,0.00,0.57,0.00,1.00,0.00,0.00,0.86,0.65,0.0008,0.0065,     0,0,0,0.11,99.89,0.00,N/A,0.13,0.22,211.94,0.57,14.26,0.00,0.02,0.13,3.39,0.04,1.00,0.00,0.00,0.36,0.79,0.0000,0.0000,     0,0,0,3.97,96.03,0.00,N/A,28.25,8.33,211.94,3.39,84.81,0.13,3.36,0.00,0.76,0.00,1.00,0.00,0.00,0.85,0.79,0.0004,0.0032,     0,0,0,0.24,99.76,0.00,N/A,0.39,0.51,211.94,0.76,18.92,0.00,0.05,0.00,0.50,0.00,1.00,0.00,0.00,0.95,0.77,0.0002,0.0049,     0,0,0,0.02,99.98,0.00,N/A,0.03,0.05,211.94,0.50,12.38,0.00,0.00,
2024-03-21,21:07:15.238,0.05,2.49,0.02,1.00,0.01,0.08,0.90,0.56,0.0000,0.0005,0.00,0.00,-2147483648,0.00,0.00,172.20,69.21,211.69,2.49,62.20,0.05,1.27,0.62,0.23,1.60,2.04,97.96,0.00,100.00,0.00,0.00,0.00,0.00,-nan,0.09,0.08,2.62,0.03,1.00,0.00,0.04,0.92,0.63,0.0000,0.0003,     0,0,0,0.00,0.00,-2147483648,0.00,0.00,N/A,133.45,51.03,211.69,2.62,65.38,0.08,1.97,0.02,2.13,0.01,1.00,0.00,0.04,0.88,0.43,0.0001,0.0009,     0,0,0,0.00,0.00,-2147483648,0.00,0.00,N/A,38.74,18.18,211.69,2.13,53.28,0.02,0.57,0.08,0.11,  0%,  0%,0.30,0.13,  0%,  0%,0.61,0.35,  0%,  0%,0.36,0.27,  0%,  0%,3.02,96.98,0.00,100.00,0.00,0.00,1.07,98.93,0.00,100.00,0.00,0.00,0.00,0.00,0.00 ,0.00 ,-nan ,-nan ,0.10,0.08,0.01,0.45,0.03,1.00,0.00,0.03,0.93,0.28,0.0008,0.0123,     0,0,0,2.67,97.33,0.00,N/A,2.52,5.66,211.69,0.45,11.13,0.01,0.30,0.04,1.96,0.02,1.00,0.00,0.00,0.94,0.84,0.0000,0.0006,     0,0,0,2.14,97.86,0.00,N/A,8.93,4.55,211.69,1.96,49.10,0.04,1.05,0.14,3.39,0.04,1.00,0.00,0.00,0.67,0.90,0.0000,0.0000,     0,0,0,4.03,95.97,0.00,N/A,28.26,8.33,211.69,3.39,84.80,0.14,3.42,0.14,3.13,0.04,1.00,0.00,0.00,0.81,0.80,0.0000,0.0000,     0,0,0,4.38,95.62,0.00,N/A,28.94,9.25,211.69,3.13,78.23,0.14,3.43,0.04,2.35,0.02,1.00,0.00,0.00,0.75,0.76,0.0001,0.0003,     0,0,0,1.77,98.23,0.00,N/A,8.90,3.80,211.69,2.35,58.64,0.04,1.04,0.13,2.94,0.04,1.00,0.00,0.00,0.86,0.87,0.0000,0.0001,     0,0,0,4.37,95.63,0.00,N/A,27.09,9.22,211.69,2.94,73.44,0.13,3.21,0.12,3.13,0.04,1.00,0.00,0.00,0.82,0.84,0.0000,0.0000,     0,0,0,3.94,96,0.79,0.46,0.0007,0.0041,     0,0,0,0.24,99.76,0.00,N/A,0.44,,0.01,1.0,     0,0,0,3.0.31,0.02,1.00,0.00,0.03,0.96,0.27,0.0008,0.0211,     0,0,0,2.04,97.96,0.00,N/A,1.33,4.33,211.87,0.31,7.65,0.01,0.16,0.01,0.79,0.01,1.00,0.00,0.00,0.65,0.71,0.0006,0.0022,     0,0,0,0.84,99.16,0.00,N/A,1.40,1.77,211.87,0.79,19.76,0.01,0.17,0.01,0.88,0.01,1.00,0.00,0.00,0.13,0.88,0.0012,0.0014,     0,0,0,1.01,98.99,0.00,N/A,1.87,2.13,211.87,0.88,21.94,0.01,0.22,0.00,0.45,0.00,1.00,0.00,0.00,0.70,0.62,0.0017,0.0073,     0,0,0,0.14,99.86,0.00,N/A,0.14,0.30,211.87,0.45,11.29,0.00,0.02,0.00,0.48,0.00,1.00,0.00,0.00,0.70,0.62,0.0019,0.0071,     0,0,0,0.23,99.77,0.00,N/A,0.24,0.51,211.87,0.48,11.89,0.00,0.03,0.13,3.35,0.04,1.00,0.00,0.00,0.76,0.76,0.0000,0.0000,     0,0,0,3.90,96.10,0.00,N/A,27.39,8.17,211.87,3.35,83.79,0.13,3.27,0.00,0.56,0.00,1.00,0.00,0.00,0.67,0.67,0.0013,0.0046,     0,0,0,0.28,99.72,0.00,N/A,0.33,0.60,211.87,0.56,13.99,0.00,0.04,0.00,0.71,0.00,1.00,0.00,0.00,0.34,0.76,0.0019,0.0030,     0,0,0,0.39,99.61,0.00,N/A,0.58,0.82,211.87,0.71,17.71,0.00,0.07,
2024-03-21,21:07:15.344,0.05,2.63,0.02,1.00,0.00,0.07,0.93,0.46,0.0000,0.0004,0.00,0.00,-2147483648,0.00,0.00,167.24,63.63,211.63,2.63,65.71,0.05,1.21,0.92,0.81,1.93,1.85,98.15,0.00,100.00,0.00,0.00,0.00,0.00,-nan,0.08,0.07,2.76,0.03,1.00,0.00,0.03,0.94,0.53,0.0000,0.0003,     0,0,0,0.00,0.00,-2147483648,0.00,0.00,N/A,129.85,47.11,211.63,2.76,68.92,0.07,1.87,0.02,2.26,0.01,1.00,0.00,0.03,0.93,0.37,0.0001,0.0009,     0,0,0,0.00,0.00,-2147483648,0.00,0.00,N/A,37.39,16.52,211.63,2.26,56.58,0.02,0.55,0.14,0.16,  0%,  0%,0.41,0.21,  0%,  0%,0.20,0.33,  0%,  0%,0.62,0.77,  0%,  0%,2.71,97.29,0.00,100.00,0.00,0.00,0.97,99.03,0.00,100.00,0.00,0.00,0.00,0.00,0.00 ,0.00 ,-nan ,-nan ,0.08,0.08,0.01,0.30,0.02,1.00,0.00,0.03,0.96,0.30,0.0009,0.0203,     0,0,0,2.07,97.93,0.00,N/A,1.32,4.39,211.63,0.30,7.54,0.01,0.16,0.00,0.70,0.00,1.00,0.00,0.00,0.59,0.89,0.0003,0.0013,     0,0,0,0.39,99.61,0.00,N/A,0.56,0.81,211.63,0.70,17.43,0.00,0.07,0.13,3.39,0.04,1.00,0.00,0.00,0.78,0.90,0.0000,0.0000,     0,0,0,3.86,96.14,0.00,N/A,28.23,8.32,211.63,3.39,84.86,0.13,3.28,0.14,3.13,0.05,1.00,0.00,0.00,0.91,0.85,0.0000,0.0000,     0,0,0,4.56,95.44,0.00,N/A,32.54,10.39,211.63,3.13,78.25,0.14,3.57,0.14,3.07,0.05,1.00,0.00,0.00,0.71,0.66,0.0000,0.0000,     0,0,0,4.51,95.49,0.00,N/A,31.09,10.13,211.63,3.07,76.72,0.14,3.46,0.02,1.34,0.01,1.00,0.00,0.00,0.87,0.79,0.0002,0.0014,     0,0,0,1.12,98.88,0.00,N/A,3.16,2.36,211.63,1.34,33.50,0.02,0.38,0.14,3.14,0.05,1.00,0.00,0.00,0.76,0.87,0.0000,0.0000,     0,0,0,4.54,95.46,0.00,N/A,32.69,10.41,211.63,3.14,78.49,0.14,3.56,0.00,0.86,0.00,1.00,0.00,0.00,0.91,0.74,0.0000,0.0023,     0,0,0,0.14,99.86,0.00,N/A,0.25,0.29,211.63,0.86,21.48,0.00,0.03,0.01,0.30,0.02,1.00,0.00,0.03,0.96,0.27,0.0008,0.0211,     0,0,0,2.06,97.94,0.00,N/A,1.31,4.37,211.63,0.30,7.48,0.01,0.15,0.01,1.17,0.01,1.00,0.00,0.00,0.49,0.62,0.0004,0.0011,     0,0,0,0.57,99.43,0.00,N/A,1.40,1.20,211.63,1.17,29.30,0.01,0.17,0.03,3.34,0.01,1.00,0.00,0.00,0.62,0.92,0.0000,0.0000,     0,0,0,0.92,99.08,0.00,N/A,7.06,2.11,211.63,3.34,83.49,0.03,0.77,0.00,0.52,0.00,1.00,0.00,0.00,0.79,0.67,0.0011,0.0066,     0,0,0,0.14,99.86,0.00,N/A,0.16,0.30,211.63,0.52,13.09,0.00,0.02,0.13,3.35,0.04,1.00,0.00,0.00,0.66,0.65,0.0000,0.0000,     0,0,0,3.93,96.07,0.00,N/A,27.26,8.13,211.63,3.35,83.84,0.13,3.29,0.00,0.48,0.00,1.00,0.00,0.00,0.83,0.69,0.0009,0.0063,     0,0,0,0.09,99.91,0.00,N/A,0.10,0.20,211.63,0.48,12.12,0.00,0.01,0.00,0.51,0.00,1.00,0.00,0.00,0.80,0.67,0.0012,0.0067,     0,0,0,0.08,99.92,0.00,N/A,0.08,0.16,211.63,0.51,12.74,0.00,0.01,0.00,0.39,0.00,1.00,0.00,0.00,0.67,0.86,0.0007,0.0028,     0,0,0,0.02,99.98,0.00,N/A,0.02,0.05,211.63,0.39,9.74,0.00,0.00,
2024-03-21,21:07:15.441,0.04,2.45,0.02,1.00,0.00,0.07,0.94,0.55,0.0000,0.0005,0.00,0.00,-2147483648,0.00,0.00,131.07,53.57,212.21,2.45,61.17,0.04,0.98,1.27,0.90,4.60,1.61,98.39,0.00,100.00,0.00,0.00,0.00,0.00,-nan,0.10,0.07,2.61,0.03,1.00,0.00,0.04,0.95,0.64,0.0000,0.0003,     0,0,0,0.00,0.00,-2147483648,0.00,0.00,N/A,107.77,41.28,212.21,2.61,65.26,0.07,1.64,0.01,1.90,0.01,1.00,0.00,0.03,0.94,0.35,0.0001,0.0014,     0,0,0,0.00,0.00,-2147483648,0.00,0.00,N/A,23.30,12.29,212.21,1.90,47.41,0.01,0.34,0.14,0.31,  0%,  0%,0.40,0.43,  0%,  0%,0.74,0.90,  1%,  1%,1.49,1.47,  1%,  1%,2.51,97.49,0.00,100.00,0.00,0.00,0.73,99.27,0.00,100.00,0.00,0.00,0.00,0.00,0.00 ,0.00 ,-nan ,-nan ,0.10,0.10,0.01,0.32,0.02,1.00,0.00,0.03,0.96,0.28,0.0008,0.0194,     0,0,0,2.15,97.85,0.00,N/A,1.45,4.56,212.21,0.32,7.97,0.01,0.17,0.03,2.79,0.01,1.00,0.00,0.00,0.64,0.68,0.0000,0.0001,     0,0,0,1.10,98.90,0.00,N/A,6.64,2.38,212.21,2.79,69.80,0.03,0.77,0.14,3.39,0.04,1.00,0.00,0.00,0.88,0.87,0.0000,0.0000,     0,0,0,4.02,95.98,0.00,N/A,28.18,8.32,212.21,3.39,84.70,0.14,3.41,0.12,3.12,0.04,1.00,0.00,0.00,0.81,0.80,0.0000,0.0000,     0,0,0,3.87,96.13,0.00,N/A,23.49,7.52,212.21,3.12,78.12,0.12,3.02,0.10,3.05,0.03,1.00,0.00,0.00,0.82,0.60,0.0000,0.0000,     0,0,0,3.21,96.79,0.00,N/A,19.04,6.24,212.21,3.05,76.35,0.10,2.45,0.04,1.63,0.03,1.00,0.00,0.01,0.93,0.90,0.0000,0.0006,     0,0,0,2.62,97.38,0.00,N/A,9.09,5.56,212.21,1.63,40.84,0.04,1.07,0.10,3.13,0.03,1.00,0.00,0.00,0.74,0.77,0.0000,0.0000,     0,0,0,3.21,96.79,0.00,N/A,19.53,6.24,212.21,3.13,78.28,0.10,2.51,0.00,0.75,0.00,1.00,0.00,0.00,0.84,0.77,0.0000,0.0019,     0,0,0,0.22,99.78,0.00,N/A,0.35,0.47,212.21,0.75,18.72,0.00,0.04,0.01,0.33,0.02,1.00,0.00,0.03,0.96,0.26,0.0008,0.0173,     0,0,0,2.37,97.63,0.00,N/A,1.66,5.03,212.21,0.33,8.28,0.01,0.20,0.00,0.52,0.00,1.00,0.00,0.00,0.61,0.66,0.0020,0.0065,     0,0,0,0.11,99.89,0.00,N/A,0.12,0.22,212.21,0.52,12.88,0.00,0.01,0.00,0.43,0.00,1.00,0.00,0.00,0.89,0.88,0.0002,0.0021,     0,0,0,0.02,99.98,0.00,N/A,0.02,0.04,212.21,0.43,10.86,0.00,0.00,0.10,3.38,0.03,1.00,0.00,0.00,0.55,0.79,0.0000,0.0000,     0,0,0,2.95,97.05,0.00,N/A,21.13,6.26,212.21,3.38,84.43,0.10,2.49,0.00,0.54,0.00,1.00,0.00,0.00,0.84,0.65,0.0009,0.0067,     0,0,0,0.10,99.90,0.00,N/A,0.11,0.21,212.21,0.54,13.51,0.00,0.01,0.00,0.54,0.00,1.00,0.00,0.00,0.85,0.64,0.0009,0.0067,     0,0,0,0.15,99.85,0.00,N/A,0.17,0.31,212.21,0.54,13.51,0.00,0.02,0.00,0.38,0.00,1.00,0.00,0.00,0.77,0.69,0.0014,0.0064,     0,0,0,0.08,99.92,0.00,N/A,0.06,0.16,212.21,0.38,9.61,0.00,0.01,0.00,0.41,0.00,1.00,0.00,0.00,0.76,0.90,0.0004,0.0020,     0,0,0,0.02,99.98,0.00,N/A,0.02,0.05,212.21,0.41,10.33,0.00,0.00,
2024-03-21,21:07:15.547,0.05,2.61,0.02,1.00,0.00,0.07,0.94,0.44,0.0000,0.0004,0.00,0.00,-2147483648,0.00,0.00,156.80,60.11,210.12,2.61,65.22,0.05,1.14,0.47,0.21,1.86,1.75,98.25,0.00,100.00,0.00,0.00,0.00,0.00,-nan,0.08,0.07,2.75,0.03,1.00,0.00,0.03,0.93,0.51,0.0000,0.0003,     0,0,0,0.00,0.00,-2147483648,0.00,0.00,N/A,126.57,46.02,210.12,2.75,68.76,0.07,1.82,0.02,2.15,0.01,1.00,0.00,0.03,0.94,0.36,0.0001,0.0011,     0,0,0,0.00,0.00,-2147483648,0.00,0.00,N/A,30.23,14.09,210.12,2.15,53.64,0.02,0.45,0.08,0.11,  0%,  0%,0.17,0.11,  0%,  0%,0.21,0.35,  0%,  0%,0.59,0.71,  0%,  0%,2.65,97.35,0.00,100.00,0.00,0.00,0.83,99.17,0.00,100.00,0.00,0.00,0.00,0.00,0.00 ,0.00 ,-nan ,-nan ,0.08,0.08,0.01,0.31,0.02,1.00,0.00,0.03,0.96,0.28,0.0009,0.0199,     0,0,0,2.22,97.78,0.00,N/A,1.43,4.67,210.12,0.31,7.65,0.01,0.17,0.00,0.75,0.01,1.00,0.00,0.00,0.55,0.77,0.0003,0.0011,     0,0,0,0.60,99.40,0.00,N/A,0.93,1.23,210.12,0.75,18.87,0.00,0.11,0.15,3.40,0.05,1.00,0.00,0.00,0.78,0.88,0.0000,0.0000,     0,0,0,4.53,95.47,0.00,N/A,35.36,10.41,210.12,3.40,84.95,0.15,3.85,0.12,3.05,0.04,1.00,0.00,0.00,0.80,0.66,0.0000,0.0000,     0,0,0,3.94,96.06,0.00,N/A,27.85,9.13,210.12,3.05,76.25,0.12,3.00,0.00,0.66,0.00,1.00,0.00,0.00,0.70,0.68,0.0006,0.0032,     0,0,0,0.21,99.79,0.00,N/A,0.29,0.44,210.12,0.66,16.49,0.00,0.03,0.01,1.60,0.01,1.00,0.00,0.00,0.85,0.93,0.0001,0.0005,     0,0,0,0.67,99.33,0.00,N/A,2.28,1.42,210.12,1.60,40.10,0.01,0.27,0.14,3.13,0.05,1.00,0.00,0.00,0.78,0.86,0.0000,0.0000,     0,0,0,4.53,95.47,0.00,N/A,32.54,10.41,210.12,3.13,78.18,0.14,3.54,0.12,3.11,0.04,1.00,0.00,0.00,0.71,0.78,0.0000,0.0000,     0,0,0,3.96,96.04,0.00,N/A,25.90,8.32,210.12,3.11,77.83,0.12,3.08,0.01,0.29,0.02,1.00,0.00,0.03,0.96,0.26,0.0008,0.0212,     0,0,0,2.16,97.84,0.00,N/A,1.33,4.54,210.12,0.29,7.34,0.01,0,0.01,0.15,0.00,0.58,0.00,1.00,0.00,0.00,0.45,0.93,0.0006,0.0013,     0,0,0,0.03,99.,N/A,0.08,0.17,210.12,0.50,12.38,0.00,0.01,0.00,0.50,0.00,1.00,0.00,0.00,0.64,0.71,0.0014,0.0060,     0,0,0,0.04,99.96,0.00,N/A,0.04,0.07,210.12,0.50,12.51,0.00,0.00,0.03,3.24,0.01,1.00,0.00,0.00,0.81,0.67,0.0000,0.0001,     0,0,0,0.95,99.05,0.00,N/A,7.14,2.20,210.12,3.24,80.99,0.03,0.77,0.00,0.50,0.00,1.00,0.00,0.00,0.84,0.70,0.0008,0.0057,     0,0,0,0.05,99.95,0.00,N/A,0.05,0.11,210.12,0.50,12.43,0.00,0.01,0.10,3.33,0.03,1.00,0.00,0.00,0.82,0.66,0.0000,0.0000,     0,0,0,3.03,96.97,0.00,N/A,21.23,6.37,210.12,3.33,83.37,0.10,2.52,0.00,0.52,0.00,1.00,0.00,0.00,0.78,0.63,0.0015,0.0075,     0,0,0,0.16,99.84,0.00,N/A,0.17,0.33,210.12,0.52,13.00,0.00,0.02,0.00,0.62,0.00,1.00,0.00,0.00,0.84,0.54,0.0010,0.0075,     0,0,0,0.15,99.85,0.00,N/A,0.19,0.30,210.12,0.62,15.57,0.00,0.02,
2024-03-21,21:07:15.647,0.04,2.39,0.02,1.00,0.01,0.07,0.91,0.56,0.0000,0.0005,0.00,0.00,-2147483648,0.00,0.00,143.43,60.08,210.16,2.39,59.68,0.04,1.06,1.79,0.79,4.39,1.78,98.22,0.00,100.00,0.00,0.00,0.00,0.00,-nan,0.08,0.06,2.51,0.03,1.00,0.00,0.04,0.92,0.62,0.0000,0.0003,     0,0,0,0.00,0.00,-2147483648,0.00,0.00,N/A,106.49,42.51,210.16,2.51,62.63,0.06,1.59,0.02,2.10,0.01,1.00,0.00,0.04,0.90,0.48,0.0001,0.0010,     0,0,0,0.00,0.00,-2147483648,0.00,0.00,N/A,36.94,17.57,210.16,2.10,52.55,0.02,0.55,0.42,0.30,  0%,  0%,0.58,0.48,  0%,  0%,1.56,1.41,  2%,  1%,0.80,0.63,  1%,  0%,2.54,97.46,0.00,100.00,0.00,0.00,1.04,98.96,0.00,100.00,0.00,0.00,0.00,0.00,0.00 ,0.00 ,-nan ,-nan ,0.08,0.08,0.01,0.34,0.02,1.00,0.00,0.03,0.96,0.28,0.0008,0.0189,     0,0,0,2.20,97.80,0.00,N/A,1.56,4.63,210.16,0.34,8.41,0.01,0.19,0.07,2.36,0.03,1.00,0.00,0.00,0.46,0.59,0.0000,0.0001,     0,0,0,2.81,97.19,0.00,N/A,13.97,5.91,210.16,2.36,59.09,0.07,1.66,0.13,3.40,0.04,1.00,0.00,0.00,0.69,0.88,0.0000,0.0000,     0,0,0,3.93,96.07,0.00,N/A,28.27,8.33,210.16,3.40,84.88,0.13,3.33,0.13,3.11,0.04,1.00,0.00,0.00,0.71,0.75,0.0000,0.0000,     0,0,0,4.11,95.89,0.00,N/A,25.92,8.32,210.16,3.11,77.85,0.13,3.20,0.01,1.51,0.01,1.00,0.00,0.00,0.55,0.73,0.0001,0.0003,     0,0,0,0.82,99.18,0.00,N/A,2.59,1.71,210.16,1.51,37.77,0.01,0.31,0.01,1.41,0.01,1.00,0.00,0.00,0.84,0.85,0.0001,0.0007,     0,0,0,1.04,98.96,0.00,N/A,3.09,2.18,210.16,1.41,35.32,0.01,0.37,0.12,3.14,0.04,1.00,0.00,0.00,0.93,0.91,0.0000,0.0000,     0,0,0,3.96,96.04,0.00,N/A,26.09,8.32,210.16,3.14,78.39,0.12,3.11,0.02,1.62,0.01,1.00,0.00,0.00,0.85,0.95,0.0000,0.0003,     0,0,0,1.47,98.53,0.00,N/A,5.00,3.09,210.16,1.62,40.44,0.02,0.59,0.02,0.80,0.03,1.00,0.00,0.03,0.96,0.28,0.0003,0.0065,     0,0,0,2.52,97.48,0.00,N/A,4.25,5.30,210.16,0.80,20.02,0.02,0.51,0.03,2.83,0.01,1.00,0.00,0.00,0.27,0.62,0.0001,0.0001,     0,0,0,1.11,98.89,0.00,N/A,7.21,2.55,210.16,2.83,70.74,0.03,0.78,0.02,1.55,0.01,1.00,0.00,0.00,0.84,0.74,0.0002,0.0014,     0,0,0,1.05,98.95,0.00,N/A,3.40,2.20,210.16,1.55,38.66,0.02,0.40,0.11,3.39,0.03,1.00,0.00,0.00,0.31,0.91,0.0000,0.0000,     0,0,0,3.31,96.69,0.00,N/A,21.16,6.24,210.16,3.39,84.82,0.11,2.81,0.00,0.43,0.00,1.00,0.00,0.00,0.87,0.86,0.0003,0.0025,     0,0,0,0.02,99.98,0.00,N/A,0.02,0.05,210.16,0.43,10.72,0.00,0.00,0.00,0.83,0.00,1.00,0.00,0.00,0.71,0.65,0.0012,0.0044,     0,0,0,0.41,99.59,0.00,N/A,0.76,0.92,210.16,0.83,20.87,0.00,0.08,0.00,0.42,0.00,1.00,0.00,0.00,0.68,0.61,0.0021,0.0073,     0,0,0,0.13,99.87,0.00,N/A,0.12,0.28,210.16,0.42,10.54,0.00,0.01,0.00,0.41,0.00,1.00,0.00,0.00,0.88,0.86,0.0003,0.0027,     0,0,0,0.02,99.98,0.00,N/A,0.02,0.04,210.16,0.41,10.33,0.00,0.00,
2024-03-21,21:07:15.747,0.04,2.39,0.02,1.00,0.01,0.07,0.91,0.56,0.0000,0.0005,0.00,0.00,-2147483648,0.00,0.00,149.57,62.60,209.81,2.39,59.73,0.04,1.11,1.74,0.46,4.24,1.86,98.14,0.00,100.00,0.00,0.00,0.00,0.00,-nan,0.09,0.06,2.61,0.02,1.00,0.00,0.04,0.90,0.41,0.0000,0.0003,     0,0,0,0.00,0.00,-2147483648,0.00,0.00,N/A,109.45,41.91,209.81,2.61,65.29,0.06,1.60,0.02,1.94,0.01,1.00,0.00,0.04,0.92,0.65,0.0001,0.0010,     0,0,0,0.00,0.00,-2147483648,0.00,0.00,N/A,40.12,20.69,209.81,1.94,48.47,0.02,0.61,0.12,0.14,  0%,  0%,0.79,0.70,  1%,  0%,1.12,1.14,  1%,  1%,0.99,0.99,  1%,  1%,2.45,97.55,0.00,100.00,0.00,0.00,1.25,98.75,0.00,100.00,0.00,0.00,0.00,0.00,0.00 ,0.00 ,-nan ,-nan ,0.09,0.08,0.02,0.74,0.03,1.00,0.00,0.03,0.95,0.29,0.0003,0.0066,     0,0,0,2.66,97.34,0.00,N/A,4.10,5.57,209.81,0.74,18.38,0.02,0.49,0.02,1.39,0.02,1.00,0.00,0.00,0.54,0.71,0.0001,0.0005,     0,0,0,1.64,98.36,0.00,N/A,4.79,3.45,209.81,1.39,34.76,0.02,0.57,0.13,3.33,0.04,1.00,0.00,0.00,0.56,0.65,0.0000,0.0000,     0,0,0,3.96,96.04,0.00,N/A,27.69,8.32,209.81,3.33,83.18,0.13,3.30,0.00,0.58,0.00,1.00,0.00,0.00,0.56,0.62,0.0013,0.0052,     0,0,0,0.28,99.72,0.00,N/A,0.32,0.55,209.81,0.58,14.59,0.00,0.04,0.14,3.11,0.04,1.00,0.00,0.00,0.78,0.68,0.0000,0.0000,     0,0,0,4.48,95.52,0.00,N/A,32.30,10.38,209.81,3.11,77.78,0.14,3.49,0.00,0.93,0.00,1.00,0.00,0.00,0.73,0.37,0.0009,0.0034,     0,0,0,0.48,99.52,0.00,N/A,0.93,1.01,209.81,0.93,23.13,0.00,0.11,0.12,3.14,0.04,1.00,0.00,0.00,0.71,0.90,0.0000,0.0000,     0,0,0,3.96,96.04,0.00,N/A,26.12,8.32,209.81,3.14,78.47,0.12,3.11,0.06,3.07,0.02,1.00,0.00,0.00,0.93,0.74,0.0000,0.0000,     0,0,0,1.86,98.14,0.00,N/A,13.19,4.30,209.81,3.07,76.65,0.06,1.42,0.01,0.30,0.02,1.00,0.00,0.03,0.96,0.27,0.0009,0.0212,     0,0,0,2.13,97.87,0.00,N/A,1.32,4.46,209.81,0.30,7.40,0.01,0.16,0.11,3.40,0.03,1.00,0.00,0.00,0.69,0.89,0.0000,0.0000,     0,0,0,3.28,96.72,0.00,N/A,21.19,6.24,209.81,3.40,84.92,0.11,2.78,0.00,0.34,0.00,0.99,0.00,0.00,0.61,0.83,0.0012,0.0036,     0,0,0,0.02,99.98,0.00,N/A,0.02,0.05,209.81,0.34,8.49,0.00,0.00,0.03,3.27,0.01,1.00,0.00,0.00,0.65,0.71,0.0000,0.0000,     0,0,0,0.98,99.02,0.00,N/A,7.03,2.15,209.81,3.27,81.77,0.03,0.80,0.01,1.31,0.01,1.00,0.00,0.00,0.82,0.86,0.0001,0.0009,     0,0,0,0.96,99.04,0.00,N/A,2.65,2.02,209.81,1.31,32.82,0.01,0.32,0.04,1.63,0.02,1.00,0.00,0.00,0.94,0.90,0.0000,0.0006,     0,0,0,2.18,97.82,0.00,N/A,6.91,4.24,209.81,1.63,40.74,0.04,0.89,0.00,0.48,0.01,1.00,0.00,0.00,0.61,0.51,0.0022,0.0065,     0,0,0,0.51,99.49,0.00,N/A,0.51,1.06,209.81,0.48,12.00,0.00,0.06,0.00,1.04,0.00,1.00,0.00,0.00,0.92,0.89,0.0001,0.0014,     0,0,0,0.22,99.78,0.00,N/A,0.49,0.47,209.81,1.04,26.09,0.00,0.06,
2024-03-21,21:07:15.849,0.02,1.83,0.01,0.98,0.01,0.07,0.90,0.62,0.0001,0.0010,0.00,0.00,-2147483648,0.00,0.00,72.94,39.96,214.08,1.83,45.63,0.02,0.54,1.23,0.32,2.73,1.21,98.79,0.00,100.00,0.00,0.00,0.00,0.00,-nan,0.08,0.03,2.03,0.02,1.00,0.01,0.04,0.87,0.61,0.0001,0.0007,     0,0,0,0.00,0.00,-2147483648,0.00,0.00,N/A,57.28,28.17,214.08,2.03,50.83,0.03,0.85,0.01,1.33,0.01,0.93,0.00,0.03,0.93,0.63,0.0001,0.0022,     0,0,0,0.00,0.00,-2147483648,0.00,0.00,N/A,15.66,11.79,214.08,1.33,33.20,0.01,0.23,0.32,0.38,  0%,  0%,0.32,0.21,  0%,  0%,0.64,0.66,  0%,  0%,0.90,0.53,  1%,  0%,1.68,98.32,0.00,100.00,0.00,0.00,0.75,99.25,0.00,100.00,0.00,0.00,0.00,0.00,0.00 ,0.00 ,-nan ,-nan ,0.08,0.07,0.01,0.51,0.03,1.00,0.00,0.03,0.92,0.29,0.0009,0.0107,     0,0,0,2.53,97.47,0.00,N/A,2.79,5.42,214.08,0.51,12.86,0.01,0.33,0.04,2.08,0.02,1.00,0.00,0.00,0.36,0.90,0.0001,0.0002,     0,0,0,2.09,97.91,0.00,N/A,10.23,4.92,214.08,2.08,51.99,0.04,1.09,0.03,2.98,0.01,1.00,0.00,0.00,0.67,0.81,0.0000,0.0000,     0,0,0,1.09,98.91,0.00,N/A,6.25,2.10,214.08,2.98,74.48,0.03,0.81,0.03,2.48,0.01,1.00,0.00,0.00,0.48,0.59,0.0000,0.0002,     0,0,0,1.37,98.63,0.00,N/A,7.27,2.93,214.08,2.48,62.07,0.03,0.85,0.05,2.12,0.02,1.00,0.00,0.00,0.76,0.88,0.0001,0.0003,     0,0,0,2.14,97.86,0.00,N/A,9.62,4.55,214.08,2.12,52.91,0.05,1.13,0.06,2.58,0.02,1.00,0.00,0.00,0.86,0.75,0.0000,0.0002,     0,0,0,2.46,97.54,0.00,N/A,13.53,5.24,214.08,2.58,64.56,0.06,1.59,0.03,2.70,0.01,1.00,0.00,0.00,0.58,0.56,0.0001,0.0002,     0,0,0,1.22,98.78,0.00,N/A,6.43,2.38,214.08,2.70,67.44,0.03,0.83,0.01,1.81,0.00,1.00,0.00,0.00,0.80,0.68,0.0001,0.0006,     0,0,0,0.31,99.69,0.00,N/A,1.16,0.64,214.08,1.81,45.31,0.01,0.14,0.01,0.32,0.02,0.92,0.00,0.03,0.95,0.26,0.0010,0.0212,     0,0,0,2.20,97.80,0.00,N/A,1.38,4.34,214.08,0.32,7.94,0.01,0.16,0.00,1.22,0.00,0.96,0.00,0.00,0.74,0.71,0.0002,0.0011,     0,0,0,0.19,99.81,0.00,N/A,0.49,0.40,214.08,1.22,30.46,0.00,0.06,0.00,0.42,0.00,0.83,0.00,0.00,0.89,0.89,0.0002,0.0022,     0,0,0,0.02,99.9,99.94,0.00,N/A,0.05,0.10,210.03,0.45,11.17,0.,0.46,0.71,0.0023,0.0057,     0,0,0,0.08,99.92,0.00,N/A,0.04,0.14,210.09,0.30,7.61,0.00,0.01,0.03,3.35,0.01,0.99,0.00,0.00,0.76,0.87,0.0000,0.0000,     0,0,0,1.02,98.98,0.00,N/A,7.09,2.12,210.09,3.35,83.78,0.03,0.84,0.00,0.68,0.00,0.93,0.00,0.00,0.64,0.67,0.0012,0.0038,     0,0,0,0.24,99.76,0.00,N/A,0.32,0.47,210.09,0.68,17.06,0.00,0.04,0.03,1.58,0.02,0.95,0.00,0.00,0.85,0.91,0.0001,0.0006,     0,0,0,2.04,97.96,0.00,N/A,6.42,4.06,210.09,1.58,39.48,0.03,0.76,0.03,2.23,0.01,0.96,0.00,0.00,0.68,0.61,0.0001,0.0005,     0,0,0,1.30,98.70,0.00,N/A,6.01,2.69,210.09,2.23,55.80,0.03,0.69,0.02,2.88,0.01,0.99,0.00,0.00,0.45,0.68,0.0000,0.0001,     0,0,0,0.69,99.31,0.00,N/A,4.14,1.44,210.09,2.88,72.03,0.02,0.49,
2024-03-21,21:07:15.945,0.04,1.54,0.02,0.99,0.03,0.14,0.77,0.55,0.0002,0.0011,0.01,0.00,-2147483648,0.00,0.00,128.00,83.01,212.41,1.54,38.55,0.04,0.92,2.09,0.23,8.87,2.40,97.60,0.00,100.00,0.00,0.00,0.00,0.00,-nan,0.10,0.06,1.84,0.03,1.00,0.02,0.08,0.72,0.44,0.0002,0.0007,     0,0,0,0.00,0.00,-2147483648,0.00,0.00,N/A,111.00,60.33,212.41,1.84,46.00,0.06,1.58,0.01,0.75,0.01,0.98,0.01,0.06,0.84,0.64,0.0005,0.0035,     0,0,0,0.00,0.00,-2147483648,0.00,0.00,N/A,17.00,22.69,212.41,0.75,18.73,0.01,0.25,0.79,0.71,  0%,  0%,0.33,0.26,  0%,  0%,2.34,3.19,  2%,  2%,1.69,1.64,  1%,  1%,3.44,96.56,0.00,100.00,0.00,0.00,1.35,98.65,0.00,100.00,0.00,0.00,0.00,0.00,0.00 ,0.00 ,-nan ,-nan ,0.10,0.10,0.04,0.96,0.05,1.00,0.00,0.04,0.90,0.25,0.0005,0.0048,     0,0,0,4.60,95.40,0.00,N/A,9.39,9.76,212.41,0.96,24.06,0.04,1.11,0.09,2.60,0.04,1.00,0.00,0.00,0.11,0.61,0.0002,0.0002,     0,0,0,3.61,96.39,0.00,N/A,19.38,7.44,212.41,2.60,65.10,0.09,2.35,0.07,2.01,0.04,1.00,0.00,0.00,0.15,0.56,0.0002,0.0002,     0,0,0,3.60,96.40,0.00,N/A,16.83,8.39,212.41,2.01,50.15,0.07,1.80,0.09,2.25,0.04,1.00,0.00,0.00,0.42,0.51,0.0000,0.0001,     0,0,0,3.95,96.05,0.00,N/A,18.94,8.42,212.41,2.25,56.26,0.09,2.22,0.08,2.06,0.04,1.00,0.00,0.00,0.35,0.58,0.0001,0.0001,     0,0,0,3.93,96.07,0.00,N/A,17.20,8.34,212.41,2.06,51.56,0.08,2.02,0.03,1.40,0.02,1.00,0.00,0.00,0.76,0.72,0.0001,0.0004,     0,0,0,2.20,97.80,0.00,N/A,7.09,5.05,212.41,1.40,35.07,0.03,0.77,0.01,0.50,0.02,1.00,0.00,0.01,0.88,0.61,0.0004,0.0037,     0,0,0,1.97,98.03,0.00,N/A,2.28,4.59,212.41,0.50,12.45,0.01,0.25,0.09,2.39,0.04,1.00,0.01,0.01,0.14,0.49,0.0003,0.0004,     0,0,0,3.92,96.08,0.00,N/A,19.88,8.33,212.41,2.39,59.65,0.09,2.34,0.01,0.32,0.03,1.00,0.00,0.04,0.94,0.25,0.0011,0.0196,     0,0,0,3.10,96.90,0.00,N/A,2.16,6.73,212.41,0.32,8.04,0.01,0.25,0.00,0.41,0.00,0.95,0.00,0.00,0.46,0.67,0.0024,0.0061,     0,0,0,0.14,99.86,0.00,N/A,0.12,0.29,212.41,0.41,10.22,0.00,0.01,0.01,0.79,0.01,0.99,0.00,0.00,0.52,0.88,0.0004,0.0014,     0,0,0,0.74,99.26,0.00,N/A,1.23,1.55,212.41,0.79,19.79,0.01,0.14,0.01,1.42,0.01,0.86,0.00,0.00,0.19,0.53,0.0011,0.0014,     0,0,0,1.04,98.96,0.00,N/A,2.70,1.90,212.41,1.42,35.58,0.01,0.32,0.01,0.57,0.03,1.00,0.00,0.00,0.39,0.89,0.0003,0.0006,     0,0,0,2.61,97.39,0.00,N/A,3.19,5.64,212.41,0.57,14.13,0.01,0.37,0.02,1.60,0.01,0.95,0.00,0.00,0.91,0.92,0.0000,0.0005,     0,0,0,1.49,98.51,0.00,N/A,5.34,3.33,212.41,1.60,40.08,0.02,0.57,0.01,0.72,0.01,0.99,0.00,0.00,0.77,0.83,0.0005,0.0024,     0,0,0,1.41,98.59,0.00,N/A,2.08,2.90,212.41,0.72,17.92,0.01,0.25,0.00,0.52,0.00,0.94,0.00,0.00,0.39,0.59,0.0039,0.0071,     0,0,0,0.17,99.83,0.00,N/A,0.18,0.35,212.41,0.52,13.04,0.00,0.02,0.01,0.07,0.91,0.61,0.0000,0.0004,0.00,0.00,-2147483648,0.00,0.00,155.05,62.84,210.32,2.47,61.69,0.05,1.14,1.49,0.37,3.47,1.85,98.15,0.00,100.00,0.00,0.00,0.00,0.00,-nan,0.09,0.07,2.76,0.03,1.00,0.00,0.03,0.93,0.41,0.0000,0.0003,     0,0,0,0.00,0.00,-2147483648,0.00,0.00,N/A,120.37,43.67,210.32,2.76,68.91,0.07,1.74,0.02,1.81,0.01,1.00,0.00,0.04,0.90,0.69,0.0001,0.0011,     0,0,0,0.00,0.00,-2147483648,0.00,0.00,N/A,34.67,19.17,210.32,1.81,45.22,0.02,0.52,0.13,0.18,  0%,  0%,0.63,0.55,  0%,  0%,0.87,0.99,  0%,  0%,0.77,0.84,  0%,  0%,2.52,97.48,0.00,100.00,0.00,0.00,1.16,98.84,0.00,100.00,0.00,0.00,0.00,0.00,0.00 ,0.00 ,-nan ,-nan ,0.10,0.08,0.02,0.81,0.03,1.00,0.00,0.03,0.94,0.30,0.0003,0.0058,     0,0,0,2.79,97.21,0.00,N/A,4.77,5.87,210.32,0.81,20.32,0.02,0.57,0.00,0.77,0.00,1.00,0.00,0.00,0.64,0.95,0.0001,0.0005,     0,0,0,0.11,99.89,0.00,N/A,0.18,0.23,210.32,0.77,19.18,0.00,0.02,0.12,3.36,0.04,1.00,0.00,0.00,0.53,0.67,0.0000,0.0000,     0,0,0,3.59,96.41,0.00,N/A,27.98,8.32,210.32,3.36,84.10,0.12,3.02,0.00,0.81,0.00,1.00,0.00,0.00,0.76,0.73,0.0001,0.0026,     0,0,0,0.14,99.86,0.00,N/A,0.22,0.27,210.32,0.81,20.31,0.00,0.03,0.14,3.12,0.04,1.00,0.00,0.00,0.67,0.69,0.0000,0.0000,     0,0,0,4.50,95.50,0.00,N/A,32.41,10.40,210.32,3.12,77.88,0.14,3.50,0.01,1.51,0.01,1.00,0.00,0.00,0.70,0.77,0.0001,0.0005,     0,0,0,0.76,99.24,0.00,N/A,2.41,1.60,210.32,1.51,37.70,0.01,0.29,0.12,3.13,0.04,1.00,0.00,0.00,0.78,0.89,0.0000,0.0000,     0,0,0,3.96,96.04,0.00,N/A,26.09,8.33,210.32,3.13,78.31,0.12,3.10,0.11,3.04,0.04,1.00,0.00,0.00,0.66,0.53,0.0000,0.0000,     0,0,0,3.72,96.28,0.00,N/A,26.32,8.65,210.32,3.04,76.06,0.11,2.83,0.01,0.31,0.02,1.00,0.00,0.03,0.96,0.27,0.0009,0.0215,     0,0,0,2.02,97.98,0.00,N/A,1.30,4.25,210.32,0.31,7.68,0.01,0.16,0.11,3.40,0.03,1.00,0.00,0.00,0.62,0.86,0.0000,0.0000,     0,0,0,3.26,96.74,0.00,N/A,21.20,6.24,210.32,3.40,84.92,0.11,2.77,0.00,1.20,0.00,1.00,0.00,0.00,0.59,0.74,0.0003,0.0009,     0,0,0,0.17,99.83,0.00,N/A,0.43,0.36,210.32,1.20,30.01,0.00,0.05,0.00,0.63,0.00,1.00,0.00,0.00,0.57,0.71,0.0011,0.0032,     0,0,0,0.07,99.93,0.00,N/A,0.10,0.15,210.32,0.63,15.72,0.00,0.01,0.01,1.49,0.01,1.00,0.00,0.00,0.80,0.96,0.0000,0.0002,     0,0,0,0.83,99.17,0.00,N/A,2.59,1.74,210.32,1.49,37.30,0.01,0.31,0.04,1.51,0.03,1.00,0.00,0.01,0.84,0.89,0.0001,0.0007,     0,0,0,2.97,97.03,0.00,N/A,8.73,5.79,210.32,1.51,37.66,0.04,1.12,0.00,0.51,0.00,1.00,0.00,0.00,0.38,0.70,0.0022,0.0040,     0,0,0,0.04,99.96,0.00,N/A,0.04,0.09,210.32,0.51,12.68,0.00,0.01,0.00,0.51,0.00,1.00,0.00,0.00,0.34,0.58,0.0040,0.0071,     0,0,0,0.26,99.74,0.00,N/A,0.28,0.55,210.32,0.51,12.69,0.00,0.03,
2024-03-21,21:07:15.849,0.02,1.83,0.01,0.98,0.02,0.08,0.80,0.60,0.0002,0.0010,0.00,0.00,-2147483648,0.00,0.00,84.54,46.10,214.15,1.83,45.85,0.02,0.62,2.24,0.68,4.80,1.37,98.63,0.00,100.00,0.00,0.00,0.00,0.00,-nan,0.09,0.04,2.00,0.02,1.00,0.01,0.05,0.72,0.58,0.0002,0.0007,     0,0,0,0.00,0.00,-2147483648,0.00,0.00,N/A,69.10,34.51,214.15,2.00,50.06,0.04,1.00,0.01,1.33,0.01,0.92,0.00,0.03,0.91,0.61,0.0002,0.0022,     0,0,0,0.00,0.00,-2147483648,0.00,0.00,N/A,15.44,11.59,214.15,1.33,33.31,0.01,0.23,0.65,0.41,  0%,  0%,0.64,0.55,  0%,  0%,0.96,1.06,  0%,  0%,1.28,1.50,  1%,  1%,2.00,98.00,0.00,100.00,0.00,0.00,0.74,99.26,0.00,100.00,0.00,0.00,0.00,0.00,0.00 ,0.00 ,-nan ,-nan ,0.08,0.10,0.01,0.52,0.03,1.00,0.00,0.03,0.90,0.29,0.0011,0.0107,     0,0,0,2.58,97.42,0.00,N/A,2.88,5.53,214.15,0.52,13.03,0.01,0.34,0.07,2.33,0.03,1.00,0.00,0.00,0.90,0.88,0.0000,0.0002,     0,0,0,2.90,97.10,0.00,N/A,15.89,6.83,214.15,2.33,58.20,0.07,1.69,0.04,2.20,0.02,1.00,0.00,0.00,0.08,0.57,0.0003,0.0004,     0,0,0,2.00,98.00,0.00,N/A,9.29,4.23,214.15,2.20,54.89,0.04,1.10,0.03,2.78,0.01,1.00,0.00,0.00,0.73,0.66,0.0000,0.0001,     0,0,0,0.97,99.03,0.00,N/A,6.33,2.28,214.15,2.78,69.45,0.03,0.67,0.04,2.01,0.02,1.00,0.00,0.01,0.88,0.79,0.0001,0.0006,     0,0,0,1.91,98.09,0.00,N/A,8.12,4.05,214.15,2.01,50.17,0.04,0.96,0.06,2.58,0.02,1.00,0.00,0.00,0.36,0.78,0.0000,0.0001,     0,0,0,2.42,97.58,0.00,N/A,13.30,5.16,214.15,2.58,64.44,0.06,1.56,0.05,2.27,0.02,1.00,0.00,0.00,0.03,0.53,0.0003,0.0003,     0,0,0,2.15,97.85,0.00,N/A,9.47,4.18,214.15,2.27,56.65,0.05,1.22,0.02,1.69,0.01,1.00,0.00,0.00,0.04,0.56,0.0008,0.0009,     0,0,0,1.10,98.90,0.00,N/A,3.81,2.26,214.15,1.69,42.29,0.02,0.47,0.01,0.31,0.02,0.91,0.00,0.03,0.94,0.27,0.0013,0.0202,     0,0,0,2.39,97.61,0.00,N/A,1.44,4.68,214.15,0.31,7.68,0.01,0.17,0.00,0.39,0.00,0.67,0.00,0.00,0.70,0.89,0.0004,0.0020,     0,0,0,0.04,99.96,0.00,N/A,0.02,0.05,214.15,0.39,9.79,0.00,0.00,0.00,0.46,0.00,0.87,0.00,0.00,0.46,0.70,0.0020,0.0059,     0,0,0,0.06,99.94,0.00,N/A,0.06,0.12,214.15,0.46,11.50,0.00,0.01,0.00,0.47,0.00,0.75,0.00,0.00,0.67,0.69,0.0014,0.0057,     0,0,0,0.06,99.94,0.00,N/A,0.04,0.10,214.15,0.47,11.68,0.00,0.01,0.03,3.26,0.01,0.99,0.00,0.00,0.92,0.67,0.0000,0.0000,     0,0,0,1.00,99.00,0.00,N/A,6.93,2.12,214.15,3.26,81.62,0.03,0.81,0.03,1.63,0.02,0.92,0.00,0.00,0.84,0.94,0.0001,0.0004,     0,0,0,2.10,97.90,0.00,N/A,6.76,4.14,214.15,1.63,40.83,0.03,0.79,0.00,0.45,0.00,0.64,0.00,0.00,0.73,0.77,0.0012,0.0052,     0,0,0,0.04,99.96,0.00,N/A,0.03,0.06,214.15,0.45,11.25,0.00,0.00,0.00,0.53,0.00,0.94,0.00,0.00,0.44,0.55,0.0036,0.0072,     0,0,0,0.16,99.84,0.00,N/A,0.17,0.32,214.15,0.53,13.20,0.00,0.02,