System,System,System,System,System,System,System,System,System,System,System,System,System,System,System,System,System,System,System,System,System,System,System,System,System,System,System,System Core C-States,System Core C-States,System Core C-States,System Pack C-States,System Pack C-States,System Pack C-States,System Pack C-States,System Pack C-States,System Pack C-States,System Pack C-States,Socket 0,Socket 0,Socket 0,Socket 0,Socket 0,Socket 0,Socket 0,Socket 0,Socket 0,Socket 0,Socket 0,Socket 0,Socket 0,Socket 0,Socket 0,Socket 0,Socket 0,Socket 0,Socket 0,Socket 0,Socket 0,Socket 0,Socket 0,Socket 0,Socket 0,Socket 0,Socket 1,Socket 1,Socket 1,Socket 1,Socket 1,Socket 1,Socket 1,Socket 1,Socket 1,Socket 1,Socket 1,Socket 1,Socket 1,Socket 1,Socket 1,Socket 1,Socket 1,Socket 1,Socket 1,Socket 1,Socket 1,Socket 1,Socket 1,Socket 1,Socket 1,Socket 1,SKT0dataIn,SKT0dataIn,SKT0dataIn (percent),SKT0dataIn (percent),SKT1dataIn,SKT1dataIn,SKT1dataIn (percent),SKT1dataIn (percent),SKT0trafficOut,SKT0trafficOut,SKT0trafficOut (percent),SKT0trafficOut (percent),SKT1trafficOut,SKT1trafficOut,SKT1trafficOut (percent),SKT1trafficOut (percent),SKT0 Core C-State,SKT0 Core C-State,SKT0 Core C-State,SKT0 Package C-State,SKT0 Package C-State,SKT0 Package C-State,SKT1 Core C-State,SKT1 Core C-State,SKT1 Core C-State,SKT1 Package C-State,SKT1 Package C-State,SKT1 Package C-State,Proc Energy (Joules),Proc Energy (Joules),DRAM Energy (Joules),DRAM Energy (Joules),LLCRDMISSLAT (ns),LLCRDMISSLAT (ns),UncFREQ (Ghz),UncFREQ (Ghz),Core0 (Socket 0),Core0 (Socket 0),Core0 (Socket 0),Core0 (Socket 0),Core0 (Socket 0),Core0 (Socket 0),Core0 (Socket 0),Core0 (Socket 0),Core0 (Socket 0),Core0 (Socket 0),Core0 (Socket 0),Core0 (Socket 0),Core0 (Socket 0),Core0 (Socket 0),Core0 (Socket 0),Core0 (Socket 0),Core0 (Socket 0),Core0 (Socket 0),Core0 (Socket 0),Core0 (Socket 0),Core0 (Socket 0),Core0 (Socket 0),Core0 (Socket 0),Core0 (Socket 0),Core1 (Socket 0),Core1 (Socket 0),Core1 (Socket 0),Core1 (Socket 0),Core1 (Socket 0),Core1 (Socket 0),Core1 (Socket 0),Core1 (Socket 0),Core1 (Socket 0),Core1 (Socket 0),Core1 (Socket 0),Core1 (Socket 0),Core1 (Socket 0),Core1 (Socket 0),Core1 (Socket 0),Core1 (Socket 0),Core1 (Socket 0),Core1 (Socket 0),Core1 (Socket 0),Core1 (Socket 0),Core1 (Socket 0),Core1 (Socket 0),Core1 (Socket 0),Core1 (Socket 0),Core2 (Socket 0),Core2 (Socket 0),Core2 (Socket 0),Core2 (Socket 0),Core2 (Socket 0),Core2 (Socket 0),Core2 (Socket 0),Core2 (Socket 0),Core2 (Socket 0),Core2 (Socket 0),Core2 (Socket 0),Core2 (Socket 0),Core2 (Socket 0),Core2 (Socket 0),Core2 (Socket 0),Core2 (Socket 0),Core2 (Socket 0),Core2 (Socket 0),Core2 (Socket 0),Core2 (Socket 0),Core2 (Socket 0),Core2 (Socket 0),Core2 (Socket 0),Core2 (Socket 0),Core3 (Socket 0),Core3 (Socket 0),Core3 (Socket 0),Core3 (Socket 0),Core3 (Socket 0),Core3 (Socket 0),Core3 (Socket 0),Core3 (Socket 0),Core3 (Socket 0),Core3 (Socket 0),Core3 (Socket 0),Core3 (Socket 0),Core3 (Socket 0),Core3 (Socket 0),Core3 (Socket 0),Core3 (Socket 0),Core3 (Socket 0),Core3 (Socket 0),Core3 (Socket 0),Core3 (Socket 0),Core3 (Socket 0),Core3 (Socket 0),Core3 (Socket 0),Core3 (Socket 0),Core4 (Socket 0),Core4 (Socket 0),Core4 (Socket 0),Core4 (Socket 0),Core4 (Socket 0),Core4 (Socket 0),Core4 (Socket 0),Core4 (Socket 0),Core4 (Socket 0),Core4 (Socket 0),Core4 (Socket 0),Core4 (Socket 0),Core4 (Socket 0),Core4 (Socket 0),Core4 (Socket 0),Core4 (Socket 0),Core4 (Socket 0),Core4 (Socket 0),Core4 (Socket 0),Core4 (Socket 0),Core4 (Socket 0),Core4 (Socket 0),Core4 (Socket 0),Core4 (Socket 0),Core5 (Socket 0),Core5 (Socket 0),Core5 (Socket 0),Core5 (Socket 0),Core5 (Socket 0),Core5 (Socket 0),Core5 (Socket 0),Core5 (Socket 0),Core5 (Socket 0),Core5 (Socket 0),Core5 (Socket 0),Core5 (Socket 0),Core5 (Socket 0),Core5 (Socket 0),Core5 (Socket 0),Core5 (Socket 0),Core5 (Socket 0),Core5 (Socket 0),Core5 (Socket 0),Core5 (Socket 0),Core5 (Socket 0),Core5 (Socket 0),Core5 (Socket 0),Core5 (Socket 0),Core6 (Socket 0),Core6 (Socket 0),Core6 (Socket 0),Core6 (Socket 0),Core6 (Socket 0),Core6 (Socket 0),Core6 (Socket 0),Core6 (Socket 0),Core6 (Socket 0),Core6 (Socket 0),Core6 (Socket 0),Core6 (Socket 0),Core6 (Socket 0),Core6 (Socket 0),Core6 (Socket 0),Core6 (Socket 0),Core6 (Socket 0),Core6 (Socket 0),Core6 (Socket 0),Core6 (Socket 0),Core6 (Socket 0),Core6 (Socket 0),Core6 (Socket 0),Core6 (Socket 0),Core7 (Socket 0),Core7 (Socket 0),Core7 (Socket 0),Core7 (Socket 0),Core7 (Socket 0),Core7 (Socket 0),Core7 (Socket 0),Core7 (Socket 0),Core7 (Socket 0),Core7 (Socket 0),Core7 (Socket 0),Core7 (Socket 0),Core7 (Socket 0),Core7 (Socket 0),Core7 (Socket 0),Core7 (Socket 0),Core7 (Socket 0),Core7 (Socket 0),Core7 (Socket 0),Core7 (Socket 0),Core7 (Socket 0),Core7 (Socket 0),Core7 (Socket 0),Core7 (Socket 0),Core8 (Socket 1),Core8 (Socket 1),Core8 (Socket 1),Core8 (Socket 1),Core8 (Socket 1),Core8 (Socket 1),Core8 (Socket 1),Core8 (Socket 1),Core8 (Socket 1),Core8 (Socket 1),Core8 (Socket 1),Core8 (Socket 1),Core8 (Socket 1),Core8 (Socket 1),Core8 (Socket 1),Core8 (Socket 1),Core8 (Socket 1),Core8 (Socket 1),Core8 (Socket 1),Core8 (Socket 1),Core8 (Socket 1),Core8 (Socket 1),Core8 (Socket 1),Core8 (Socket 1),Core9 (Socket 1),Core9 (Socket 1),Core9 (Socket 1),Core9 (Socket 1),Core9 (Socket 1),Core9 (Socket 1),Core9 (Socket 1),Core9 (Socket 1),Core9 (Socket 1),Core9 (Socket 1),Core9 (Socket 1),Core9 (Socket 1),Core9 (Socket 1),Core9 (Socket 1),Core9 (Socket 1),Core9 (Socket 1),Core9 (Socket 1),Core9 (Socket 1),Core9 (Socket 1),Core9 (Socket 1),Core9 (Socket 1),Core9 (Socket 1),Core9 (Socket 1),Core9 (Socket 1),Core10 (Socket 1),Core10 (Socket 1),Core10 (Socket 1),Core10 (Socket 1),Core10 (Socket 1),Core10 (Socket 1),Core10 (Socket 1),Core10 (Socket 1),Core10 (Socket 1),Core10 (Socket 1),Core10 (Socket 1),Core10 (Socket 1),Core10 (Socket 1),Core10 (Socket 1),Core10 (Socket 1),Core10 (Socket 1),Core10 (Socket 1),Core10 (Socket 1),Core10 (Socket 1),Core10 (Socket 1),Core10 (Socket 1),Core10 (Socket 1),Core10 (Socket 1),Core10 (Socket 1),Core11 (Socket 1),Core11 (Socket 1),Core11 (Socket 1),Core11 (Socket 1),Core11 (Socket 1),Core11 (Socket 1),Core11 (Socket 1),Core11 (Socket 1),Core11 (Socket 1),Core11 (Socket 1),Core11 (Socket 1),Core11 (Socket 1),Core11 (Socket 1),Core11 (Socket 1),Core11 (Socket 1),Core11 (Socket 1),Core11 (Socket 1),Core11 (Socket 1),Core11 (Socket 1),Core11 (Socket 1),Core11 (Socket 1),Core11 (Socket 1),Core11 (Socket 1),Core11 (Socket 1),Core12 (Socket 1),Core12 (Socket 1),Core12 (Socket 1),Core12 (Socket 1),Core12 (Socket 1),Core12 (Socket 1),Core12 (Socket 1),Core12 (Socket 1),Core12 (Socket 1),Core12 (Socket 1),Core12 (Socket 1),Core12 (Socket 1),Core12 (Socket 1),Core12 (Socket 1),Core12 (Socket 1),Core12 (Socket 1),Core12 (Socket 1),Core12 (Socket 1),Core12 (Socket 1),Core12 (Socket 1),Core12 (Socket 1),Core12 (Socket 1),Core12 (Socket 1),Core12 (Socket 1),Core13 (Socket 1),Core13 (Socket 1),Core13 (Socket 1),Core13 (Socket 1),Core13 (Socket 1),Core13 (Socket 1),Core13 (Socket 1),Core13 (Socket 1),Core13 (Socket 1),Core13 (Socket 1),Core13 (Socket 1),Core13 (Socket 1),Core13 (Socket 1),Core13 (Socket 1),Core13 (Socket 1),Core13 (Socket 1),Core13 (Socket 1),Core13 (Socket 1),Core13 (Socket 1),Core13 (Socket 1),Core13 (Socket 1),Core13 (Socket 1),Core13 (Socket 1),Core13 (Socket 1),Core14 (Socket 1),Core14 (Socket 1),Core14 (Socket 1),Core14 (Socket 1),Core14 (Socket 1),Core14 (Socket 1),Core14 (Socket 1),Core14 (Socket 1),Core14 (Socket 1),Core14 (Socket 1),Core14 (Socket 1),Core14 (Socket 1),Core14 (Socket 1),Core14 (Socket 1),Core14 (Socket 1),Core14 (Socket 1),Core14 (Socket 1),Core14 (Socket 1),Core14 (Socket 1),Core14 (Socket 1),Core14 (Socket 1),Core14 (Socket 1),Core14 (Socket 1),Core14 (Socket 1),Core15 (Socket 1),Core15 (Socket 1),Core15 (Socket 1),Core15 (Socket 1),Core15 (Socket 1),Core15 (Socket 1),Core15 (Socket 1),Core15 (Socket 1),Core15 (Socket 1),Core15 (Socket 1),Core15 (Socket 1),Core15 (Socket 1),Core15 (Socket 1),Core15 (Socket 1),Core15 (Socket 1),Core15 (Socket 1),Core15 (Socket 1),Core15 (Socket 1),Core15 (Socket 1),Core15 (Socket 1),Core15 (Socket 1),Core15 (Socket 1),Core15 (Socket 1),Core15 (Socket 1),
Date,Time,EXEC,IPC,FREQ,AFREQ,L3MISS,L2MISS,L3HIT,L2HIT,L3MPI,L2MPI,READ,WRITE,LOCAL,PMM_RD,PMM_WR,INST,ACYC,TIME(ticks),PhysIPC,PhysIPC%,INSTnom,INSTnom%,TotalUPIin,UPItoMC,TotalUPIout,C0res%,C1res%,C6res%,C0res%,C2res%,C6res%,Proc Energy (Joules),DRAM Energy (Joules),LLCRDMISSLAT (ns),UncFREQ (Ghz),EXEC,IPC,FREQ,AFREQ,L3MISS,L2MISS,L3HIT,L2HIT,L3MPI,L2MPI,L3OCC,LMB,RMB,READ,WRITE,LOCAL,PMM_RD,PMM_WR,TEMP,INST,ACYC,TIME(ticks),PhysIPC,PhysIPC%,INSTnom,INSTnom%,EXEC,IPC,FREQ,AFREQ,L3MISS,L2MISS,L3HIT,L2HIT,L3MPI,L2MPI,L3OCC,LMB,RMB,READ,WRITE,LOCAL,PMM_RD,PMM_WR,TEMP,INST,ACYC,TIME(ticks),PhysIPC,PhysIPC%,INSTnom,INSTnom%,UPI0,UPI1,UPI0,UPI1,UPI0,UPI1,UPI0,UPI1,UPI0,UPI1,UPI0,UPI1,UPI0,UPI1,UPI0,UPI1,C0res%,C1res%,C6res%,C0res%,C2res%,C6res%,C0res%,C1res%,C6res%,C0res%,C2res%,C6res%,SKT0,SKT1,SKT0,SKT1,SKT0,SKT1,SKT0,SKT1,EXEC,IPC,FREQ,AFREQ,L3MISS,L2MISS,L3HIT,L2HIT,L3MPI,L2MPI,L3OCC,LMB,RMB,C0res%,C1res%,C6res%,TEMP,INST,ACYC,TIME(ticks),PhysIPC,PhysIPC%,INSTnom,INSTnom%,EXEC,IPC,FREQ,AFREQ,L3MISS,L2MISS,L3HIT,L2HIT,L3MPI,L2MPI,L3OCC,LMB,RMB,C0res%,C1res%,C6res%,TEMP,INST,ACYC,TIME(ticks),PhysIPC,PhysIPC%,INSTnom,INSTnom%,EXEC,IPC,FREQ,AFREQ,L3MISS,L2MISS,L3HIT,L2HIT,L3MPI,L2MPI,L3OCC,LMB,RMB,C0res%,C1res%,C6res%,TEMP,INST,ACYC,TIME(ticks),PhysIPC,PhysIPC%,INSTnom,INSTnom%,EXEC,IPC,FREQ,AFREQ,L3MISS,L2MISS,L3HIT,L2HIT,L3MPI,L2MPI,L3OCC,LMB,RMB,C0res%,C1res%,C6res%,TEMP,INST,ACYC,TIME(ticks),PhysIPC,PhysIPC%,INSTnom,INSTnom%,EXEC,IPC,FREQ,AFREQ,L3MISS,L2MISS,L3HIT,L2HIT,L3MPI,L2MPI,L3OCC,LMB,RMB,C0res%,C1res%,C6res%,TEMP,INST,ACYC,TIME(ticks),PhysIPC,PhysIPC%,INSTnom,INSTnom%,EXEC,IPC,FREQ,AFREQ,L3MISS,L2MISS,L3HIT,L2HIT,L3MPI,L2MPI,L3OCC,LMB,RMB,C0res%,C1res%,C6res%,TEMP,INST,ACYC,TIME(ticks),PhysIPC,PhysIPC%,INSTnom,INSTnom%,EXEC,IPC,FREQ,AFREQ,L3MISS,L2MISS,L3HIT,L2HIT,L3MPI,L2MPI,L3OCC,LMB,RMB,C0res%,C1res%,C6res%,TEMP,INST,ACYC,TIME(ticks),PhysIPC,PhysIPC%,INSTnom,INSTnom%,EXEC,IPC,FREQ,AFREQ,L3MISS,L2MISS,L3HIT,L2HIT,L3MPI,L2MPI,L3OCC,LMB,RMB,C0res%,C1res%,C6res%,TEMP,INST,ACYC,TIME(ticks),PhysIPC,PhysIPC%,INSTnom,INSTnom%,EXEC,IPC,FREQ,AFREQ,L3MISS,L2MISS,L3HIT,L2HIT,L3MPI,L2MPI,L3OCC,LMB,RMB,C0res%,C1res%,C6res%,TEMP,INST,ACYC,TIME(ticks),PhysIPC,PhysIPC%,INSTnom,INSTnom%,EXEC,IPC,FREQ,AFREQ,L3MISS,L2MISS,L3HIT,L2HIT,L3MPI,L2MPI,L3OCC,LMB,RMB,C0res%,C1res%,C6res%,TEMP,INST,ACYC,TIME(ticks),PhysIPC,PhysIPC%,INSTnom,INSTnom%,EXEC,IPC,FREQ,AFREQ,L3MISS,L2MISS,L3HIT,L2HIT,L3MPI,L2MPI,L3OCC,LMB,RMB,C0res%,C1res%,C6res%,TEMP,INST,ACYC,TIME(ticks),PhysIPC,PhysIPC%,INSTnom,INSTnom%,EXEC,IPC,FREQ,AFREQ,L3MISS,L2MISS,L3HIT,L2HIT,L3MPI,L2MPI,L3OCC,LMB,RMB,C0res%,C1res%,C6res%,TEMP,INST,ACYC,TIME(ticks),PhysIPC,PhysIPC%,INSTnom,INSTnom%,EXEC,IPC,FREQ,AFREQ,L3MISS,L2MISS,L3HIT,L2HIT,L3MPI,L2MPI,L3OCC,LMB,RMB,C0res%,C1res%,C6res%,TEMP,INST,ACYC,TIME(ticks),PhysIPC,PhysIPC%,INSTnom,INSTnom%,EXEC,IPC,FREQ,AFREQ,L3MISS,L2MISS,L3HIT,L2HIT,L3MPI,L2MPI,L3OCC,LMB,RMB,C0res%,C1res%,C6res%,TEMP,INST,ACYC,TIME(ticks),PhysIPC,PhysIPC%,INSTnom,INSTnom%,EXEC,IPC,FREQ,AFREQ,L3MISS,L2MISS,L3HIT,L2HIT,L3MPI,L2MPI,L3OCC,LMB,RMB,C0res%,C1res%,C6res%,TEMP,INST,ACYC,TIME(ticks),PhysIPC,PhysIPC%,INSTnom,INSTnom%,EXEC,IPC,FREQ,AFREQ,L3MISS,L2MISS,L3HIT,L2HIT,L3MPI,L2MPI,L3OCC,LMB,RMB,C0res%,C1res%,C6res%,TEMP,INST,ACYC,TIME(ticks),PhysIPC,PhysIPC%,INSTnom,INSTnom%,
2024-03-18,16:02:35.574,0.00,0.62,0.01,0.86,0.01,0.04,0.76,0.76,0.0006,0.0027,0.00,0.00,-2147483648,0.00,0.00,14.78,23.81,212.16,0.62,15.53,0.00,0.11,0.49,0.23,2.29,0.81,99.19,0.00,100.00,0.00,0.00,0.00,0.00,-nan,0.11,0.00,0.53,0.01,0.86,0.00,0.02,0.76,0.70,0.0008,0.0036,     0,0,0,0.00,0.00,-2147483648,0.00,0.00,N/A,6.06,11.35,212.16,0.53,13.34,0.00,0.09,0.01,0.70,0.01,0.87,0.00,0.02,0.76,0.81,0.0005,0.0021,     0,0,0,0.00,0.00,-2147483648,0.00,0.00,N/A,8.73,12.45,212.16,0.70,17.52,0.01,0.13,0.11,0.13,  0%,  0%,0.15,0.09,  0%,  0%,0.49,0.64,  0%,  0%,0.61,0.55,  0%,  0%,0.77,99.23,0.00,100.00,0.00,0.00,0.84,99.16,0.00,100.00,0.00,0.00,0.00,0.00,0.00 ,0.00 ,-nan ,-nan ,0.11,0.11,0.01,0.26,0.03,0.81,0.00,0.01,0.81,0.70,0.0014,0.0073,     0,0,0,3.86,96.14,0.00,N/A,1.75,6.65,212.16,0.26,6.59,0.01,0.21,0.01,1.33,0.01,0.96,0.00,0.00,0.47,0.61,0.0003,0.0007,     0,0,0,0.68,99.32,0.00,N/A,1.86,1.39,212.16,1.33,33.36,0.01,0.22,0.00,0.77,0.00,0.92,0.00,0.00,0.56,0.68,0.0008,0.0026,     0,0,0,0.23,99.77,0.00,N/A,0.35,0.45,212.16,0.77,19.25,0.00,0.04,0.00,0.86,0.00,0.88,0.00,0.00,0.69,0.68,0.0006,0.0027,     0,0,0,0.16,99.84,0.00,N/A,0.26,0.30,212.16,0.86,21.56,0.00,0.03,0.00,0.64,0.00,0.95,0.00,0.00,0.78,0.72,0.0007,0.0038,     0,0,0,0.42,99.58,0.00,N/A,0.54,0.84,212.16,0.64,16.03,0.00,0.06,0.00,0.99,0.00,0.86,0.00,0.00,0.78,0.70,0.0004,0.0022,     0,0,0,0.16,99.84,0.00,N/A,0.28,0.28,212.16,0.99,24.85,0.00,0.03,0.00,0.78,0.00,0.96,0.00,0.00,0.85,0.74,0.0003,0.0026,     0,0,0,0.50,99.50,0.00,N/A,0.80,1.03,212.16,0.78,19.40,0.00,0.09,0.00,0.54,0.00,0.89,0.00,0.00,0.47,0.58,0.0025,0.0070,     0,0,0,0.21,99.79,0.00,N/A,0.22,0.40,212.16,0.54,13.52,0.00,0.03,0.01,0.24,0.03,0.93,0.00,0.01,0.83,0.69,0.0013,0.0076,     0,0,0,3.57,96.43,0.00,N/A,1.71,7.03,212.16,0.24,6.09,0.01,0.20,0.00,0.45,0.00,0.81,0.00,0.00,0.34,0.72,0.0026,0.0048,     0,0,0,0.14,99.86,0.00,N/A,0.11,0.25,212.16,0.45,11.35,0.00,0.01,0.00,0.42,0.00,0.80,0.00,0.00,0.46,0.68,0.0022,0.0060,     0,0,0,0.13,99.87,0.00,N/A,0.09,0.22,212.16,0.42,10.47,0.00,0.01,0.03,1.65,0.02,0.79,0.00,0.00,0.74,0.98,0.0000,0.0001,     0,0,0,2.27,97.73,0.00,N/A,6.27,3.80,212.16,1.65,41.24,0.03,0.74,0.00,0.49,0.00,0.79,0.00,0.00,0.69,0.71,0.0014,0.0052,     0,0,0,0.14,99.86,0.00,N/A,0.11,0.23,212.16,0.49,12.29,0.00,0.01,0.00,0.46,0.00,0.74,0.00,0.00,0.72,0.69,0.0015,0.0064,     0,0,0,0.15,99.85,0.00,N/A,0.10,0.23,212.16,0.46,11.38,0.00,0.01,0.00,0.47,0.00,0.79,0.00,0.00,0.75,0.72,0.0012,0.0056,     0,0,0,0.13,99.87,0.00,N/A,0.10,0.22,212.16,0.47,11.66,0.00,0.01,0.00,0.47,0.00,0.91,0.00,0.00,0.33,0.54,0.0038,0.0070,     0,0,0,0.25,99.75,0.00,N/A,0.22,0.48,212.16,0.47,11.71,0.00,0.03,
2024-03-18,16:02:35.675,0.01,0.93,0.01,0.93,0.01,0.05,0.73,0.75,0.0003,0.0014,0.00,0.00,-2147483648,0.00,0.00,36.24,38.81,209.99,0.93,23.34,0.01,0.27,2.36,0.30,11.62,1.24,98.76,0.00,100.00,0.00,0.00,0.00,0.00,-nan,0.11,0.01,0.88,0.01,0.95,0.01,0.03,0.74,0.65,0.0003,0.0014,     0,0,0,0.00,0.00,-2147483648,0.00,0.00,N/A,18.53,20.96,209.99,0.88,22.10,0.01,0.28,0.01,0.99,0.01,0.90,0.01,0.03,0.72,0.80,0.0004,0.0014,     0,0,0,0.00,0.00,-2147483648,0.00,0.00,N/A,17.71,17.85,209.99,0.99,24.80,0.01,0.26,0.41,0.45,  0%,  0%,0.86,0.64,  0%,  0%,2.46,2.76,  1%,  2%,3.15,3.26,  1%,  1%,1.31,98.69,0.00,100.00,0.00,0.00,1.18,98.82,0.00,100.00,0.00,0.00,0.00,0.00,0.00 ,0.00 ,-nan ,-nan ,0.11,0.11,0.01,0.30,0.03,0.94,0.00,0.02,0.81,0.57,0.0016,0.0089,     0,0,0,3.70,96.30,0.00,N/A,2.20,7.34,209.99,0.30,7.50,0.01,0.26,0.00,0.38,0.00,0.98,0.00,0.00,0.51,0.54,0.0026,0.0081,     0,0,0,0.21,99.79,0.00,N/A,0.16,0.43,209.99,0.38,9.39,0.00,0.02,0.03,1.66,0.02,1.00,0.00,0.00,0.62,0.79,0.0000,0.0000,     0,0,0,2.02,97.98,0.00,N/A,7.01,4.23,209.99,1.66,41.39,0.03,0.83,0.00,0.80,0.00,0.98,0.00,0.00,0.64,0.75,0.0004,0.0014,     0,0,0,0.21,99.79,0.00,N/A,0.34,0.43,209.99,0.80,20.09,0.00,0.04,0.03,1.04,0.03,0.92,0.00,0.00,0.30,0.79,0.0002,0.0004,     0,0,0,2.96,97.04,0.00,N/A,5.92,5.71,209.99,1.04,25.92,0.03,0.71,0.01,1.03,0.01,1.00,0.00,0.00,0.22,0.84,0.0002,0.0002,     0,0,0,1.03,98.97,0.00,N/A,2.21,2.15,209.99,1.03,25.72,0.01,0.26,0.00,1.27,0.00,0.96,0.00,0.00,0.79,0.79,0.0002,0.0011,     0,0,0,0.12,99.88,0.00,N/A,0.31,0.24,209.99,1.27,31.68,0.00,0.04,0.00,0.88,0.00,0.98,0.00,0.00,0.76,0.89,0.0004,0.0016,     0,0,0,0.21,99.79,0.00,N/A,0.37,0.42,209.99,0.88,22.11,0.00,0.04,0.01,0.26,0.03,0.84,0.00,0.01,0.84,0.69,0.0012,0.0080,     0,0,0,3.63,96.37,0.00,N/A,1.66,6.40,209.99,0.26,6.50,0.01,0.20,0.00,0.42,0.00,0.82,0.00,0.00,0.48,0.78,0.0020,0.0043,     0,0,0,0.08,99.92,0.00,N/A,0.06,0.14,209.99,0.42,10.61,0.00,0.01,0.00,0.47,0.00,0.84,0.00,0.00,0.52,0.72,0.0015,0.0056,     0,0,0,0.09,99.91,0.00,N/A,0.07,0.16,209.99,0.47,11.68,0.00,0.01,0.02,1.53,0.01,0.85,0.00,0.00,0.86,0.92,0.0001,0.0005,     0,0,0,1.71,98.29,0.00,N/A,4.68,3.06,209.99,1.53,38.21,0.02,0.56,0.02,1.20,0.02,0.99,0.00,0.01,0.36,0.78,0.0007,0.0012,     0,0,0,1.67,98.33,0.00,N/A,4.17,3.48,209.99,1.20,29.95,0.02,0.50,0.01,1.54,0.01,0.99,0.00,0.00,0.77,0.95,0.0001,0.0003,     0,0,0,0.91,99.09,0.00,N/A,2.93,1.89,209.99,1.54,38.61,0.01,0.35,0.02,1.63,0.01,0.99,0.00,0.00,0.59,0.77,0.0002,0.0004,     0,0,0,1.18,98.82,0.00,N/A,4.01,2.45,209.99,1.63,40.86,0.02,0.48,0.00,0.49,0.00,0.83,0.00,0.00,0.47,0.57,0.0029,0.0071,     0,0,0,0.15,99.85,0.00,N/A,0.13,0.27,209.99,0.49,12.15,0.00,0.02,
2024-03-18,16:02:35.785,0.03,1.06,0.03,1.00,0.02,0.09,0.72,0.71,0.0002,0.0008,0.12,0.17,-2147483648,0.00,0.00,120.43,113.19,210.24,1.06,26.60,0.03,0.87,2.52,0.01,32.70,3.27,96.73,0.00,100.00,0.00,0.00,0.00,0.00,-nan,0.14,0.05,1.10,0.05,1.00,0.01,0.06,0.66,0.67,0.0002,0.0006,     0,0,0,0.11,0.15,-2147483648,0.00,0.00,N/A,92.64,84.01,210.24,1.10,27.57,0.05,1.31,0.02,0.95,0.02,1.00,0.01,0.04,0.80,0.75,0.0002,0.0013,     0,0,0,0.01,0.02,-2147483648,0.00,0.00,N/A,27.78,29.18,210.24,0.95,23.80,0.02,0.41,0.84,0.83,  0%,  0%,0.46,0.38,  0%,  0%,8.18,8.11,  6%,  6%,8.09,8.32,  4%,  4%,4.76,95.24,0.00,100.00,0.00,0.00,1.72,98.28,0.00,100.00,0.00,0.00,0.00,0.00,0.00 ,0.00 ,-nan ,-nan ,0.13,0.14,0.02,0.45,0.05,1.00,0.01,0.02,0.74,0.56,0.0013,0.0051,     0,0,0,4.82,95.18,0.00,N/A,4.52,10.13,210.24,0.45,11.15,0.02,0.54,0.05,1.06,0.05,1.00,0.00,0.01,0.58,0.66,0.0002,0.0005,     0,0,0,4.90,95.10,0.00,N/A,11.24,10.62,210.24,1.06,26.47,0.05,1.30,0.09,1.63,0.06,1.00,0.00,0.00,0.42,0.77,0.0000,0.0001,     0,0,0,5.59,94.41,0.00,N/A,20.37,12.48,210.24,1.63,40.82,0.09,2.28,0.04,1.14,0.04,1.00,0.00,0.00,0.59,0.72,0.0001,0.0004,     0,0,0,3.73,96.27,0.00,N/A,9.46,8.33,210.24,1.14,28.40,0.04,1.06,0.06,1.11,0.05,1.00,0.00,0.01,0.58,0.73,0.0001,0.0004,     0,0,0,5.05,94.95,0.00,N/A,11.76,10.61,210.24,1.11,27.73,0.06,1.40,0.05,1.10,0.05,1.00,0.00,0.01,0.58,0.74,0.0001,0.0005,     0,0,0,4.60,95.40,0.00,N/A,11.76,10.65,210.24,1.10,27.62,0.05,1.27,0.05,1.11,0.05,1.00,0.00,0.01,0.60,0.74,0.0001,0.0004,     0,0,0,4.70,95.30,0.00,N/A,11.76,10.60,210.24,1.11,27.74,0.05,1.31,0.05,1.11,0.05,1.00,0.00,0.01,0.58,0.73,0.0001,0.0004,     0,0,0,4.74,95.26,0.00,N/A,11.76,10.60,210.24,1.11,27.73,0.05,1.31,0.01,0.32,0.04,1.00,0.00,0.02,0.88,0.57,0.0010,0.0084,     0,0,0,3.61,96.39,0.00,N/A,2.42,7.59,210.24,0.32,7.97,0.01,0.29,0.00,0.75,0.01,1.00,0.00,0.00,0.80,0.65,0.0004,0.0031,     0,0,0,0.51,99.49,0.00,N/A,0.80,1.07,210.24,0.75,18.69,0.00,0.09,0.02,0.96,0.02,1.00,0.00,0.00,0.55,0.72,0.0003,0.0009,     0,0,0,1.59,98.41,0.00,N/A,3.22,3.35,210.24,0.96,24.05,0.02,0.38,0.02,1.41,0.01,1.00,0.00,0.00,0.35,0.90,0.0001,0.0002,     0,0,0,1.14,98.86,0.00,N/A,3.59,2.55,210.24,1.41,35.30,0.02,0.40,0.03,1.15,0.03,1.00,0.00,0.00,0.67,0.70,0.0002,0.0006,     0,0,0,2.91,97.09,0.00,N/A,7.01,6.11,210.24,1.15,28.68,0.03,0.83,0.03,1.47,0.02,1.00,0.00,0.00,0.70,0.93,0.0001,0.0004,     0,0,0,2.12,97.88,0.00,N/A,6.54,4.44,210.24,1.47,36.82,0.03,0.78,0.00,1.00,0.00,1.00,0.00,0.00,0.82,0.76,0.0002,0.0015,     0,0,0,0.39,99.61,0.00,N/A,0.81,0.81,210.24,1.00,25.03,0.00,0.10,0.02,1.04,0.02,1.00,0.00,0.00,0.67,0.85,0.0002,0.0007,     0,0,0,1.55,98.45,0.00,N/A,3.39,3.27,210.24,1.04,25.94,0.02,0.40,
2024-03-18,16:02:35.883,0.05,1.36,0.04,1.00,0.02,0.08,0.72,0.76,0.0001,0.0005,0.00,0.03,-2147483648,0.00,0.00,162.32,119.36,211.81,1.36,34.00,0.05,1.22,1.50,0.04,53.20,3.59,96.41,0.00,100.00,0.00,0.00,0.00,0.00,-nan,0.12,0.07,1.41,0.05,1.00,0.01,0.05,0.76,0.73,0.0001,0.0004,     0,0,0,0.00,0.02,-2147483648,0.00,0.00,N/A,122.03,86.55,211.81,1.41,35.25,0.07,1.86,0.02,1.23,0.02,1.00,0.01,0.03,0.65,0.80,0.0002,0.0006,     0,0,0,0.00,0.01,-2147483648,0.00,0.00,N/A,40.29,32.81,211.81,1.23,30.70,0.02,0.60,0.46,0.46,  0%,  0%,0.37,0.21,  0%,  0%,13.17,13.20, 10%, 10%,13.40,13.42,  8%,  8%,5.27,94.73,0.00,100.00,0.00,0.00,1.94,98.06,0.00,100.00,0.00,0.00,0.00,0.00,0.00 ,0.00 ,-nan ,-nan ,0.12,0.12,0.01,0.33,0.04,1.00,0.00,0.02,0.85,0.52,0.0013,0.0089,     0,0,0,3.57,96.43,0.00,N/A,2.49,7.56,211.81,0.33,8.24,0.01,0.29,0.09,1.51,0.06,1.00,0.00,0.00,0.65,0.79,0.0001,0.0002,     0,0,0,6.00,94.00,0.00,N/A,18.86,12.47,211.81,1.51,37.80,0.09,2.27,0.09,1.51,0.06,1.00,0.00,0.00,0.66,0.82,0.0001,0.0002,     0,0,0,5.82,94.18,0.00,N/A,18.88,12.46,211.81,1.51,37.86,0.09,2.20,0.09,1.51,0.06,1.00,0.00,0.00,0.65,0.78,0.0001,0.0002,     0,0,0,6.19,93.81,0.00,N/A,18.86,12.47,211.81,1.51,37.82,0.09,2.34,0.09,1.52,0.06,1.00,0.00,0.00,0.65,0.80,0.0001,0.0002,     0,0,0,5.81,94.19,0.00,N/A,18.91,12.46,211.81,1.52,37.93,0.09,2.20,0.10,1.51,0.06,1.00,0.00,0.01,0.64,0.77,0.0001,0.0003,     0,0,0,6.43,93.57,0.00,N/A,18.77,12.43,211.81,1.51,37.75,0.10,2.43,0.09,1.52,0.06,1.00,0.00,0.00,0.65,0.81,0.0001,0.0002,     0,0,0,6.25,93.75,0.00,N/A,18.93,12.46,211.81,1.52,37.99,0.09,2.37,0.03,1.50,0.02,1.00,0.00,0.00,0.67,0.80,0.0001,0.0003,     0,0,0,2.14,97.86,0.00,N/A,6.34,4.24,211.81,1.50,37.41,0.03,0.80,0.01,0.25,0.03,1.00,0.00,0.01,0.84,0.70,0.0012,0.0077,     0,0,0,3.06,96.94,0.00,N/A,1.64,6.47,211.81,0.25,6.32,0.01,0.19,0.04,1.51,0.03,1.00,0.00,0.00,0.26,0.84,0.0001,0.0002,     0,0,0,2.96,97.04,0.00,N/A,9.62,6.35,211.81,1.51,37.86,0.04,1.12,0.00,0.46,0.00,1.00,0.00,0.00,0.68,0.69,0.0012,0.0057,     0,0,0,0.10,99.90,0.00,N/A,0.09,0.21,211.81,0.46,11.46,0.00,0.01,0.05,1.52,0.03,1.00,0.00,0.00,0.24,0.87,0.0001,0.0002,     0,0,0,3.21,96.79,0.00,N/A,9.67,6.38,211.81,1.52,37.89,0.05,1.22,0.00,0.49,0.00,1.00,0.00,0.00,0.56,0.70,0.0017,0.0052,     0,0,0,0.10,99.90,0.00,N/A,0.10,0.21,211.81,0.49,12.13,0.00,0.01,0.07,1.55,0.04,1.00,0.00,0.00,0.23,0.89,0.0001,0.0002,     0,0,0,4.34,95.66,0.00,N/A,14.42,9.31,211.81,1.55,38.69,0.07,1.68,0.00,0.43,0.00,1.00,0.00,0.00,0.47,0.64,0.0025,0.0069,     0,0,0,0.22,99.78,0.00,N/A,0.20,0.47,211.81,0.43,10.74,0.00,0.02,0.02,1.34,0.02,1.00,0.00,0.00,0.54,0.85,0.0004,0.0010,     0,0,0,1.60,98.40,0.00,N/A,4.55,3.40,211.81,1.34,33.46,0.02,0.54,
2024-03-18,16:02:35.977,0.05,1.37,0.03,1.00,0.02,0.06,0.68,0.79,0.0001,0.0004,0.00,0.03,-2147483648,0.00,0.00,160.96,117.08,209.90,1.37,34.37,0.05,1.20,2.36,0.06,41.98,3.50,96.50,0.00,100.00,0.00,0.00,0.00,0.00,-nan,0.12,0.06,1.41,0.04,1.00,0.01,0.04,0.71,0.77,0.0001,0.0004,     0,0,0,0.00,0.03,-2147483648,0.00,0.00,N/A,104.62,74.46,209.90,1.41,35.13,0.06,1.57,0.03,1.32,0.03,1.00,0.01,0.03,0.64,0.81,0.0001,0.0005,     0,0,0,0.00,0.01,-2147483648,0.00,0.00,N/A,56.34,42.61,209.90,1.32,33.05,0.03,0.84,0.62,0.63,  0%,  0%,0.63,0.47,  0%,  0%,13.33,13.34, 10%, 10%,8.00,7.31,  4%,  4%,4.47,95.53,0.00,100.00,0.00,0.00,2.53,97.47,0.00,100.00,0.00,0.00,0.00,0.00,0.00 ,0.00 ,-nan ,-nan ,0.12,0.12,0.01,0.27,0.04,1.00,0.00,0.02,0.79,0.63,0.0017,0.0084,     0,0,0,3.52,96.48,0.00,N/A,1.97,7.39,209.90,0.27,6.65,0.01,0.23,0.03,1.51,0.02,1.00,0.00,0.00,0.67,0.78,0.0001,0.0003,     0,0,0,2.12,97.88,0.00,N/A,6.63,4.39,209.90,1.51,37.79,0.03,0.80,0.10,1.54,0.06,1.00,0.00,0.00,0.65,0.84,0.0000,0.0002,     0,0,0,6.32,93.68,0.00,N/A,19.15,12.47,209.90,1.54,38.39,0.10,2.43,0.09,1.53,0.06,1.00,0.00,0.00,0.62,0.81,0.0000,0.0002,     0,0,0,5.94,94.06,0.00,N/A,19.13,12.47,209.90,1.53,38.36,0.09,2.28,0.09,1.54,0.06,1.00,0.00,0.00,0.61,0.82,0.0000,0.0002,     0,0,0,5.94,94.06,0.00,N/A,19.14,12.46,209.90,1.54,38.38,0.09,2.28,0.09,1.53,0.06,1.00,0.00,0.00,0.64,0.81,0.0000,0.0002,     0,0,0,5.94,94.06,0.00,N/A,19.11,12.47,209.90,1.53,38.33,0.09,2.28,0.09,1.54,0.06,1.00,0.00,0.00,0.63,0.83,0.0000,0.0002,     0,0,0,5.94,94.06,0.00,N/A,19.17,12.46,209.90,1.54,38.46,0.09,2.28,0.00,0.91,0.00,1.00,0.00,0.00,0.45,0.80,0.0006,0.0014,     0,0,0,0.17,99.83,0.00,N/A,0.32,0.35,209.90,0.91,22.72,0.00,0.04,0.01,0.24,0.03,1.00,0.00,0.01,0.83,0.68,0.0014,0.0082,     0,0,0,3.21,96.79,0.00,N/A,1.65,6.74,209.90,0.24,6.12,0.01,0.20,0.05,1.54,0.03,1.00,0.00,0.00,0.23,0.86,0.0001,0.0002,     0,0,0,3.03,96.97,0.00,N/A,9.67,6.28,209.90,1.54,38.46,0.05,1.17,0.05,1.55,0.03,1.00,0.00,0.00,0.34,0.85,0.0001,0.0002,     0,0,0,3.01,96.99,0.00,N/A,9.94,6.41,209.90,1.55,38.78,0.05,1.17,0.03,1.49,0.02,1.00,0.00,0.00,0.44,0.79,0.0001,0.0003,     0,0,0,2.07,97.93,0.00,N/A,6.55,4.40,209.90,1.49,37.23,0.03,0.77,0.05,1.55,0.03,1.00,0.00,0.00,0.40,0.86,0.0001,0.0002,     0,0,0,3.01,96.99,0.00,N/A,9.92,6.41,209.90,1.55,38.69,0.05,1.17,0.05,1.55,0.03,1.00,0.00,0.00,0.19,0.85,0.0001,0.0002,     0,0,0,3.03,96.97,0.00,N/A,9.70,6.27,209.90,1.55,38.64,0.05,1.17,0.02,1.42,0.01,1.00,0.00,0.00,0.21,0.92,0.0004,0.0005,     0,0,0,1.32,98.68,0.00,N/A,3.93,2.77,209.90,1.42,35.43,0.02,0.47,0.02,1.50,0.02,1.00,0.00,0.00,0.42,0.91,0.0001,0.0003,     0,0,0,1.59,98.41,0.00,N/A,4.99,3.33,209.90,1.50,37.49,0.02,0.59,
2024-03-18,16:02:36.077,0.05,1.38,0.04,1.00,0.01,0.07,0.71,0.79,0.0001,0.0004,0.01,0.07,-2147483648,0.00,0.00,164.81,119.22,211.55,1.38,34.56,0.05,1.22,1.18,0.02,39.91,3.54,96.46,0.00,100.00,0.00,0.00,0.00,0.00,-nan,0.12,0.06,1.40,0.04,1.00,0.01,0.04,0.75,0.76,0.0001,0.0004,     0,0,0,0.00,0.04,-2147483648,0.00,0.00,N/A,98.47,70.43,211.55,1.40,34.95,0.06,1.46,0.04,1.36,0.03,1.00,0.01,0.03,0.65,0.83,0.0001,0.0004,     0,0,0,0.00,0.03,-2147483648,0.00,0.00,N/A,66.34,48.79,211.55,1.36,33.99,0.04,0.99,0.20,0.21,  0%,  0%,0.43,0.34,  0%,  0%,6.72,6.76,  5%,  5%,12.97,13.47,  7%,  8%,4.19,95.81,0.00,100.00,0.00,0.00,2.90,97.10,0.00,100.00,0.00,0.00,0.00,0.00,0.00 ,0.00 ,-nan ,-nan ,0.12,0.12,0.01,0.26,0.03,1.00,0.00,0.02,0.82,0.61,0.0017,0.0097,     0,0,0,3.24,96.76,0.00,N/A,1.76,6.86,211.55,0.26,6.42,0.01,0.21,0.00,0.39,0.00,1.00,0.00,0.00,0.34,0.71,0.0020,0.0055,     0,0,0,0.08,99.92,0.00,N/A,0.07,0.17,211.55,0.39,9.86,0.00,0.01,0.08,1.52,0.05,1.00,0.00,0.00,0.68,0.83,0.0000,0.0002,     0,0,0,4.96,95.04,0.00,N/A,15.81,10.41,211.55,1.52,37.99,0.08,1.88,0.09,1.53,0.06,1.00,0.00,0.00,0.68,0.80,0.0000,0.0002,     0,0,0,5.94,94.06,0.00,N/A,19.07,12.47,211.55,1.53,38.22,0.09,2.27,0.09,1.53,0.06,1.00,0.00,0.00,0.66,0.81,0.0000,0.0002,     0,0,0,5.94,94.06,0.00,N/A,19.09,12.47,211.55,1.53,38.27,0.09,2.27,0.09,1.53,0.06,1.00,0.00,0.00,0.68,0.80,0.0000,0.0002,     0,0,0,5.94,94.06,0.00,N/A,19.05,12.47,211.55,1.53,38.19,0.09,2.27,0.09,1.53,0.06,1.00,0.00,0.00,0.68,0.83,0.0000,0.0002,     0,0,0,5.94,94.06,0.00,N/A,19.05,12.46,211.55,1.53,38.21,0.09,2.27,0.02,1.47,0.01,1.00,0.00,0.00,0.38,0.75,0.0001,0.0004,     0,0,0,1.48,98.52,0.00,N/A,4.57,3.11,211.55,1.47,36.66,0.02,0.54,0.01,0.25,0.03,1.00,0.00,0.01,0.80,0.70,0.0014,0.0076,     0,0,0,3.18,96.82,0.00,N/A,1.67,6.71,211.55,0.25,6.23,0.01,0.20,0.00,0.43,0.00,1.00,0.00,0.00,0.33,0.79,0.0019,0.0038,     0,0,0,0.07,99.93,0.00,N/A,0.06,0.14,211.55,0.43,10.64,0.00,0.01,0.09,1.54,0.06,1.00,0.00,0.00,0.41,0.82,0.0001,0.0002,     0,0,0,5.94,94.06,0.00,N/A,19.16,12.48,211.55,1.54,38.38,0.09,2.28,0.09,1.55,0.06,1.00,0.00,0.00,0.38,0.83,0.0001,0.0002,     0,0,0,5.90,94.10,0.00,N/A,19.25,12.39,211.55,1.55,38.84,0.09,2.29,0.05,1.52,0.03,1.00,0.00,0.00,0.45,0.82,0.0001,0.0002,     0,0,0,3.02,96.98,0.00,N/A,9.56,6.28,211.55,1.52,38.04,0.05,1.15,0.00,0.42,0.00,1.00,0.00,0.00,0.56,0.70,0.0015,0.0063,     0,0,0,0.07,99.93,0.00,N/A,0.06,0.15,211.55,0.42,10.41,0.00,0.01,0.06,1.55,0.04,1.00,0.00,0.00,0.45,0.93,0.0001,0.0002,     0,0,0,3.76,96.24,0.00,N/A,12.40,8.00,211.55,1.55,38.79,0.06,1.46,0.02,1.58,0.01,1.00,0.00,0.00,0.38,0.98,0.0001,0.0002,     0,0,0,1.25,98.75,0.00,N/A,4.17,2.65,211.55,1.58,39.41,0.02,0.49,
2024-03-18,16:02:36.185,0.05,1.37,0.04,1.00,0.02,0.07,0.66,0.78,0.0001,0.0004,0.01,0.04,-2147483648,0.00,0.00,170.77,124.37,208.41,1.37,34.33,0.05,1.27,3.47,0.08,56.71,3.69,96.31,0.00,100.00,0.00,0.00,0.00,0.00,-nan,0.14,0.06,1.40,0.04,1.00,0.01,0.04,0.73,0.76,0.0001,0.0004,     0,0,0,0.00,0.02,-2147483648,0.00,0.00,N/A,101.18,72.12,208.41,1.40,35.07,0.06,1.49,0.04,,0.03,1.00,0.01,0.04,0.58,0.78,0.0002,0.0006,     0,0,0,0.01,0.03,-2147483648,0.00,0.00,N/A,69.85,52.95,208.39,1.32,32.98,0.04,1.04,0.37,0.36,  0%,  0%,1.24,1.10,  1%,  0%,6.55,6.57,  5%,  5%,14.34,15.02, 11%, 12%,4.23,95.77,0.00,100.00,0.00,0.00,3.16,96.84,0.00,100.00,0.00,0.00,0.00,0.00,0.00 ,0.00 ,-nan ,-nan ,0.12,0.14,0.01,0.26,0.04,1.00,0.00,0.02,0.79,0.59,0.0019,0.0096,     0,0,0,3.50,96.50,0.00,N/A,1.89,7.30,208.39,0.26,6.46,0.01,0.23,0.00,0.38,0.00,1.00,0.00,0.00,0.17,0.61,0.0029,0.0054,     0,0,0,0.30,99.70,0.00,N/A,0.24,0.62,208.39,0.38,9.43,0.00,0.03,0.09,1.50,0.06,1.00,0.00,0.01,0.62,0.81,0.0001,0.0003,     0,0,0,6.08,93.92,0.00,N/A,18.74,12.47,208.39,1.50,37.59,0.09,2.28,0.05,1.46,0.03,1.00,0.00,0.00,0.62,0.75,0.0001,0.0004,     0,0,0,3.19,96.81,0.00,N/A,9.58,6.55,208.39,1.46,36.57,0.05,1.17,0.09,1.51,0.06,1.00,0.00,0.00,0.63,0.80,0.0001,0.0003,     0,0,0,5.94,94.06,0.00,N/A,18.87,12.47,208.39,1.51,37.81,0.09,2.25,0.09,1.50,0.06,1.00,0.00,0.00,0.63,0.79,0.0001,0.0003,     0,0,0,5.94,94.06,0.00,N/A,18.74,12.48,208.39,1.50,37.54,0.09,2.23,0.09,1.51,0.06,1.00,0.00,0.00,0.64,0.81,0.0001,0.0003,     0,0,0,5.94,94.06,0.00,N/A,18.80,12.47,208.39,1.51,37.70,0.09,2.24,0.04,1.47,0.03,1.00,0.00,0.00,0.55,0.73,0.0001,0.0004,     0,0,0,3.00,97.00,0.00,N/A,9.43,6.42,208.39,1.47,36.71,0.04,1.10,0.01,0.28,0.04,1.00,0.00,0.02,0.83,0.61,0.0014,0.0083,     0,0,0,3.57,96.43,0.00,N/A,2.11,7.43,208.39,0.28,7.08,0.01,0.25,0.01,1.36,0.01,1.00,0.00,0.00,0.29,0.92,0.0003,0.0005,     0,0,0,0.79,99.21,0.00,N/A,2.26,1.66,208.39,1.36,34.05,0.01,0.27,0.09,1.55,0.06,1.00,0.00,0.00,0.40,0.84,0.0001,0.0002,     0,0,0,5.94,94.06,0.00,N/A,19.35,12.48,208.39,1.55,38.78,0.09,2.30,0.09,1.55,0.06,1.00,0.00,0.00,0.44,0.83,0.0001,0.0002,     0,0,0,5.94,94.06,0.00,N/A,19.37,12.47,208.39,1.55,38.83,0.09,2.31,0.01,1.40,0.01,1.00,0.00,0.00,0.38,0.93,0.0002,0.0004,     0,0,0,0.87,99.13,0.00,N/A,2.54,1.81,208.39,1.40,35.08,0.01,0.30,0.03,1.45,0.02,1.00,0.00,0.00,0.37,0.79,0.0001,0.0003,     0,0,0,2.20,97.80,0.00,N/A,6.82,4.69,208.39,1.45,36.35,0.03,0.80,0.06,1.42,0.04,1.00,0.00,0.01,0.44,0.70,0.0003,0.0007,     0,0,0,4.09,95.91,0.00,N/A,11.91,8.40,208.39,1.42,35.45,0.06,1.45,0.03,1.37,0.02,1.00,0.00,0.01,0.19,0.84,0.0007,0.0009,     0,0,0,1.90,98.10,0.00,N/A,5.50,4.02,208.39,1.37,34.23,0.03,0.65,
2024-03-18,16:02:36.277,0.05,1.35,0.04,1.00,0.02,0.07,0.68,0.77,0.0001,0.0004,0.01,0.04,-2147483648,0.00,0.00,165.61,122.26,211.92,1.35,33.86,0.05,1.23,1.80,0.04,39.47,3.62,96.38,0.00,100.00,0.00,0.00,0.00,0.00,-nan,0.12,0.06,1.38,0.04,1.00,0.01,0.04,0.72,0.74,0.0001,0.0004,     0,0,0,0.00,0.02,-2147483648,0.00,0.00,N/A,99.47,72.22,211.92,1.38,34.43,0.06,1.47,0.04,1.32,0.03,1.00,0.01,0.03,0.62,0.81,0.0001,0.0005,     0,0,0,0.00,0.02,-2147483648,0.00,0.00,N/A,66.14,50.04,211.92,1.32,33.05,0.04,0.98,0.38,0.38,  0%,  0%,0.56,0.48,  0%,  0%,13.26,13.26, 10%, 10%,6.39,6.57,  5%,  5%,4.27,95.73,0.00,100.00,0.00,0.00,2.97,97.03,0.00,100.00,0.00,0.00,0.00,0.00,0.00 ,0.00 ,-nan ,-nan ,0.12,0.12,0.02,0.41,0.04,1.00,0.00,0.02,0.79,0.60,0.0011,0.0055,     0,0,0,3.93,96.07,0.00,N/A,3.39,8.33,211.92,0.41,10.18,0.02,0.40,0.00,0.51,0.01,1.00,0.00,0.00,0.22,0.56,0.0025,0.0050,     0,0,0,0.60,99.40,0.00,N/A,0.66,1.27,211.92,0.51,12.87,0.00,0.08,0.09,1.53,0.06,1.00,0.00,0.00,0.71,0.82,0.0000,0.0002,     0,0,0,5.80,94.20,0.00,N/A,19.05,12.46,211.92,1.53,38.21,0.09,2.22,0.09,1.53,0.06,1.00,0.00,0.00,0.72,0.79,0.0000,0.0002,     0,0,0,5.80,94.20,0.00,N/A,19.06,12.47,211.92,1.53,38.23,0.09,2.22,0.09,1.53,0.06,1.00,0.00,0.00,0.71,0.81,0.0000,0.0002,     0,0,0,5.94,94.06,0.00,N/A,19.08,12.47,211.92,1.53,38.26,0.09,2.27,0.09,1.53,0.06,1.00,0.00,0.00,0.72,0.79,0.0000,0.0002,     0,0,0,5.94,94.06,0.00,N/A,19.04,12.47,211.92,1.53,38.18,0.09,2.27,0.09,1.53,0.06,1.00,0.00,0.00,0.73,0.83,0.0000,0.0002,     0,0,0,5.94,94.06,0.00,N/A,19.10,12.46,211.92,1.53,38.31,0.09,2.27,0.00,0.30,0.00,1.00,0.00,0.00,0.22,0.64,0.0030,0.0073,     0,0,0,0.14,99.86,0.00,N/A,0.09,0.29,211.92,0.30,7.53,0.00,0.01,0.01,0.25,0.03,1.00,0.00,0.01,0.81,0.68,0.0014,0.0080,     0,0,0,3.18,96.82,0.00,N/A,1.68,6.74,211.92,0.25,6.21,0.01,0.20,0.03,1.45,0.02,1.00,0.00,0.00,0.57,0.89,0.0001,0.0003,     0,0,0,1.73,98.27,0.00,N/A,5.34,3.68,211.92,1.45,36.31,0.03,0.63,0.05,1.55,0.03,1.00,0.00,0.00,0.44,0.84,0.0001,0.0002,     0,0,0,3.03,96.97,0.00,N/A,9.75,6.28,211.92,1.55,38.83,0.05,1.18,0.06,1.52,0.04,1.00,0.00,0.00,0.28,0.89,0.0001,0.0002,     0,0,0,3.85,96.15,0.00,N/A,12.08,7.96,211.92,1.52,37.93,0.06,1.46,0.02,1.43,0.02,1.00,0.00,0.00,0.33,0.87,0.0002,0.0004,     0,0,0,1.61,98.39,0.00,N/A,4.87,3.40,211.92,1.43,35.86,0.02,0.58,0.08,1.55,0.05,1.00,0.00,0.00,0.47,0.85,0.0001,0.0002,     0,0,0,4.96,95.04,0.00,N/A,16.14,10.41,211.92,1.55,38.77,0.08,1.92,0.03,1.35,0.02,1.00,0.00,0.00,0.37,0.79,0.0002,0.0004,     0,0,0,2.46,97.54,0.00,N/A,7.10,5.28,211.92,1.35,33.65,0.03,0.83,0.04,1.46,0.03,1.00,0.00,0.00,0.41,0.80,0.0001,0.0002,     0,0,0,2.97,97.03,0.00,N/A,9.18,6.29,211.92,1.46,36.45,0.04,1.08,
2024-03-18,16:02:36.377,0.05,1.39,0.04,1.00,0.01,0.07,0.72,0.79,0.0001,0.0004,0.01,0.06,-2147483648,0.00,0.00,168.89,121.59,212.25,1.39,34.73,0.05,1.25,1.45,0.02,40.45,3.60,96.40,0.00,100.00,0.00,0.00,0.00,0.00,-nan,0.13,0.06,1.41,0.04,1.00,0.01,0.04,0.75,0.77,0.0001,0.0004,     0,0,0,0.01,0.05,-2147483648,0.00,0.00,N/A,98.72,70.23,212.25,1.41,35.14,0.06,1.46,0.04,1.37,0.03,1.00,0.01,0.03,0.69,0.81,0.0001,0.0004,     0,0,0,0.00,0.02,-2147483648,0.00,0.00,N/A,70.17,51.36,212.25,1.37,34.16,0.04,1.04,0.39,0.38,  0%,  0%,0.42,0.26,  0%,  0%,6.80,6.83,  5%,  5%,12.95,13.87, 10%, 11%,4.16,95.84,0.00,100.00,0.00,0.00,3.04,96.96,0.00,100.00,0.00,0.00,0.00,0.00,0.00 ,0.00 ,-nan ,-nan ,0.14,0.12,0.01,0.29,0.03,1.00,0.00,0.02,0.75,0.66,0.0018,0.0074,     0,0,0,3.40,96.60,0.00,N/A,2.10,7.21,212.25,0.29,7.27,0.01,0.25,0.00,0.93,0.00,1.00,0.00,0.00,0.30,0.64,0.0010,0.0017,     0,0,0,0.30,99.70,0.00,N/A,0.59,0.63,212.25,0.93,23.27,0.00,0.07,0.09,1.54,0.06,1.00,0.00,0.00,0.80,0.83,0.0000,0.0002,     0,0,0,5.93,94.07,0.00,N/A,19.20,12.45,212.25,1.54,38.55,0.09,2.29,0.09,1.53,0.06,1.00,0.00,0.00,0.79,0.81,0.0000,0.0002,     0,0,0,5.94,94.06,0.00,N/A,19.11,12.47,212.25,1.53,38.33,0.09,2.27,0.09,1.55,0.06,1.00,0.00,0.00,0.78,0.82,0.0000,0.0002,     0,0,0,5.93,94.07,0.00,N/A,19.32,12.47,212.25,1.55,38.75,0.09,2.30,0.09,1.54,0.06,1.00,0.00,0.00,0.80,0.81,0.0000,0.0002,     0,0,0,5.94,94.06,0.00,N/A,19.17,12.47,212.25,1.54,38.44,0.09,2.28,0.09,1.54,0.06,1.00,0.00,0.00,0.78,0.83,0.0000,0.0002,     0,0,0,5.93,94.07,0.00,N/A,19.20,12.46,212.25,1.54,38.52,0.09,2.28,0.00,0.40,0.00,1.00,0.00,0.00,0.80,0.89,0.0003,0.0019,     0,0,0,0.03,99.97,0.00,N/A,0.03,0.07,212.25,0.40,10.07,0.00,0.00,0.01,0.26,0.03,1.00,0.00,0.02,0.80,0.62,0.0018,0.0093,     0,0,0,3.27,96.73,0.00,N/A,1.79,6.93,212.25,0.26,6.45,0.01,0.21,0.05,1.54,0.03,1.00,0.00,0.00,0.46,0.83,0.0001,0.0002,     0,0,0,2.99,97.01,0.00,N/A,9.77,6.36,212.25,1.54,38.40,0.05,1.15,0.05,1.50,0.03,1.00,0.00,0.00,0.44,0.80,0.0001,0.0003,     0,0,0,3.07,96.93,0.00,N/A,9.83,6.54,212.25,1.50,37.54,0.05,1.15,0.03,1.52,0.02,1.00,0.00,0.00,0.39,0.91,0.0002,0.0003,     0,0,0,2.10,97.90,0.00,N/A,6.77,4.45,212.25,1.52,38.04,0.03,0.80,0.02,1.57,0.01,1.00,0.00,0.00,0.54,0.98,0.0000,0.0001,     0,0,0,0.97,99.03,0.00,N/A,3.24,2.06,212.25,1.57,39.33,0.02,0.38,0.09,1.56,0.06,1.00,0.00,0.00,0.51,0.87,0.0000,0.0002,     0,0,0,5.94,94.06,0.00,N/A,19.49,12.47,212.25,1.56,39.06,0.09,2.32,0.05,1.53,0.03,1.00,0.00,0.00,0.47,0.83,0.0001,0.0002,     0,0,0,3.00,97.00,0.00,N/A,9.57,6.27,212.25,1.53,38.16,0.05,1.14,0.05,1.55,0.03,1.00,0.00,0.00,0.46,0.83,0.0000,0.0002,     0,0,0,2.99,97.01,0.00,N/A,9.72,6.27,212.25,1.55,38.76,0.05,1.16,
2024-03-18,16:02:36.483,0.05,1.38,0.03,1.00,0.01,0.07,0.75,0.79,0.0001,0.0004,0.01,0.05,-2147483648,0.00,0.00,164.49,119.05,211.84,1.38,34.54,0.05,1.19,2.45,0.04,40.28,3.43,96.57,0.00,100.00,0.00,0.00,0.00,0.00,-nan,0.13,0.06,1.40,0.04,1.00,0.01,0.04,0.77,0.75,0.0001,0.0004,     0,0,0,0.00,0.02,-2147483648,0.00,0.00,N/A,97.80,70.07,211.84,1.40,34.89,0.06,1.41,0.04,1.36,0.03,1.00,0.01,0.03,0.71,0.83,0.0001,0.0004,     0,0,0,0.01,0.03,-2147483648,0.00,0.00,N/A,66.69,48.98,211.84,1.36,34.05,0.04,0.96,1.02,1.02,  0%,  0%,0.24,0.18,  0%,  ,%,12.99,13.02, 10%, 10%,7.05,7.22,  5%,  5%,4.03,95.97,0.00,100.00,0.00,0.00,2.83,97.17,0.00,100.00,0.00,0.00,0.00,0.00,0.00 ,0.00 ,-nan ,-nan ,0.12,0.14,0.01,0.27,0.03,1.00,0.00,0.02,0.79,0.62,0.0018,0.0090,     0,0,0,3.36,96.64,0.00,N/A,1.90,7.11,211.84,0.27,6.67,0.01,0.22,0.00,0.41,0.00,1.00,0.00,0.00,0.26,0.64,0.0027,0.0066,     0,0,0,0.19,99.81,0.00,N/A,0.16,0.39,211.84,0.41,10.19,0.00,0.02,0.09,1.54,0.06,1.00,0.00,0.00,0.80,0.82,0.0000,0.0002,     0,0,0,5.87,94.13,0.00,N/A,19.16,12.46,211.84,1.54,38.45,0.09,2.26,0.09,1.53,0.06,1.00,0.00,0.00,0.78,0.80,0.0000,0.0002,     0,0,0,5.60,94.40,0.00,N/A,19.10,12.47,211.84,1.53,38.30,0.09,2.15,0.09,1.54,0.06,1.00,0.00,0.00,0.78,0.81,0.0000,0.0002,     0,0,0,5.60,94.40,0.00,N/A,19.16,12.46,211.84,1.54,38.43,0.09,2.15,0.09,1.53,0.06,1.00,0.00,0.00,0.76,0.79,0.0000,0.0002,     0,0,0,5.60,94.40,0.00,N/A,19.05,12.46,211.84,1.53,38.23,0.09,2.14,0.09,1.54,0.06,1.00,0.00,0.00,0.80,0.82,0.0000,0.0002,     0,0,0,5.60,94.40,0.00,N/A,19.14,12.47,211.84,1.54,38.40,0.09,2.15,0.00,0.49,0.00,1.00,0.00,0.00,0.31,0.61,0.0030,0.0069,     0,0,0,0.12,99.88,0.00,N/A,0.12,0.25,211.84,0.49,12.31,0.00,0.01,0.01,0.25,0.03,1.00,0.00,0.01,0.82,0.67,0.0014,0.0082,     0,0,0,3.28,96.72,0.00,N/A,1.71,6.95,211.84,0.25,6.14,0.01,0.20,0.05,1.55,0.03,1.00,0.00,0.00,0.52,0.85,0.0000,0.0002,     0,0,0,2.97,97.03,0.00,N/A,9.74,6.28,211.84,1.55,38.77,0.05,1.15,0.05,1.55,0.03,1.00,0.00,0.00,0.47,0.85,0.0000,0.0002,     0,0,0,2.97,97.03,0.00,N/A,9.72,6.28,211.84,1.55,38.73,0.05,1.15,0.04,1.53,0.03,1.00,0.00,0.00,0.49,0.84,0.0001,0.0002,     0,0,0,2.85,97.15,0.00,N/A,9.73,6.35,211.84,1.53,38.30,0.04,1.09,0.03,1.61,0.02,1.00,0.00,0.00,0.60,0.98,0.0000,0.0001,     0,0,0,1.93,98.07,0.00,N/A,6.60,4.10,211.84,1.61,40.28,0.03,0.78,0.05,1.55,0.03,1.00,0.00,0.00,0.55,0.86,0.0000,0.0002,     0,0,0,2.98,97.02,0.00,N/A,9.75,6.30,211.84,1.55,38.69,0.05,1.15,0.04,1.54,0.03,1.00,0.00,0.00,0.53,0.84,0.0000,0.0002,     0,0,0,2.81,97.19,0.00,N/A,9.67,6.27,211.84,1.54,38.54,0.04,1.08,0.04,1.52,0.03,1.00,0.00,0.00,0.39,0.80,0.0001,0.0003,     0,0,0,2.89,97.11,0.00,N/A,9.79,6.45,211.84,1.52,37.90,0.04,1.09,
2024-03-18,16:02:36.588,0.05,1.38,0.03,1.00,0.01,0.07,0.75,0.79,0.0001,0.0004,0.01,0.04,-2147483648,0.00,0.00,165.05,119.40,210.42,1.38,34.56,0.05,1.19,1.17,0.03,38.52,3.45,96.55,0.00,100.00,0.00,0.00,0.00,0.00,-nan,0.12,0.06,1.40,0.04,1.00,0.01,0.04,0.79,0.76,0.0001,0.0004,     0,0,0,0.00,0.02,-2147483648,0.00,0.00,N/A,98.75,70.59,210.42,1.40,34.97,0.06,1.42,0.04,1.36,0.03,1.00,0.01,0.03,0.70,0.82,0.0001,0.0004,     0,0,0,0.00,0.02,-2147483648,0.00,0.00,N/A,66.31,48.81,210.42,1.36,33.96,0.04,0.97,0.19,0.20,  0%,  0%,0.48,0.30,  0%,  0%,6.35,6.39,  5%,  5%,12.86,12.92, 10%, 10%,4.05,95.95,0.00,100.00,0.00,0.00,2.85,97.15,0.00,100.00,0.00,0.00,0.00,0.00,0.00 ,0.00 ,-nan ,-nan ,0.12,0.12,0.01,0.26,0.03,1.00,0.00,0.02,0.80,0.62,0.0018,0.0091,     0,0,0,3.39,96.61,0.00,N/A,1.86,7.13,210.42,0.26,6.54,0.01,0.22,0.00,1.10,0.00,1.00,0.00,0.00,0.70,0.61,0.0002,0.0016,     0,0,0,0.38,99.62,0.00,N/A,0.88,0.80,210.42,1.10,27.62,0.00,0.10,0.08,1.54,0.05,1.00,0.00,0.00,0.79,0.83,0.0000,0.0002,     0,0,0,5.39,94.61,0.00,N/A,19.15,12.45,210.42,1.54,38.46,0.08,2.07,0.09,1.54,0.06,1.00,0.00,0.00,0.80,0.81,0.0000,0.0002,     0,0,0,5.65,94.35,0.00,N/A,19.24,12.47,210.42,1.54,38.59,0.09,2.18,0.09,1.54,0.06,1.00,0.00,0.00,0.78,0.82,0.0000,0.0002,     0,0,0,5.65,94.35,0.00,N/A,19.23,12.47,210.42,1.54,38.56,0.09,2.18,0.09,1.53,0.06,1.00,0.00,0.00,0.79,0.81,0.0000,0.0002,     0,0,0,5.66,94.34,0.00,N/A,19.10,12.47,210.42,1.53,38.29,0.09,2.17,0.09,1.54,0.06,1.00,0.00,0.00,0.80,0.83,0.0000,0.0002,     0,0,0,5.65,94.35,0.00,N/A,19.14,12.46,210.42,1.54,38.41,0.09,2.17,0.00,0.41,0.00,1.00,0.00,0.00,0.31,0.65,0.0017,0.0049,     0,0,0,0.17,99.83,0.00,N/A,0.15,0.36,210.42,0.41,10.32,0.00,0.02,0.01,0.25,0.03,1.00,0.00,0.01,0.82,0.67,0.0015,0.0084,     0,0,0,3.24,96.76,0.00,N/A,1.68,6.83,210.42,0.25,6.14,0.01,0.20,0.00,0.40,0.00,1.00,0.00,0.00,0.86,0.88,0.0002,0.0022,     0,0,0,0.03,99.97,0.00,N/A,0.02,0.05,210.42,0.40,10.01,0.00,0.00,0.04,1.55,0.03,1.00,0.00,0.00,0.48,0.85,0.0000,0.0002,     0,0,0,2.70,97.30,0.00,N/A,9.72,6.27,210.42,1.55,38.75,0.04,1.05,0.09,1.55,0.06,1.00,0.00,0.00,0.51,0.85,0.0000,0.0002,     0,0,0,5.66,94.34,0.00,N/A,19.36,12.47,210.42,1.55,38.82,0.09,2.20,0.03,1.56,0.02,1.00,0.00,0.00,0.42,0.96,0.0001,0.0002,     0,0,0,1.99,98.01,0.00,N/A,6.51,4.18,210.42,1.56,38.93,0.03,0.78,0.00,0.43,0.00,1.00,0.00,0.00,0.17,0.72,0.0031,0.0044,     0,0,0,0.12,99.88,0.00,N/A,0.11,0.26,210.42,0.43,10.78,0.00,0.01,0.09,1.54,0.06,1.00,0.00,0.00,0.50,0.83,0.0001,0.0002,     0,0,0,5.66,94.34,0.00,N/A,19.20,12.47,210.42,1.54,38.49,0.09,2.18,0.05,1.55,0.03,1.00,0.00,0.00,0.48,0.85,0.0000,0.0002,     0,0,0,3.16,96.84,0.00,N/A,9.70,6.28,210.42,1.55,38.63,0.05,1.22,
2024-03-18,16:02:36.688,0.05,1.33,0.04,1.00,0.02,0.09,0.66,0.80,0.0001,0.0005,0.01,0.04,-2147483648,0.00,0.00,178.95,134.26,209.77,1.33,33.32,0.05,1.33,5.13,0.10,43.24,4.00,96.00,0.00,100.00,0.00,0.00,0.00,0.00,-nan,0.13,0.06,1.40,0.04,1.00,0.01,0.04,0.76,0.77,0.0001,0.0004,     0,0,0,0.01,0.03,-2147483648,0.00,0.00,N/A,100.43,71.71,209.77,1.40,35.01,0.06,1.50,0.05,1.26,0.04,1.00,0.02,0.05,0.60,0.81,0.0002,0.0007,     0,0,0,0.00,0.02,-2147483648,0.00,0.00,N/A,78.52,62.55,209.77,1.26,31.38,0.05,1.17,0.75,0.75,  0%,  0%,1.87,1.76,  1%,  1%,13.44,13.48, 10%, 11%,8.42,7.90,  6%,  6%,4.28,95.72,0.00,100.00,0.00,0.00,3.72,96.28,0.00,100.00,0.00,0.00,0.00,0.00,0.00 ,0.00 ,-nan ,-nan ,0.12,0.14,0.01,0.32,0.04,1.00,0.00,0.02,0.78,0.64,0.0014,0.0067,     0,0,0,3.57,96.43,0.00,N/A,2.39,7.48,209.77,0.32,7.99,0.01,0.28,0.01,1.16,0.01,1.00,0.00,0.00,0.50,0.85,0.0003,0.0008,     0,0,0,0.80,99.20,0.00,N/A,1.94,1.67,209.77,1.16,29.10,0.01,0.23,0.09,1.54,0.06,1.00,0.00,0.00,0.80,0.83,0.0000,0.0002,     0,0,0,5.93,94.07,0.00,N/A,19.22,12.45,209.77,1.54,38.59,0.09,2.29,0.09,1.54,0.06,1.00,0.00,0.00,0.77,0.80,0.0000,0.0002,     0,0,0,6.05,93.95,0.00,N/A,19.16,12.46,209.77,1.54,38.43,0.09,2.33,0.09,1.55,0.06,1.00,0.00,0.00,0.78,0.82,0.0000,0.0002,     0,0,0,5.93,94.07,0.00,N/A,19.27,12.46,209.77,1.55,38.67,0.09,2.29,0.09,1.54,0.06,1.00,0.00,0.00,0.78,0.81,0.0000,0.0002,     0,0,0,5.93,94.07,0.00,N/A,19.15,12.46,209.77,1.54,38.42,0.09,2.28,0.09,1.54,0.06,1.00,0.00,0.00,0.81,0.83,0.0000,0.0002,     0,0,0,5.93,94.07,0.00,N/A,19.17,12.45,209.77,1.54,38.48,0.09,2.28,0.00,0.47,0.00,1.00,0.00,0.00,0.18,0.68,0.0030,0.0057,     0,0,0,0.13,99.87,0.00,N/A,0.13,0.27,209.77,0.47,11.64,0.00,0.02,0.01,0.30,0.04,1.00,0.00,0.02,0.83,0.64,0.0012,0.0074,     0,0,0,3.63,96.37,0.00,N/A,2.28,7.62,209.77,0.30,7.48,0.01,0.27,0.02,1.05,0.02,1.00,0.00,0.01,0.42,0.86,0.0007,0.0014,     0,0,0,2.05,97.95,0.00,N/A,4.51,4.29,209.77,1.05,26.25,0.02,0.54,0.09,1.54,0.06,1.00,0.00,0.00,0.57,0.80,0.0001,0.0002,     0,0,0,5.94,94.06,0.00,N/A,19.16,12.47,209.77,1.54,38.42,0.09,2.28,0.04,1.34,0.03,1.00,0.00,0.00,0.52,0.74,0.0002,0.0006,     0,0,0,2.93,97.07,0.00,N/A,7.37,5.52,209.77,1.34,33.42,0.04,0.98,0.06,1.49,0.04,1.00,0.00,0.00,0.40,0.86,0.0002,0.0003,     0,0,0,3.85,96.15,0.00,N/A,13.30,8.91,209.77,1.49,37.31,0.06,1.44,0.03,1.10,0.03,1.00,0.00,0.01,0.46,0.88,0.0005,0.0010,     0,0,0,2.53,97.47,0.00,N/A,5.95,5.39,209.77,1.10,27.62,0.03,0.70,0.07,1.41,0.05,1.00,0.00,0.01,0.52,0.84,0.0001,0.0004,     0,0,0,4.90,95.10,0.00,N/A,13.00,9.25,209.77,1.41,35.15,0.07,1.72,0.06,1.42,0.04,1.00,0.00,0.01,0.46,0.86,0.0002,0.0005,     0,0,0,3.94,96.06,0.00,N/A,12.94,9.11,209.77,1.42,35.51,0.06,1.40,
2024-03-18,16:02:36.788,0.05,1.33,0.04,1.00,0.02,0.10,0.74,0.75,0.0001,0.0006,0.01,0.06,-2147483648,0.00,0.00,172.69,130.12,210.10,1.33,33.18,0.05,1.33,4.07,0.05,57.80,4.00,96.00,0.00,100.00,0.00,0.00,0.00,0.00,-nan,0.12,0.06,1.38,0.05,1.00,0.01,0.05,0.76,0.74,0.0001,0.0005,     0,0,0,0.01,0.05,-2147483648,0.00,0.00,N/A,102.80,74.39,210.10,1.38,34.55,0.06,1.57,0.04,1.25,0.03,1.00,0.01,0.05,0.72,0.76,0.0002,0.0008,     0,0,0,0.01,0.02,-2147483648,0.00,0.00,N/A,69.90,55.73,210.10,1.25,31.35,0.04,1.08,0.95,0.96,  0%,  0%,1.13,1.03,  0%,  0%,14.64,14.65, 12%, 12%,14.25,14.26, 11%, 11%,4.53,95.47,0.00,100.00,0.00,0.00,3.45,96.55,0.00,100.00,0.00,0.00,0.00,0.00,0.00 ,0.00 ,-nan ,-nan ,0.14,0.10,0.02,0.48,0.04,1.00,0.00,0.02,0.82,0.61,0.0009,0.0049,     0,0,0,4.16,95.84,0.00,N/A,4.16,8.73,210.10,0.48,11.92,0.02,0.50,0.01,1.00,0.01,1.00,0.00,0.00,0.42,0.65,0.0006,0.0015,     0,0,0,1.20,98.80,0.00,N/A,2.53,2.53,210.10,1.00,25.02,0.01,0.30,0.10,1.54,0.07,1.00,0.00,0.00,0.80,0.82,0.0000,0.0002,     0,0,0,6.59,93.41,0.00,N/A,19.19,12.45,210.10,1.54,38.52,0.10,2.54,0.09,1.54,0.06,1.00,0.00,0.00,0.80,0.80,0.0000,0.0002,     0,0,0,5.82,94.18,0.00,N/A,19.15,12.46,210.10,1.54,38.41,0.09,2.24,0.09,1.54,0.06,1.00,0.00,0.00,0.80,0.81,0.0000,0.0002,     0,0,0,5.94,94.06,0.00,N/A,19.23,12.47,210.10,1.54,38.55,0.09,2.29,0.09,1.53,0.06,1.00,0.00,0.00,0.76,0.79,0.0000,0.0002,     0,0,0,6.00,94.00,0.00,N/A,19.08,12.47,210.10,1.53,38.26,0.09,2.29,0.10,1.54,0.07,1.00,0.00,0.00,0.80,0.82,0.0000,0.0002,     0,0,0,6.59,93.41,0.00,N/A,19.13,12.46,210.10,1.54,38.40,0.10,2.53,0.00,0.40,0.00,1.00,0.00,0.00,0.37,0.57,0.0034,0.0072,     0,0,0,0.39,99.61,0.00,N/A,0.33,0.82,210.10,0.40,10.02,0.00,0.04,0.01,0.27,0.04,1.00,0.00,0.02,0.85,0.56,0.0014,0.0099,     0,0,0,3.54,96.46,0.00,N/A,2.02,7.45,210.10,0.27,6.79,0.01,0.24,0.03,1.45,0.02,1.00,0.00,0.00,0.66,0.79,0.0001,0.0003,     0,0,0,2.26,97.74,0.00,N/A,6.89,4.76,210.10,1.45,36.16,0.03,0.82,0.10,1.56,0.07,1.00,0.00,0.00,0.65,0.83,0.0000,0.0002,     0,0,0,6.60,93.40,0.00,N/A,19.50,12.47,210.10,1.56,39.10,0.10,2.58,0.01,0.70,0.01,1.00,0.00,0.00,0.57,0.70,0.0010,0.0031,     0,0,0,0.99,99.01,0.00,N/A,1.47,2.09,210.10,0.70,17.59,0.01,0.17,0.04,1.38,0.03,1.00,0.00,0.00,0.71,0.83,0.0001,0.0005,     0,0,0,3.16,96.84,0.00,N/A,8.18,5.94,210.10,1.38,34.40,0.04,1.09,0.07,1.44,0.05,1.00,0.00,0.01,0.58,0.79,0.0002,0.0006,     0,0,0,5.03,94.97,0.00,N/A,15.06,10.43,210.10,1.44,36.09,0.07,1.81,0.03,1.42,0.02,1.00,0.00,0.00,0.69,0.92,0.0001,0.0005,     0,0,0,1.95,98.05,0.00,N/A,5.78,4.08,210.10,1.42,35.39,0.03,0.69,0.06,1.29,0.04,1.00,0.00,0.01,0.63,0.71,0.0002,0.0007,     0,0,0,4.50,95.50,0.00,N/A,10.99,8.50,210.10,1.29,32.32,0.06,1.45,
2024-03-18,16:02:36.888,0.05,1.34,0.04,1.00,0.02,0.10,0.68,0.77,0.0001,0.0006,0.01,0.05,-2147483648,0.00,0.00,180.89,135.22,209.89,1.34,33.44,0.05,1.31,3.39,0.05,40.86,3.91,96.09,0.00,100.00,0.00,0.00,0.00,0.00,-nan,0.13,0.06,1.38,0.04,1.00,0.02,0.05,0.57,0.77,0.0001,0.0005,     0,0,0,0.01,0.02,-2147483648,0.00,0.00,N/A,104.53,75.83,209.89,1.38,34.46,0.06,1.52,0.04,1.29,0.03,1.00,0.01,0.05,0.78,0.76,0.0001,0.0007,     0,0,0,0.01,0.03,-2147483648,0.00,0.00,N/A,76.36,59.38,209.89,1.29,32.15,0.04,1.10,0.81,0.85,  0%,  0%,0.95,0.79,  0%,  0%,6.90,6.89,  5%,  5%,13.91,13.17, 10%, 10%,4.40,95.60,0.00,100.00,0.00,0.00,3.43,96.57,0.00,100.00,0.00,0.00,0.00,0.00,0.00 ,0.00 ,-nan ,-nan ,0.12,0.14,0.01,0.27,0.03,1.00,0.00,0.01,0.82,0.66,0.0014,0.0082,     0,0,0,3.10,96.90,0.00,N/A,1.76,6.51,209.89,0.27,6.78,0.01,0.21,0.03,0.97,0.03,1.00,0.01,0.01,0.06,0.76,0.0017,0.0019,     0,0,0,3.00,97.00,0.00,N/A,6.10,6.30,209.89,0.97,24.22,0.03,0.73,0.08,1.54,0.05,1.00,0.00,0.00,0.86,0.84,0.0000,0.0002,     0,0,0,5.39,94.61,0.00,N/A,19.20,12.45,209.89,1.54,38.58,0.08,2.08,0.09,1.55,0.06,1.00,0.00,0.00,0.86,0.81,0.0000,0.0002,     0,0,0,5.93,94.07,0.00,N/A,19.26,12.46,209.89,1.55,38.65,0.09,2.29,0.09,1.55,0.06,1.00,0.00,0.00,0.89,0.82,0.0000,0.0002,     0,0,0,5.93,94.07,0.00,N/A,19.35,12.46,209.89,1.55,38.82,0.09,2.30,0.09,1.55,0.06,1.00,0.00,0.00,0.87,0.81,0.0000,0.0002,     0,0,0,5.87,94.13,0.00,N/A,19.30,12.46,209.89,1.55,38.74,0.09,2.28,0.08,1.54,0.05,1.00,0.00,0.00,0.87,0.82,0.0000,0.0002,     0,0,0,5.39,94.61,0.00,N/A,19.19,12.46,209.89,1.54,38.52,0.08,2.08,0.00,0.48,0.00,1.00,0.00,0.00,0.26,0.48,0.0042,0.0080,     0,0,0,0.36,99.64,0.00,N/A,0.36,0.75,209.89,0.48,11.95,0.00,0.04,0.01,0.24,0.03,1.00,0.00,0.02,0.86,0.55,0.0015,0.0114,     0,0,0,3.32,96.68,0.00,N/A,1.69,6.97,209.89,0.24,6.08,0.01,0.20,0.10,1.54,0.06,1.00,0.00,0.00,0.60,0.84,0.0000,0.0002,     0,0,0,6.30,93.70,0.00,N/A,22.41,14.54,209.89,1.54,38.53,0.10,2.43,0.08,1.56,0.05,1.00,0.00,0.00,0.67,0.84,0.0000,0.0002,     0,0,0,5.40,94.60,0.00,N/A,19.47,12.47,209.89,1.56,39.05,0.08,2.11,0.06,1.30,0.05,1.00,0.00,0.01,0.91,0.73,0.0001,0.0008,     0,0,0,4.86,95.14,0.00,N/A,13.96,10.74,209.89,1.30,32.51,0.06,1.58,0.01,0.97,0.01,1.00,0.00,0.00,0.71,0.84,0.0004,0.0019,     0,0,0,1.01,98.99,0.00,N/A,2.05,2.11,209.89,0.97,24.30,0.01,0.24,0.05,1.51,0.03,1.00,0.00,0.00,0.43,0.78,0.0001,0.0003,     0,0,0,3.12,96.88,0.00,N/A,9.84,6.54,209.89,1.51,37.64,0.05,1.18,0.03,1.31,0.02,1.00,0.00,0.00,0.59,0.92,0.0002,0.0006,     0,0,0,2.01,97.99,0.00,N/A,5.52,4.21,209.89,1.31,32.80,0.03,0.66,0.01,0.77,0.01,1.00,0.00,0.00,0.44,0.73,0.0011,0.0026,     0,0,0,0.86,99.14,0.00,N/A,1.39,1.81,209.89,0.77,19.27,0.01,0.17,
2024-03-18,16:02:36.988,0.05,1.39,0.03,1.00,0.01,0.06,0.76,0.79,0.0001,0.0004,0.01,0.05,-2147483648,0.00,0.00,162.92,117.27,210.17,1.39,34.73,0.05,1.21,3.30,0.06,41.43,3.48,96.52,0.00,100.00,0.00,0.00,0.00,0.00,-nan,0.12,0.06,1.40,0.04,1.00,0.01,0.04,0.79,0.77,0.0001,0.0004,     0,0,0,0.00,0.02,-2147483648,0.00,0.00,N/A,98.36,70.16,210.17,1.40,35.05,0.06,1.46,0.04,1.37,0.03,1.00,0.01,0.03,0.72,0.81,0.0001,0.0004,     0,0,0,0.00,0.02,-2147483648,0.00,0.00,N/A,64.56,47.11,210.17,1.37,34.27,0.04,0.95,1.28,1.30,  1%,  1%,0.41,0.32,  0%,  0%,13.73,13.75, 11%, 11%,6.35,7.60,  5%,  6%,4.17,95.83,0.00,100.00,0.00,0.00,2.79,97.21,0.00,100.00,0.00,0.00,0.00,0.00,0.00 ,0.00 ,-nan ,-nan ,0.12,0.12,0.01,0.25,0.03,1.00,0.00,0.01,0.79,0.66,0.0017,0.0081,     0,0,0,3.41,96.59,0.00,N/A,1.82,7.17,210.17,0.25,6.33,0.01,0.22,0.00,0.47,0.00,1.00,0.00,0.00,0.14,0.64,0.0031,0.0062,     0,0,0,0.21,99.79,0.00,N/A,0.21,0.44,210.17,0.47,11.65,0.00,0.02,0.09,1.55,0.06,1.00,0.00,0.00,0.86,0.83,0.0000,0.0002,     0,0,0,5.93,94.07,0.00,N/A,19.29,12.46,210.17,1.55,38.70,0.09,2.30,0.09,1.54,0.06,1.00,0.00,0.00,0.85,0.80,0.0000,0.0002,     0,0,0,5.94,94.06,0.00,N/A,19.23,12.47,210.17,1.54,38.57,0.09,2.29,0.09,1.54,0.06,1.00,0.00,0.00,0.84,0.81,0.0000,0.0002,     0,0,0,5.94,94.06,0.00,N/A,19.23,12.47,210.17,1.54,38.55,0.09,2.29,0.09,1.54,0.06,1.00,0.00,0.00,0.87,0.81,0.0000,0.0002,     0,0,0,5.94,94.06,0.00,N/A,19.25,12.47,210.17,1.54,38.59,0.09,2.29,0.09,1.54,0.06,1.00,0.00,0.00,0.86,0.82,0.0000,0.0002,     0,0,0,5.93,94.07,0.00,N/A,19.23,12.46,210.17,1.54,38.60,0.09,2.29,0.00,0.48,0.00,1.00,0.00,0.00,0.33,0.61,0.0030,0.0066,     0,0,0,0.11,99.89,0.00,N/A,0.11,0.23,210.17,0.48,12.03,0.00,0.01,0.01,0.25,0.03,1.00,0.00,0.01,0.82,0.68,0.0014,0.0079,     0,0,0,2.81,97.19,0.00,N/A,1.47,5.91,210.17,0.25,6.22,0.01,0.17,0.09,1.55,0.06,1.00,0.00,0.00,0.57,0.84,0.0000,0.0002,     0,0,0,5.94,94.06,0.00,N/A,19.28,12.47,210.17,1.55,38.65,0.09,2.30,0.09,1.54,0.06,1.00,0.00,0.00,0.59,0.82,0.0000,0.0002,     0,0,0,5.94,94.06,0.00,N/A,19.24,12.47,210.17,1.54,38.56,0.09,2.29,0.00,0.41,0.00,1.00,0.00,0.00,0.34,0.73,0.0026,0.0049,     0,0,0,0.07,99.93,0.00,N/A,0.06,0.15,210.17,0.41,10.14,0.00,0.01,0.00,0.44,0.00,1.00,0.00,0.00,0.52,0.74,0.0010,0.0032,     0,0,0,0.15,99.85,0.00,N/A,0.14,0.32,210.17,0.44,10.91,0.00,0.02,0.05,1.54,0.03,1.00,0.00,0.00,0.62,0.85,0.0000,0.0002,     0,0,0,3.02,96.98,0.00,N/A,9.80,6.34,210.17,1.54,38.60,0.05,1.17,0.06,1.56,0.04,1.00,0.00,0.00,0.54,0.91,0.0001,0.0002,     0,0,0,3.68,96.32,0.00,N/A,13.29,8.52,210.17,1.56,38.99,0.06,1.43,0.01,1.40,0.00,1.00,0.00,0.00,0.46,0.92,0.0003,0.0006,     0,0,0,0.44,99.56,0.00,N/A,1.29,0.92,210.17,1.40,34.91,0.01,0.15,
2024-03-18,16:02:37.088,0.05,1.36,0.04,1.00,0.01,0.08,0.75,0.76,0.0001,0.0005,0.01,0.04,-2147483648,0.00,0.00,162.88,119.41,211.76,1.36,34.10,0.05,1.21,1.38,0.03,40.43,3.56,96.44,0.00,100.00,0.00,0.00,0.00,0.00,-nan,0.12,0.06,1.40,0.04,1.00,0.01,0.04,0.78,0.73,0.0001,0.0005,     0,0,0,0.00,0.02,-2147483648,0.00,0.00,N/A,98.58,70.59,211.76,1.40,34.91,0.06,1.46,0.04,1.32,0.03,1.00,0.01,0.03,0.72,0.79,0.0001,0.0005,     0,0,0,0.00,0.02,-2147483648,0.00,0.00,N/A,64.30,48.82,211.76,1.32,32.93,0.04,0.96,0.26,0.27,  0%,  0%,0.49,0.35,  0%,  0%,6.54,6.57,  5%,  5%,13.96,13.36, 11%, 10%,4.19,95.81,0.00,100.00,0.00,0.00,2.92,97.08,0.00,100.00,0.00,0.00,0.00,0.00,0.00 ,0.00 ,-nan ,-nan ,0.12,0.12,0.01,0.27,0.03,1.00,0.00,0.02,0.78,0.51,0.0023,0.0109,     0,0,0,3.33,96.67,0.00,N/A,1.91,7.06,211.76,0.27,6.76,0.01,0.23,0.00,0.33,0.00,1.00,0.00,0.00,0.18,0.57,0.002,,0.0055,     0,0,0,0.34,99.66,0.00,N/A,0.24,0.72,211.76,0.33,8.36,0.00,0.03,0.09,1.55,0.06,1.00,0.00,0.00,0.88,0.83,0.0000,0.0002,     0,0,0,5.93,94.07,0.00,N/A,19.27,12.46,211.76,1.55,38.68,0.09,2.29,0.09,1.54,0.06,1.00,0.00,0.00,0.88,0.81,0.0000,0.0002,     0,0,0,5.93,94.07,0.00,N/A,19.23,12.46,211.76,1.54,38.59,0.09,2.29,0.09,1.54,0.06,1.00,0.00,0.00,0.86,0.82,0.0000,0.0002,     0,0,0,5.94,94.06,0.00,N/A,19.24,12.47,211.76,1.54,38.58,0.09,2.29,0.09,1.55,0.06,1.00,0.00,0.00,0.89,0.81,0.0000,0.0002,     0,0,0,5.94,94.06,0.00,N/A,19.26,12.46,211.76,1.55,38.63,0.09,2.29,0.09,1.54,0.06,1.00,0.00,0.00,0.87,0.82,0.0000,0.0002,     0,0,0,5.94,94.06,0.00,N/A,19.18,12.46,211.76,1.54,38.46,0.09,2.28,0.00,0.50,0.00,1.00,0.00,0.00,0.47,0.59,0.0015,0.0062,     0,0,0,0.24,99.76,0.00,N/A,0.25,0.50,211.76,0.50,12.47,0.00,0.03,0.01,0.25,0.03,1.00,0.00,0.02,0.82,0.62,0.0017,0.0096,     0,0,0,3.30,96.70,0.00,N/A,1.73,6.99,211.76,0.25,6.18,0.01,0.20,0.08,1.55,0.05,1.00,0.00,0.00,0.60,0.84,0.0000,0.0002,     0,0,0,4.97,95.03,0.00,N/A,16.16,10.43,211.76,1.55,38.74,0.08,1.92,0.09,1.54,0.06,1.00,0.00,0.00,0.59,0.81,0.0000,0.0002,     0,0,0,5.94,94.06,0.00,N/A,19.25,12.47,211.76,1.54,38.60,0.09,2.29,0.05,1.55,0.03,1.00,0.00,0.00,0.62,0.84,0.0000,0.0002,     0,0,0,2.96,97.04,0.00,N/A,9.73,6.27,211.76,1.55,38.79,0.05,1.15,0.02,1.26,0.01,1.00,0.00,0.00,0.25,0.79,0.0002,0.0004,     0,0,0,1.31,98.69,0.00,N/A,3.50,2.77,211.76,1.26,31.58,0.02,0.41,0.00,0.40,0.00,1.00,0.00,0.00,0.45,0.81,0.0009,0.0019,     0,0,0,0.14,99.86,0.00,N/A,0.12,0.29,211.76,0.40,10.07,0.00,0.01,0.01,1.39,0.01,1.00,0.00,0.00,0.65,0.89,0.0001,0.0007,     0,0,0,1.08,98.92,0.00,N/A,2.89,2.09,211.76,1.39,34.65,0.01,0.37,0.05,1.45,0.04,1.00,0.00,0.00,0.44,0.91,0.0001,0.0003,     0,0,0,3.55,96.45,0.00,N/A,10.92,7.52,211.76,1.45,36.33,0.05,1.29,
2024-03-18,16:02:37.188,0.05,1.38,0.04,1.00,0.01,0.07,0.77,0.78,0.0001,0.0004,0.01,0.06,-2147483648,0.00,0.00,167.00,120.58,210.21,1.38,34.62,0.05,1.24,1.57,0.02,38.40,3.57,96.43,0.00,100.00,0.00,0.00,0.00,0.00,-nan,0.13,0.06,1.41,0.04,1.00,0.00,0.04,0.80,0.78,0.0000,0.0004,     0,0,0,0.01,0.05,-2147483648,0.00,0.00,N/A,98.91,70.26,210.21,1.41,35.19,0.06,1.47,0.04,1.35,0.03,1.00,0.01,0.03,0.74,0.79,0.0001,0.0005,     0,0,0,0.00,0.02,-2147483648,0.00,0.00,N/A,68.09,50.32,210.21,1.35,33.83,0.04,1.00,0.46,0.49,  0%,  0%,0.36,0.27,  0%,  0%,12.41,12.53, 10%, 10%,6.58,6.88,  5%,  5%,4.18,95.82,0.00,100.00,0.00,0.00,2.96,97.04,0.00,100.00,0.00,0.00,0.00,0.00,0.00 ,0.00 ,-nan ,-nan ,0.14,0.12,0.01,0.25,0.03,1.00,0.00,0.01,0.82,0.69,0.0014,0.0077,     0,0,0,3.07,96.93,0.00,N/A,1.62,6.45,210.21,0.25,6.26,0.01,0.19,0.01,1.21,0.01,1.00,0.00,0.00,0.36,0.68,0.0003,0.0008,     0,0,0,0.56,99.44,0.00,N/A,1.42,1.17,210.21,1.21,30.31,0.01,0.17,0.09,1.53,0.06,1.00,0.00,0.00,0.83,0.82,0.0000,0.0002,     0,0,0,5.93,94.07,0.00,N/A,19.11,12.45,210.21,1.53,38.37,0.09,2.27,0.09,1.54,0.06,1.00,0.00,0.00,0.83,0.80,0.0000,0.0002,     0,0,0,5.93,94.07,0.00,N/A,19.14,12.46,210.21,1.54,38.40,0.09,2.28,0.09,1.53,0.06,1.00,0.00,0.00,0.84,0.80,0.0000,0.0002,     0,0,0,5.94,94.06,0.00,N/A,19.09,12.46,210.21,1.53,38.30,0.09,2.27,0.09,1.53,0.06,1.00,0.00,0.00,0.82,0.80,0.0000,0.0002,     0,0,0,5.93,94.07,0.00,N/A,19.08,12.46,210.21,1.53,38.29,0.09,2.27,0.09,1.54,0.06,1.00,0.00,0.00,0.84,0.82,0.0000,0.0002,     0,0,0,5.93,94.07,0.00,N/A,19.13,12.46,210.21,1.54,38.39,0.09,2.28,0.00,0.94,0.00,1.00,0.00,0.00,0.40,0.54,0.0010,0.0026,     0,0,0,0.16,99.84,0.00,N/A,0.32,0.35,210.21,0.94,23.42,0.00,0.04,0.01,0.26,0.03,1.00,0.00,0.02,0.84,0.63,0.0015,0.0093,     0,0,0,3.26,96.74,0.00,N/A,1.76,6.85,210.21,0.26,6.42,0.01,0.21,0.09,1.56,0.06,1.00,0.00,0.00,0.65,0.86,0.0000,0.0002,     0,0,0,5.92,94.08,0.00,N/A,19.40,12.43,210.21,1.56,39.00,0.09,2.31,0.09,1.55,0.06,1.00,0.00,0.00,0.58,0.83,0.0000,0.0002,     0,0,0,5.94,94.06,0.00,N/A,19.30,12.47,210.21,1.55,38.70,0.09,2.30,0.00,0.63,0.00,1.00,0.00,0.00,0.23,0.57,0.0019,0.0033,     0,0,0,0.27,99.73,0.00,N/A,0.35,0.56,210.21,0.63,15.76,0.00,0.04,0.00,0.40,0.00,1.00,0.00,0.00,0.63,0.73,0.0013,0.0056,     0,0,0,0.10,99.90,0.00,N/A,0.09,0.22,210.21,0.40,10.04,0.00,0.01,0.00,0.43,0.00,1.00,0.00,0.00,0.66,0.74,0.0011,0.0037,     0,0,0,0.10,99.90,0.00,N/A,0.09,0.21,210.21,0.43,10.84,0.00,0.01,0.10,1.55,0.06,1.00,0.00,0.00,0.60,0.84,0.0000,0.0002,     0,0,0,6.43,93.57,0.00,N/A,22.61,14.55,210.21,1.55,38.86,0.10,2.50,0.02,1.48,0.01,1.00,0.00,0.00,0.45,0.95,0.0002,0.0003,     0,0,0,1.44,98.56,0.00,N/A,4.49,3.03,210.21,1.48,37.06,0.02,0.53,
2024-03-18,16:02:37.288,0.05,1.36,0.04,1.00,0.02,0.08,0.73,0.78,0.0001,0.0005,0.01,0.06,-2147483648,0.00,0.00,169.73,124.83,209.96,1.36,33.99,0.05,1.26,3.13,0.04,41.90,3.72,96.28,0.00,100.00,0.00,0.00,0.00,0.00,-nan,0.13,0.06,1.37,0.04,1.00,0.01,0.04,0.74,0.74,0.0001,0.0004,     0,0,0,0.00,0.02,-2147483648,0.00,0.00,N/A,99.76,72.83,209.96,1.37,34.24,0.06,1.48,0.04,1.35,0.03,1.00,0.01,0.03,0.71,0.81,0.0001,0.0005,     0,0,0,0.01,0.03,-2147483648,0.00,0.00,N/A,69.96,51.99,209.96,1.35,33.64,0.04,1.04,0.40,0.41,  0%,  0%,1.25,1.07,  1%,  0%,6.63,6.64,  5%,  5%,14.04,14.59, 11%, 11%,4.34,95.66,0.00,100.00,0.00,0.00,3.10,96.90,0.00,100.00,0.00,0.00,0.00,0.00,0.00 ,0.00 ,-nan ,-nan ,0.12,0.14,0.01,0.26,0.03,1.00,0.00,0.02,0.79,0.62,0.0018,0.0090,     0,0,0,3.43,96.57,0.00,N/A,1.87,7.20,209.96,0.26,6.49,0.01,0.22,0.01,0.93,0.01,1.00,0.00,0.00,0.20,0.60,0.0009,0.0014,     0,0,0,0.88,99.12,0.00,N/A,1.71,1.84,209.96,0.93,23.17,0.01,0.20,0.09,1.54,0.06,1.00,0.00,0.00,0.84,0.82,0.0000,0.0002,     0,0,0,5.93,94.07,0.00,N/A,19.20,12.45,209.96,1.54,38.56,0.09,2.29,0.09,1.53,0.06,1.00,0.00,0.00,0.83,0.79,0.0000,0.0002,     0,0,0,5.93,94.07,0.00,N/A,19.12,12.46,209.96,1.53,38.37,0.09,2.28,0.09,1.54,0.06,1.00,0.00,0.00,0.83,0.80,0.0000,0.0002,     0,0,0,5.93,94.07,0.00,N/A,19.18,12.46,209.96,1.54,38.48,0.09,2.28,0.09,1.52,0.06,1.00,0.00,0.00,0.79,0.79,0.0000,0.0002,     0,0,0,5.93,94.07,0.00,N/A,19.00,12.46,209.96,1.52,38.12,0.09,2.26,0.09,1.54,0.06,1.00,0.00,0.00,0.88,0.82,0.0000,0.0002,     0,0,0,5.93,94.07,0.00,N/A,19.15,12.45,209.96,1.54,38.47,0.09,2.28,0.00,0.35,0.01,1.00,0.00,0.00,0.20,0.54,0.0019,0.0037,     0,0,0,0.73,99.27,0.00,N/A,0.54,1.53,209.96,0.35,8.79,0.00,0.06,0.01,0.25,0.03,1.00,0.00,0.02,0.84,0.65,0.0014,0.0089,     0,0,0,3.22,96.78,0.00,N/A,1.68,6.77,209.96,0.25,6.22,0.01,0.20,0.09,1.57,0.06,1.00,0.00,0.00,0.72,0.86,0.0000,0.0002,     0,0,0,5.94,94.06,0.00,N/A,19.53,12.47,209.96,1.57,39.13,0.09,2.32,0.09,1.56,0.06,1.00,0.00,0.00,0.73,0.84,0.0000,0.0002,     0,0,0,5.94,94.06,0.00,N/A,19.48,12.47,209.96,1.56,39.05,0.09,2.32,0.00,1.23,0.00,1.00,0.00,0.00,0.65,0.84,0.0003,0.0012,     0,0,0,0.37,99.63,0.00,N/A,0.95,0.78,209.96,1.23,30.65,0.00,0.11,0.01,1.13,0.01,1.00,0.00,0.00,0.38,0.89,0.0009,0.0014,     0,0,0,1.01,98.99,0.00,N/A,2.40,2.13,209.96,1.13,28.25,0.01,0.29,0.02,1.34,0.02,1.00,0.00,0.00,0.62,0.90,0.0002,0.0007,     0,0,0,1.75,98.25,0.00,N/A,4.92,3.68,209.96,1.34,33.41,0.02,0.59,0.02,1.53,0.01,1.00,0.00,0.00,0.78,0.82,0.0000,0.0002,     0,0,0,1.13,98.87,0.00,N/A,3.28,2.15,209.96,1.53,38.16,0.02,0.43,0.08,1.53,0.05,1.00,0.00,0.00,0.45,0.81,0.0001,0.0002,     0,0,0,5.03,94.97,0.00,N/A,17.72,11.55,209.96,1.53,38.37,0.08,1.93,
2024-03-18,16:02:37.389,0.05,1.38,0.03,1.00,0.01,0.07,0.77,0.79,0.0001,0.0004,0.01,0.04,-2147483648,0.00,0.00,159.35,115.58,210.20,1.38,34.47,0.05,1.18,2.20,0.05,39.12,3.42,96.58,0.00,100.00,0.00,0.00,0.00,0.00,-nan,0.12,0.06,1.40,0.04,1.00,0.01,0.04,0.78,0.77,0.0001,0.0004,     0,0,0,0.00,0.02,-2147483648,0.00,0.00,N/A,98.13,70.09,210.20,1.40,35.00,0.06,1.45,0.04,1.35,0.03,1.00,0.01,0.03,0.75,0.82,0.0001,0.0004,     0,0,0,0.00,0.02,-2147483648,0.00,0.00,N/A,61.22,45.49,210.20,1.35,33.65,0.04,0.91,0.58,0.61,  0%,  0%,0.54,0.47,  0%,  0%,12.50,12.62, 10%, 10%,7.15,6.85,  5%,  5%,4.14,95.86,0.00,100.00,0.00,0.00,2.70,97.30,0.00,100.00,0.00,0.00,0.00,0.00,0.00 ,0.00 ,-nan ,-nan ,0.12,0.12,0.01,0.25,0.03,1.00,0.00,0.01,0.78,0.69,0.0017,0.0077,     0,0,0,3.33,96.67,0.00,N/A,1.78,6.99,210.20,0.25,6.36,0.01,0.21,0.00,0.42,0.00,1.00,0.00,0.00,0.25,0.62,0.0031,0.0067,     0,0,0,0.12,99.88,0.00,N/A,0.11,0.25,210.20,0.42,10.61,0.00,0.01,0.09,1.54,0.06,1.00,0.00,0.00,0.85,0.83,0.0000,0.0002,     0,0,0,5.87,94.13,0.00,N/A,19.17,12.46,210.20,1.54,38.47,0.09,2.26,0.09,1.54,0.06,1.00,0.00,0.00,0.88,0.80,0.0000,0.0002,     0,0,0,5.88,94.12,0.00,N/A,19.24,12.47,210.20,1.54,38.58,0.09,2.27,0.09,1.54,0.06,1.00,0.00,0.00,0.85,0.81,0.0000,0.0002,     0,0,0,5.88,94.12,0.00,N/A,19.24,12.46,210.20,1.54,38.59,0.09,2.27,0.09,1.54,0.06,1.00,0.00,0.00,0.87,0.80,0.0000,0.0002,     0,0,0,5.88,94.12,0.00,N/A,19.23,12.47,210.20,1.54,38.56,0.09,2.27,0.09,1.54,0.06,1.00,0.00,0.00,0.86,0.81,0.0000,0.0002,     0,0,0,5.87,94.13,0.00,N/A,19.13,12.46,210.20,1.54,38.39,0.09,2.25,0.00,0.43,0.00,1.00,0.00,0.00,0.37,0.56,0.0028,0.0078,     0,0,0,0.25,99.75,0.00,N/A,0.23,0.53,210.20,0.43,10.86,0.00,0.03,0.01,0.24,0.03,1.00,0.00,0.01,0.83,0.67,0.0014,0.0084,     0,0,0,3.20,96.80,0.00,N/A,1.64,6.73,210.20,0.24,6.11,0.01,0.20,0.03,1.51,0.02,1.00,0.00,0.00,0.53,0.82,0.0001,0.0002,     0,0,0,2.25,97.75,0.00,N/A,6.50,4.30,210.20,1.51,37.85,0.03,0.85,0.08,1.55,0.05,1.00,0.00,0.00,0.67,0.83,0.0000,0.0002,     0,0,0,4.92,95.08,0.00,N/A,16.20,10.43,210.20,1.55,38.83,0.08,1.91,0.02,1.53,0.01,1.00,0.00,0.00,0.65,0.95,0.0001,0.0003,     0,0,0,1.30,98.70,0.00,N/A,4.20,2.74,210.20,1.53,38.26,0.02,0.50,0.06,1.56,0.04,1.00,0.00,0.00,0.69,0.84,0.0000,0.0002,     0,0,0,3.60,96.40,0.00,N/A,13.03,8.34,210.20,1.56,39.07,0.06,1.41,0.02,1.42,0.01,1.00,0.00,0.00,0.51,0.91,0.0003,0.0006,     0,0,0,1.11,98.89,0.00,N/A,3.31,2.33,210.20,1.42,35.60,0.02,0.39,0.06,1.56,0.04,1.00,0.00,0.00,0.73,0.86,0.0000,0.0002,     0,0,0,3.60,96.40,0.00,N/A,13.00,8.33,210.20,1.56,38.98,0.06,1.40,0.02,1.46,0.01,1.00,0.00,0.00,0.43,0.75,0.0001,0.0004,     0,0,0,1.21,98.79,0.00,N/A,3.35,2.30,210.20,1.46,36.42,0.02,0.44,
2024-03-18,16:02:37.489,0.04,1.38,0.03,1.00,0.01,0.06,0.80,0.80,0.0001,0.0004,0.01,0.04,-2147483648,0.00,0.00,150.40,108.77,209.84,1.38,34.57,0.04,1.12,2.78,0.06,44.03,3.24,96.76,0.00,100.00,0.00,0.00,0.00,0.00,-nan,0.12,0.05,1.39,0.04,1.00,0.00,0.03,0.82,0.76,0.0000,0.0004,     0,0,0,0.00,0.03,-2147483648,0.00,0.00,N/A,84.26,60.46,209.84,1.39,34.84,0.05,1.26,0.04,1.37,0.03,1.00,0.00,0.03,0.77,0.83,0.0001,0.0004,     0,0,0,0.00,0.02,-2147483648,0.00,0.00,N/A,66.13,48.31,209.84,1.37,34.22,0.04,0.98,0.84,0.85,  0%,  0%,0.62,0.46,  0%,  0%,9.03,9.03,  7%,  7%,12.87,13.11, 10%, 10%,3.61,96.39,0.00,100.00,0.00,0.00,2.88,97.12,0.00,100.00,0.00,0.00,0.00,0.00,0.00 ,0.00 ,-nan ,-nan ,0.13,0.12,0.01,0.36,0.03,1.00,0.00,0.01,0.82,0.67,0.0009,0.0054,     0,0,0,3.49,96.51,0.00,N/A,2.62,7.33,209.84,0.36,8.93,0.01,0.31,0.01,1.20,0.01,1.00,0.00,0.00,0.26,0.62,0.0004,0.0009,     0,0,0,0.55,99.45,0.00,N/A,1.39,1.16,209.84,1.20,29.95,0.01,0.17,0.08,1.55,0.05,1.00,0.00,0.00,0.89,0.83,0.0000,0.0002,     0,0,0,5.01,94.99,0.00,N/A,16.07,10.37,209.84,1.55,38.72,0.08,1.94,0.08,1.54,0.05,1.00,0.00,0.00,0.87,0.79,0.0000,0.0002,     0,0,0,4.94,95.06,0.00,N/A,15.98,10.38,209.84,1.54,38.50,0.08,1.90,0.08,1.55,0.05,1.00,0.00,0.00,0.87,0.81,0.0000,0.0002,     0,0,0,4.95,95.05,0.00,N/A,16.11,10.39,209.84,1.55,38.79,0.08,1.92,0.08,1.54,0.05,1.00,0.00,0.00,0.87,0.80,0.0000,0.0002,     0,0,0,4.95,95.05,0.00,N/A,16.02,10.38,209.84,1.54,38.56,0.08,1.91,0.08,1.55,0.05,1.00,0.00,0.00,0.88,0.82,0.0000,0.0002,     0,0,0,4.94,95.06,0.00,N/A,16.05,10.38,209.84,1.55,38.65,0.08,1.91,0.00,0.38,0.00,1.00,0.00,0.00,0.67,0.86,0.0008,0.0026,     0,0,0,0.03,99.97,0.00,N/A,0.03,0.07,209.84,0.38,9.60,0.00,0.00,0.01,0.25,0.03,1.00,0.00,0.01,0.82,0.69,0.0014,0.0078,     0,0,0,3.23,96.77,0.00,N/A,1.67,6.78,209.84,0.25,6.15,0.01,0.20,0.00,0.42,0.00,1.00,0.00,0.00,0.25,0.76,0.0027,0.0042,     0,0,0,0.08,99.92,0.00,N/A,0.07,0.17,209.84,0.42,10.54,0.00,0.01,0.09,1.56,0.06,1.00,0.00,0.00,0.69,0.84,0.0000,0.0002,     0,0,0,5.92,94.08,0.00,N/A,19.45,12.43,209.84,1.56,39.12,0.09,2.32,0.03,1.54,0.02,1.00,0.00,0.00,0.66,0.96,0.0001,0.0003,     0,0,0,1.83,98.17,0.00,N/A,5.90,3.84,209.84,1.54,38.38,0.03,0.70,0.09,1.56,0.06,1.00,0.00,0.00,0.68,0.84,0.0000,0.0002,     0,0,0,5.94,94.06,0.00,N/A,19.46,12.46,209.84,1.56,39.04,0.09,2.32,0.00,0.46,0.00,1.00,0.00,0.00,0.82,0.83,0.0005,0.0033,     0,0,0,0.04,99.96,0.00,N/A,0.03,0.08,209.84,0.46,11.52,0.00,0.00,0.09,1.56,0.06,1.00,0.00,0.00,0.70,0.87,0.0000,0.0002,     0,0,0,5.94,94.06,0.00,N/A,19.51,12.47,209.84,1.56,39.12,0.09,2.32,0.00,0.48,0.00,1.00,0.00,0.00,0.95,0.83,0.0001,0.0036,     0,0,0,0.04,99.96,0.00,N/A,0.04,0.07,209.84,0.48,11.95,0.00,0.00,
2024-03-18,16:02:37.599,0.05,1.34,0.04,1.00,0.02,0.10,0.78,0.76,0.0001,0.0006,0.01,0.07,-2147483648,0.00,0.00,175.91,131.04,210.02,1.34,33.56,0.05,1.31,2.67,0.03,38.94,3.89,96.11,0.00,100.00,0.00,0.00,0.00,0.00,-nan,0.13,0.06,1.40,0.04,1.00,0.01,0.05,0.79,0.72,0.0001,0.0005,     0,0,0,0.01,0.05,-2147483648,0.00,0.00,N/A,104.29,74.74,210.02,1.40,34.88,0.06,1.57,0.04,1.27,0.03,1.00,0.01,0.05,0.77,0.79,0.0001,0.0007,     0,0,0,0.00,0.02,-2147483648,0.00,0.00,N/A,71.62,56.30,210.02,1.27,31.80,0.04,1.05,0.57,0.57,  0%,  0%,0.86,0.67,  0%,  0%,11.18,11.16,  9%,  9%,8.95,7.65,  7%,  6%,4.49,95.51,0.00,100.00,0.00,0.00,3.31,96.69,0.00,100.00,0.00,0.00,0.00,0.00,0.00 ,0.00 ,-nan ,-nan ,0.13,0.12,0.02,0.43,0.04,1.00,0.00,0.02,0.82,0.53,0.0011,0.0061,     0,0,0,4.11,95.89,0.00,N/A,3.70,8.63,210.02,0.43,10.73,0.02,0.44,0.06,1.50,0.04,1.00,0.00,0.00,0.68,0.76,0.0000,0.0003,     0,0,0,3.94,96.06,0.00,N/A,12.44,8.27,210.02,1.50,37.61,0.06,1.48,0.06,1.51,0.04,1.00,0.00,0.00,0.72,0.79,0.0000,0.0003,     0,0,0,4.32,95.68,0.00,N/A,13.84,9.20,210.02,1.51,37.63,0.06,1.62,0.09,1.52,0.06,1.00,0.00,0.00,0.70,0.76,0.0000,0.0003,     0,0,0,5.82,94.18,0.00,N/A,16.86,11.12,210.02,1.52,37.90,0.09,2.20,0.07,1.54,0.04,1.00,0.00,0.00,0.80,0.82,0.0000,0.0002,     0,0,0,4.43,95.57,0.00,N/A,12.81,8.33,210.02,1.54,38.46,0.07,1.70,0.06,1.52,0.04,1.00,0.00,0.00,0.76,0.78,0.0000,0.0003,     0,0,0,4.00,96.00,0.00,N/A,12.76,8.40,210.02,1.52,37.96,0.06,1.52,0.09,1.53,0.06,1.00,0.00,0.00,0.81,0.80,0.0000,0.0003,     0,0,0,5.93,94.07,0.00,N/A,19.07,12.46,210.02,1.53,38.27,0.09,2.27,0.06,1.54,0.04,1.00,0.00,0.00,0.84,0.79,0.0000,0.0002,     0,0,0,3.60,96.40,0.00,N/A,12.80,8.34,210.02,1.54,38.39,0.06,1.38,0.02,0.58,0.04,1.00,0.00,0.02,0.88,0.64,0.0004,0.0038,     0,0,0,4.27,95.73,0.00,N/A,6.33,10.84,210.02,0.58,14.61,0.02,0.62,0.00,1.16,0.00,1.00,0.00,0.00,0.63,0.88,0.0003,0.0012,     0,0,0,0.37,99.63,0.00,N/A,0.90,0.78,210.02,1.16,29.07,0.00,0.11,0.06,1.37,0.04,1.00,0.00,0.01,0.41,0.77,0.0002,0.0006,     0,0,0,4.15,95.85,0.00,N/A,10.70,7.82,210.02,1.37,34.19,0.06,1.42,0.03,1.34,0.03,1.00,0.00,0.01,0.63,0.88,0.0003,0.0009,     0,0,0,2.56,97.44,0.00,N/A,7.20,5.39,210.02,1.34,33.40,0.03,0.86,0.09,1.56,0.06,1.00,0.00,0.00,0.63,0.84,0.0000,0.0002,     0,0,0,5.94,94.06,0.00,N/A,19.45,12.47,210.02,1.56,39.00,0.09,2.32,0.01,1.41,0.01,1.00,0.00,0.00,0.89,0.92,0.0000,0.0006,     0,0,0,0.95,99.05,0.00,N/A,2.81,2.00,210.02,1.41,35.24,0.01,0.33,0.09,1.57,0.06,1.00,0.00,0.00,0.74,0.86,0.0000,0.0002,     0,0,0,5.94,94.06,0.00,N/A,19.55,12.48,210.02,1.57,39.18,0.09,2.33,0.02,1.03,0.02,1.00,0.00,0.01,0.70,0.77,0.0002,0.0015,     0,0,0,2.16,97.84,0.00,N/A,4.68,4.54,210.02,1.03,25.74,0.02,0.56,
2024-03-18,16:02:37.689,0.05,1.40,0.04,1.00,0.02,0.08,0.64,0.76,0.0001,0.0005,0.01,0.05,-2147483648,0.00,0.00,167.50,119.98,210.11,1.40,34.90,0.05,1.25,2.20,0.03,50.81,3.59,96.41,0.00,100.00,0.00,0.00,0.00,0.00,-nan,0.13,0.06,1.40,0.04,1.00,0.02,0.05,0.61,0.70,0.0002,0.0005,     0,0,0,0.00,0.02,-2147483648,0.00,0.00,N/A,100.54,71.70,210.11,1.40,35.06,0.06,1.49,0.04,1.39,0.03,1.00,0.01,0.03,0.69,0.83,0.0001,0.0004,     0,0,0,0.01,0.03,-2147483648,0.00,0.00,N/A,66.95,48.28,210.11,1.39,34.67,0.04,1.01,0.86,0.85,  0%,  0%,0.28,0.21,  0%,  0%,13.88,14.01, 11%, 11%,10.77,12.15,  8%,  9%,4.26,95.74,0.00,100.00,0.00,0.00,2.91,97.09,0.00,100.00,0.00,0.00,0.00,0.00,0.00 ,0.00 ,-nan ,-nan ,0.12,0.14,0.02,0.53,0.04,1.00,0.00,0.02,0.84,0.55,0.0007,0.0046,     0,0,0,3.96,96.04,0.00,N/A,4.39,8.31,210.11,0.53,13.21,0.02,0.52,0.09,1.55,0.06,1.00,0.00,0.00,0.85,0.81,0.0000,0.0002,     0,0,0,5.74,94.26,0.00,N/A,19.30,12.47,210.11,1.55,38.70,0.09,2.22,0.09,1.50,0.06,1.00,0.01,0.01,0.14,0.57,0.0005,0.0007,     0,0,0,5.93,94.07,0.00,N/A,18.64,12.44,210.11,1.50,37.46,0.09,2.22,0.07,1.52,0.05,1.00,0.00,0.00,0.82,0.80,0.0000,0.0002,     0,0,0,4.66,95.34,0.00,N/A,16.09,10.56,210.11,1.52,38.1,,0.07,1.77,0.06,1.53,0.04,1.00,0.00,0.00,0.83,0.82,0.0000,0.0002,     0,0,0,3.61,96.39,0.00,N/A,12.82,8.36,210.11,1.53,38.33,0.06,1.38,0.04,1.43,0.02,1.00,0.00,0.00,0.55,0.77,0.0001,0.0004,     0,0,0,2.49,97.51,0.00,N/A,6.72,4.70,210.11,1.43,35.78,0.04,0.89,0.09,1.54,0.06,1.00,0.00,0.00,0.85,0.83,0.0000,0.0002,     0,0,0,5.93,94.07,0.00,N/A,19.22,12.46,210.11,1.54,38.56,0.09,2.29,0.02,1.40,0.01,1.00,0.00,0.00,0.42,0.72,0.0002,0.0005,     0,0,0,1.27,98.73,0.00,N/A,3.35,2.40,210.11,1.40,34.96,0.02,0.44,0.01,0.25,0.03,1.00,0.00,0.01,0.81,0.72,0.0013,0.0071,     0,0,0,3.25,96.75,0.00,N/A,1.35,5.41,210.11,0.25,6.24,0.01,0.20,0.07,1.56,0.04,1.00,0.00,0.00,0.68,0.83,0.0000,0.0002,     0,0,0,4.50,95.50,0.00,N/A,16.24,10.42,210.11,1.56,38.98,0.07,1.75,0.00,0.38,0.00,1.00,0.00,0.00,0.14,0.48,0.0050,0.0075,     0,0,0,0.15,99.85,0.00,N/A,0.13,0.33,210.11,0.38,9.62,0.00,0.01,0.04,1.56,0.03,1.00,0.00,0.00,0.51,0.94,0.0001,0.0003,     0,0,0,2.78,97.22,0.00,N/A,9.09,5.84,210.11,1.56,38.95,0.04,1.08,0.08,1.54,0.05,1.00,0.00,0.00,0.62,0.82,0.0000,0.0002,     0,0,0,5.13,94.87,0.00,N/A,16.53,10.77,210.11,1.54,38.38,0.08,1.97,0.03,1.50,0.02,1.00,0.00,0.00,0.61,0.83,0.0001,0.0003,     0,0,0,2.21,97.79,0.00,N/A,6.99,4.67,210.11,1.50,37.42,0.03,0.83,0.04,1.55,0.02,1.00,0.00,0.00,0.61,0.85,0.0000,0.0002,     0,0,0,2.32,97.68,0.00,N/A,6.80,4.37,210.11,1.55,38.87,0.04,0.90,0.04,1.52,0.03,1.00,0.00,0.00,0.56,0.81,0.0001,0.0003,     0,0,0,2.80,97.20,0.00,N/A,9.82,6.48,210.11,1.52,37.90,0.04,1.06,
2024-03-18,16:02:37.789,0.05,1.34,0.04,1.00,0.07,0.13,0.33,0.64,0.0005,0.0008,0.01,0.03,-2147483648,0.00,0.00,159.91,119.34,210.17,1.34,33.50,0.05,1.19,3.44,0.08,36.01,3.55,96.45,0.00,100.00,0.00,0.00,0.00,0.00,-nan,0.12,0.06,1.39,0.05,1.00,0.04,0.08,0.36,0.62,0.0004,0.0007,     0,0,0,0.01,0.02,-2147483648,0.00,0.00,N/A,107.36,77.49,210.17,1.39,34.64,0.06,1.58,0.03,1.26,0.03,1.00,0.03,0.05,0.29,0.67,0.0006,0.0010,     0,0,0,0.00,0.01,-2147483648,0.00,0.00,N/A,52.55,41.85,210.17,1.26,31.39,0.03,0.79,1.00,1.02,  0%,  0%,0.79,0.63,  0%,  0%,5.06,5.08,  4%,  4%,12.61,13.26, 10%, 10%,4.55,95.45,0.00,100.00,0.00,0.00,2.53,97.47,0.00,100.00,0.00,0.00,0.00,0.00,0.00 ,0.00 ,-nan ,-nan ,0.12,0.12,0.01,0.25,0.04,1.00,0.00,0.02,0.77,0.64,0.0020,0.0086,     0,0,0,3.60,96.40,0.00,N/A,1.88,7.56,210.17,0.25,6.23,0.01,0.22,0.09,1.54,0.06,1.00,0.01,0.01,0.20,0.56,0.0004,0.0006,     0,0,0,5.88,94.12,0.00,N/A,19.18,12.47,210.17,1.54,38.47,0.09,2.26,0.09,1.54,0.06,1.00,0.00,0.00,0.82,0.82,0.0000,0.0002,     0,0,0,5.93,94.07,0.00,N/A,19.18,12.45,210.17,1.54,38.52,0.09,2.28,0.09,1.47,0.06,1.00,0.02,0.02,0.11,0.44,0.0009,0.0011,     0,0,0,5.93,94.07,0.00,N/A,18.34,12.46,210.17,1.47,36.82,0.09,2.18,0.09,1.54,0.06,1.00,0.00,0.00,0.84,0.79,0.0000,0.0002,     0,0,0,5.93,94.07,0.00,N/A,19.17,12.46,210.17,1.54,38.46,0.09,2.28,0.05,1.44,0.04,1.00,0.01,0.01,0.11,0.43,0.0010,0.0012,     0,0,0,3.65,96.35,0.00,N/A,12.19,8.45,210.17,1.44,36.10,0.05,1.32,0.08,1.54,0.05,1.00,0.00,0.00,0.85,0.79,0.0000,0.0003,     0,0,0,4.95,95.05,0.00,N/A,15.98,10.40,210.17,1.54,38.41,0.08,1.90,0.01,1.14,0.01,1.00,0.00,0.00,0.21,0.56,0.0007,0.0011,     0,0,0,0.59,99.41,0.00,N/A,1.42,1.25,210.17,1.14,28.57,0.01,0.17,0.01,0.25,0.03,1.00,0.00,0.01,0.78,0.70,0.0015,0.0074,     0,0,0,3.37,96.63,0.00,N/A,1.76,7.08,210.17,0.25,6.22,0.01,0.21,0.06,1.56,0.04,1.00,0.00,0.00,0.38,0.87,0.0000,0.0002,     0,0,0,4.01,95.99,0.00,N/A,13.13,8.41,210.17,1.56,39.01,0.06,1.56,0.05,1.56,0.03,1.00,0.00,0.00,0.59,0.84,0.0000,0.0002,     0,0,0,3.00,97.00,0.00,N/A,9.82,6.31,210.17,1.56,38.92,0.05,1.17,0.02,1.56,0.01,1.00,0.00,0.00,0.67,0.94,0.0000,0.0002,     0,0,0,1.39,98.61,0.00,N/A,4.54,2.91,210.17,1.56,38.94,0.02,0.54,0.04,1.43,0.03,1.00,0.00,0.00,0.36,0.87,0.0003,0.0005,     0,0,0,2.58,97.42,0.00,N/A,6.98,4.87,210.17,1.43,35.80,0.04,0.93,0.04,1.38,0.03,1.00,0.00,0.01,0.09,0.56,0.0005,0.0007,     0,0,0,3.11,96.89,0.00,N/A,9.88,7.15,210.17,1.38,34.55,0.04,1.07,0.02,1.50,0.01,1.00,0.00,0.00,0.47,0.84,0.0001,0.0002,     0,0,0,1.05,98.95,0.00,N/A,3.29,2.20,210.17,1.50,37.43,0.02,0.39,0.02,1.08,0.02,1.00,0.02,0.02,0.02,0.10,0.0068,0.0070,     0,0,0,1.55,98.45,0.00,N/A,3.16,2.93,210.17,1.08,27.03,0.02,0.42,
2024-03-18,16:02:37.888,0.04,1.36,0.03,1.00,0.01,0.07,0.78,0.77,0.0001,0.0005,0.01,0.04,-2147483648,0.00,0.00,140.90,103.47,209.75,1.36,34.04,0.04,1.09,2.29,0.05,40.01,3.21,96.79,0.00,100.00,0.00,0.00,0.00,0.00,-nan,0.13,0.06,1.41,0.05,1.00,0.00,0.04,0.86,0.75,0.0000,0.0004,     0,0,0,0.00,0.03,-2147483648,0.00,0.00,N/A,101.78,71.94,209.75,1.41,35.37,0.06,1.62,0.02,1.24,0.02,1.00,0.01,0.03,0.67,0.80,0.0002,0.0007,     0,0,0,0.00,0.01,-2147483648,0.00,0.00,N/A,39.12,31.53,209.75,1.24,31.02,0.02,0.59,0.41,0.42,  0%,  0%,0.77,0.69,  0%,  0%,13.03,13.11, 11%, 11%,6.95,6.91,  5%,  5%,4.59,95.41,0.00,100.00,0.00,0.00,1.90,98.10,0.00,100.00,0.00,0.00,0.00,0.00,0.00 ,0.00 ,-nan ,-nan ,0.14,0.12,0.02,0.43,0.04,1.00,0.00,0.01,0.85,0.66,0.0007,0.0046,     0,0,0,3.56,96.44,0.00,N/A,3.20,7.46,209.75,0.43,10.73,0.02,0.38,0.08,1.55,0.05,1.00,0.00,0.00,0.91,0.78,0.0000,0.0002,     0,0,0,5.15,94.85,0.00,N/A,16.04,10.38,209.75,1.55,38.63,0.08,1.99,0.08,1.53,0.05,1.00,0.00,0.00,0.86,0.79,0.0000,0.0003,     0,0,0,5.49,94.51,0.00,N/A,15.88,10.38,209.75,1.53,38.24,0.08,2.10,0.07,1.54,0.04,1.00,0.00,0.00,0.91,0.78,0.0000,0.0003,     0,0,0,4.36,95.64,0.00,N/A,12.81,8.33,209.75,1.54,38.43,0.07,1.68,0.08,1.53,0.05,1.00,0.00,0.00,0.86,0.76,0.0000,0.0003,     0,0,0,5.49,94.51,0.00,N/A,15.89,10.38,209.75,1.53,38.25,0.08,2.10,0.08,1.52,0.05,1.00,0.00,0.00,0.87,0.78,0.0000,0.0003,     0,0,0,5.49,94.51,0.00,N/A,15.82,10.38,209.75,1.52,38.10,0.08,2.09,0.08,1.53,0.05,1.00,0.00,0.00,0.87,0.75,0.0000,0.0003,     0,0,0,5.49,94.51,0.00,N/A,15.85,10.38,209.75,1.53,38.18,0.08,2.10,0.03,1.48,0.02,1.00,0.00,0.00,0.80,0.75,0.0000,0.0004,     0,0,0,2.02,97.98,0.00,N/A,6.28,4.24,209.75,1.48,37.07,0.03,0.75,0.01,0.25,0.03,1.00,0.00,0.01,0.83,0.65,0.0015,0.0090,     0,0,0,2.68,97.32,0.00,N/A,1.41,5.61,209.75,0.25,6.30,0.01,0.17,0.03,1.40,0.02,1.00,0.00,0.00,0.54,0.86,0.0002,0.0005,     0,0,0,2.14,97.86,0.00,N/A,5.65,4.02,209.75,1.40,35.10,0.03,0.75,0.02,1.29,0.01,1.00,0.00,0.00,0.46,0.70,0.0002,0.0007,     0,0,0,1.31,98.69,0.00,N/A,3.55,2.75,209.75,1.29,32.35,0.02,0.42,0.03,1.56,0.02,1.00,0.00,0.00,0.49,0.89,0.0000,0.0001,     0,0,0,2.00,98.00,0.00,N/A,6.55,4.20,209.75,1.56,38.98,0.03,0.78,0.05,1.56,0.03,1.00,0.00,0.00,0.40,0.94,0.0001,0.0002,     0,0,0,3.20,96.80,0.00,N/A,11.43,7.34,209.75,1.56,38.92,0.05,1.24,0.02,1.45,0.01,1.00,0.00,0.00,0.61,0.78,0.0001,0.0004,     0,0,0,1.24,98.76,0.00,N/A,3.39,2.34,209.75,1.45,36.27,0.02,0.45,0.00,0.49,0.00,1.00,0.00,0.00,0.52,0.59,0.0016,0.0043,     0,0,0,0.29,99.71,0.00,N/A,0.30,0.61,209.75,0.49,12.17,0.00,0.04,0.03,1.47,0.02,1.00,0.00,0.00,0.30,0.76,0.0002,0.0004,     0,0,0,2.21,97.79,0.00,N/A,6.83,4.65,209.75,1.47,36.70,0.03,0.81,
2024-03-18,16:02:37.989,0.05,1.39,0.04,1.00,0.01,0.07,0.78,0.78,0.0001,0.0004,0.01,0.07,-2147483648,0.00,0.00,184.02,131.92,211.73,1.39,34.87,0.05,1.31,1.54,0.02,38.30,3.75,96.25,0.00,100.00,0.00,0.00,0.00,0.00,-nan,0.12,0.08,1.44,0.05,1.00,0.00,0.05,0.83,0.77,0.0000,0.0003,     0,0,0,0.01,0.06,-2147483648,0.00,0.00,N/A,135.62,94.16,211.73,1.44,36.01,0.08,1.88,0.03,1.28,0.02,1.00,0.01,0.03,0.71,0.79,0.0001,0.0006,     0,0,0,0.00,0.01,-2147483648,0.00,0.00,N/A,48.40,37.76,211.73,1.28,32.05,0.03,0.71,0.24,0.25,  0%,  0%,0.61,0.44,  0%,  0%,6.27,6.32,  4%,  4%,12.62,13.09,  9%, 10%,5.21,94.79,0.00,100.00,0.00,0.00,2.21,97.79,0.00,100.00,0.00,0.00,0.00,0.00,0.00 ,0.00 ,-nan ,-nan ,0.12,0.12,0.01,0.25,0.03,1.00,0.00,0.01,0.77,0.69,0.0016,0.0075,     0,0,0,2.82,97.18,0.00,N/A,1.49,5.97,211.73,0.25,6.25,0.01,0.18,0.10,1.54,0.06,1.00,0.00,0.01,0.90,0.79,0.0000,0.0002,     0,0,0,6.29,93.71,0.00,N/A,22.33,14.54,211.73,1.54,38.41,0.10,2.42,0.10,1.54,0.06,1.00,0.00,0.01,0.89,0.81,0.0000,0.0003,     0,0,0,6.29,93.71,0.00,N/A,22.33,14.52,211.73,1.54,38.44,0.10,2.42,0.10,1.54,0.06,1.00,0.00,0.01,0.90,0.79,0.0000,0.0003,     0,0,0,6.29,93.71,0.00,N/A,22.37,14.54,211.73,1.54,38.47,0.10,2.42,0.10,1.54,0.06,1.00,0.00,0.01,0.88,0.78,0.0000,0.0003,     0,0,0,6.29,93.71,0.00,N/A,22.35,14.53,211.73,1.54,38.45,0.10,2.42,0.10,1.53,0.06,1.00,0.00,0.0,,0.89,0.80,0.0000,0.0003,     0,0,0,6.29,93.71,0.00,N/A,22.27,14.54,211.73,1.53,38.29,0.10,2.41,0.10,1.53,0.06,1.00,0.00,0.01,0.89,0.77,0.0000,0.0003,     0,0,0,6.29,93.71,0.00,N/A,22.29,14.52,211.73,1.53,38.36,0.10,2.41,0.00,0.19,0.00,1.00,0.00,0.00,0.20,0.68,0.0022,0.0040,     0,0,0,0.48,99.52,0.00,N/A,0.19,1.00,211.73,0.19,4.74,0.00,0.02,0.02,0.47,0.04,1.00,0.00,0.02,0.82,0.62,0.0007,0.0042,     0,0,0,4.06,95.94,0.00,N/A,4.05,8.56,211.73,0.47,11.84,0.02,0.48,0.01,1.49,0.01,1.00,0.00,0.00,0.48,0.95,0.0001,0.0003,     0,0,0,0.97,99.03,0.00,N/A,3.06,2.05,211.73,1.49,37.26,0.01,0.36,0.01,1.24,0.01,1.00,0.00,0.00,0.32,0.82,0.0006,0.0011,     0,0,0,0.82,99.18,0.00,N/A,2.14,1.72,211.73,1.24,31.04,0.01,0.25,0.06,1.55,0.04,1.00,0.00,0.00,0.42,0.87,0.0000,0.0002,     0,0,0,3.60,96.40,0.00,N/A,12.93,8.33,211.73,1.55,38.79,0.06,1.40,0.00,0.41,0.00,1.00,0.00,0.00,0.64,0.66,0.0015,0.0050,     0,0,0,0.12,99.88,0.00,N/A,0.09,0.22,211.73,0.41,10.33,0.00,0.01,0.00,0.38,0.00,1.00,0.00,0.00,0.72,0.89,0.0004,0.0018,     0,0,0,0.04,99.96,0.00,N/A,0.03,0.09,211.73,0.38,9.40,0.00,0.00,0.08,1.56,0.05,1.00,0.00,0.00,0.40,0.88,0.0000,0.0001,     0,0,0,5.39,94.61,0.00,N/A,19.51,12.48,211.73,1.56,39.08,0.08,2.11,0.03,1.53,0.02,1.00,0.00,0.00,0.27,0.83,0.0001,0.0002,     0,0,0,2.05,97.95,0.00,N/A,6.59,4.31,211.73,1.53,38.27,0.03,0.79,
2024-03-18,16:02:38.089,0.05,1.35,0.04,1.00,0.03,0.10,0.58,0.70,0.0002,0.0006,0.02,0.05,-2147483648,0.00,0.00,162.13,120.54,208.24,1.35,33.63,0.05,1.22,9.20,0.14,42.78,3.62,96.38,0.00,100.00,0.00,0.00,0.00,0.00,-nan,0.13,0.07,1.41,0.05,1.00,0.01,0.05,0.69,0.72,0.0001,0.0005,     0,0,0,0.00,0.03,-2147483648,0.00,0.00,N/A,119.66,84.61,208.24,1.41,35.35,0.07,1.79,0.03,1.18,0.02,1.00,0.02,0.05,0.47,0.67,0.0005,0.0011,     0,0,0,0.01,0.02,-2147483648,0.00,0.00,N/A,42.47,35.93,208.24,1.18,29.55,0.03,0.64,1.55,1.56,  1%,  1%,3.08,3.01,  2%,  2%,14.43,14.46, 11%, 11%,6.82,7.07,  5%,  5%,5.06,94.94,0.00,100.00,0.00,0.00,2.17,97.83,0.00,100.00,0.00,0.00,0.00,0.00,0.00 ,0.00 ,-nan ,-nan ,0.12,0.14,0.01,0.27,0.04,1.00,0.00,0.02,0.74,0.60,0.0023,0.0090,     0,0,0,3.71,96.29,0.00,N/A,2.10,7.73,208.24,0.27,6.79,0.01,0.25,0.09,1.54,0.06,1.00,0.00,0.00,0.91,0.78,0.0000,0.0003,     0,0,0,6.00,94.00,0.00,N/A,19.23,12.46,208.24,1.54,38.60,0.09,2.32,0.09,1.54,0.06,1.00,0.00,0.00,0.89,0.81,0.0000,0.0003,     0,0,0,5.93,94.07,0.00,N/A,19.23,12.45,208.24,1.54,38.62,0.09,2.29,0.09,1.55,0.06,1.00,0.00,0.00,0.91,0.80,0.0000,0.0002,     0,0,0,5.93,94.07,0.00,N/A,19.25,12.46,208.24,1.55,38.63,0.09,2.29,0.09,1.46,0.06,1.00,0.01,0.01,0.25,0.59,0.0003,0.0005,     0,0,0,6.00,94.00,0.00,N/A,18.21,12.46,208.24,1.46,36.53,0.09,2.19,0.09,1.54,0.06,1.00,0.00,0.00,0.91,0.81,0.0000,0.0003,     0,0,0,5.93,94.07,0.00,N/A,19.23,12.45,208.24,1.54,38.60,0.09,2.29,0.09,1.54,0.06,1.00,0.00,0.01,0.92,0.78,0.0000,0.0003,     0,0,0,5.93,94.07,0.00,N/A,19.19,12.45,208.24,1.54,38.52,0.09,2.28,0.02,1.50,0.01,1.00,0.00,0.00,0.89,0.81,0.0000,0.0003,     0,0,0,1.03,98.97,0.00,N/A,3.22,2.15,208.24,1.50,37.47,0.02,0.38,0.01,0.30,0.04,1.00,0.00,0.02,0.87,0.56,0.0012,0.0090,     0,0,0,3.56,96.44,0.00,N/A,2.25,7.45,208.24,0.30,7.56,0.01,0.27,0.00,0.35,0.00,1.00,0.00,0.00,0.53,0.61,0.0024,0.0077,     0,0,0,0.11,99.89,0.00,N/A,0.08,0.22,208.24,0.35,8.65,0.00,0.01,0.01,1.46,0.01,1.00,0.00,0.00,0.64,0.94,0.0001,0.0004,     0,0,0,0.52,99.48,0.00,N/A,1.59,1.09,208.24,1.46,36.47,0.01,0.19,0.05,1.56,0.03,1.00,0.00,0.00,0.54,0.85,0.0000,0.0002,     0,0,0,3.32,96.68,0.00,N/A,9.78,6.26,208.24,1.56,39.07,0.05,1.30,0.05,1.44,0.04,1.00,0.01,0.01,0.04,0.60,0.0010,0.0011,     0,0,0,3.55,96.45,0.00,N/A,10.89,7.54,208.24,1.44,36.09,0.05,1.28,0.01,0.57,0.01,1.00,0.01,0.01,0.05,0.37,0.0048,0.0052,     0,0,0,1.11,98.89,0.00,N/A,1.32,2.32,208.24,0.57,14.18,0.01,0.16,0.08,1.51,0.05,1.00,0.00,0.00,0.44,0.85,0.0001,0.0002,     0,0,0,5.26,94.74,0.00,N/A,16.54,10.98,208.24,1.51,37.67,0.08,1.98,0.00,0.41,0.00,1.00,0.00,0.00,0.80,0.88,0.0003,0.0021,     0,0,0,0.03,99.97,0.00,N/A,0.03,0.07,208.24,0.41,10.28,0.00,0.00,
2024-03-18,16:02:38.190,0.05,1.35,0.04,1.00,0.02,0.09,0.73,0.74,0.0001,0.0005,0.02,0.04,-2147483648,0.00,0.00,163.39,121.41,211.77,1.35,33.64,0.05,1.20,5.95,0.10,38.82,3.57,96.43,0.00,100.00,0.00,0.00,0.00,0.00,-nan,0.12,0.06,1.37,0.04,1.00,0.01,0.05,0.75,0.71,0.0001,0.0005,     0,0,0,0.00,0.03,-2147483648,0.00,0.00,N/A,100.19,73.39,211.77,1.37,34.13,0.06,1.49,0.04,1.32,0.03,1.00,0.01,0.03,0.68,0.78,0.0001,0.0005,     0,0,0,0.01,0.02,-2147483648,0.00,0.00,N/A,63.20,48.02,211.77,1.32,32.90,0.04,0.92,0.22,0.23,  0%,  0%,2.85,2.65,  2%,  2%,6.30,6.32,  5%,  5%,13.09,13.10, 10%, 10%,4.37,95.63,0.00,100.00,0.00,0.00,2.79,97.21,0.00,100.00,0.00,0.00,0.00,0.00,0.00 ,0.00 ,-nan ,-nan ,0.12,0.12,0.01,0.38,0.04,1.00,0.00,0.02,0.79,0.55,0.0013,0.0066,     0,0,0,3.93,96.07,0.00,N/A,3.13,8.32,211.77,0.38,9.41,0.01,0.37,0.09,1.55,0.06,1.00,0.00,0.00,0.88,0.79,0.0000,0.0002,     0,0,0,5.81,94.19,0.00,N/A,19.27,12.46,211.77,1.55,38.64,0.09,2.24,0.09,1.51,0.06,1.00,0.00,0.01,0.70,0.79,0.0001,0.0003,     0,0,0,5.87,94.13,0.00,N/A,18.78,12.45,211.77,1.51,37.69,0.09,2.21,0.09,1.51,0.06,1.00,0.00,0.01,0.73,0.77,0.0000,0.0003,     0,0,0,5.87,94.13,0.00,N/A,18.79,12.46,211.77,1.51,37.70,0.09,2.21,0.07,1.50,0.05,1.00,0.00,0.00,0.69,0.78,0.0001,0.0003,     0,0,0,4.88,95.12,0.00,N/A,15.73,10.47,211.77,1.50,37.57,0.07,1.83,0.02,1.42,0.01,1.00,0.00,0.00,0.65,0.73,0.0001,0.0005,     0,0,0,1.18,98.82,0.00,N/A,3.18,2.24,211.77,1.42,35.46,0.02,0.42,0.09,1.51,0.06,1.00,0.00,0.01,0.75,0.75,0.0000,0.0003,     0,0,0,5.87,94.13,0.00,N/A,18.78,12.46,211.77,1.51,37.70,0.09,2.21,0.01,1.00,0.01,1.00,0.00,0.00,0.44,0.60,0.0003,0.0009,     0,0,0,1.19,98.81,0.00,N/A,2.53,2.53,211.77,1.00,25.06,0.01,0.30,0.01,0.26,0.03,1.00,0.00,0.02,0.82,0.65,0.0015,0.0086,     0,0,0,3.29,96.71,0.00,N/A,1.79,6.97,211.77,0.26,6.43,0.01,0.21,0.06,1.51,0.04,1.00,0.00,0.00,0.48,0.81,0.0001,0.0002,     0,0,0,3.70,96.30,0.00,N/A,13.05,8.64,211.77,1.51,37.75,0.06,1.40,0.01,1.35,0.00,1.00,0.00,0.00,0.35,0.64,0.0002,0.0005,     0,0,0,0.46,99.54,0.00,N/A,1.31,0.97,211.77,1.35,33.73,0.01,0.15,0.06,1.55,0.04,1.00,0.00,0.00,0.60,0.83,0.0000,0.0002,     0,0,0,3.57,96.43,0.00,N/A,12.97,8.35,211.77,1.55,38.83,0.06,1.39,0.03,1.51,0.02,1.00,0.00,0.00,0.33,0.83,0.0001,0.0002,     0,0,0,2.10,97.90,0.00,N/A,6.65,4.39,211.77,1.51,37.86,0.03,0.80,0.02,1.43,0.01,1.00,0.00,0.00,0.44,0.91,0.0002,0.0004,     0,0,0,1.47,98.53,0.00,N/A,4.44,3.11,211.77,1.43,35.70,0.02,0.52,0.06,1.49,0.04,1.00,0.00,0.00,0.51,0.82,0.0001,0.0004,     0,0,0,4.20,95.80,0.00,N/A,12.21,8.17,211.77,1.49,37.37,0.06,1.57,0.05,1.45,0.04,1.00,0.00,0.00,0.45,0.79,0.0001,0.0004,     0,0,0,3.50,96.50,0.00,N/A,10.78,7.42,211.77,1.45,36.31,0.05,1.27,
2024-03-18,16:02:38.290,0.05,1.35,0.04,1.00,0.03,0.09,0.58,0.75,0.0002,0.0006,0.01,0.04,-2147483648,0.00,0.00,170.43,125.91,212.46,1.35,33.84,0.05,1.26,4.21,0.08,41.57,3.74,96.26,0.00,100.00,0.00,0.00,0.00,0.00,-nan,0.13,0.06,1.40,0.04,1.00,0.01,0.05,0.62,0.72,0.0001,0.0005,     0,0,0,0.01,0.03,-2147483648,0.00,0.00,N/A,104.77,75.02,212.46,1.40,34.92,0.06,1.56,0.04,1.29,0.03,1.00,0.02,0.04,0.53,0.77,0.0003,0.0007,     0,0,0,0.01,0.02,-2147483648,0.00,0.00,N/A,65.65,50.89,212.46,1.29,32.25,0.04,0.97,0.85,0.88,  0%,  0%,1.32,1.15,  1%,  0%,13.67,13.78, 11%, 11%,7.17,6.95,  5%,  5%,4.47,95.53,0.00,100.00,0.00,0.00,3.01,96.99,0.00,100.00,0.00,0.00,0.00,0.00,0.00 ,0.00 ,-nan ,-nan ,0.14,0.12,0.01,0.26,0.03,1.00,0.00,0.01,0.81,0.69,0.0014,0.0078,     0,0,0,3.03,96.97,0.00,N/A,1.67,6.43,212.46,0.26,6.49,0.01,0.20,0.09,1.51,0.06,1.00,0.00,0.01,0.80,0.76,0.0000,0.0003,     0,0,0,5.94,94.06,0.00,N/A,18.86,12.47,212.46,1.51,37.83,0.09,2.25,0.08,1.48,0.05,1.00,0.01,0.01,0.16,0.55,0.0005,0.0008,     0,0,0,5.23,94.77,0.00,N/A,15.26,10.32,212.46,1.48,36.96,0.08,1.93,0.09,1.54,0.06,1.00,0.00,0.00,0.88,0.79,0.0000,0.0003,     0,0,0,5.93,94.07,0.00,N/A,19.16,12.46,212.46,1.54,38.44,0.09,2.28,0.09,1.54,0.06,1.00,0.00,0.00,0.87,0.80,0.0000,0.0003,     0,0,0,5.93,94.07,0.00,N/A,19.16,12.45,212.46,1.54,38.47,0.09,2.28,0.07,1.51,0.04,1.00,0.00,0.00,0.81,0.77,0.0000,0.0003,     0,0,0,4.49,95.51,0.00,N/A,15.72,10.41,212.46,1.51,37.74,0.07,1.69,0.03,1.52,0.02,1.00,0.00,0.00,0.82,0.77,0.0000,0.0003,     0,0,,,2.21,97.79,0.00,N/A,6.37,4.21,212.46,1.52,37.88,0.03,0.84,0.04,1.37,0.03,1.00,0.00,0.00,0.48,0.71,0.0001,0.0004,     0,0,0,2.91,97.09,0.00,N/A,8.58,6.27,212.46,1.37,34.18,0.04,1.00,0.01,0.25,0.03,1.00,0.00,0.01,0.81,0.69,0.0015,0.0079,     0,0,0,3.20,96.80,0.00,N/A,1.71,6.80,212.46,0.25,6.28,0.01,0.20,0.05,1.43,0.04,1.00,0.00,0.01,0.21,0.78,0.0003,0.0006,     0,0,0,3.57,96.43,0.00,N/A,9.75,6.81,212.46,1.43,35.82,0.05,1.28,0.01,0.83,0.02,1.00,0.01,0.01,0.22,0.44,0.0022,0.0030,     0,0,0,1.53,98.47,0.00,N/A,2.69,3.24,212.46,0.83,20.75,0.01,0.32,0.09,1.57,0.06,1.00,0.00,0.00,0.56,0.85,0.0000,0.0002,     0,0,0,5.94,94.06,0.00,N/A,19.55,12.47,212.46,1.57,39.20,0.09,2.33,0.03,1.26,0.02,1.00,0.00,0.01,0.52,0.64,0.0006,0.0014,     0,0,0,2.03,97.97,0.00,N/A,5.43,4.32,212.46,1.26,31.41,0.03,0.64,0.01,1.29,0.00,1.00,0.00,0.00,0.23,0.66,0.0003,0.0005,     0,0,0,0.48,99.52,0.00,N/A,1.31,1.01,212.46,1.29,32.16,0.01,0.15,0.09,1.57,0.05,1.00,0.00,0.00,0.61,0.86,0.0000,0.0002,     0,0,0,5.45,94.55,0.00,N/A,19.52,12.46,212.46,1.57,39.15,0.09,2.13,0.03,1.51,0.02,1.00,0.00,0.00,0.68,0.95,0.0001,0.0003,     0,0,0,1.77,98.23,0.00,N/A,5.69,3.77,212.46,1.51,37.78,0.03,0.67,
2024-03-18,16:02:38.389,0.04,1.36,0.03,1.00,0.03,0.09,0.59,0.73,0.0002,0.0006,0.01,0.06,-2147483648,0.00,0.00,150.17,110.73,211.93,1.36,33.91,0.04,1.12,2.41,0.03,52.07,3.32,96.68,0.00,100.00,0.00,0.00,0.00,0.00,-nan,0.13,0.05,1.36,0.04,1.00,0.02,0.05,0.58,0.71,0.0002,0.0006,     0,0,0,0.01,0.05,-2147483648,0.00,0.00,N/A,89.53,65.90,211.93,1.36,33.96,0.05,1.35,0.04,1.35,0.03,1.00,0.01,0.04,0.60,0.75,0.0002,0.0006,     0,0,0,0.01,0.01,-2147483648,0.00,0.00,N/A,60.64,44.83,211.93,1.35,33.82,0.04,0.90,0.97,1.01,  0%,  0%,0.25,0.18,  0%,  0%,12.83,12.90, 10%, 10%,13.20,13.14, 10%, 10%,3.97,96.03,0.00,100.00,0.00,0.00,2.67,97.33,0.00,100.00,0.00,0.00,0.00,0.00,0.00 ,0.00 ,-nan ,-nan ,0.12,0.14,0.01,0.28,0.04,1.00,0.00,0.02,0.76,0.60,0.0019,0.0086,     0,0,0,3.57,96.43,0.00,N/A,2.11,7.58,211.93,0.28,6.96,0.01,0.25,0.04,1.37,0.03,1.00,0.00,0.00,0.26,0.81,0.0003,0.0005,     0,0,0,3.01,96.99,0.00,N/A,8.62,6.28,211.93,1.37,34.32,0.04,1.03,0.09,1.54,0.06,1.00,0.00,0.00,0.86,0.78,0.0000,0.0002,     0,0,0,5.87,94.13,0.00,N/A,19.20,12.45,211.93,1.54,38.55,0.09,2.26,0.08,1.54,0.05,1.00,0.00,0.00,0.84,0.80,0.0000,0.0002,     0,0,0,5.20,94.80,0.00,N/A,15.99,10.38,211.93,1.54,38.49,0.08,2.00,0.08,1.54,0.05,1.00,0.00,0.00,0.82,0.82,0.0000,0.0002,     0,0,0,5.20,94.80,0.00,N/A,16.00,10.38,211.93,1.54,38.52,0.08,2.00,0.05,1.52,0.03,1.00,0.00,0.00,0.86,0.79,0.0000,0.0003,     0,0,0,3.13,96.87,0.00,N/A,9.52,6.25,211.93,1.52,38.11,0.05,1.19,0.05,1.55,0.03,1.00,0.01,0.01,0.07,0.46,0.0008,0.0009,     0,0,0,2.95,97.05,0.00,N/A,9.71,6.26,211.93,1.55,38.81,0.05,1.15,0.04,1.32,0.03,1.00,0.00,0.00,0.73,0.76,0.0001,0.0004,     0,0,0,2.92,97.08,0.00,N/A,8.38,6.33,211.93,1.32,33.11,0.04,0.97,0.01,0.31,0.04,1.00,0.00,0.02,0.84,0.59,0.0013,0.0082,     0,0,0,3.52,96.48,0.00,N/A,2.33,7.45,211.93,0.31,7.82,0.01,0.27,0.06,1.60,0.04,1.00,0.01,0.01,0.08,0.52,0.0005,0.0007,     0,0,0,3.80,96.20,0.00,N/A,13.33,8.33,211.93,1.60,40.00,0.06,1.52,0.02,1.51,0.01,1.00,0.00,0.00,0.59,0.80,0.0001,0.0003,     0,0,0,1.11,98.89,0.00,N/A,3.54,2.35,211.93,1.51,37.68,0.02,0.42,0.08,1.57,0.05,1.00,0.00,0.00,0.65,0.84,0.0000,0.0002,     0,0,0,5.21,94.79,0.00,N/A,16.30,10.39,211.93,1.57,39.20,0.08,2.04,0.01,1.52,0.01,1.00,0.00,0.00,0.42,0.97,0.0001,0.0002,     0,0,0,0.58,99.42,0.00,N/A,1.88,1.24,211.93,1.52,37.97,0.01,0.22,0.00,0.46,0.00,1.00,0.00,0.00,0.77,0.85,0.0004,0.0029,     0,0,0,0.04,99.96,0.00,N/A,0.04,0.08,211.93,0.46,11.52,0.00,0.00,0.10,1.56,0.06,1.00,0.00,0.00,0.58,0.85,0.0000,0.0002,     0,0,0,6.25,93.75,0.00,N/A,19.51,12.48,211.93,1.56,39.09,0.10,2.44,0.02,1.48,0.01,1.00,0.00,0.00,0.26,0.95,0.0002,0.0003,     0,0,0,1.18,98.82,0.00,N/A,3.72,2.51,211.93,1.48,37.08,0.02,0.44,
2024-03-18,16:02:38.490,0.05,1.40,0.04,1.00,0.03,0.08,0.58,0.75,0.0002,0.0005,0.01,0.06,-2147483648,0.00,0.00,170.90,122.42,212.19,1.40,34.90,0.05,1.25,5.52,0.08,39.23,3.59,96.41,0.00,100.00,0.00,0.00,0.00,0.00,-nan,0.13,0.06,1.42,0.04,1.00,0.02,0.06,0.50,0.70,0.0002,0.0005,     0,0,0,0.00,0.03,-2147483648,0.00,0.00,N/A,104.51,73.69,212.19,1.42,35.46,0.06,1.53,0.04,1.36,0.03,1.00,0.01,0.03,0.75,0.82,0.0001,0.0004,     0,0,0,0.01,0.03,-2147483648,0.00,0.00,N/A,66.40,48.73,212.19,1.36,34.06,0.04,0.97,0.87,0.86,  0%,  0%,1.98,1.81,  1%,  1%,7.53,7.50,  6%,  6%,11.83,12.38,  9%,  9%,4.32,95.68,0.00,100.00,0.00,0.00,2.85,97.15,0.00,100.00,0.00,0.00,0.00,0.00,0.00 ,0.00 ,-nan ,-nan ,0.14,0.12,0.01,0.28,0.03,1.00,0.00,0.02,0.81,0.63,0.0015,0.0081,     0,0,0,3.27,96.73,0.00,N/A,1.96,6.93,212.19,0.28,7.07,0.01,0.23,0.02,1.67,0.01,1.00,0.00,0.00,0.06,0.71,0.0007,0.0008,     0,0,0,1.19,98.81,0.00,N/A,3.89,2.33,212.19,1.67,41.66,0.02,0.50,0.06,1.54,0.04,1.00,0.00,0.00,0.90,0.79,0.0000,0.0002,     0,0,0,4.06,95.94,0.00,N/A,12.85,8.32,212.19,1.54,38.59,0.06,1.57,0.08,1.48,0.06,1.00,0.01,0.01,0.19,0.58,0.0004,0.0006,     0,0,0,5.65,94.35,0.00,N/A,18.37,12.45,212.19,1.48,36.89,0.08,2.08,0.09,1.56,0.06,1.00,0.01,0.01,0.19,0.60,0.0004,0.0006,     0,0,0,5.65,94.35,0.00,N/A,19.42,12.46,212.19,1.56,38.97,0.09,2.20,0.09,1.54,0.06,1.00,0.00,0.00,0.86,0.82,0.0000,0.0002,     0,0,0,6.08,93.92,0.00,N/A,19.24,12.47,212.19,1.54,38.59,0.09,2.35,0.04,1.54,0.03,1.00,0.00,0.00,0.87,0.80,0.0000,0.0002,     0,0,0,2.75,97.25,0.00,N/A,9.66,6.26,212.19,1.54,38.56,0.04,1.06,0.09,1.53,0.06,1.00,0.00,0.00,0.89,0.82,0.0000,0.0002,     0,0,0,5.67,94.33,0.00,N/A,19.11,12.46,212.19,1.53,38.35,0.09,2.17,0.01,0.25,0.03,1.00,0.00,0.01,0.85,0.66,0.0013,0.0087,     0,0,0,3.02,96.98,0.00,N/A,1.62,6.41,212.19,0.25,6.30,0.01,0.19,0.06,1.51,0.04,1.00,0.00,0.00,0.52,0.79,0.0001,0.0003,     0,0,0,4.15,95.85,0.00,N/A,12.85,8.50,212.19,1.51,37.80,0.06,1.57,0.09,1.57,0.05,1.00,0.00,0.00,0.66,0.84,0.0000,0.0002,     0,0,0,5.48,94.52,0.00,N/A,19.53,12.47,212.19,1.57,39.17,0.09,2.14,0.10,1.53,0.07,1.00,0.00,0.01,0.58,0.80,0.0001,0.0002,     0,0,0,6.60,93.40,0.00,N/A,22.22,14.55,212.19,1.53,38.20,0.10,2.52,0.01,1.50,0.01,1.00,0.00,0.00,0.45,0.96,0.0001,0.0003,     0,0,0,0.96,99.04,0.00,N/A,3.04,2.03,212.19,1.50,37.42,0.01,0.36,0.02,1.54,0.01,1.00,0.00,0.00,0.66,0.85,0.0000,0.0002,     0,0,0,1.01,98.99,0.00,N/A,3.29,2.14,212.19,1.54,38.45,0.02,0.39,0.02,1.48,0.01,1.00,0.00,0.00,0.37,0.96,0.0001,0.0003,     0,0,0,1.25,98.75,0.00,N/A,3.81,2.57,212.19,1.48,37.10,0.02,0.46,0.00,0.39,0.00,1.00,0.00,0.00,0.87,0.87,0.0003,0.0024,     0,0,0,0.03,99.97,0.00,N/A,0.03,0.07,212.19,0.39,9.83,0.00,0.00,
2024-03-18,16:02:38.590,0.05,1.37,0.04,1.00,0.02,0.08,0.66,0.75,0.0001,0.0005,0.01,0.04,-2147483648,0.00,0.00,162.68,119.10,212.03,1.37,34.15,0.05,1.20,3.54,0.07,39.56,3.51,96.49,0.00,100.00,0.00,0.00,0.00,0.00,-nan,0.12,0.07,1.42,0.05,1.00,0.00,0.05,0.86,0.75,0.0000,0.0004,     0,0,0,0.01,0.03,-2147483648,0.00,0.00,N/A,113.82,79.89,212.03,1.42,35.62,0.07,1.67,0.03,1.25,0.02,1.00,0.02,0.04,0.47,0.76,0.0003,0.0008,     0,0,0,0.00,0.01,-2147483648,0.00,0.00,N/A,48.85,39.22,212.03,1.25,31.14,0.03,0.72,1.05,1.07,  0%,  0%,0.75,0.67,  0%,  0%,13.11,13.15, 10%, 10%,6.59,6.71,  5%,  5%,4.69,95.31,0.00,100.00,0.00,0.00,2.32,97.68,0.00,100.00,0.00,0.00,0.00,0.00,0.00 ,0.00 ,-nan ,-nan ,0.12,0.12,0.01,0.25,0.03,1.00,0.00,0.02,0.83,0.63,0.0015,0.0091,     0,0,0,3.28,96.72,0.00,N/A,1.75,6.96,212.03,0.25,6.27,0.01,0.21,0.08,1.54,0.05,1.00,0.00,0.00,0.88,0.80,0.0000,0.0003,     0,0,0,4.90,95.10,0.00,N/A,15.99,10.39,212.03,1.54,38.48,0.08,1.89,0.05,1.52,0.03,1.00,0.00,0.00,0.83,0.80,0.0000,0.0003,     0,0,0,2.99,97.01,0.00,N/A,9.63,6.35,212.03,1.52,37.91,0.05,1.14,0.08,1.54,0.05,1.00,0.00,0.00,0.88,0.79,0.0000,0.0003,     0,0,0,4.98,95.02,0.00,N/A,16.07,10.45,212.03,1.54,38.44,0.08,1.91,0.09,1.54,0.06,1.00,0.00,0.00,0.93,0.80,0.0000,0.0003,     0,0,0,5.94,94.06,0.00,N/A,19.21,12.47,212.03,1.54,38.52,0.09,2.29,0.09,1.54,0.06,1.00,0.00,0.00,0.89,0.79,0.0000,0.0003,     0,0,0,5.52,94.48,0.00,N/A,19.21,12.46,212.03,1.54,38.53,0.09,2.13,0.09,1.54,0.06,1.00,0.00,0.01,0.90,0.78,0.0000,0.0003,     0,0,0,5.93,94.07,0.00,N/A,19.18,12.46,212.03,1.54,38.48,0.09,2.28,0.06,1.53,0.04,1.00,0.00,0.00,0.91,0.78,0.0000,0.0003,     0,0,0,3.97,96.03,0.00,N/A,12.79,8.34,212.03,1.5,,38.34,0.06,1.52,0.01,0.25,0.03,1.00,0.00,0.01,0.82,0.71,0.0013,0.0074,     0,0,0,3.19,96.81,0.00,N/A,1.66,6.76,212.03,0.25,6.15,0.01,0.20,0.00,0.44,0.00,1.00,0.00,0.00,0.32,0.64,0.0026,0.0059,     0,0,0,0.32,99.68,0.00,N/A,0.30,0.68,212.03,0.44,10.89,0.00,0.03,0.04,1.51,0.02,1.00,0.00,0.00,0.39,0.82,0.0001,0.0002,     0,0,0,2.37,97.63,0.00,N/A,7.03,4.67,212.03,1.51,37.68,0.04,0.89,0.08,1.52,0.05,1.00,0.01,0.01,0.05,0.55,0.0005,0.0007,     0,0,0,4.96,95.04,0.00,N/A,15.85,10.43,212.03,1.52,38.01,0.08,1.89,0.01,1.43,0.01,1.00,0.00,0.00,0.64,0.76,0.0001,0.0004,     0,0,0,1.01,98.99,0.00,N/A,3.06,2.14,212.03,1.43,35.71,0.01,0.36,0.06,1.56,0.04,1.00,0.00,0.00,0.43,0.88,0.0000,0.0001,     0,0,0,3.70,96.30,0.00,N/A,13.02,8.33,212.03,1.56,39.05,0.06,1.44,0.03,1.40,0.02,1.00,0.00,0.00,0.39,0.89,0.0004,0.0007,     0,0,0,2.41,97.59,0.00,N/A,7.18,5.12,212.03,1.40,35.06,0.03,0.85,0.00,0.68,0.01,1.00,0.00,0.00,0.41,0.64,0.0018,0.0039,     0,0,0,0.51,99.49,0.00,N/A,0.74,1.09,212.03,0.68,17.10,0.00,0.09,
2024-03-18,16:02:38.690,0.05,1.38,0.04,1.00,0.01,0.07,0.79,0.79,0.0001,0.0004,0.01,0.05,-2147483648,0.00,0.00,168.74,122.14,212.05,1.38,34.54,0.05,1.25,2.14,0.04,40.68,3.61,96.39,0.00,100.00,0.00,0.00,0.00,0.00,-nan,0.13,0.06,1.41,0.04,1.00,0.00,0.04,0.84,0.77,0.0000,0.0004,     0,0,0,0.01,0.03,-2147483648,0.00,0.00,N/A,98.84,69.95,212.05,1.41,35.32,0.06,1.48,0.04,1.34,0.03,1.00,0.01,0.03,0.74,0.81,0.0001,0.0005,     0,0,0,0.00,0.02,-2147483648,0.00,0.00,N/A,69.91,52.19,212.05,1.34,33.49,0.04,1.02,0.60,0.60,  0%,  0%,0.55,0.39,  0%,  0%,6.89,6.89,  5%,  5%,13.48,13.43, 10%, 10%,4.19,95.81,0.00,100.00,0.00,0.00,3.05,96.95,0.00,100.00,0.00,0.00,0.00,0.00,0.00 ,0.00 ,-nan ,-nan ,0.12,0.14,0.01,0.39,0.04,1.00,0.00,0.01,0.81,0.69,0.0008,0.0045,     0,0,0,3.53,96.47,0.00,N/A,2.89,7.48,212.05,0.39,9.65,0.01,0.34,0.00,0.41,0.00,1.00,0.00,0.00,0.55,0.78,0.0009,0.0037,     0,0,0,0.06,99.94,0.00,N/A,0.05,0.12,212.05,0.41,10.27,0.00,0.01,0.09,1.54,0.06,1.00,0.00,0.00,0.87,0.82,0.0000,0.0002,     0,0,0,5.57,94.43,0.00,N/A,19.18,12.45,212.05,1.54,38.51,0.09,2.14,0.09,1.54,0.06,1.00,0.00,0.00,0.86,0.78,0.0000,0.0003,     0,0,0,5.93,94.07,0.00,N/A,19.13,12.46,212.05,1.54,38.39,0.09,2.28,0.09,1.54,0.06,1.00,0.00,0.00,0.84,0.82,0.0000,0.0002,     0,0,0,5.94,94.06,0.00,N/A,19.22,12.46,212.05,1.54,38.55,0.09,2.29,0.09,1.54,0.06,1.00,0.00,0.00,0.86,0.79,0.0000,0.0002,     0,0,0,5.93,94.07,0.00,N/A,19.16,12.46,212.05,1.54,38.45,0.09,2.28,0.05,1.54,0.03,1.00,0.00,0.00,0.90,0.77,0.0000,0.0003,     0,0,0,3.17,96.83,0.00,N/A,9.62,6.26,212.05,1.54,38.42,0.05,1.22,0.05,1.53,0.03,1.00,0.00,0.00,0.91,0.79,0.0000,0.0003,     0,0,0,3.18,96.82,0.00,N/A,9.59,6.27,212.05,1.53,38.24,0.05,1.21,0.01,0.40,0.04,1.00,0.00,0.01,0.83,0.67,0.0008,0.0048,     0,0,0,3.55,96.45,0.00,N/A,3.02,7.53,212.05,0.40,10.04,0.01,0.36,0.03,1.41,0.02,1.00,0.00,0.00,0.45,0.70,0.0002,0.0005,     0,0,0,2.05,97.95,0.00,N/A,6.08,4.31,212.05,1.41,35.28,0.03,0.72,0.06,1.56,0.04,1.00,0.00,0.00,0.75,0.85,0.0000,0.0002,     0,0,0,3.73,96.27,0.00,N/A,13.00,8.34,212.05,1.56,38.97,0.06,1.45,0.08,1.56,0.05,1.00,0.00,0.00,0.74,0.84,0.0000,0.0002,     0,0,0,4.94,95.06,0.00,N/A,16.19,10.37,212.05,1.56,39.04,0.08,1.93,0.03,1.46,0.02,1.00,0.00,0.00,0.70,0.92,0.0001,0.0005,     0,0,0,2.01,97.99,0.00,N/A,6.18,4.25,212.05,1.46,36.39,0.03,0.73,0.06,1.56,0.04,1.00,0.00,0.00,0.73,0.85,0.0000,0.0002,     0,0,0,3.97,96.03,0.00,N/A,13.01,8.33,212.05,1.56,39.04,0.06,1.55,0.02,1.48,0.01,1.00,0.00,0.00,0.63,0.93,0.0001,0.0004,     0,0,0,1.32,98.68,0.00,N/A,4.13,2.79,212.05,1.48,37.00,0.02,0.49,0.04,1.32,0.03,1.00,0.00,0.00,0.53,0.74,0.0001,0.0003,     0,0,0,2.81,97.19,0.00,N/A,8.28,6.27,212.05,1.32,33.02,0.04,0.93,
2024-03-18,16:02:38.795,0.05,1.37,0.04,1.00,0.02,0.08,0.65,0.77,0.0001,0.0005,0.01,0.06,-2147483648,0.00,0.00,164.39,119.80,210.00,1.37,34.30,0.05,1.22,1.46,0.02,38.89,3.57,96.43,0.00,100.00,0.00,0.00,0.00,0.00,-nan,0.13,0.05,1.38,0.04,1.00,0.01,0.05,0.60,0.72,0.0001,0.0005,     0,0,0,0.01,0.04,-2147483648,0.00,0.00,N/A,91.08,65.86,210.00,1.38,34.57,0.05,1.35,0.04,1.36,0.03,1.00,0.01,0.03,0.73,0.81,0.0001,0.0004,     0,0,0,0.00,0.02,-2147483648,0.00,0.00,N/A,73.31,53.94,210.00,1.36,33.97,0.04,1.10,0.47,0.49,  0%,  0%,0.29,0.20,  0%,  0%,12.45,12.54, 10%, 10%,6.74,7.16,  5%,  5%,3.91,96.09,0.00,100.00,0.00,0.00,3.22,96.78,0.00,100.00,0.00,0.00,0.00,0.00,0.00 ,0.00 ,-nan ,-nan ,0.14,0.12,0.01,0.25,0.03,1.00,0.00,0.01,0.80,0.67,0.0016,0.0081,     0,0,0,3.40,96.60,0.00,N/A,1.78,7.13,210.00,0.25,6.25,0.01,0.21,0.09,1.53,0.06,1.00,0.00,0.00,0.80,0.82,0.0000,0.0002,     0,0,0,5.60,94.40,0.00,N/A,19.01,12.46,210.00,1.53,38.13,0.09,2.13,0.07,1.52,0.04,1.00,0.00,0.00,0.78,0.80,0.0000,0.0003,     0,0,0,4.47,95.53,0.00,N/A,14.26,9.38,210.00,1.52,37.99,0.07,1.70,0.05,1.54,0.03,1.00,0.00,0.00,0.88,0.80,0.0000,0.0002,     0,0,0,3.16,96.84,0.00,N/A,9.67,6.27,210.00,1.54,38.52,0.05,1.22,0.09,1.53,0.06,1.00,0.00,0.00,0.75,0.81,0.0000,0.0002,     0,0,0,5.94,94.06,0.00,N/A,19.06,12.46,210.00,1.53,38.22,0.09,2.27,0.05,1.52,0.03,1.00,0.00,0.01,0.22,0.54,0.0005,0.0007,     0,0,0,3.15,96.85,0.00,N/A,9.53,6.26,210.00,1.52,38.07,0.05,1.20,0.06,1.53,0.04,1.00,0.00,0.01,0.25,0.65,0.0003,0.0005,     0,0,0,4.21,95.79,0.00,N/A,14.37,9.37,210.00,1.53,38.34,0.06,1.61,0.02,1.36,0.01,1.00,0.00,0.00,0.45,0.66,0.0002,0.0007,     0,0,0,1.19,98.81,0.00,N/A,3.41,2.52,210.00,1.36,33.89,0.02,0.40,0.01,0.24,0.03,1.00,0.00,0.01,0.80,0.72,0.0014,0.0070,     0,0,0,3.25,96.75,0.00,N/A,1.64,6.82,210.00,0.24,6.00,0.01,0.19,0.07,1.51,0.05,1.00,0.00,0.00,0.59,0.80,0.0001,0.0003,     0,0,0,4.69,95.31,0.00,N/A,15.75,10.44,210.00,1.51,37.71,0.07,1.77,0.06,1.52,0.04,1.00,0.00,0.00,0.61,0.79,0.0001,0.0003,     0,0,0,4.12,95.88,0.00,N/A,13.14,8.65,210.00,1.52,37.96,0.06,1.56,0.03,1.55,0.02,1.00,0.00,0.00,0.80,0.83,0.0000,0.0002,     0,0,0,2.11,97.89,0.00,N/A,6.51,4.20,210.00,1.55,38.70,0.03,0.82,0.04,1.54,0.02,1.00,0.00,0.00,0.62,0.93,0.0001,0.0003,     0,0,0,2.34,97.66,0.00,N/A,7.61,4.95,210.00,1.54,38.42,0.04,0.90,0.03,1.47,0.02,1.00,0.00,0.00,0.66,0.84,0.0001,0.0004,     0,0,0,2.03,97.97,0.00,N/A,5.95,4.05,210.00,1.47,36.80,0.03,0.75,0.04,1.51,0.03,1.00,0.00,0.00,0.72,0.77,0.0000,0.0003,     0,0,0,2.91,97.09,0.00,N/A,9.77,6.49,210.00,1.51,37.63,0.04,1.10,0.07,1.55,0.04,1.00,0.00,0.00,0.74,0.83,0.0000,0.0002,     0,0,0,4.19,95.81,0.00,N/A,12.94,8.33,210.00,1.55,38.81,0.07,1.63,
2024-03-18,16:02:38.895,0.05,1.36,0.04,1.00,0.02,0.08,0.69,0.76,0.0001,0.0005,0.01,0.06,-2147483648,0.00,0.00,165.22,121.52,210.72,1.36,33.99,0.05,1.22,7.96,0.12,39.18,3.59,96.41,0.00,100.00,0.00,0.00,0.00,0.00,-nan,0.11,0.05,1.35,0.04,1.00,0.01,0.05,0.66,0.72,0.0001,0.0005,     0,0,0,0.00,0.02,-2147483648,0.00,0.00,N/A,85.75,63.55,210.72,1.35,33.73,0.05,1.28,0.05,1.37,0.03,1.00,0.01,0.03,0.74,0.80,0.0001,0.0004,     0,0,0,0.01,0.04,-2147483648,0.00,0.00,N/A,79.48,57.97,210.72,1.37,34.28,0.05,1.16,0.52,0.59,  0%,  0%,3.52,3.33,  2%,  2%,6.43,6.70,  5%,  5%,13.05,13.00, 10%, 10%,3.80,96.20,0.00,100.00,0.00,0.00,3.38,96.62,0.00,100.00,0.00,0.00,0.00,0.00,0.00 ,0.00 ,-nan ,-nan ,0.10,0.12,0.01,0.38,0.04,1.00,0.00,0.02,0.83,0.64,0.0009,0.0052,     0,0,0,3.65,96.35,0.00,N/A,2.95,7.69,210.72,0.38,9.58,0.01,0.35,0.09,1.53,0.06,1.00,0.00,0.00,0.81,0.83,0.0000,0.0002,     0,0,0,5.93,94.07,0.00,N/A,19.12,12.46,210.72,1.53,38.36,0.09,2.28,0.09,1.52,0.06,1.00,0.00,0.01,0.71,0.80,0.0000,0.0003,     0,0,0,5.93,94.07,0.00,N/A,18.93,12.45,210.72,1.52,38.01,0.09,2.25,0.01,1.03,0.01,1.00,0.00,0.00,0.24,0.56,0.0006,0.0014,     0,0,0,0.88,99.12,0.00,N/A,1.90,1.85,210.72,1.03,25.69,0.01,0.23,0.08,1.52,0.05,1.00,0.00,0.01,0.39,0.66,0.0002,0.0005,     0,0,0,5.44,94.56,0.00,N/A,16.51,10.84,210.72,1.52,38.08,0.08,2.07,0.03,1.43,0.02,1.00,0.00,0.00,0.52,0.74,0.0001,0.0004,     0,0,0,2.26,97.74,0.00,N/A,6.78,4.75,210.72,1.43,35.68,0.03,0.81,0.09,1.52,0.06,1.00,0.00,0.01,0.73,0.77,0.0000,0.0003,     0,0,0,5.93,94.07,0.00,N/A,18.88,12.46,210.72,1.52,37.90,0.09,2.25,0.00,0.63,0.00,1.00,0.00,0.00,0.30,0.53,0.0022,0.0048,     0,0,0,0.50,99.50,0.00,N/A,0.66,1.05,210.72,0.63,15.81,0.00,0.08,0.01,0.24,0.03,1.00,0.00,0.01,0.81,0.70,0.0014,0.0076,     0,0,0,3.24,96.76,0.00,N/A,1.66,6.82,210.72,0.24,6.07,0.01,0.20,0.08,1.56,0.05,1.00,0.00,0.00,0.79,0.82,0.0000,0.0002,     0,0,0,4.97,95.03,0.00,N/A,16.22,10.43,210.72,1.56,38.89,0.08,1.93,0.09,1.56,0.06,1.00,0.00,0.00,0.81,0.82,0.0000,0.0002,     0,0,0,5.93,94.07,0.00,N/A,19.39,12.46,210.72,1.56,38.91,0.09,2.31,0.04,1.51,0.03,1.00,0.00,0.00,0.71,0.80,0.0000,0.0003,     0,0,0,2.84,97.16,0.00,N/A,9.47,6.28,210.72,1.51,37.74,0.04,1.07,0.01,1.47,0.01,1.00,0.00,0.00,0.71,0.77,0.0000,0.0003,     0,0,0,0.96,99.04,0.00,N/A,3.29,2.23,210.72,1.47,36.87,0.01,0.36,0.03,1.37,0.02,1.00,0.00,0.00,0.50,0.91,0.0003,0.0006,     0,0,0,2.32,97.68,0.00,N/A,6.72,4.89,210.72,1.37,34.34,0.03,0.80,0.08,1.55,0.05,1.00,0.00,0.00,0.78,0.80,0.0000,0.0002,     0,0,0,4.99,95.01,0.00,N/A,16.22,10.47,210.72,1.55,38.73,0.08,1.93,0.03,1.48,0.02,1.00,0.00,0.00,0.56,0.76,0.0001,0.0004,     0,0,0,2.08,97.92,0.00,N/A,6.50,4.39,210.72,1.48,37.07,0.03,0.77,
2024-03-18,16:02:38.990,0.05,1.37,0.04,1.00,0.02,0.07,0.67,0.77,0.0001,0.0004,0.01,0.03,-2147483648,0.00,0.00,163.36,119.10,211.32,1.37,34.29,0.05,1.22,2.33,0.06,38.38,3.54,96.46,0.00,100.00,0.00,0.00,0.00,0.00,-nan,0.13,0.04,1.36,0.03,1.00,0.00,0.03,0.79,0.78,0.0001,0.0004,     0,0,0,0.00,0.01,-2147483648,0.00,0.00,N/A,69.78,51.29,211.32,1.36,34.01,0.04,1.03,0.06,1.38,0.04,1.00,0.01,0.05,0.60,0.76,0.0001,0.0005,     0,0,0,0.00,0.02,-2147483648,0.00,0.00,N/A,93.59,67.81,211.32,1.38,34.50,0.06,1.41,0.59,0.55,  0%,  0%,0.67,0.51,  0%,  0%,12.57,12.47, 10%, 10%,6.95,6.38,  5%,  5%,3.02,96.98,0.00,100.00,0.00,0.00,4.08,95.92,0.00,100.00,0.00,0.00,0.00,0.00,0.00 ,0.00 ,-nan ,-nan ,0.14,0.12,0.01,0.25,0.03,1.00,0.00,0.01,0.81,0.71,0.0013,0.0072,     0,0,0,3.20,96.80,0.00,N/A,1.69,6.76,211.32,0.25,6.25,0.01,0.20,0.09,1.54,0.06,1.00,0.00,0.00,0.78,0.84,0.0000,0.0002,     0,0,0,5.94,94.06,0.00,N/A,19.24,12.47,211.32,1.54,38.58,0.09,2.29,0.09,1.56,0.06,1.00,0.00,0.00,0.78,0.84,0.0000,0.0002,     0,0,0,5.93,94.07,0.00,N/A,19.38,12.45,211.32,1.56,38.91,0.09,2.31,0.00,0.45,0.00,1.00,0.00,0.00,0.35,0.73,0.0015,0.0039,     0,0,0,0.12,99.88,0.00,N/A,0.12,0.26,211.32,0.45,11.36,0.00,0.01,0.04,1.53,0.03,1.00,0.00,0.00,0.82,0.79,0.0000,0.0003,     0,0,0,2.88,97.12,0.00,N/A,9.75,6.36,211.32,1.53,38.33,0.04,1.10,0.00,0.39,0.00,1.00,0.00,0.00,0.80,0.69,0.0006,0.0051,     0,0,0,0.11,99.89,0.00,N/A,0.09,0.23,211.32,0.39,9.76,0.00,0.01,0.09,1.55,0.06,1.00,0.00,0.00,0.80,0.83,0.0000,0.0002,     0,0,0,5.93,94.07,0.00,N/A,19.36,12.46,211.32,1.55,38.84,0.09,2.30,0.00,0.52,0.00,1.00,0.00,0.00,0.39,0.56,0.0027,0.0067,     0,0,0,0.14,99.86,0.00,N/A,0.16,0.30,211.32,0.52,13.01,0.00,0.02,0.01,0.25,0.03,1.00,0.00,0.01,0.78,0.67,0.0018,0.0082,     0,0,0,3.38,96.62,0.00,N/A,1.78,7.15,211.32,0.25,6.22,0.01,0.21,0.09,1.55,0.06,1.00,0.00,0.00,0.86,0.80,0.0000,0.0002,     0,0,0,5.92,94.08,0.00,N/A,19.30,12.42,211.32,1.55,38.85,0.09,2.30,0.09,1.56,0.06,1.00,0.00,0.00,0.88,0.80,0.0000,0.0002,     0,0,0,5.94,94.06,0.00,N/A,19.43,12.47,211.32,1.56,38.97,0.09,2.31,0.09,1.55,0.06,1.00,0.00,0.00,0.87,0.81,0.0000,0.0002,     0,0,0,5.94,94.06,0.00,N/A,19.36,12.46,211.32,1.55,38.83,0.09,2.30,0.10,1.56,0.06,1.00,0.00,0.00,0.89,0.80,0.0000,0.0002,     0,0,0,6.25,93.75,0.00,N/A,19.44,12.46,211.32,1.56,39.00,0.10,2.44,0.02,1.09,0.02,1.00,0.01,0.01,0.06,0.61,0.0016,0.0018,     0,0,0,2.19,97.81,0.00,N/A,5.05,4.64,211.32,1.09,27.22,0.02,0.60,0.05,1.54,0.03,1.00,0.00,0.00,0.70,0.90,0.0000,0.0003,     0,0,0,2.94,97.06,0.00,N/A,9.09,5.91,211.32,1.54,38.47,0.05,1.13,0.00,0.43,0.00,1.00,0.00,0.00,0.34,0.60,0.0036,0.0066,     0,0,0,0.14,99.86,0.00,N/A,0.13,0.30,211.32,0.43,10.84,0.00,0.02,
2024-03-18,16:02:39.092,0.05,1.38,0.03,1.00,0.02,0.08,0.65,0.75,0.0001,0.0005,0.01,0.05,-2147483648,0.00,0.00,161.62,117.38,210.21,1.38,34.42,0.05,1.20,2.20,0.04,52.48,3.49,96.51,0.00,100.00,0.00,0.00,0.00,0.00,-nan,0.13,0.05,1.38,0.04,1.00,0.01,0.04,0.65,0.73,0.0001,0.0005,     0,0,0,0.01,0.03,-2147483648,0.00,0.00,N/A,86.19,62.64,210.21,1.38,34.40,0.05,1.27,0.05,1.38,0.03,1.00,0.01,0.04,0.65,0.77,0.0001,0.0005,     0,0,0,0.01,0.02,-2147483648,0.00,0.00,N/A,75.44,54.74,210.21,1.38,34.45,0.05,1.13,0.77,0.80,  0%,  0%,0.36,0.27,  0%,  0%,13.09,13.19, 10%, 10%,12.37,13.84,  9%, 11%,3.70,96.30,0.00,100.00,0.00,0.00,3.27,96.73,0.00,100.00,0.00,0.00,0.00,0.00,0.00 ,0.00 ,-nan ,-nan ,0.12,0.14,0.01,0.28,0.04,1.00,0.01,0.02,0.71,0.59,0.0024,0.0090,     0,0,0,3.66,96.34,0.00,N/A,2.17,7.69,210.21,0.28,7.06,0.01,0.26,0.09,1.55,0.06,1.00,0.00,0.00,0.84,0.84,0.0000,0.0002,     0,0,0,5.93,94.07,0.00,N/A,19.33,12.46,210.21,1.55,38.78,0.09,2.30,0.09,1.55,0.06,1.00,0.00,0.00,0.85,0.84,0.0000,0.0002,     0,0,0,5.93,94.07,0.00,N/A,19.28,12.46,210.21,1.55,38.68,0.09,2.30,0.00,0.42,0.00,1.00,0.00,0.00,0.52,0.64,0.0015,0.0061,     0,0,0,0.18,99.82,0.00,N/A,0.16,0.38,210.21,0.42,10.59,0.00,0.02,0.06,1.54,0.04,1.00,0.00,0.00,0.88,0.81,0.0000,0.0002,     0,0,0,3.89,96.11,0.00,N/A,12.86,8.33,210.21,1.54,38.60,0.06,1.50,0.06,1.53,0.04,1.00,0.00,0.01,0.22,0.63,0.0003,0.0005,     0,0,0,3.85,96.15,0.00,N/A,12.91,8.43,210.21,1.53,38.27,0.06,1.47,0.09,1.55,0.06,1.00,0.00,0.00,0.85,0.81,0.0000,0.0002,     0,0,0,5.93,94.07,0.00,N/A,19.28,12.46,210.21,1.55,38.68,0.09,2.29,0.00,0.45,0.00,1.00,0.00,0.00,0.38,0.59,0.0027,0.0067,     0,0,0,0.20,99.80,0.00,N/A,0.19,0.42,210.21,0.45,11.22,0.00,0.02,0.01,0.25,0.03,1.00,0.00,0.01,0.84,0.60,0.0016,0.0102,     0,0,0,2.65,97.35,0.00,N/A,1.37,5.56,210.21,0.25,6.15,0.01,0.16,0.06,1.55,0.04,1.00,0.00,0.00,0.78,0.81,0.0000,0.0002,     0,0,0,4.15,95.85,0.00,N/A,12.91,8.33,210.21,1.55,38.74,0.06,1.61,0.04,1.50,0.02,1.00,0.00,0.00,0.55,0.74,0.0001,0.0003,     0,0,0,2.41,97.59,0.00,N/A,7.25,4.85,210.21,1.50,37.42,0.04,0.90,0.09,1.55,0.06,1.00,0.00,0.00,0.75,0.83,0.0000,0.0002,     0,0,0,5.94,94.06,0.00,N/A,19.30,12.47,210.21,1.55,38.68,0.09,2.30,0.07,1.46,0.05,1.00,0.00,0.01,0.15,0.63,0.0003,0.0005,     0,0,0,4.94,95.06,0.00,N/A,15.17,10.38,210.21,1.46,36.52,0.07,1.81,0.00,0.49,0.00,1.00,0.00,0.00,0.41,0.76,0.0022,0.0049,     0,0,0,0.15,99.85,0.00,N/A,0.16,0.32,210.21,0.49,12.14,0.00,0.02,0.03,1.46,0.02,1.00,0.00,0.00,0.72,0.92,0.0001,0.0005,     0,0,0,2.04,97.96,0.00,N/A,6.24,4.29,210.21,1.46,36.38,0.03,0.74,0.06,1.53,0.04,1.00,0.00,0.00,0.63,0.79,0.0000,0.0003,     0,0,0,3.89,96.11,0.00,N/A,13.05,8.54,210.21,1.53,38.20,0.06,1.49,
2024-03-18,16:02:39.191,0.05,1.34,0.04,1.00,0.02,0.09,0.69,0.79,0.0001,0.0005,0.02,0.06,-2147483648,0.00,0.00,164.85,122.58,210.03,1.34,33.62,0.05,1.22,7.54,0.09,52.47,3.64,96.36,0.00,100.00,0.00,0.00,0.00,0.00,-nan,0.12,0.05,1.41,0.04,1.00,0.01,0.04,0.76,0.79,0.0001,0.0004,     0,0,0,0.02,0.04,-2147483648,0.00,0.00,N/A,91.45,65.03,210.03,1.41,35.16,0.05,1.36,0.04,1.28,0.03,1.00,0.01,0.05,0.65,0.79,0.0002,0.0007,     0,0,0,0.01,0.02,-2147483648,0.00,0.00,N/A,73.40,57.55,210.03,1.28,31.88,0.04,1.08,1.30,1.30,  1%,  1%,2.56,2.38,  2%,  1%,7.73,7.71,  6%,  6%,17.97,19.05, 14%, 15%,3.88,96.12,0.00,100.00,0.00,0.00,3.40,96.60,0.00,100.00,0.00,0.00,0.00,0.00,0.00 ,0.00 ,-nan ,-nan ,0.12,0.12,0.01,0.27,0.03,1.00,0.00,0.01,0.82,0.63,0.0015,0.0089,     0,0,0,2.71,97.29,0.00,N/A,1.54,5.69,210.03,0.27,6.74,0.01,0.18,0.09,1.54,0.06,1.00,0.00,0.00,0.83,0.82,0.0000,0.0002,     0,0,0,5.93,94.07,0.00,N/A,19.13,12.46,210.03,1.54,38.39,0.09,2.28,0.08,1.54,0.05,1.00,0.00,0.00,0.86,0.81,0.0000,0.0002,     0,0,0,4.96,95.04,0.00,N/A,16.04,10.41,210.03,1.54,38.51,0.08,1.91,0.02,1.40,0.01,1.00,0.00,0.00,0.58,0.71,0.0001,0.0005,     0,0,0,1.13,98.87,0.00,N/A,3.33,2.37,210.03,1.40,35.05,0.02,0.40,0.06,1.52,0.04,1.00,0.00,0.00,0.79,0.77,0.0000,0.0003,     0,0,0,4.10,95.90,0.00,N/A,12.87,8.44,210.03,1.52,38.10,0.06,1.56,0.08,1.54,0.05,1.00,0.00,0.00,0.86,0.79,0.0000,0.0002,     0,0,0,4.97,95.03,0.00,N/A,16.07,10.43,210.03,1.54,38.54,0.08,1.91,0.09,1.55,0.06,1.00,0.00,0.00,0.87,0.81,0.0000,0.0002,     0,0,0,5.87,94.13,0.00,N/A,19.26,12.46,210.03,1.55,38.65,0.09,2.27,0.02,1.16,0.01,1.00,0.00,0.00,0.38,0.89,0.0008,0.0014,     0,0,0,1.31,98.69,0.00,N/A,3.22,2.76,210.03,1.16,29.11,0.02,0.38,0.01,0.26,0.03,1.00,0.00,0.02,0.85,0.59,0.0014,0.0098,     0,0,0,3.44,96.56,0.00,N/A,1.86,7.22,210.03,0.26,6.43,0.01,0.22,0.04,1.56,0.03,1.00,0.00,0.00,0.75,0.85,0.0000,0.0002,     0,0,0,2.84,97.16,0.00,N/A,9.80,6.27,210.03,1.56,39.05,0.04,1.11,0.01,0.70,0.01,1.00,0.00,0.00,0.46,0.64,0.0008,0.0025,     0,0,0,0.75,9998.,0.00,N/A,1.10,1.57,210.03,0.70,17.57,0.01,0.13,0.04,1.38,0.03,1.00,0.00,0.00,0.43,0.80,0.0002,0.0005,     0,0,0,2.94,97.06,0.00,N/A,8.20,5.94,210.03,1.38,34.52,0.04,1.01,0.09,1.57,0.06,1.00,0.00,0.00,0.71,0.83,0.0000,0.0002,     0,0,0,5.88,94.12,0.00,N/A,19.53,12.47,210.03,1.57,39.15,0.09,2.30,0.07,1.39,0.05,1.00,0.00,0.01,0.40,0.82,0.0002,0.0004,     0,0,0,4.93,95.07,0.00,N/A,15.19,10.90,210.03,1.39,34.85,0.07,1.72,0.04,1.26,0.03,1.00,0.00,0.01,0.36,0.89,0.0005,0.0007,     0,0,0,3.12,96.88,0.00,N/A,8.49,6.73,210.03,1.26,31.52,0.04,0.98,0.05,1.43,0.03,1.00,0.00,0.00,0.69,0.84,0.0001,0.0005,     0,0,0,3.21,96.79,0.00,N/A,9.24,6.46,210.03,1.43,35.74,0.05,1.15,
2024-03-18,16:02:39.290,0.05,1.36,0.04,1.00,0.02,0.09,0.72,0.79,0.0001,0.0005,0.01,0.05,-2147483648,0.00,0.00,171.23,125.68,211.93,1.36,34.06,0.05,1.27,3.61,0.05,43.73,3.74,96.26,0.00,100.00,0.00,0.00,0.00,0.00,-nan,0.12,0.06,1.39,0.04,1.00,0.01,0.05,0.73,0.75,0.0001,0.0005,     0,0,0,0.00,0.02,-2147483648,0.00,0.00,N/A,95.81,68.98,211.93,1.39,34.72,0.06,1.42,0.04,1.33,0.03,1.00,0.01,0.04,0.70,0.82,0.0001,0.0006,     0,0,0,0.01,0.03,-2147483648,0.00,0.00,N/A,75.42,56.70,211.93,1.33,33.25,0.04,1.12,0.90,0.90,  0%,  0%,0.94,0.88,  0%,  0%,14.83,14.93, 12%, 12%,7.17,6.80,  5%,  5%,4.10,95.90,0.00,100.00,0.00,0.00,3.38,96.62,0.00,100.00,0.00,0.00,0.00,0.00,0.00 ,0.00 ,-nan ,-nan ,0.12,0.12,0.01,0.35,0.03,1.00,0.00,0.02,0.82,0.57,0.0013,0.0079,     0,0,0,3.44,96.56,0.00,N/A,2.53,7.30,211.93,0.35,8.67,0.01,0.30,0.08,1.54,0.05,1.00,0.00,0.00,0.84,0.83,0.0000,0.0002,     0,0,0,4.95,95.05,0.00,N/A,15.98,10.39,211.93,1.54,38.45,0.08,1.90,0.09,1.55,0.06,1.00,0.00,0.00,0.88,0.82,0.0000,0.0002,     0,0,0,5.91,94.09,0.00,N/A,19.20,12.41,211.93,1.55,38.68,0.09,2.29,0.04,1.47,0.03,1.00,0.00,0.00,0.53,0.87,0.0002,0.0005,     0,0,0,2.86,97.14,0.00,N/A,9.18,6.26,211.93,1.47,36.68,0.04,1.05,0.06,1.55,0.04,1.00,0.00,0.00,0.89,0.80,0.0000,0.0002,     0,0,0,4.09,95.91,0.00,N/A,12.82,8.29,211.93,1.55,38.66,0.06,1.58,0.09,1.54,0.06,1.00,0.00,0.01,0.49,0.72,0.0001,0.0003,     0,0,0,5.91,94.09,0.00,N/A,19.16,12.41,211.93,1.54,38.60,0.09,2.28,0.08,1.54,0.05,1.00,0.00,0.00,0.87,0.80,0.0000,0.0002,     0,0,0,4.99,95.01,0.00,N/A,16.03,10.38,211.93,1.54,38.61,0.08,1.93,0.00,0.59,0.01,1.00,0.00,0.00,0.26,0.69,0.0016,0.0024,     0,0,0,0.73,99.27,0.00,N/A,0.91,1.54,211.93,0.59,14.69,0.00,0.11,0.01,0.33,0.04,1.00,0.00,0.02,0.80,0.61,0.0014,0.0073,     0,0,0,3.58,96.42,0.00,N/A,2.47,7.59,211.93,0.33,8.13,0.01,0.29,0.04,1.54,0.03,1.00,0.00,0.00,0.49,0.79,0.0001,0.0002,     0,0,0,2.74,97.26,0.00,N/A,8.44,5.50,211.93,1.54,38.38,0.04,1.05,0.01,0.96,0.01,1.00,0.00,0.00,0.62,0.69,0.0006,0.0018,     0,0,0,1.14,98.86,0.00,N/A,2.34,2.43,211.93,0.96,24.08,0.01,0.28,0.02,1.40,0.02,1.00,0.00,0.00,0.69,0.93,0.0001,0.0003,     0,0,0,1.76,98.24,0.00,N/A,5.18,3.71,211.93,1.40,34.92,0.02,0.61,0.09,1.57,0.06,1.00,0.00,0.00,0.67,0.83,0.0000,0.0002,     0,0,0,6.00,94.00,0.00,N/A,19.54,12.47,211.93,1.57,39.18,0.09,2.35,0.08,1.56,0.05,1.00,0.00,0.00,0.71,0.85,0.0000,0.0002,     0,0,0,5.00,95.00,0.00,N/A,16.23,10.39,211.93,1.56,39.04,0.08,1.95,0.08,1.45,0.05,1.00,0.00,0.01,0.59,0.88,0.0002,0.0005,     0,0,0,5.43,94.57,0.00,N/A,16.81,11.60,211.93,1.45,36.24,0.08,1.97,0.02,1.46,0.01,1.00,0.00,0.00,0.47,0.92,0.0002,0.0005,     0,0,0,1.43,98.57,0.00,N/A,4.40,3.02,211.93,1.46,36.41,0.02,0.52,
2024-03-18,16:02:39.391,0.05,1.37,0.04,1.00,0.02,0.08,0.74,0.75,0.0001,0.0005,0.01,0.04,-2147483648,0.00,0.00,162.80,118.52,210.22,1.37,34.34,0.05,1.21,3.30,0.06,45.00,3.52,96.48,0.00,100.00,0.00,0.00,0.00,0.00,-nan,0.13,0.06,1.41,0.04,1.00,0.01,0.05,0.71,0.72,0.0001,0.0005,     0,0,0,0.01,0.03,-2147483648,0.00,0.00,N/A,102.48,72.87,210.22,1.41,35.16,0.06,1.51,0.04,1.32,0.03,1.00,0.01,0.03,0.79,0.78,0.0001,0.0005,     0,0,0,0.00,0.02,-2147483648,0.00,0.00,N/A,60.32,45.64,210.22,1.32,33.04,0.04,0.90,0.95,0.95,  0%,  0%,0.78,0.62,  0%,  0%,9.31,9.27,  7%,  7%,13.32,13.10, 10%, 10%,4.31,95.69,0.00,100.00,0.00,0.00,2.72,97.28,0.00,100.00,0.00,0.00,0.00,0.00,0.00 ,0.00 ,-nan ,-nan ,0.14,0.12,0.02,0.38,0.04,1.00,0.00,0.02,0.79,0.57,0.0013,0.0062,     0,0,0,3.97,96.03,0.00,N/A,3.16,8.35,210.22,0.38,9.46,0.02,0.38,0.09,1.55,0.06,1.00,0.00,0.00,0.89,0.84,0.0000,0.0002,     0,0,0,5.88,94.12,0.00,N/A,19.30,12.46,210.22,1.55,38.71,0.09,2.27,0.09,1.55,0.06,1.00,0.00,0.00,0.89,0.83,0.0000,0.0002,     0,0,0,5.87,94.13,0.00,N/A,19.29,12.45,210.22,1.55,38.72,0.09,2.27,0.09,1.52,0.06,1.00,0.00,0.01,0.25,0.63,0.0003,0.0005,     0,0,0,5.88,94.12,0.00,N/A,18.93,12.46,210.22,1.52,37.98,0.09,2.23,0.00,0.43,0.00,1.00,0.00,0.00,0.62,0.83,0.0006,0.0029,     0,0,0,0.04,99.96,0.00,N/A,0.03,0.08,210.22,0.43,10.69,0.00,0.00,0.09,1.55,0.06,1.00,0.00,0.00,0.90,0.81,0.0000,0.0002,     0,0,0,5.88,94.12,0.00,N/A,19.30,12.47,210.22,1.55,38.70,0.09,2.28,0.09,1.54,0.06,1.00,0.00,0.00,0.87,0.81,0.0000,0.0002,     0,0,0,5.87,94.13,0.00,N/A,19.24,12.46,210.22,1.54,38.61,0.09,2.27,0.02,1.51,0.01,1.00,0.00,0.00,0.90,0.78,0.0000,0.0003,     0,0,0,1.02,98.98,0.00,N/A,3.24,2.14,210.22,1.51,37.84,0.02,0.38,0.02,0.52,0.04,1.00,0.00,0.02,0.87,0.68,0.0005,0.0042,     0,0,0,4.09,95.91,0.00,N/A,4.46,8.59,210.22,0.52,12.99,0.02,0.53,0.04,1.56,0.03,1.00,0.00,0.00,0.62,0.85,0.0000,0.0002,     0,0,0,2.86,97.14,0.00,N/A,9.78,6.27,210.22,1.56,39.01,0.04,1.12,0.00,0.70,0.00,1.00,0.00,0.00,0.55,0.76,0.0013,0.0033,     0,0,0,0.15,99.85,0.00,N/A,0.22,0.31,210.22,0.70,17.55,0.00,0.03,0.00,0.34,0.00,1.00,0.00,0.00,0.33,0.64,0.0039,0.0070,     0,0,0,0.26,99.74,0.00,N/A,0.19,0.54,210.22,0.34,8.57,0.00,0.02,0.06,1.53,0.04,1.00,0.00,0.00,0.69,0.87,0.0000,0.0002,     0,0,0,3.67,96.33,0.00,N/A,11.42,7.44,210.22,1.53,38.36,0.06,1.41,0.09,1.57,0.06,1.00,0.00,0.00,0.74,0.86,0.0000,0.0002,     0,0,0,5.87,94.13,0.00,N/A,19.52,12.46,210.22,1.57,39.17,0.09,2.30,0.05,1.54,0.03,1.00,0.00,0.00,0.67,0.83,0.0000,0.0002,     0,0,0,3.13,96.87,0.00,N/A,9.79,6.35,210.22,1.54,38.54,0.05,1.21,0.02,1.34,0.02,1.00,0.00,0.00,0.46,0.87,0.0001,0.0004,     0,0,0,1.75,98.25,0.00,N/A,4.94,3.68,210.22,1.34,33.55,0.02,0.59,
2024-03-18,16:02:39.497,0.05,1.38,0.04,1.00,0.01,0.07,0.77,0.78,0.0001,0.0004,0.01,0.06,-2147483648,0.00,0.00,166.54,120.85,209.96,1.38,34.45,0.05,1.24,2.49,0.04,41.15,3.61,96.39,0.00,100.00,0.00,0.00,0.00,0.00,-nan,0.13,0.07,1.41,0.05,1.00,0.01,0.05,0.82,0.75,0.0000,0.0004,     0,0,0,0.01,0.04,-2147483648,0.00,0.00,N/A,112.77,79.89,209.96,1.41,35.29,0.07,1.69,0.03,1.31,0.02,1.00,0.01,0.03,0.69,0.82,0.0001,0.0005,     0,0,0,0.00,0.01,-2147483648,0.00,0.00,N/A,53.77,40.96,209.96,1.31,32.82,0.03,0.80,0.80,0.84,  0%,  0%,0.47,0.38,  0%,  0%,12.87,12.95, 10%, 10%,7.69,7.64,  6%,  6%,4.78,95.22,0.00,100.00,0.00,0.00,2.44,97.56,0.00,100.00,0.00,0.00,0.00,0.00,0.00 ,0.00 ,-nan ,-nan ,0.12,0.14,0.01,0.42,0.04,1.00,0.00,0.02,0.84,0.64,0.0008,0.0050,     0,0,0,3.54,96.46,0.00,N/A,3.10,7.43,209.96,0.42,10.42,0.01,0.37,0.10,1.55,0.06,1.00,0.00,0.00,0.90,0.82,0.0000,0.0002,     0,0,0,6.20,93.80,0.00,N/A,19.28,12.46,209.96,1.55,38.67,0.10,2.40,0.09,1.54,0.06,1.00,0.00,0.00,0.87,0.81,0.0000,0.0002,     0,0,0,5.93,94.07,0.00,N/A,19.21,12.45,209.96,1.54,38.58,0.09,2.29,0.09,1.54,0.06,1.00,0.00,0.00,0.91,0.78,0.0000,0.0002,     0,0,0,5.93,94.07,0.00,N/A,19.21,12.46,209.96,1.54,38.54,0.09,2.29,0.02,1.27,0.01,1.00,0.00,0.00,0.37,0.72,0.0003,0.0007,     0,0,0,1.34,98.66,0.00,N/A,3.57,2.82,209.96,1.27,31.66,0.02,0.43,0.09,1.54,0.06,1.00,0.00,0.00,0.88,0.79,0.0000,0.0002,     0,0,0,5.93,94.07,0.00,N/A,19.20,12.46,209.96,1.54,38.52,0.09,2.29,0.09,1.54,0.06,1.00,0.00,0.00,0.92,0.79,0.0000,0.0002,     0,0,0,5.93,94.07,0.00,N/A,19.18,12.45,209.96,1.54,38.51,0.09,2.28,0.05,1.36,0.04,1.00,0.00,0.00,0.60,0.73,0.0001,0.0004,     0,0,0,3.50,96.50,0.00,N/A,10.03,7.36,209.96,1.36,34.08,0.05,1.19,0.01,0.28,0.03,1.00,0.00,0.01,0.82,0.70,0.0012,0.0068,     0,0,0,3.14,96.86,0.00,N/A,1.84,6.60,209.96,0.28,6.96,0.01,0.22,0.04,1.48,0.03,1.00,0.00,0.00,0.52,0.78,0.0001,0.0003,     0,0,0,2.80,97.20,0.00,N/A,8.31,5.63,209.96,1.48,36.89,0.04,1.03,0.02,1.52,0.01,1.00,0.00,0.00,0.69,0.81,0.0000,0.0002,     0,0,0,1.03,98.97,0.00,N/A,3.27,2.15,209.96,1.52,37.95,0.02,0.39,0.00,0.85,0.00,1.00,0.00,0.00,0.47,0.66,0.0009,0.0023,     0,0,0,0.17,99.83,0.00,N/A,0.30,0.36,209.96,0.85,21.,0,0.00,0.04,0.03,1.56,0.02,1.00,0.00,0.00,0.46,0.95,0.0001,0.0003,     0,0,0,1.94,98.06,0.00,N/A,6.38,4.08,209.96,1.56,39.11,0.03,0.76,0.09,1.57,0.06,1.00,0.00,0.00,0.57,0.87,0.0000,0.0002,     0,0,0,5.94,94.06,0.00,N/A,19.58,12.47,209.96,1.57,39.25,0.09,2.33,0.04,1.55,0.03,1.00,0.00,0.00,0.47,0.86,0.0000,0.0002,     0,0,0,2.90,97.10,0.00,N/A,9.81,6.35,209.96,1.55,38.64,0.04,1.12,0.02,1.29,0.02,1.00,0.00,0.00,0.41,0.75,0.0003,0.0007,     0,0,0,1.58,98.42,0.00,N/A,4.28,3.32,209.96,1.29,32.22,0.02,0.51,
2024-03-18,16:02:39.591,0.05,1.40,0.04,1.00,0.01,0.06,0.72,0.80,0.0001,0.0004,0.01,0.05,-2147483648,0.00,0.00,168.60,120.54,210.23,1.40,34.97,0.05,1.25,2.91,0.05,41.63,3.57,96.43,0.00,100.00,0.00,0.00,0.00,0.00,-nan,0.12,0.06,1.42,0.04,1.00,0.01,0.04,0.68,0.78,0.0001,0.0004,     0,0,0,0.01,0.04,-2147483648,0.00,0.00,N/A,101.38,71.28,210.23,1.42,35.56,0.06,1.50,0.04,1.36,0.03,1.00,0.00,0.03,0.77,0.82,0.0001,0.0004,     0,0,0,0.00,0.02,-2147483648,0.00,0.00,N/A,67.22,49.27,210.23,1.36,34.11,0.04,0.99,0.89,0.93,  0%,  0%,0.63,0.46,  0%,  0%,7.86,7.77,  6%,  6%,13.14,12.85, 10%, 10%,4.22,95.78,0.00,100.00,0.00,0.00,2.91,97.09,0.00,100.00,0.00,0.00,0.00,0.00,0.00 ,0.00 ,-nan ,-nan ,0.12,0.12,0.01,0.25,0.03,1.00,0.00,0.01,0.78,0.76,0.0013,0.0061,     0,0,0,3.08,96.92,0.00,N/A,1.64,6.47,210.23,0.25,6.34,0.01,0.20,0.09,1.54,0.06,1.00,0.00,0.00,0.84,0.83,0.0000,0.0002,     0,0,0,5.69,94.31,0.00,N/A,19.23,12.47,210.23,1.54,38.55,0.09,2.19,0.09,1.55,0.06,1.00,0.00,0.00,0.89,0.83,0.0000,0.0002,     0,0,0,5.93,94.07,0.00,N/A,19.28,12.45,210.23,1.55,38.73,0.09,2.30,0.09,1.55,0.06,1.00,0.00,0.00,0.89,0.80,0.0000,0.0002,     0,0,0,5.93,94.07,0.00,N/A,19.28,12.46,210.23,1.55,38.69,0.09,2.29,0.01,1.39,0.01,1.00,0.00,0.00,0.62,0.71,0.0001,0.0005,     0,0,0,1.06,98.94,0.00,N/A,3.08,2.22,210.23,1.39,34.70,0.01,0.37,0.09,1.55,0.06,1.00,0.00,0.00,0.88,0.81,0.0000,0.0002,     0,0,0,5.93,94.07,0.00,N/A,19.36,12.47,210.23,1.55,38.82,0.09,2.30,0.09,1.56,0.06,1.00,0.00,0.01,0.29,0.68,0.0002,0.0004,     0,0,0,5.93,94.07,0.00,N/A,19.36,12.45,210.23,1.56,38.88,0.09,2.30,0.00,0.50,0.00,1.00,0.00,0.00,0.30,0.56,0.0032,0.0069,     0,0,0,0.14,99.86,0.00,N/A,0.15,0.29,210.23,0.50,12.48,0.00,0.02,0.01,0.24,0.03,1.00,0.00,0.02,0.82,0.64,0.0015,0.0091,     0,0,0,3.33,96.67,0.00,N/A,1.70,7.00,210.23,0.24,6.06,0.01,0.20,0.06,1.56,0.04,1.00,0.00,0.00,0.62,0.85,0.0000,0.0002,     0,0,0,3.80,96.20,0.00,N/A,12.99,8.33,210.23,1.56,38.98,0.06,1.48,0.06,1.56,0.04,1.00,0.00,0.00,0.56,0.84,0.0000,0.0002,     0,0,0,3.90,96.10,0.00,N/A,13.33,8.54,210.23,1.56,39.04,0.06,1.52,0.00,0.52,0.00,1.00,0.00,0.00,0.53,0.80,0.0010,0.0046,     0,0,0,0.05,99.95,0.00,N/A,0.05,0.10,210.23,0.52,12.88,0.00,0.01,0.03,1.54,0.02,1.00,0.00,0.00,0.55,0.96,0.0001,0.0003,     0,0,0,2.03,97.97,0.00,N/A,6.57,4.28,210.23,1.54,38.38,0.03,0.78,0.03,1.54,0.02,1.00,0.00,0.00,0.68,0.84,0.0000,0.0002,     0,0,0,2.13,97.87,0.00,N/A,6.58,4.28,210.23,1.54,38.45,0.03,0.82,0.08,1.55,0.05,1.00,0.00,0.00,0.64,0.85,0.0000,0.0002,     0,0,0,4.99,95.01,0.00,N/A,16.27,10.48,210.23,1.55,38.83,0.08,1.94,0.05,1.55,0.03,1.00,0.00,0.00,0.70,0.84,0.0000,0.0002,     0,0,0,2.98,97.02,0.00,N/A,9.74,6.27,210.23,1.55,38.84,0.05,1.16,
2024-03-18,16:02:39.695,0.05,1.38,0.04,1.00,0.01,0.07,0.73,0.77,0.0001,0.0004,0.01,0.06,-2147483648,0.00,0.00,166.01,120.41,209.69,1.38,34.47,0.05,1.23,5.52,0.08,40.38,3.56,96.44,0.00,100.00,0.00,0.00,0.00,0.00,-nan,0.12,0.05,1.39,0.04,1.00,0.01,0.03,0.75,0.78,0.0001,0.0004,     0,0,0,0.00,0.02,-2147483648,0.00,0.00,N/A,83.86,60.49,209.69,1.39,34.66,0.05,1.25,0.05,1.37,0.04,1.00,0.01,0.04,0.72,0.77,0.0001,0.0005,     0,0,0,0.01,0.04,-2147483648,0.00,0.00,N/A,82.15,59.93,209.69,1.37,34.27,0.05,1.21,2.24,2.26,  1%,  1%,0.57,0.45,  0%,  0%,13.73,13.70, 11%, 11%,6.43,6.52,  5%,  5%,3.60,96.40,0.00,100.00,0.00,0.00,3.52,96.48,0.00,100.00,0.00,0.00,0.00,0.00,0.00 ,0.00 ,-nan ,-nan ,0.12,0.12,0.01,0.39,0.04,1.00,0.00,0.01,0.78,0.67,0.0010,0.0048,     0,0,0,3.68,96.32,0.00,N/A,3.00,7.73,209.69,0.39,9.72,0.01,0.36,0.09,1.55,0.06,1.00,0.00,0.00,0.80,0.85,0.0000,0.0002,     0,0,0,5.88,94.12,0.00,N/A,19.36,12.46,209.69,1.55,38.84,0.09,2.28,0.09,1.56,0.06,1.00,0.00,0.00,0.80,0.84,0.0000,0.0002,     0,0,0,5.87,94.13,0.00,N/A,19.38,12.45,209.69,1.56,38.91,0.09,2.28,0.09,1.55,0.06,1.00,0.00,0.00,0.82,0.82,0.0000,0.0002,     0,0,0,5.88,94.12,0.00,N/A,19.36,12.46,209.69,1.55,38.84,0.09,2.28,0.00,0.44,0.00,1.00,0.00,0.00,0.70,0.68,0.0014,0.0057,     0,0,0,0.07,99.93,0.00,N/A,0.06,0.14,209.69,0.44,11.05,0.00,0.01,0.06,1.54,0.04,1.00,0.00,0.00,0.79,0.83,0.0000,0.0002,     0,0,0,3.93,96.07,0.00,N/A,12.81,8.33,209.69,1.54,38.44,0.06,1.51,0.05,1.55,0.03,1.00,0.00,0.00,0.82,0.81,0.0000,0.0002,     0,0,0,3.12,96.88,0.00,N/A,9.68,6.26,209.69,1.55,38.66,0.05,1.21,0.00,0.30,0.00,1.00,0.00,0.00,0.18,0.55,0.0058,0.0083,     0,0,0,0.31,99.69,0.00,N/A,0.20,0.65,209.69,0.30,7.60,0.00,0.02,0.02,0.41,0.04,1.00,0.00,0.02,0.85,0.58,0.0008,0.0058,     0,0,0,3.77,96.23,0.00,N/A,3.21,7.90,209.69,0.41,10.17,0.02,0.38,0.03,1.53,0.02,1.00,0.00,0.00,0.64,0.79,0.0000,0.0003,     0,0,0,2.13,97.87,0.00,N/A,6.54,4.28,209.69,1.53,38.20,0.03,0.81,0.09,1.57,0.06,1.00,0.00,0.00,0.82,0.82,0.0000,0.0002,     0,0,0,5.88,94.12,0.00,N/A,19.55,12.47,209.69,1.57,39.19,0.09,2.30,0.06,1.56,0.04,1.00,0.00,0.00,0.83,0.81,0.0000,0.0002,     0,0,0,3.77,96.23,0.00,N/A,12.95,8.33,209.69,1.56,38.88,0.06,1.47,0.06,1.51,0.04,1.00,0.00,0.00,0.55,0.76,0.0001,0.0003,     0,0,0,3.86,96.14,0.00,N/A,13.16,8.74,209.69,1.51,37.63,0.06,1.45,0.06,1.56,0.04,1.00,0.00,0.00,0.84,0.82,0.0000,0.0002,     0,0,0,3.78,96.22,0.00,N/A,12.99,8.34,209.69,1.56,38.95,0.06,1.47,0.03,1.46,0.02,1.00,0.00,0.00,0.51,0.77,0.0001,0.0004,     0,0,0,2.34,97.66,0.00,N/A,6.83,4.69,209.69,1.46,36.40,0.03,0.85,0.03,1.33,0.02,1.00,0.00,0.00,0.30,0.89,0.0005,0.0007,     0,0,0,2.46,97.54,0.00,N/A,6.91,5.18,209.69,1.33,33.37,0.03,0.82,
2024-03-18,16:02:39.793,0.06,1.68,0.04,1.00,0.05,0.12,0.39,0.86,0.0002,0.0006,0.01,0.02,-2147483648,0.00,0.00,203.52,120.81,210.01,1.68,42.11,0.06,1.52,11.69,0.44,56.93,3.61,96.39,0.00,100.00,0.00,0.00,0.00,0.00,-nan,0.13,0.06,1.60,0.04,1.00,0.03,0.08,0.38,0.85,0.0003,0.0007,     0,0,0,0.00,0.02,-2147483648,0.00,0.00,N/A,108.21,67.65,210.01,1.60,39.99,0.06,1.62,0.06,1.79,0.03,1.00,0.02,0.04,0.40,0.88,0.0002,0.0004,     0,0,0,0.00,0.01,-2147483648,0.00,0.00,N/A,95.30,53.16,210.01,1.79,44.82,0.06,1.43,5.48,5.52,  4%,  4%,0.41,0.28,  0%,  0%,16.23,16.07, 13%, 13%,10.86,13.77,  8%, 11%,4.04,95.96,0.00,100.00,0.00,0.00,3.19,96.81,0.00,100.00,0.00,0.00,0.00,0.00,0.00 ,0.00 ,-nan ,-nan ,0.14,0.12,0.01,0.32,0.04,1.00,0.00,0.02,0.80,0.63,0.0014,0.0072,     0,0,0,3.61,96.39,0.00,N/A,2.40,7.58,210.01,0.32,7.91,0.01,0.29,0.05,1.75,0.03,1.00,0.00,0.00,0.50,0.67,0.0001,0.0003,     0,0,0,2.78,97.22,0.00,N/A,9.63,5.52,210.01,1.75,43.64,0.05,1.21,0.09,1.81,0.05,1.00,0.00,0.01,0.31,0.86,0.0001,0.0004,     0,0,0,5.23,94.77,0.00,N/A,18.76,10.40,210.01,1.81,45.13,0.09,2.36,0.11,1.79,0.06,1.00,0.00,0.01,0.32,0.91,0.0001,0.0004,     0,0,0,6.28,93.72,0.00,N/A,22.29,12.48,210.01,1.79,44.64,0.11,2.80,0.05,1.45,0.04,1.00,0.01,0.01,0.05,0.84,0.0010,0.0013,     0,0,0,3.56,96.44,0.00,N/A,11.53,7.95,210.01,1.45,36.26,0.05,1.29,0.10,1.66,0.06,1.00,0.00,0.01,0.20,0.87,0.0002,0.0006,     0,0,0,5.88,94.12,0.00,N/A,20.75,12.47,210.01,1.66,41.60,0.10,2.45,0.02,1.46,0.01,1.00,0.00,0.01,0.15,0.87,0.0006,0.0017,     0,0,0,1.28,98.72,0.00,N/A,3.93,2.70,210.01,1.46,36.44,0.02,0.47,0.09,2.21,0.04,1.00,0.00,0.01,0.07,0.93,0.0002,0.0003,     0,0,0,3.85,96.15,0.00,N/A,18.92,8.56,210.01,2.21,55.24,0.09,2.13,0.01,0.25,0.03,1.00,0.00,0.01,0.83,0.69,0.0013,0.0079,     0,0,0,3.20,96.80,0.00,N/A,1.66,6.71,210.01,0.25,6.17,0.01,0.20,0.00,0.43,0.00,1.00,0.00,0.00,0.68,0.82,0.0007,0.0033,     0,0,0,0.04,99.96,0.00,N/A,0.03,0.08,210.01,0.43,10.79,0.00,0.00,0.11,1.79,0.06,1.00,0.01,0.01,0.07,0.92,0.0002,0.0003,     0,0,0,5.88,94.12,0.00,N/A,22.38,12.47,210.01,1.79,44.85,0.11,2.64,0.13,2.23,0.06,1.00,0.00,0.01,0.05,0.92,0.0001,0.0002,     0,0,0,5.89,94.11,0.00,N/A,27.81,12.49,210.01,2.23,55.67,0.13,3.28,0.03,1.52,0.02,1.00,0.00,0.00,0.62,0.83,0.0000,0.0002,     0,0,0,2.25,97.75,0.00,N/A,6.61,4.34,210.01,1.52,38.11,0.03,0.86,0.14,2.40,0.06,1.00,0.01,,0.8,0.04,0.87,0.0002,0.0004,     0,0,0,5.90,94.10,0.00,N/A,29.99,12.51,210.01,2.40,59.93,0.14,3.53,0.00,0.65,0.00,1.00,0.00,0.00,0.39,0.73,0.0014,0.0026,     0,0,0,0.17,99.83,0.00,N/A,0.23,0.35,210.01,0.65,16.36,0.00,0.03,0.03,1.57,0.02,1.00,0.00,0.00,0.51,0.95,0.0001,0.0003,     0,0,0,2.01,97.99,0.00,N/A,6.59,4.21,210.01,1.57,39.15,0.03,0.79,
2024-03-18,16:02:39.894,0.07,1.90,0.04,1.00,0.08,0.15,0.29,0.88,0.0003,0.0007,0.02,0.01,-2147483648,0.00,0.00,224.13,118.22,210.04,1.90,47.40,0.07,1.66,14.64,0.50,42.48,3.50,96.50,0.00,100.00,0.00,0.00,0.00,0.00,-nan,0.13,0.07,1.99,0.04,1.00,0.04,0.08,0.27,0.87,0.0003,0.0006,     0,0,0,0.01,0.01,-2147483648,0.00,0.00,N/A,124.76,62.68,210.04,1.99,49.76,0.07,1.85,0.06,1.79,0.03,1.00,0.04,0.07,0.31,0.89,0.0004,0.0007,     0,0,0,0.01,0.01,-2147483648,0.00,0.00,N/A,99.37,55.54,210.04,1.79,44.73,0.06,1.47,1.67,1.66,  1%,  1%,5.70,5.60,  4%,  4%,9.94,10.06,  8%,  8%,11.17,11.31,  8%,  9%,3.71,96.29,0.00,100.00,0.00,0.00,3.29,96.71,0.00,100.00,0.00,0.00,0.00,0.00,0.00 ,0.00 ,-nan ,-nan ,0.12,0.14,0.02,0.42,0.04,1.00,0.00,0.02,0.83,0.62,0.0009,0.0052,     0,0,0,3.80,96.20,0.00,N/A,3.34,7.99,210.04,0.42,10.44,0.02,0.40,0.09,2.15,0.04,1.00,0.00,0.01,0.06,0.91,0.0002,0.0003,     0,0,0,4.03,95.97,0.00,N/A,18.25,8.47,210.04,2.15,53.85,0.09,2.17,0.09,1.88,0.05,1.00,0.01,0.03,0.03,0.83,0.0007,0.0013,     0,0,0,4.79,95.21,0.00,N/A,19.57,10.41,210.04,1.88,47.02,0.09,2.25,0.07,2.50,0.03,1.00,0.00,0.00,0.11,0.92,0.0001,0.0002,     0,0,0,2.87,97.13,0.00,N/A,16.22,6.48,210.04,2.50,62.55,0.07,1.80,0.09,2.96,0.03,1.00,0.00,0.00,0.06,0.94,0.0000,0.0001,     0,0,0,3.19,96.81,0.00,N/A,18.56,6.28,210.04,2.96,73.93,0.09,2.36,0.13,2.20,0.06,1.00,0.01,0.02,0.03,0.88,0.0004,0.0006,     0,0,0,5.95,94.05,0.00,N/A,27.47,12.49,210.04,2.20,54.98,0.13,3.27,0.07,1.91,0.04,1.00,0.01,0.01,0.04,0.93,0.0004,0.0005,     0,0,0,3.77,96.23,0.00,N/A,16.09,8.43,210.04,1.91,47.69,0.07,1.80,0.03,2.47,0.01,1.00,0.00,0.00,0.04,0.94,0.0002,0.0002,     0,0,0,1.08,98.92,0.00,N/A,5.26,2.13,210.04,2.47,61.82,0.03,0.67,0.01,0.34,0.04,1.00,0.00,0.02,0.84,0.66,0.0009,0.0065,     0,0,0,3.52,96.48,0.00,N/A,2.53,7.40,210.04,0.34,8.54,0.01,0.30,0.05,1.91,0.03,1.00,0.00,0.01,0.05,0.87,0.0003,0.0010,     0,0,0,2.84,97.16,0.00,N/A,11.99,6.29,210.04,1.91,47.66,0.05,1.35,0.07,3.08,0.02,1.00,0.00,0.00,0.56,0.72,0.0000,0.0000,     0,0,0,2.19,97.81,0.00,N/A,13.27,4.31,210.04,3.08,76.90,0.07,1.69,0.08,2.58,0.03,1.00,0.00,0.00,0.03,0.93,0.0001,0.0002,     0,0,0,3.19,96.81,0.00,N/A,16.19,6.28,210.04,2.58,64.48,0.08,2.06,0.06,1.71,0.04,1.00,0.01,0.01,0.02,0.93,0.0006,0.0006,     0,0,0,3.78,96.22,0.00,N/A,14.27,8.36,210.04,1.71,42.68,0.06,1.61,0.12,2.02,0.06,1.00,0.01,0.02,0.04,0.88,0.0005,0.0007,     0,0,0,5.95,94.05,0.00,N/A,25.19,12.49,210.04,2.02,50.41,0.12,3.00,0.04,1.46,0.03,1.00,0.01,0.01,0.13,0.92,0.0005,0.0009,     0,0,0,3.06,96.94,0.00,N/A,9.90,6.77,210.04,1.46,36.56,0.04,1.12,0.03,1.66,0.02,1.00,0.00,0.00,0.92,0.96,0.0000,0.0003,     0,0,0,1.73,98.27,0.00,N/A,6.02,3.63,210.04,1.66,41.47,0.03,0.72,
2024-03-18,16:02:39.993,0.07,1.83,0.04,1.00,0.07,0.33,0.77,0.83,0.0003,0.0015,0.02,0.03,-2147483648,0.00,0.00,229.51,125.11,210.08,1.83,45.86,0.07,1.71,11.96,0.23,32.83,3.74,96.26,0.00,100.00,0.00,0.00,0.00,0.00,-nan,0.13,0.08,1.88,0.04,1.00,0.04,0.18,0.78,0.83,0.0003,0.0014,     0,0,0,0.02,0.02,-2147483648,0.00,0.00,N/A,129.36,68.84,210.08,1.88,46.98,0.08,1.93,0.06,1.78,0.03,1.00,0.03,0.15,0.76,0.82,0.0003,0.0015,     0,0,0,0.01,0.01,-2147483648,0.00,0.00,N/A,100.15,56.27,210.08,1.78,44.50,0.06,1.50,5.75,5.79,  4%,  4%,0.25,0.18,  0%,  0%,15.93,15.83, 13%, 12%,0.59,0.48,  0%,  0%,4.10,95.90,0.00,100.00,0.00,0.00,3.37,96.63,0.00,100.00,0.00,0.00,0.00,0.00,0.00 ,0.00 ,-nan ,-nan ,0.14,0.12,0.01,0.29,0.04,1.00,0.00,0.02,0.74,0.65,0.0019,0.0075,     0,0,0,3.53,96.47,0.00,N/A,2.17,7.42,210.08,0.29,7.31,0.01,0.26,0.03,1.30,0.02,1.00,0.01,0.01,0.16,0.78,0.0010,0.0012,     0,0,0,2.04,97.96,0.00,N/A,5.55,4.28,210.08,1.30,32.47,0.03,0.66,0.10,2.42,0.04,1.00,0.00,0.02,0.84,0.84,0.0001,0.0009,     0,0,0,3.99,96.01,0.00,N/A,20.68,8.54,210.08,2.42,60.51,0.10,2.41,0.09,1.96,0.04,1.00,0.00,0.02,0.81,0.85,0.0002,0.0014,     0,0,0,4.40,95.60,0.00,N/A,16.84,8.57,210.08,1.96,49.12,0.09,2.16,0.12,2.15,0.06,1.00,0.01,0.04,0.84,0.84,0.0002,0.0015,     0,0,0,5.64,94.36,0.00,N/A,26.89,12.49,210.08,2.15,53.82,0.12,3.04,0.07,2.09,0.03,1.00,0.00,0.02,0.67,0.85,0.0003,0.0012,     0,0,0,3.18,96.82,0.00,N/A,13.07,6.26,210.08,2.09,52.16,0.07,1.66,0.13,2.16,0.06,1.00,0.01,0.03,0.79,0.84,0.0002,0.0012,     0,0,0,6.00,94.00,0.00,N/A,26.97,12.47,210.08,2.16,54.07,0.13,3.24,0.08,1.95,0.04,1.00,0.00,0.03,0.85,0.80,0.0002,0.0015,     0,0,0,3.94,96.06,0.00,N/A,17.20,8.81,210.08,1.95,48.82,0.08,1.92,0.02,0.68,0.04,1.00,0.01,0.02,0.68,0.47,0.0013,0.0041,     0,0,0,3.52,96.48,0.00,N/A,5.03,7.39,210.08,0.68,17.03,0.02,0.60,0.09,1.68,0.05,1.00,0.01,0.04,0.73,0.83,0.0005,0.0021,     0,0,0,5.08,94.92,0.00,N/A,17.98,10.67,210.08,1.68,42.11,0.09,2.14,0.06,3.05,0.02,1.00,0.00,0.00,0.35,0.71,0.0000,0.0000,     0,0,0,2.01,97.99,0.00,N/A,12.91,4.23,210.08,3.05,76.28,0.06,1.54,0.03,2.79,0.01,1.00,0.00,0.00,0.67,0.67,0.0000,0.0001,     0,0,0,1.05,98.95,0.00,N/A,6.14,2.20,210.08,2.79,69.65,0.03,0.73,0.06,1.86,0.03,1.00,0.00,0.02,0.79,0.85,0.0003,0.0018,     0,0,0,2.99,97.01,0.00,N/A,11.83,6.35,210.08,1.86,46.61,0.06,1.39,0.12,2.05,0.06,1.00,0.01,0.04,0.80,0.83,0.0003,0.0017,     0,0,0,6.00,94.00,0.00,N/A,25.55,12.49,210.08,2.05,51.17,0.12,3.07,0.07,1.68,0.04,1.00,0.00,0.02,0.78,0.85,0.0003,0.0018,     0,0,0,4.10,95.90,0.00,N/A,13.68,8.15,210.08,1.68,41.94,0.07,1.72,0.03,1.47,0.02,1.00,0.00,0.01,0.73,0.88,0.0002,0.0007,     0,0,0,2.28,97.72,0.00,N/A,7.03,4.79,210.08,1.47,36.67,0.03,0.84,
2024-03-18,16:02:40.094,0.06,1.73,0.03,1.00,0.06,0.44,0.84,0.82,0.0003,0.0022,0.03,0.02,-2147483648,0.00,0.00,197.33,114.17,210.26,1.73,43.21,0.06,1.46,14.87,0.33,36.84,3.39,96.61,0.00,100.00,0.00,0.00,0.00,0.00,-nan,0.12,0.06,1.70,0.03,1.00,0.04,0.23,0.83,0.81,0.0004,0.0024,     0,0,0,0.02,0.01,-2147483648,0.00,0.00,N/A,95.39,56.05,210.26,1.70,42.55,0.06,1.43,0.06,1.75,0.03,1.00,0.03,0.21,0.85,0.82,0.0003,0.0020,     0,0,0,0.01,0.01,-2147483648,0.00,0.00,N/A,101.94,58.12,210.26,1.75,43.85,0.06,1.50,0.37,0.38,  0%,  0%,7.19,6.94,  5%,  5%,0.83,0.95,  0%,  0%,17.47,17.60, 14%, 14%,3.36,96.64,0.00,100.00,0.00,0.00,3.42,96.58,0.00,100.00,0.00,0.00,0.00,0.00,0.00 ,0.00 ,-nan ,-nan ,0.12,0.12,0.01,0.26,0.03,1.00,0.00,0.02,0.82,0.57,0.0018,0.0103,     0,0,0,2.81,97.19,0.00,N/A,1.56,5.90,210.26,0.26,6.62,0.01,0.19,0.02,1.54,0.01,1.00,0.00,0.01,0.88,0.82,0.0004,0.0036,     0,0,0,1.02,98.98,0.00,N/A,3.32,2.15,210.26,1.54,38.57,0.02,0.40,0.07,2.34,0.03,1.00,0.00,0.02,0.90,0.83,0.0001,0.0014,     0,0,0,3.16,96.84,0.00,N/A,14.69,6.29,210.26,2.34,58.40,0.07,1.84,0.02,1.69,0.01,1.00,0.00,0.01,0.81,0.81,0.0005,0.0028,     0,0,0,1.04,98.96,0.00,N/A,3.70,2.19,210.26,1.69,42.29,0.02,0.44,0.09,1.80,0.05,1.00,0.01,0.05,0.86,0.83,0.0003,0.0025,     0,0,0,4.95,95.05,0.00,N/A,18.72,10.40,210.26,1.80,45.02,0.09,2.23,0.09,1.94,0.05,1.00,0.00,0.05,0.88,0.82,0.0002,0.0023,     0,0,0,4.71,95.29,0.00,N/A,20.18,10.41,210.26,1.94,48.46,0.09,2.28,0.10,2.06,0.05,1.00,0.01,0.04,0.86,0.81,0.0002,0.0018,     0,0,0,4.95,95.05,0.00,N/A,21.38,10.39,210.26,2.06,51.43,0.10,2.55,0.06,1.42,0.04,1.00,0.01,0.04,0.70,0.78,0.0010,0.0033,     0,0,0,4.22,95.78,0.00,N/A,11.83,8.32,210.26,1.42,35.55,0.06,1.50,0.01,0.25,0.03,1.00,0.00,0.02,0.85,0.61,0.0014,0.0098,     0,0,0,3.36,96.64,0.00,N/A,1.78,7.07,210.26,0.25,6.31,0.01,0.21,0.12,2.07,0.06,1.00,0.01,0.04,0.80,0.83,0.0003,0.0017,     0,0,0,5.88,94.12,0.00,N/A,25.89,12.48,210.26,2.07,51.87,0.12,3.05,0.04,1.84,0.02,1.00,0.00,0.02,0.89,0.84,0.0002,0.0022,     0,0,0,2.24,97.76,0.00,N/A,8.66,4.70,210.26,1.84,46.04,0.04,1.03,0.05,1.65,0.03,1.00,0.00,0.04,0.87,0.82,0.0004,0.0034,     0,0,0,2.84,97.16,0.00,N/A,10.59,6.41,210.26,1.65,41.33,0.05,1.18,0.12,2.37,0.05,1.00,0.00,0.03,0.89,0.84,0.0001,0.0011,     0,0,0,4.95,95.05,0.00,N/A,24.59,10.39,210.26,2.37,59.17,0.12,2.93,0.11,1.87,0.06,1.00,0.01,0.06,0.85,0.82,0.0004,0.0026,     0,0,0,5.88,94.12,0.00,N/A,23.26,12.46,210.26,1.87,46.65,0.11,2.74,0.00,0.52,0.00,1.00,0.00,0.00,0.56,0.76,0.0013,0.00,0,0.13,9,0,0,0.07,99.93,0.00,N/A,0.07,0.14,210.26,0.52,12.88,0.00,0.01,0.03,1.59,0.02,1.00,0.00,0.00,0.75,0.93,0.0001,0.0004,     0,0,0,2.13,97.87,0.00,N/A,7.11,4.47,210.26,1.59,39.73,0.03,0.84,
2024-03-18,16:02:40.196,0.05,1.59,0.03,1.00,0.06,0.48,0.86,0.82,0.0003,0.0026,0.02,0.02,-2147483648,0.00,0.00,182.50,114.42,211.60,1.59,39.87,0.05,1.35,22.30,0.68,46.80,3.39,96.61,0.00,100.00,0.00,0.00,0.00,0.00,-nan,0.12,0.05,1.55,0.03,1.00,0.03,0.21,0.86,0.82,0.0003,0.0026,     0,0,0,0.01,0.01,-2147483648,0.00,0.00,N/A,83.03,53.64,211.60,1.55,38.70,0.05,1.23,0.06,1.64,0.04,1.00,0.03,0.27,0.86,0.82,0.0003,0.0027,     0,0,0,0.01,0.01,-2147483648,0.00,0.00,N/A,99.47,60.78,211.60,1.64,40.91,0.06,1.48,8.17,8.14,  6%,  6%,3.05,2.94,  2%,  2%,18.90,18.57, 15%, 15%,4.78,4.55,  3%,  3%,3.17,96.83,0.00,100.00,0.00,0.00,3.62,96.38,0.00,100.00,0.00,0.00,0.00,0.00,0.00 ,0.00 ,-nan ,-nan ,0.12,0.12,0.01,0.31,0.03,1.00,0.00,0.02,0.83,0.62,0.0013,0.0076,     0,0,0,3.39,96.61,0.00,N/A,2.24,7.17,211.60,0.31,7.79,0.01,0.26,0.09,1.76,0.05,1.00,0.01,0.06,0.90,0.83,0.0003,0.0031,     0,0,0,4.92,95.08,0.00,N/A,18.36,10.41,211.60,1.76,44.11,0.09,2.17,0.00,0.22,0.01,1.00,0.00,0.00,0.52,0.61,0.0010,0.0044,     0,0,0,0.68,99.32,0.00,N/A,0.31,1.43,211.60,0.22,5.51,0.00,0.04,0.05,1.91,0.03,1.00,0.00,0.02,0.81,0.82,0.0004,0.0018,     0,0,0,2.84,97.16,0.00,N/A,12.02,6.28,211.60,1.91,47.82,0.05,1.36,0.07,1.76,0.04,1.00,0.00,0.04,0.85,0.84,0.0003,0.0024,     0,0,0,3.96,96.04,0.00,N/A,14.69,8.33,211.60,1.76,44.12,0.07,1.75,0.06,1.97,0.03,1.00,0.00,0.03,0.82,0.82,0.0003,0.0020,     0,0,0,3.21,96.79,0.00,N/A,12.71,6.44,211.60,1.97,49.31,0.06,1.58,0.08,1.69,0.05,1.00,0.01,0.05,0.88,0.82,0.0003,0.0029,     0,0,0,4.94,95.06,0.00,N/A,17.51,10.37,211.60,1.69,42.22,0.08,2.09,0.02,1.62,0.01,1.00,0.00,0.01,0.84,0.81,0.0002,0.0013,     0,0,0,1.50,98.50,0.00,N/A,5.19,3.21,211.60,1.62,40.39,0.02,0.60,0.02,0.43,0.04,1.00,0.00,0.03,0.88,0.64,0.0009,0.0076,     0,0,0,3.87,96.13,0.00,N/A,3.51,8.19,211.60,0.43,10.71,0.02,0.41,0.11,1.83,0.06,1.00,0.01,0.06,0.83,0.82,0.0004,0.0026,     0,0,0,5.99,94.01,0.00,N/A,22.76,12.45,211.60,1.83,45.72,0.11,2.74,0.04,2.15,0.02,1.00,0.00,0.02,0.85,0.83,0.0002,0.0017,     0,0,0,1.85,98.15,0.00,N/A,9.13,4.25,211.60,2.15,53.66,0.04,1.00,0.11,1.81,0.06,1.00,0.01,0.07,0.89,0.82,0.0003,0.0029,     0,0,0,6.05,93.95,0.00,N/A,22.56,12.45,211.60,1.81,45.30,0.11,2.74,0.06,1.91,0.03,1.00,0.00,0.03,0.89,0.84,0.0002,0.0024,     0,0,0,3.16,96.84,0.00,N/A,11.98,6.27,211.60,1.91,47.77,0.06,1.51,0.07,1.62,0.04,1.00,0.01,0.05,0.82,0.82,0.0005,0.0034,     0,0,0,4.19,95.81,0.00,N/A,13.50,8.32,211.60,1.62,40.58,0.07,1.70,0.04,1.83,0.02,1.00,0.00,0.02,0.89,0.84,0.0002,0.0022,     0,0,0,2.39,97.61,0.00,N/A,9.45,5.17,211.60,1.83,45.71,0.04,1.09,0.03,1.78,0.02,1.00,0.00,0.01,0.78,0.85,0.0002,0.0009,     0,0,0,1.74,98.26,0.00,N/A,6.57,3.68,211.60,1.78,44.62,0.03,0.78,
2024-03-18,16:02:40.287,0.05,1.53,0.04,1.00,0.07,0.52,0.85,0.82,0.0004,0.0029,0.03,0.02,-2147483648,0.00,0.00,179.24,117.09,210.19,1.53,38.27,0.05,1.36,23.20,0.44,41.97,3.56,96.44,0.00,100.00,0.00,0.00,0.00,0.00,-nan,0.13,0.05,1.50,0.04,1.00,0.04,0.27,0.85,0.82,0.0004,0.0030,     0,0,0,0.03,0.01,-2147483648,0.00,0.00,N/A,89.58,59.60,210.19,1.50,37.57,0.05,1.36,0.05,1.56,0.04,1.00,0.03,0.25,0.85,0.82,0.0004,0.0028,     0,0,0,0.01,0.01,-2147483648,0.00,0.00,N/A,89.66,57.48,210.19,1.56,38.99,0.05,1.37,4.10,4.10,  3%,  3%,7.57,7.43,  6%,  6%,9.58,9.37,  7%,  7%,12.21,10.80, 10%,  8%,3.61,96.39,0.00,100.00,0.00,0.00,3.50,96.50,0.00,100.00,0.00,0.00,0.00,0.00,0.00 ,0.00 ,-nan ,-nan ,0.12,0.14,0.01,0.25,0.03,1.00,0.00,0.01,0.82,0.70,0.0014,0.0076,     0,0,0,3.14,96.86,0.00,N/A,1.68,6.60,210.19,0.25,6.37,0.01,0.20,0.01,1.14,0.01,1.00,0.00,0.00,0.42,0.56,0.0005,0.0011,     0,0,0,0.78,99.22,0.00,N/A,1.87,1.64,210.19,1.14,28.50,0.01,0.22,0.10,1.76,0.06,1.00,0.01,0.07,0.90,0.83,0.0003,0.0031,     0,0,0,5.93,94.07,0.00,N/A,21.87,12.45,210.19,1.76,43.90,0.10,2.60,0.11,1.72,0.06,1.00,0.01,0.06,0.81,0.82,0.0005,0.0027,     0,0,0,6.20,93.80,0.00,N/A,21.45,12.46,210.19,1.72,43.05,0.11,2.67,0.11,1.76,0.06,1.00,0.01,0.05,0.86,0.84,0.0003,0.0025,     0,0,0,6.20,93.80,0.00,N/A,21.98,12.46,210.19,1.76,44.10,0.11,2.74,0.01,1.44,0.00,1.00,0.00,0.00,0.53,0.66,0.0001,0.0004,     0,0,0,0.42,99.58,0.00,N/A,1.28,0.89,210.19,1.44,35.90,0.01,0.15,0.09,1.50,0.06,1.00,0.01,0.07,0.87,0.82,0.0005,0.0037,     0,0,0,6.20,93.80,0.00,N/A,18.66,12.46,210.19,1.50,37.44,0.09,2.32,0.00,1.23,0.00,1.00,0.00,0.00,0.60,0.64,0.0004,0.0014,     0,0,0,0.31,99.69,0.00,N/A,0.79,0.64,210.19,1.23,30.73,0.00,0.10,0.01,0.25,0.03,1.00,0.00,0.02,0.86,0.61,0.0014,0.0100,     0,0,0,3.13,96.87,0.00,N/A,1.62,6.58,210.19,0.25,6.16,0.01,0.19,0.09,1.50,0.06,1.00,0.01,0.08,0.83,0.82,0.0007,0.0042,     0,0,0,6.20,93.80,0.00,N/A,18.66,12.46,210.19,1.50,37.43,0.09,2.32,0.07,1.71,0.04,1.00,0.01,0.04,0.82,0.83,0.0004,0.0027,     0,0,0,4.32,95.68,0.00,N/A,14.18,8.31,210.19,1.71,42.65,0.07,1.84,0.10,1.96,0.05,1.00,0.00,0.05,0.89,0.82,0.0002,0.0023,     0,0,0,5.17,94.83,0.00,N/A,20.33,10.38,210.19,1.96,48.97,0.10,2.53,0.11,1.94,0.06,1.00,0.01,0.06,0.89,0.84,0.0002,0.0023,     0,0,0,5.93,94.07,0.00,N/A,24.16,12.47,210.19,1.94,48.44,0.11,2.87,0.00,0.45,0.00,1.00,0.00,0.00,0.26,0.49,0.0042,0.0071,     0,0,0,0.15,99.85,0.00,N/A,0.14,0.32,210.19,0.45,11.20,0.00,0.02,0.02,1.53,0.01,1.00,0.00,0.00,0.68,0.92,0.0002,0.0005,     0,0,0,1.28,98.72,0.00,N/A,4.02,2.63,210.19,1.53,38.13,0.02,0.49,0.03,1.51,0.02,1.00,0.00,0.01,0.75,0.86,0.0003,0.0017,     0,0,0,2.06,97.94,0.00,N/A,6.54,4.33,210.19,1.51,37.75,0.03,0.78,
2024-03-18,16:02:40.396,0.06,1.78,0.04,1.00,0.06,0.44,0.84,0.82,0.0003,0.0021,0.02,0.02,-2147483648,0.00,0.00,215.36,121.21,209.99,1.78,44.42,0.06,1.58,23.51,0.55,55.60,3.55,96.45,0.00,100.00,0.00,0.00,0.00,0.00,-nan,0.12,0.06,1.79,0.03,1.00,0.03,0.22,0.86,0.82,0.0003,0.0021,     0,0,0,0.01,0.01,-2147483648,0.00,0.00,N/A,104.76,58.48,209.99,1.79,44.78,0.06,1.56,0.06,1.76,0.04,1.00,0.04,0.22,0.83,0.82,0.0003,0.0020,     0,0,0,0.01,0.01,-2147483648,0.00,0.00,N/A,110.60,62.73,209.99,1.76,44.08,0.06,1.60,7.97,7.97,  6%,  6%,3.85,3.72,  3%,  2%,18.49,18.23, 14%, 14%,9.30,9.59,  7%,  7%,3.48,96.52,0.00,100.00,0.00,0.00,3.62,96.38,0.00,100.00,0.00,0.00,0.00,0.00,0.00 ,0.00 ,-nan ,-nan ,0.12,0.12,0.01,0.28,0.03,1.00,0.00,0.01,0.83,0.67,0.0012,0.0073,     0,0,0,3.30,96.70,0.00,N/A,1.95,6.93,209.99,0.28,7.03,0.01,0.23,0.02,1.51,0.02,1.00,0.00,0.01,0.81,0.82,0.0003,0.0020,     0,0,0,1.53,98.47,0.00,N/A,4.83,3.20,209.99,1.51,37.68,0.02,0.57,0.13,2.13,0.06,1.00,0.00,0.05,0.91,0.83,0.0002,0.0020,     0,0,0,5.93,94.07,0.00,N/A,26.49,12.46,209.99,2.13,53.15,0.13,3.15,0.13,2.11,0.06,1.00,0.01,0.05,0.82,0.81,0.0003,0.0018,     0,0,0,5.93,94.07,0.00,N/A,26.29,12.46,209.99,2.11,52.76,0.13,3.13,0.10,1.97,0.05,1.00,0.01,0.04,0.86,0.84,0.0003,0.0020,     0,0,0,4.99,95.01,0.00,N/A,20.61,10.47,209.99,1.97,49.20,0.10,2.45,0.07,2.36,0.03,1.00,0.00,0.02,0.86,0.81,0.0001,0.0012,     0,0,0,2.99,97.01,0.00,N/A,14.83,6.27,209.99,2.36,59.11,0.07,1.77,0.05,1.51,0.03,1.00,0.00,0.04,0.88,0.81,0.0004,0.0038,     0,0,0,3.02,96.98,0.00,N/A,9.60,6.35,209.99,1.51,37.83,0.05,1.14,0.00,0.47,0.00,1.00,0.00,0.00,0.44,0.53,0.0030,0.0077,     0,0,0,0.16,99.84,0.00,N/A,0.16,0.34,209.99,0.47,11.72,0.00,0.02,0.02,0.45,0.04,1.00,0.00,0.02,0.87,0.71,0.0007,0.0058,     0,0,0,3.67,96.33,0.00,N/A,3.45,7.70,209.99,0.45,11.20,0.02,0.41,0.05,1.48,0.03,1.00,0.00,0.03,0.82,0.84,0.0004,0.0026,     0,0,0,3.31,96.69,0.00,N/A,10.29,6.94,209.99,1.48,37.04,0.05,1.22,0.06,2.11,0.03,1.00,0.01,0.02,0.52,0.76,0.0005,0.0012,     0,0,0,2.98,97.02,0.00,N/A,13.24,6.27,209.99,2.11,52.79,0.06,1.58,0.07,1.79,0.04,1.00,0.00,0.04,0.89,0.82,0.0003,0.0029,     0,0,0,3.72,96.28,0.00,N/A,15.17,8.46,209.99,1.79,44.82,0.07,1.67,0.12,2.09,0.06,1.00,0.00,0.05,0.88,0.84,0.0002,0.0018,     0,0,0,5.69,94.31,0.00,N/A,26.04,12.47,209.99,2.09,52.22,0.12,2.97,0.06,1.95,0.03,1.00,0.00,0.02,0.77,0.80,0.0004,0.0018,     0,0,0,2.98,97.02,0.00,N/A,12.24,6.27,209.99,1.95,48.83,0.06,1.46,0.04,2.38,0.02,1.00,0.00,0.00,0.69,0.97,0.0000,0.0001,     0,0,0,1.88,98.12,0.00,N/A,10.07,4.23,209.99,2.38,59.55,0.04,1.12,0.09,1.93,0.05,1.00,0.01,0.05,0.83,0.82,0.0003,0.0023,     0,0,0,4.74,95.26,0.00,N/A,20.0.,1.66,,209.99,1.93,48.37,0.09,2.29,
2024-03-18,16:02:40.494,0.05,1.53,0.03,1.00,0.07,0.51,0.86,0.82,0.0004,0.0029,0.02,0.02,-2147483648,0.00,0.00,175.78,114.75,209.91,1.53,38.30,0.05,1.29,28.57,0.70,63.29,3.37,96.63,0.00,100.00,0.00,0.00,0.00,0.00,-nan,0.14,0.05,1.50,0.03,1.00,0.03,0.24,0.85,0.82,0.0004,0.0030,     0,0,0,0.01,0.01,-2147483648,0.00,0.00,N/A,79.19,52.68,209.91,1.50,37.58,0.05,1.16,0.06,1.56,0.04,1.00,0.03,0.27,0.86,0.83,0.0004,0.0028,     0,0,0,0.01,0.01,-2147483648,0.00,0.00,N/A,96.59,62.06,209.91,1.56,38.91,0.06,1.42,7.14,7.10,  5%,  5%,7.27,7.06,  5%,  5%,14.25,13.95, 11%, 11%,17.48,17.61, 13%, 14%,3.08,96.92,0.00,100.00,0.00,0.00,3.66,96.34,0.00,100.00,0.00,0.00,0.00,0.00,0.00 ,0.00 ,-nan ,-nan ,0.14,0.14,0.01,0.25,0.03,1.00,0.00,0.01,0.81,0.74,0.0012,0.0067,     0,0,0,3.09,96.91,0.00,N/A,1.65,6.48,209.91,0.25,6.36,0.01,0.20,0.05,1.70,0.03,1.00,0.00,0.03,0.84,0.83,0.0003,0.0024,     0,0,0,3.07,96.93,0.00,N/A,10.97,6.45,209.91,1.70,42.55,0.05,1.31,0.10,1.76,0.06,1.00,0.01,0.07,0.89,0.83,0.0003,0.0031,     0,0,0,5.63,94.37,0.00,N/A,21.88,12.46,209.91,1.76,43.89,0.10,2.47,0.10,1.75,0.06,1.00,0.01,0.06,0.81,0.82,0.0005,0.0027,     0,0,0,5.64,94.36,0.00,N/A,21.81,12.47,209.91,1.75,43.72,0.10,2.46,0.00,0.48,0.00,1.00,0.00,0.00,0.84,0.81,0.0002,0.0025,     0,0,0,0.06,99.94,0.00,N/A,0.06,0.12,209.91,0.48,12.12,0.00,0.01,0.09,1.54,0.06,1.00,0.01,0.07,0.87,0.82,0.0004,0.0035,     0,0,0,5.63,94.37,0.00,N/A,19.20,12.46,209.91,1.54,38.51,0.09,2.17,0.00,0.44,0.00,1.00,0.00,0.00,0.93,0.81,0.0002,0.0033,     0,0,0,0.04,99.96,0.00,N/A,0.03,0.08,209.91,0.44,10.95,0.00,0.00,0.02,1.66,0.01,1.00,0.00,0.01,0.84,0.84,0.0003,0.0023,     0,0,0,1.03,98.97,0.00,N/A,3.60,2.16,209.91,1.66,41.53,0.02,0.43,0.01,0.24,0.03,1.00,0.00,0.01,0.82,0.68,0.0014,0.0080,     0,0,0,3.27,96.73,0.00,N/A,1.68,6.86,209.91,0.24,6.11,0.01,0.20,0.02,1.50,0.01,1.00,0.00,0.00,0.73,0.90,0.0002,0.0006,     0,0,0,1.26,98.74,0.00,N/A,3.97,2.65,209.91,1.50,37.48,0.02,0.47,0.03,1.73,0.02,1.00,0.00,0.01,0.84,0.86,0.0002,0.0014,     0,0,0,1.69,98.31,0.00,N/A,6.56,3.79,209.91,1.73,43.33,0.03,0.73,0.08,1.68,0.05,1.00,0.01,0.06,0.89,0.83,0.0004,0.0034,     0,0,0,5.06,94.94,0.00,N/A,17.45,10.40,209.91,1.68,41.93,0.08,2.12,0.11,1.93,0.06,1.00,0.01,0.06,0.90,0.84,0.0002,0.0023,     0,0,0,5.82,94.18,0.00,N/A,24.06,12.46,209.91,1.93,48.27,0.11,2.81,0.01,1.54,0.00,1.00,0.00,0.00,0.49,0.97,0.0001,0.0002,     0,0,0,0.48,99.52,0.00,N/A,1.56,1.02,209.91,1.54,38.46,0.01,0.19,0.11,1.81,0.06,1.00,0.01,0.05,0.83,0.83,0.0004,0.0023,     0,0,0,5.99,94.01,0.00,N/A,22.51,12.45,209.91,1.81,45.20,0.11,2.71,0.09,1.51,0.06,1.00,0.01,0.08,0.85,0.82,0.0005,0.0043,     0,0,0,5.81,94.19,0.00,N/A,18.80,12.44,209.91,1.51,37.79,0.09,2.19,
2024-03-18,16:02:40.596,0.06,1.53,0.04,1.00,0.08,0.53,0.83,0.82,0.0004,0.0027,0.02,0.02,-2147483648,0.00,0.00,193.06,126.13,210.06,1.53,38.27,0.06,1.45,23.03,0.65,49.67,3.79,96.21,0.00,100.00,0.00,0.00,0.00,0.00,-nan,0.12,0.05,1.53,0.03,1.00,0.03,0.21,0.84,0.82,0.0004,0.0027,     0,0,0,0.01,0.01,-2147483648,0.00,0.00,N/A,76.92,50.34,210.06,1.53,38.20,0.05,1.16,0.07,1.53,0.05,1.00,0.05,0.32,0.83,0.82,0.0004,0.0028,     0,0,0,0.01,0.01,-2147483648,0.00,0.00,N/A,116.14,75.79,210.06,1.53,38.31,0.07,1.74,4.14,4.08,  3%,  3%,7.51,7.30,  6%,  5%,11.16,10.96,  9%,  9%,14.79,12.76, 12%, 10%,3.02,96.98,0.00,100.00,0.00,0.00,4.54,95.46,0.00,100.00,0.00,0.00,0.00,0.00,0.00 ,0.00 ,-nan ,-nan ,0.12,0.12,0.01,0.27,0.03,1.00,0.00,0.02,0.82,0.65,0.0015,0.0086,     0,0,0,3.11,96.89,0.00,N/A,1.75,6.54,210.06,0.27,6.68,0.01,0.21,0.01,1.31,0.00,1.00,0.00,0.00,0.36,0.61,0.0003,0.0007,     0,0,0,0.49,99.51,0.00,N/A,1.35,1.02,210.06,1.31,32.86,0.01,0.16,0.09,1.79,0.05,1.00,0.01,0.05,0.87,0.84,0.0003,0.0026,     0,0,0,5.23,94.77,0.00,N/A,18.61,10.39,210.06,1.79,44.78,0.09,2.34,0.11,1.83,0.06,1.00,0.01,0.05,0.81,0.82,0.0004,0.0023,     0,0,0,6.27,93.73,0.00,N/A,22.80,12.46,210.06,1.83,45.75,0.11,2.87,0.05,1.82,0.03,1.00,0.00,0.02,0.84,0.84,0.0003,0.0021,     0,0,0,2.78,97.22,0.00,N/A,11.54,6.33,210.06,1.82,45.60,0.05,1.27,0.10,1.63,0.06,1.00,0.01,0.06,0.87,0.82,0.0004,0.0031,     0,0,0,6.27,93.73,0.00,N/A,20.34,12.45,210.06,1.63,40.82,0.10,2.56,0.00,0.40,0.00,1.00,0.00,0.00,0.44,0.64,0.0025,0.0054,     0,0,0,0.17,99.83,0.00,N/A,0.15,0.37,210.06,0.40,10.11,0.00,0.02,0.00,0.49,0.00,1.00,0.00,0.00,0.36,0.60,0.0024,0.0051,     0,0,0,0.37,99.63,0.00,N/A,0.38,0.77,210.06,0.49,12.25,0.00,0.05,0.01,0.31,0.04,1.00,0.00,0.02,0.86,0.59,0.0013,0.0097,     0,0,0,3.82,96.18,0.00,N/A,2.49,8.02,210.06,0.31,7.74,0.01,0.30,0.07,1.76,0.04,1.00,0.01,0.03,0.77,0.84,0.0005,0.0023,     0,0,0,3.81,96.19,0.00,N/A,14.71,8.34,210.06,1.76,44.09,0.07,1.68,0.03,1.07,0.03,1.00,0.01,0.01,0.24,0.80,0.0010,0.0015,     0,0,0,2.94,97.06,0.00,N/A,6.15,5.77,210.06,1.07,26.63,0.03,0.78,0.12,1.93,0.06,1.00,0.01,0.05,0.83,0.81,0.0003,0.0021,     0,0,0,5.98,94.02,0.00,N/A,23.99,12.43,210.06,1.93,48.26,0.12,2.88,0.12,1.98,0.06,1.00,0.00,0.06,0.92,0.84,0.0002,0.0023,     0,0,0,5.99,94.01,0.00,N/A,24.68,12.46,210.06,1.98,49.54,0.12,2.97,0.03,1.44,0.02,1.00,0.00,0.01,0.84,0.82,0.0003,0.0023,     0,0,0,1.85,98.15,0.00,N/A,5.58,3.88,210.06,1.44,35.98,0.03,0.66,0.10,1.68,0.06,1.00,0.01,0.06,0.83,0.83,0.0004,0.0029,     0,0,0,5.99,94.01,0.00,N/A,20.93,12.45,210.06,1.68,42.02,0.10,2.52,0.08,1.42,0.06,1.00,0.01,0.07,0.85,0.82,0.0005,0.0041,     0,0,0,5.99,94.01,0.00,N/A,17.62,12.44,210.06,1.42,35.40,0.08,2.12,
2024-03-18,16:02:40.698,0.07,1.79,0.04,1.00,0.07,0.40,0.80,0.81,0.0003,0.0018,0.03,0.02,-2147483648,0.00,0.00,225.45,125.81,210.00,1.79,44.80,0.07,1.68,15.46,0.31,41.99,3.74,96.26,0.00,100.00,0.00,0.00,0.00,0.00,-nan,0.12,0.06,1.84,0.03,1.00,0.04,0.17,0.78,0.80,0.0004,0.0017,     0,0,0,0.02,0.02,-2147483648,0.00,0.00,N/A,100.80,54.70,210.00,1.84,46.07,0.06,1.50,0.07,1.75,0.04,1.00,0.04,0.23,0.82,0.81,0.0003,0.0018,     0,0,0,0.01,0.01,-2147483648,0.00,0.00,N/A,124.64,71.11,210.00,1.75,43.82,0.07,1.85,4.31,4.31,  3%,  3%,3.47,3.37,  2%,  2%,11.89,11.81,  9%,  9%,7.81,10.48,  6%,  8%,3.25,96.75,0.00,100.00,0.00,0.00,4.23,95.77,0.00,100.00,0.00,0.00,0.00,0.00,0.00 ,0.00 ,-nan ,-nan ,0.12,0.12,0.01,0.25,0.04,1.00,0.00,0.02,0.82,0.56,0.0019,0.0107,     0,0,0,3.65,96.35,0.00,N/A,1.91,7.66,210.00,0.25,6.22,0.01,0.23,0.13,2.19,0.06,1.00,0.00,0.04,0.87,0.82,0.0002,0.0014,     0,0,0,5.94,94.06,0.00,N/A,27.34,12.47,210.00,2.19,54.79,0.13,3.25,0.09,2.21,0.04,1.00,0.00,0.02,0.85,0.83,0.0002,0.0012,     0,0,0,3.85,96.15,0.00,N/A,18.84,8.52,210.00,2.21,55.29,0.09,2.13,0.07,2.20,0.03,1.00,0.00,0.02,0.81,0.82,0.0003,0.0013,     0,0,0,2.99,97.01,0.00,N/A,13.80,6.27,210.00,2.20,55.01,0.07,1.64,0.06,2.15,0.03,1.00,0.00,0.01,0.84,0.83,0.0002,0.0011,     0,0,0,2.63,97.37,0.00,N/A,10.88,5.05,210.00,2.15,53.83,0.06,1.41,0.07,1.91,0.04,1.00,0.01,0.03,0.68,0.80,0.0006,0.0022,     0,0,0,3.80,96.20,0.00,N/A,15.93,8.33,210.00,1.91,47.79,0.07,1.82,0.06,1.92,0.03,1.00,0.01,0.02,0.59,0.75,0.0008,0.0018,     0,0,0,2.99,97.01,0.00,N/A,12.07,6.28,210.00,1.92,48.04,0.06,1.44,0.00,0.39,0.00,1.00,0.00,0.00,0.63,0.77,0.0012,0.0047,     0,0,0,0.05,99.95,0.00,N/A,0.04,0.10,210.00,0.39,9.81,0.00,0.00,0.02,0.49,0.04,1.00,0.00,0.03,0.87,0.64,0.0008,0.0067,     0,0,0,4.44,95.56,0.00,N/A,4.54,9.31,210.00,0.49,12.18,0.02,0.54,0.06,2.27,0.03,1.00,0.00,0.01,0.87,0.84,0.0001,0.0009,     0,0,0,2.76,97.24,0.00,N/A,12.60,5.55,210.00,2.27,56.79,0.06,1.57,0.07,2.03,0.03,1.00,0.00,0.02,0.81,0.82,0.0002,0.0015,     0,0,0,3.39,96.61,0.00,N/A,15.48,7.63,210.00,2.03,50.69,0.07,1.72,0.12,2.04,0.06,1.00,0.01,0.05,0.87,0.82,0.0002,0.0018,     0,0,0,5.99,94.01,0.00,N/A,25.45,12.46,210.00,2.04,51.07,0.12,3.06,0.13,2.25,0.06,1.00,0.00,0.04,0.90,0.84,0.0001,0.0015,     0,0,0,5.99,94.01,0.00,N/A,27.99,12.46,210.00,2.25,56.16,0.13,3.37,0.04,1.13,0.03,1.00,0.01,0.03,0.63,0.80,0.0012,0.0036,     0,0,0,3.40,96.60,0.00,N/A,8.94,7.89,210.00,1.13,28.35,0.04,0.97,0.08,1.99,0.04,1.00,0.00,0.03,0.80,0.83,0.0003,0.0017,     0,0,0,4.19,95.81,0.00,N/A,16.57,8.33,210.00,1.99,49.74,0.08,2.08,0.07,1.74,0.04,1.00,0.00,0.02,0.78,0.81,0.0003,0.0014,     0,0,0,3.77,96.23,0.00,N/A,13.07,7.49,210.00,1.74,43.62,0.07,1.64,
2024-03-18,16:02:40.798,0.05,1.49,0.03,1.00,0.07,0.47,0.85,0.82,0.0004,0.0030,0.02,0.02,-2147483648,0.00,0.00,1,0.02,1.67,4,209.93,1.49,37.23,0.05,1.19,23.40,0.50,64.57,3.20,96.80,0.00,100.00,0.00,0.00,0.00,0.00,-nan,0.13,0.05,1.49,0.03,1.00,0.03,0.24,0.86,0.82,0.0004,0.0031,     0,0,0,0.01,0.02,-2147483648,0.00,0.00,N/A,78.38,52.68,209.93,1.49,37.19,0.05,1.18,0.05,1.49,0.03,1.00,0.03,0.23,0.84,0.83,0.0004,0.0030,     0,0,0,0.01,0.01,-2147483648,0.00,0.00,N/A,78.17,52.43,209.93,1.49,37.27,0.05,1.20,4.40,4.37,  3%,  3%,7.44,7.18,  6%,  5%,9.94,9.78,  8%,  8%,21.79,23.06, 18%, 19%,3.18,96.82,0.00,100.00,0.00,0.00,3.23,96.77,0.00,100.00,0.00,0.00,0.00,0.00,0.00 ,0.00 ,-nan ,-nan ,0.14,0.12,0.01,0.29,0.03,1.00,0.00,0.02,0.83,0.56,0.0016,0.0095,     0,0,0,3.46,96.54,0.00,N/A,2.09,7.26,209.93,0.29,7.18,0.01,0.25,0.09,1.55,0.06,1.00,0.01,0.06,0.87,0.82,0.0004,0.0034,     0,0,0,5.57,94.43,0.00,N/A,18.09,11.70,209.93,1.55,38.66,0.09,2.15,0.09,1.77,0.05,1.00,0.01,0.04,0.86,0.84,0.0003,0.0024,     0,0,0,5.23,94.77,0.00,N/A,18.43,10.39,209.93,1.77,44.35,0.09,2.32,0.00,0.43,0.00,1.00,0.00,0.00,0.22,0.60,0.0030,0.0061,     0,0,0,0.10,99.90,0.00,N/A,0.09,0.21,209.93,0.43,10.66,0.00,0.01,0.00,0.40,0.00,1.00,0.00,0.00,0.54,0.74,0.0015,0.0047,     0,0,0,0.05,99.95,0.00,N/A,0.04,0.11,209.93,0.40,10.11,0.00,0.01,0.09,1.76,0.05,1.00,0.01,0.06,0.90,0.83,0.0003,0.0031,     0,0,0,5.17,94.83,0.00,N/A,18.24,10.38,209.93,1.76,43.91,0.09,2.27,0.09,1.73,0.05,1.00,0.01,0.05,0.83,0.82,0.0005,0.0027,     0,0,0,4.94,95.06,0.00,N/A,17.90,10.38,209.93,1.73,43.14,0.09,2.13,0.02,1.55,0.01,1.00,0.00,0.01,0.83,0.83,0.0004,0.0029,     0,0,0,1.08,98.92,0.00,N/A,3.50,2.26,209.93,1.55,38.71,0.02,0.42,0.01,0.27,0.03,1.00,0.00,0.01,0.79,0.71,0.0014,0.0070,     0,0,0,3.39,96.61,0.00,N/A,1.89,7.12,209.93,0.27,6.63,0.01,0.22,0.02,1.64,0.01,1.00,0.00,0.00,0.77,0.97,0.0000,0.0002,     0,0,0,1.00,99.00,0.00,N/A,3.44,2.10,209.93,1.64,41.03,0.02,0.41,0.08,1.51,0.05,1.00,0.01,0.07,0.83,0.82,0.0007,0.0042,     0,0,0,5.34,94.66,0.00,N/A,15.65,10.39,209.93,1.51,37.67,0.08,2.01,0.10,1.68,0.06,1.00,0.01,0.06,0.82,0.81,0.0005,0.0030,     0,0,0,6.20,93.80,0.00,N/A,20.89,12.45,209.93,1.68,41.94,0.10,2.60,0.10,1.91,0.05,1.00,0.01,0.05,0.89,0.84,0.0003,0.0025,     0,0,0,5.17,94.83,0.00,N/A,19.86,10.39,209.93,1.91,47.81,0.10,2.47,0.07,1.69,0.04,1.00,0.01,0.04,0.83,0.83,0.0004,0.0028,     0,0,0,4.42,95.58,0.00,N/A,14.05,8.32,209.93,1.69,42.25,0.07,1.87,0.00,0.41,0.00,1.00,0.00,0.00,0.70,0.84,0.0008,0.0036,     0,0,0,0.04,99.96,0.00,N/A,0.04,0.09,209.93,0.41,10.14,0.00,0.00,0.01,1.48,0.01,1.00,0.00,0.00,0.45,0.92,0.0002,0.0005,     0,0,0,0.75,99.25,0.00,N/A,2.35,1.58,209.93,1.48,37.12,0.01,0.28,
2024-03-18,16:02:40.898,0.06,1.57,0.04,1.00,0.08,0.55,0.85,0.82,0.0004,0.0028,0.02,0.02,-2147483648,0.00,0.00,197.87,126.37,210.54,1.57,39.14,0.06,1.43,17.12,0.43,44.17,3.65,96.35,0.00,100.00,0.00,0.00,0.00,0.00,-nan,0.12,0.07,1.60,0.04,1.00,0.05,0.35,0.85,0.82,0.0004,0.0028,     0,0,0,0.01,0.01,-2147483648,0.00,0.00,N/A,125.11,78.26,210.54,1.60,39.96,0.07,1.80,0.04,1.51,0.03,1.00,0.03,0.20,0.84,0.83,0.0004,0.0028,     0,0,0,0.01,0.01,-2147483648,0.00,0.00,N/A,72.76,48.11,210.54,1.51,37.81,0.04,1.06,5.19,5.18,  4%,  4%,3.43,3.31,  2%,  2%,13.87,13.68, 10%, 10%,8.23,8.39,  6%,  6%,4.50,95.50,0.00,100.00,0.00,0.00,2.80,97.20,0.00,100.00,0.00,0.00,0.00,0.00,0.00 ,0.00 ,-nan ,-nan ,0.12,0.12,0.01,0.26,0.03,1.00,0.00,0.02,0.78,0.62,0.0019,0.0090,     0,0,0,3.40,96.60,0.00,N/A,1.88,7.17,210.54,0.26,6.55,0.01,0.22,0.10,1.62,0.06,1.00,0.01,0.07,0.88,0.82,0.0004,0.0033,     0,0,0,6.03,93.97,0.00,N/A,21.42,13.23,210.54,1.62,40.49,0.10,2.44,0.07,1.68,0.04,1.00,0.00,0.04,0.86,0.83,0.0003,0.0024,     0,0,0,4.30,95.70,0.00,N/A,15.86,9.43,210.54,1.68,42.06,0.07,1.81,0.12,1.82,0.07,1.00,0.01,0.06,0.85,0.84,0.0003,0.0023,     0,0,0,6.63,93.37,0.00,N/A,26.43,14.53,210.54,1.82,45.48,0.12,3.01,0.04,1.63,0.02,1.00,0.00,0.02,0.86,0.83,0.0003,0.0028,     0,0,0,2.22,97.78,0.00,N/A,7.63,4.68,210.54,1.63,40.77,0.04,0.91,0.12,1.86,0.07,1.00,0.01,0.07,0.89,0.83,0.0002,0.0026,     0,0,0,6.63,93.37,0.00,N/A,27.07,14.54,210.54,1.86,46.55,0.12,3.09,0.08,1.80,0.05,1.00,0.01,0.05,0.87,0.82,0.0003,0.0027,     0,0,0,4.50,95.50,0.00,N/A,18.78,10.44,210.54,1.80,44.97,0.08,2.03,0.03,1.42,0.02,1.00,0.01,0.02,0.59,0.84,0.0012,0.0033,     0,0,0,2.02,97.98,0.00,N/A,6.03,4.25,210.54,1.42,35.46,0.03,0.72,0.01,0.25,0.03,1.00,0.00,0.01,0.84,0.67,0.0013,0.0083,     0,0,0,2.63,97.37,0.00,N/A,1.41,5.55,210.54,0.25,6.34,0.01,0.17,0.02,1.40,0.01,1.00,0.00,0.01,0.81,0.82,0.0006,0.0035,     0,0,0,1.29,98.71,0.00,N/A,3.82,2.72,210.54,1.40,35.09,0.02,0.45,0.08,1.63,0.05,1.00,0.01,0.06,0.84,0.83,0.0005,0.0033,     0,0,0,4.75,95.25,0.00,N/A,16.97,10.41,210.54,1.63,40.75,0.08,1.94,0.04,2.16,0.02,1.00,0.00,0.01,0.81,0.82,0.0002,0.0013,     0,0,0,1.93,98.07,0.00,N/A,9.47,4.39,210.54,2.16,53.99,0.04,1.04,0.09,1.80,0.05,1.00,0.01,0.05,0.86,0.84,0.0003,0.0026,     0,0,0,4.78,95.22,0.00,N/A,18.84,10.47,210.54,1.80,44.99,0.09,2.15,0.05,1.63,0.03,1.00,0.00,0.03,0.86,0.82,0.0004,0.0034,     0,0,0,2.98,97.02,0.00,N/A,10.21,6.27,210.54,1.63,40.72,0.05,1.21,0.03,1.49,0.02,1.00,0.00,0.02,0.85,0.82,0.0005,0.0036,     0,0,0,2.03,97.97,0.00,N/A,6.37,4.27,210.54,1.49,37.24,0.03,0.76,0.03,1.41,0.02,1.00,0.00,0.00,0.62,0.92,0.0002,0.0005,     0,0,0,1.92,98.08,0.00,N/A,5.68,4.04,210.54,1.41,35.17,0.03,0.68,
2024-03-18,16:02:40.992,0.06,1.81,0.03,1.00,0.05,0.39,0.85,0.82,0.0003,0.0020,0.02,0.01,-2147483648,0.00,0.00,193.21,106.94,209.36,1.81,45.17,0.06,1.46,13.63,0.59,37.19,3.23,96.77,0.00,100.00,0.00,0.00,0.00,0.00,-nan,0.12,0.07,1.85,0.04,1.00,0.03,0.23,0.85,0.82,0.0003,0.0020,     0,0,0,0.01,0.00,-2147483648,0.00,0.00,N/A,110.54,59.87,209.36,1.85,46.16,0.07,1.67,0.05,1.76,0.03,1.00,0.02,0.16,0.84,0.82,0.0003,0.0019,     0,0,0,0.01,0.00,-2147483648,0.00,0.00,N/A,82.67,47.07,209.36,1.76,43.91,0.05,1.25,0.20,0.22,  0%,  0%,6.70,6.50,  5%,  5%,1.79,1.90,  1%,  1%,16.72,16.78, 13%, 13%,3.62,96.38,0.00,100.00,0.00,0.00,2.84,97.16,0.00,100.00,0.00,0.00,0.00,0.00,0.00 ,0.00 ,-nan ,-nan ,0.12,0.12,0.01,0.27,0.03,1.00,0.00,0.01,0.82,0.64,0.0015,0.0088,     0,0,0,2.57,97.43,0.00,N/A,1.46,5.37,209.36,0.27,6.80,0.01,0.17,0.13,2.11,0.06,1.00,0.00,0.05,0.91,0.82,0.0001,0.0018,     0,0,0,5.94,94.06,0.00,N/A,26.40,12.48,209.36,2.11,52.87,0.13,3.14,0.08,1.70,0.05,1.00,0.01,0.05,0.72,0.81,0.0006,0.0026,     0,0,0,4.96,95.04,0.00,N/A,17.73,10.41,209.36,1.70,42.59,0.08,2.11,0.05,1.78,0.03,1.00,0.00,0.03,0.87,0.84,0.0003,0.0025,     0,0,0,2.99,97.01,0.00,N/A,11.15,6.28,209.36,1.78,44.42,0.05,1.33,0.07,2.23,0.03,1.00,0.00,0.02,0.85,0.84,0.0002,0.0012,     0,0,0,3.04,96.96,0.00,N/A,14.21,6.36,209.36,2.23,55.87,0.07,1.70,0.10,2.11,0.05,1.00,0.00,0.04,0.89,0.82,0.0002,0.0017,     0,0,0,4.96,95.04,0.00,N/A,21.94,10.42,209.36,2.11,52.65,0.10,2.61,0.09,2.11,0.04,1.00,0.00,0.04,0.88,0.83,0.0002,0.0020,     0,0,0,4.42,95.58,0.00,N/A,17.54,8.31,209.36,2.11,52.75,0.09,2.33,0.00,0.42,0.00,1.00,0.00,0.00,0.32,0.57,0.0031,0.0073,     0,0,0,0.11,99.89,0.00,N/A,0.10,0.24,209.36,0.42,10.52,0.00,0.01,0.01,0.24,0.03,1.00,0.00,0.02,0.87,0.62,0.0013,0.0098,     0,0,0,3.23,96.77,0.00,N/A,1.64,6.76,209.36,0.24,6.06,0.01,0.20,0.04,2.42,0.01,1.00,0.00,0.00,0.77,0.87,0.0001,0.0004,     0,0,0,1.48,98.52,0.00,N/A,7.49,3.09,209.36,2.42,60.59,0.04,0.89,0.06,2.15,0.03,1.00,0.00,0.02,0.86,0.83,0.0002,0.0017,     0,0,0,3.02,96.98,0.00,N/A,13.62,6.34,209.36,2.15,53.72,0.06,1.62,0.08,1.85,0.04,1.00,0.01,0.04,0.83,0.81,0.0004,0.0028,     0,0,0,4.36,95.64,0.00,N/A,15.51,8.38,209.36,1.85,46.26,0.08,2.02,0.08,1.98,0.04,1.00,0.00,0.03,0.85,0.82,0.0003,0.0020,     0,0,0,4.28,95.72,0.00,N/A,17.01,8.59,209.36,1.98,49.51,0.08,2.12,0.05,2.39,0.02,1.00,0.00,0.01,0.85,0.82,0.0002,0.0012,     0,0,0,2.04,97.96,0.00,N/A,10.21,4.27,209.36,2.39,59.78,0.05,1.22,0.04,1.93,0.02,1.00,0.00,0.02,0.84,0.82,0.0003,0.0023,     0,0,0,1.93,98.07,0.00,N/A,8.14,4.21,209.36,1.93,48.31,0.04,0.93,0.04,1.67,0.03,1.00,0.00,0.01,0.84,0.89,0.0002,0.0010,     0,0,0,2.59,97.41,0.00,N/A,9.06,5.43,209.36,1.67,41.73,0.04,1.08,
2024-03-18,16:02:41.095,0.06,1.76,0.04,1.00,0.06,0.43,0.84,0.82,0.0003,0.0020,0.02,0.02,-2147483648,0.00,0.00,210.43,119.28,210.21,1.76,44.11,0.06,1.55,20.54,0.42,45.87,3.51,96.49,0.00,100.00,0.00,0.00,0.00,0.00,-nan,0.13,0.08,1.85,0.04,1.00,0.03,0.25,0.87,0.82,0.0002,0.0,1,0,0.01,,0,0,0.02,0.02,-2147483648,0.00,0.00,N/A,132.49,71.51,210.21,1.85,46.32,0.08,1.94,0.05,1.63,0.03,1.00,0.03,0.18,0.81,0.81,0.0004,0.0023,     0,0,0,0.00,0.00,-2147483648,0.00,0.00,N/A,77.94,47.76,210.21,1.63,40.80,0.05,1.15,7.05,7.07,  5%,  5%,3.27,3.16,  2%,  2%,16.20,16.07, 13%, 12%,7.35,6.24,  5%,  4%,4.20,95.80,0.00,100.00,0.00,0.00,2.82,97.18,0.00,100.00,0.00,0.00,0.00,0.00,0.00 ,0.00 ,-nan ,-nan ,0.12,0.14,0.02,0.40,0.04,1.00,0.00,0.02,0.85,0.54,0.0010,0.0067,     0,0,0,3.83,96.17,0.00,N/A,3.18,8.04,210.21,0.40,9.88,0.02,0.38,0.09,1.73,0.05,1.00,0.00,0.04,0.88,0.81,0.0003,0.0024,     0,0,0,4.91,95.09,0.00,N/A,18.05,10.42,210.21,1.73,43.33,0.09,2.13,0.11,1.97,0.06,1.00,0.01,0.05,0.86,0.84,0.0002,0.0019,     0,0,0,5.76,94.24,0.00,N/A,24.53,12.46,210.21,1.97,49.23,0.11,2.83,0.12,2.11,0.06,1.00,0.01,0.05,0.88,0.84,0.0002,0.0019,     0,0,0,5.87,94.13,0.00,N/A,26.30,12.44,210.21,2.11,52.84,0.12,3.10,0.03,2.48,0.01,1.00,0.00,0.00,0.85,0.83,0.0001,0.0009,     0,0,0,1.01,98.99,0.00,N/A,5.30,2.13,210.21,2.48,62.12,0.03,0.63,0.13,2.21,0.06,1.00,0.00,0.04,0.89,0.82,0.0001,0.0015,     0,0,0,5.87,94.13,0.00,N/A,27.47,12.44,210.21,2.21,55.18,0.13,3.24,0.12,2.11,0.06,1.00,0.01,0.04,0.86,0.83,0.0002,0.0016,     0,0,0,5.93,94.07,0.00,N/A,26.26,12.46,210.21,2.11,52.67,0.12,3.12,0.01,1.27,0.01,1.00,0.00,0.00,0.23,0.69,0.0004,0.0008,     0,0,0,0.50,99.50,0.00,N/A,1.41,1.12,210.21,1.27,31.63,0.01,0.16,0.01,0.40,0.04,1.00,0.00,0.02,0.87,0.70,0.0009,0.0071,     0,0,0,3.65,96.35,0.00,N/A,3.08,7.66,210.21,0.40,10.07,0.01,0.37,0.02,1.55,0.01,1.00,0.00,0.00,0.69,0.92,0.0001,0.0005,     0,0,0,1.36,98.64,0.00,N/A,4.42,2.86,210.21,1.55,38.65,0.02,0.53,0.09,1.86,0.05,1.00,0.01,0.05,0.85,0.83,0.0003,0.0024,     0,0,0,5.01,94.99,0.00,N/A,19.78,10.63,210.21,1.86,46.52,0.09,2.33,0.03,2.66,0.01,1.00,0.00,0.00,0.87,0.82,0.0001,0.0006,     0,0,0,1.04,98.96,0.00,N/A,5.79,2.18,210.21,2.66,66.40,0.03,0.69,0.02,2.29,0.01,1.00,0.00,0.01,0.82,0.82,0.0002,0.0012,     0,0,0,1.05,98.95,0.00,N/A,5.04,2.20,210.21,2.29,57.22,0.02,0.60,0.10,2.11,0.05,1.00,0.00,0.04,0.87,0.84,0.0002,0.0017,     0,0,0,4.70,95.30,0.00,N/A,21.99,10.41,210.21,2.11,52.82,0.10,2.48,0.08,1.55,0.05,1.00,0.01,0.06,0.73,0.80,0.0009,0.0037,     0,0,0,4.90,95.10,0.00,N/A,16.06,10.39,210.21,1.55,38.65,0.08,1.89,0.01,1.24,0.01,1.00,0.00,0.00,0.41,0.83,0.0005,0.0012,     0,0,0,0.69,99.31,0.00,N/A,1.78,1.44,210.21,1.24,30.96,0.01,0.21,
2024-03-18,16:02:41.199,0.06,1.57,0.04,1.00,0.07,0.51,0.84,0.82,0.0004,0.0026,0.02,0.01,-2147483648,0.00,0.00,195.08,124.18,211.94,1.57,39.27,0.06,1.43,24.91,0.82,51.91,3.65,96.35,0.00,100.00,0.00,0.00,0.00,0.00,-nan,0.12,0.06,1.54,0.04,1.00,0.04,0.27,0.83,0.81,0.0004,0.0026,     0,0,0,0.01,0.01,-2147483648,0.00,0.00,N/A,104.14,67.46,211.94,1.54,38.59,0.06,1.56,0.05,1.60,0.03,1.00,0.03,0.24,0.86,0.82,0.0003,0.0026,     0,0,0,0.00,0.00,-2147483648,0.00,0.00,N/A,90.94,56.72,211.94,1.60,40.09,0.05,1.31,3.82,3.87,  3%,  3%,8.71,8.52,  6%,  6%,8.09,8.07,  6%,  6%,18.41,17.34, 14%, 13%,4.03,95.97,0.00,100.00,0.00,0.00,3.28,96.72,0.00,100.00,0.00,0.00,0.00,0.00,0.00 ,0.00 ,-nan ,-nan ,0.12,0.12,0.02,0.47,0.04,1.00,0.00,0.03,0.85,0.66,0.0010,0.0067,     0,0,0,3.81,96.19,0.00,N/A,3.79,8.07,211.94,0.47,11.74,0.02,0.45,0.09,1.63,0.06,1.00,0.01,0.04,0.75,0.81,0.0004,0.0019,     0,0,0,5.80,94.20,0.00,N/A,19.14,11.73,211.94,1.63,40.79,0.09,2.37,0.08,1.53,0.05,1.00,0.01,0.04,0.76,0.82,0.0006,0.0027,     0,0,0,5.04,94.96,0.00,N/A,15.84,10.38,211.94,1.53,38.14,0.08,1.92,0.11,1.83,0.06,1.00,0.01,0.06,0.86,0.83,0.0003,0.0027,     0,0,0,5.93,94.07,0.00,N/A,22.83,12.46,211.94,1.83,45.83,0.11,2.72,0.03,1.49,0.02,1.00,0.00,0.02,0.87,0.82,0.0004,0.0037,     0,0,0,1.90,98.10,0.00,N/A,6.26,4.19,211.94,1.49,37.32,0.03,0.71,0.09,1.87,0.05,1.00,0.00,0.03,0.86,0.82,0.0003,0.0019,     0,0,0,4.69,95.31,0.00,N/A,17.63,9.41,211.94,1.87,46.84,0.09,2.20,0.04,1.85,0.02,1.00,0.00,0.02,0.90,0.81,0.0002,0.0025,     0,0,0,1.89,98.11,0.00,N/A,7.76,4.19,211.94,1.85,46.29,0.04,0.88,0.05,1.55,0.03,1.00,0.00,0.03,0.87,0.83,0.0003,0.0028,     0,0,0,3.50,96.50,0.00,N/A,10.88,7.02,211.94,1.55,38.74,0.05,1.35,0.02,0.44,0.04,1.00,0.00,0.02,0.87,0.61,0.0009,0.0071,     0,0,0,3.69,96.31,0.00,N/A,3.45,7.81,211.94,0.44,11.04,0.02,0.41,0.03,1.56,0.02,1.00,0.00,0.00,0.67,0.95,0.0001,0.0003,     0,0,0,1.92,98.08,0.00,N/A,6.39,4.09,211.94,1.56,39.12,0.03,0.75,0.09,1.77,0.05,1.00,0.01,0.05,0.88,0.83,0.0003,0.0029,     0,0,0,4.95,95.05,0.00,N/A,18.43,10.40,211.94,1.77,44.28,0.09,2.19,0.06,1.86,0.03,1.00,0.01,0.02,0.73,0.79,0.0004,0.0017,     0,0,0,3.05,96.95,0.00,N/A,13.26,7.14,211.94,1.86,46.42,0.06,1.42,0.05,1.89,0.03,1.00,0.00,0.03,0.86,0.83,0.0003,0.0024,     0,0,0,2.78,97.22,0.00,N/A,12.00,6.33,211.94,1.89,47.37,0.05,1.32,0.09,1.92,0.05,1.00,0.00,0.05,0.89,0.84,0.0002,0.0025,     0,0,0,4.68,95.32,0.00,N/A,19.99,10.42,211.94,1.92,47.95,0.09,2.25,0.09,1.66,0.05,1.00,0.01,0.06,0.85,0.81,0.0004,0.0032,     0,0,0,5.21,94.79,0.00,N/A,17.40,10.46,211.94,1.66,41.60,0.09,2.17,0.00,0.45,0.00,1.00,0.00,0.00,0.64,0.87,0.0006,0.0021,     0,0,0,0.03,99.97,0.00,N/A,0.03,0.06,211.94,0.45,11.26,0.00,0.00,
2024-03-18,16:02:41.299,0.06,1.75,0.04,1.00,0.07,0.38,0.79,0.80,0.0003,0.0018,0.02,0.01,-2147483648,0.00,0.00,208.89,119.27,210.15,1.75,43.78,0.06,1.57,20.83,0.59,35.63,3.59,96.41,0.00,100.00,0.00,0.00,0.00,0.00,-nan,0.13,0.07,1.79,0.04,1.00,0.05,0.22,0.76,0.79,0.0004,0.0018,     0,0,0,0.01,0.00,-2147483648,0.00,0.00,N/A,119.42,66.58,210.15,1.79,44.84,0.07,1.76,0.05,1.70,0.03,1.00,0.02,0.16,0.84,0.82,0.0003,0.0018,     0,0,0,0.01,0.01,-2147483648,0.00,0.00,N/A,89.46,52.70,210.15,1.70,42.44,0.05,1.37,3.44,3.43,  2%,  2%,7.06,6.91,  5%,  5%,10.29,10.31,  8%,  8%,7.45,7.57,  6%,  6%,3.94,96.06,0.00,100.00,0.00,0.00,3.24,96.76,0.00,100.00,0.00,0.00,0.00,0.00,0.00 ,0.00 ,-nan ,-nan ,0.14,0.12,0.02,0.41,0.04,1.00,0.00,0.03,0.83,0.62,0.0012,0.0072,     0,0,0,4.07,95.93,0.00,N/A,3.55,8.56,210.15,0.41,10.37,0.02,0.42,0.05,2.19,0.02,1.00,0.00,0.01,0.79,0.83,0.0002,0.0010,     0,0,0,2.39,97.61,0.00,N/A,10.92,4.98,210.15,2.19,54.83,0.05,1.31,0.12,2.14,0.06,1.00,0.00,0.04,0.85,0.83,0.0002,0.0013,     0,0,0,5.66,94.34,0.00,N/A,26.95,12.61,210.15,2.14,53.45,0.12,3.03,0.10,1.61,0.06,1.00,0.03,0.06,0.54,0.77,0.0014,0.0031,     0,0,0,5.94,94.06,0.00,N/A,20.04,12.47,210.15,1.61,40.19,0.10,2.39,0.04,1.51,0.03,1.00,0.00,0.03,0.89,0.82,0.0003,0.0034,     0,0,0,2.80,97.20,0.00,N/A,8.53,5.63,210.15,1.51,37.86,0.04,1.06,0.08,2.57,0.03,1.00,0.00,0.01,0.87,0.81,0.0001,0.0007,     0,0,0,3.24,96.76,0.00,N/A,18.25,7.11,210.15,2.57,64.20,0.08,2.08,0.14,2.30,0.06,1.00,0.00,0.03,0.87,0.82,0.0001,0.0012,     0,0,0,5.93,94.07,0.00,N/A,28.67,12.45,210.15,2.30,57.56,0.14,3.41,0.01,0.91,0.01,1.00,0.00,0.01,0.65,0.73,0.0008,0.0029,     0,0,0,1.32,98.68,0.00,N/A,2.52,2.77,210.15,0.91,22.70,0.01,0.30,0.01,0.32,0.04,1.00,0.00,0.02,0.87,0.59,0.0010,0.0077,     0,0,0,3.57,96.43,0.00,N/A,2.36,7.50,210.15,0.32,7.88,0.01,0.28,0.06,1.70,0.03,1.00,0.00,0.02,0.84,0.85,0.0003,0.0018,     0,0,0,3.45,96.55,0.00,N/A,12.28,7.22,210.15,1.70,42.54,0.06,1.47,0.04,1.70,0.02,1.00,0.00,0.02,0.86,0.83,0.0003,0.0024,     0,0,0,2.44,97.56,0.00,N/A,8.31,4.90,210.15,1.70,42.39,0.04,1.03,0.07,1.74,0.04,1.00,0.01,0.03,0.83,0.81,0.0004,0.0026,     0,0,0,3.83,96.17,0.00,N/A,13.16,7.57,210.15,1.74,43.46,0.07,1.67,0.10,1.81,0.06,1.00,0.01,0.04,0.82,0.81,0.0004,0.0021,     0,0,0,5.66,94.34,0.00,N/A,19.90,11.02,210.15,1.81,45.14,0.10,2.56,0.09,2.18,0.04,1.00,0.00,0.03,0.88,0.83,0.0001,0.0014,     0,0,0,4.29,95.71,0.00,N/A,18.18,8.33,210.15,2.18,54.57,0.09,2.34,0.03,2.66,0.01,1.00,0.00,0.00,0.67,0.77,0.0000,0.0002,     0,0,0,1.17,98.83,0.00,N/A,6.53,2.45,210.15,2.66,66.60,0.03,0.78,0.04,2.36,0.02,1.00,0.00,0.00,0.52,0.89,0.0001,0.0002,     0,0,0,1.76,98.24,0.00,N/A,8.74,3.71,210.15,2.36,58.95,0.04,1.04,
2024-03-18,16:02:41.396,0.06,1.50,0.04,1.00,0.07,0.55,0.85,0.82,0.0004,0.0029,0.02,0.02,-2147483648,0.00,0.00,190.28,126.50,209.81,1.50,37.61,0.06,1.43,22.07,0.59,67.93,3.80,96.20,0.00,100.00,0.00,0.00,0.00,0.00,-nan,0.12,0.07,1.58,0.04,1.00,0.03,0.31,0.88,0.82,0.0003,0.0029,     0,0,0,0.01,0.01,-2147483648,0.00,0.00,N/A,109.06,69.20,209.81,1.58,39.40,0.07,1.67,0.05,1.42,0.03,1.00,0.04,0.24,0.82,0.82,0.0005,0.0029,    ,0.1,0.01,-,0.01,-2147483648,0.00,0.00,N/A,81.21,57.30,209.81,1.42,35.43,0.05,1.20,7.07,7.12,  5%,  5%,3.98,3.90,  3%,  3%,18.89,18.72, 15%, 15%,14.95,15.37, 12%, 12%,4.25,95.75,0.00,100.00,0.00,0.00,3.37,96.63,0.00,100.00,0.00,0.00,0.00,0.00,0.00 ,0.00 ,-nan ,-nan ,0.12,0.12,0.01,0.32,0.04,1.00,0.00,0.02,0.86,0.53,0.0012,0.0093,     0,0,0,3.51,96.49,0.00,N/A,2.32,7.37,209.81,0.32,7.88,0.01,0.28,0.07,1.72,0.04,1.00,0.00,0.04,0.87,0.83,0.0003,0.0025,     0,0,0,4.04,95.96,0.00,N/A,14.57,8.48,209.81,1.72,42.97,0.07,1.74,0.10,1.78,0.06,1.00,0.01,0.04,0.85,0.84,0.0003,0.0023,     0,0,0,5.52,94.48,0.00,N/A,18.48,10.37,209.81,1.78,44.54,0.10,2.46,0.11,1.76,0.06,1.00,0.01,0.07,0.89,0.84,0.0003,0.0030,     0,0,0,6.21,93.79,0.00,N/A,22.00,12.46,209.81,1.76,44.12,0.11,2.74,0.04,1.57,0.02,1.00,0.00,0.02,0.84,0.83,0.0004,0.0027,     0,0,0,2.23,97.77,0.00,N/A,7.37,4.68,209.81,1.57,39.36,0.04,0.88,0.10,1.64,0.06,1.00,0.01,0.07,0.91,0.82,0.0003,0.0033,     0,0,0,6.20,93.80,0.00,N/A,20.47,12.45,209.81,1.64,41.11,0.10,2.55,0.12,1.88,0.06,1.00,0.01,0.06,0.90,0.82,0.0002,0.0025,     0,0,0,6.20,93.80,0.00,N/A,23.39,12.45,209.81,1.88,46.98,0.12,2.91,0.00,0.49,0.00,1.00,0.00,0.00,0.35,0.52,0.0032,0.0071,     0,0,0,0.45,99.55,0.00,N/A,0.46,0.94,209.81,0.49,12.25,0.00,0.05,0.02,0.39,0.04,1.00,0.00,0.03,0.86,0.55,0.0012,0.0085,     0,0,0,4.05,95.95,0.00,N/A,3.33,8.61,209.81,0.39,9.66,0.02,0.39,0.06,1.60,0.04,1.00,0.01,0.03,0.82,0.84,0.0004,0.0025,     0,0,0,3.70,96.30,0.00,N/A,13.33,8.33,209.81,1.60,40.02,0.06,1.48,0.09,1.59,0.06,1.00,0.01,0.08,0.82,0.82,0.0006,0.0039,     0,0,0,5.94,94.06,0.00,N/A,19.84,12.46,209.81,1.59,39.80,0.09,2.36,0.04,1.46,0.03,1.00,0.00,0.02,0.82,0.83,0.0005,0.0030,     0,0,0,2.80,97.20,0.00,N/A,8.17,5.61,209.81,1.46,36.40,0.04,1.02,0.06,2.10,0.03,1.00,0.00,0.02,0.86,0.82,0.0002,0.0018,     0,0,0,2.99,97.01,0.00,N/A,13.16,6.27,209.81,2.10,52.44,0.06,1.57,0.02,1.43,0.01,1.00,0.00,0.01,0.75,0.84,0.0004,0.0023,     0,0,0,1.36,98.64,0.00,N/A,3.99,2.78,209.81,1.43,35.86,0.02,0.49,0.06,1.73,0.04,1.00,0.00,0.03,0.84,0.86,0.0003,0.0021,     0,0,0,3.69,96.31,0.00,N/A,14.35,8.31,209.81,1.73,43.16,0.06,1.59,0.02,1.03,0.02,1.00,0.00,0.01,0.45,0.84,0.0008,0.0016,     0,0,0,2.35,97.65,0.00,N/A,5.05,4.92,209.81,1.03,25.67,0.02,0.60,
2024-03-18,16:02:41.497,0.06,1.43,0.04,1.00,0.08,0.53,0.84,0.82,0.0004,0.0026,0.03,0.02,-2147483648,0.00,0.00,201.84,140.90,212.27,1.43,35.81,0.06,1.45,19.38,0.38,55.19,4.05,95.95,0.00,100.00,0.00,0.00,0.00,0.00,-nan,0.12,0.07,1.55,0.04,1.00,0.04,0.31,0.85,0.82,0.0003,0.0026,     0,0,0,0.02,0.02,-2147483648,0.00,0.00,N/A,119.57,77.14,212.27,1.55,38.75,0.07,1.68,0.05,1.29,0.04,1.00,0.04,0.22,0.81,0.82,0.0004,0.0026,     0,0,0,0.01,0.01,-2147483648,0.00,0.00,N/A,82.27,63.75,212.27,1.29,32.26,0.05,1.21,2.19,2.19,  1%,  1%,7.60,7.41,  5%,  5%,6.98,7.00,  5%,  5%,20.67,20.54, 16%, 16%,4.34,95.66,0.00,100.00,0.00,0.00,3.75,96.25,0.00,100.00,0.00,0.00,0.00,0.00,0.00 ,0.00 ,-nan ,-nan ,0.11,0.14,0.02,0.46,0.04,1.00,0.01,0.03,0.81,0.58,0.0013,0.0072,     0,0,0,4.45,95.55,0.00,N/A,4.37,9.44,212.27,0.46,11.58,0.02,0.52,0.06,1.51,0.04,1.00,0.01,0.02,0.66,0.82,0.0006,0.0019,     0,0,0,3.68,96.32,0.00,N/A,12.73,8.43,212.27,1.51,37.77,0.06,1.39,0.10,1.84,0.05,1.00,0.01,0.05,0.85,0.84,0.0003,0.0021,     0,0,0,5.46,94.54,0.00,N/A,22.87,12.44,212.27,1.84,45.98,0.10,2.51,0.10,1.83,0.05,1.00,0.01,0.06,0.88,0.84,0.0003,0.0027,     0,0,0,5.47,94.53,0.00,N/A,22.82,12.47,212.27,1.83,45.76,0.10,2.51,0.07,1.74,0.04,1.00,0.00,0.04,0.90,0.82,0.0002,0.0026,     0,0,0,3.91,96.09,0.00,N/A,14.51,8.34,212.27,1.74,43.47,0.07,1.70,0.08,1.67,0.05,1.00,0.01,0.05,0.89,0.83,0.0003,0.0030,     0,0,0,4.56,95.44,0.00,N/A,17.35,10.39,212.27,1.67,41.75,0.08,1.91,0.11,1.93,0.05,1.00,0.01,0.05,0.89,0.82,0.0002,0.0022,     0,0,0,5.47,94.53,0.00,N/A,24.03,12.44,212.27,1.93,48.28,0.11,2.64,0.00,0.28,0.02,1.00,0.00,0.00,0.35,0.57,0.0008,0.0020,     0,0,0,1.50,98.50,0.00,N/A,0.88,3.19,212.27,0.28,6.92,0.00,0.10,0.01,0.27,0.04,1.00,0.00,0.02,0.82,0.59,0.0016,0.0097,     0,0,0,3.86,96.14,0.00,N/A,2.21,8.09,212.27,0.27,6.83,0.01,0.26,0.11,1.82,0.06,1.00,0.01,0.06,0.86,0.83,0.0004,0.0027,     0,0,0,6.06,93.94,0.00,N/A,22.65,12.46,212.27,1.82,45.43,0.11,2.75,0.09,1.59,0.06,1.00,0.01,0.07,0.82,0.82,0.0006,0.0036,     0,0,0,5.58,94.42,0.00,N/A,19.85,12.46,212.27,1.59,39.85,0.09,2.22,0.06,1.94,0.03,1.00,0.00,0.02,0.85,0.84,0.0003,0.0018,     0,0,0,2.98,97.02,0.00,N/A,13.17,6.77,212.27,1.94,48.61,0.06,1.45,0.03,1.01,0.03,1.00,0.00,0.01,0.47,0.82,0.0005,0.0012,     0,0,0,3.11,96.89,0.00,N/A,6.65,6.59,212.27,1.01,25.22,0.03,0.78,0.03,0.94,0.03,1.00,0.00,0.01,0.62,0.84,0.0003,0.0009,     0,0,0,3.28,96.72,0.00,N/A,6.49,6.94,212.27,0.94,23.40,0.03,0.77,0.04,1.66,0.02,1.00,0.00,0.02,0.85,0.83,0.0004,0.0025,     0,0,0,2.37,97.63,0.00,N/A,7.75,4.67,212.27,1.66,41.48,0.04,0.98,0.02,0.61,0.03,1.00,0.00,0.00,0.36,0.78,0.0006,0.0011,     0,0,0,2.72,97.28,0.00,N/A,3.50,5.77,212.27,0.61,15.14,0.02,0.41,
2024-03-18,16:02:41.627,0.10,1.36,0.08,1.00,0.26,0.55,0.50,0.76,0.0007,0.0016,0.05,0.04,-2147483648,0.00,0.00,350.18,258.05,210.44,1.36,33.92,0.10,2.58,11.00,0.12,30.07,7.62,92.38,0.00,100.00,0.00,0.00,0.00,0.00,-nan,0.13,0.13,1.59,0.08,1.00,0.18,0.33,0.43,0.77,0.0008,0.0016,     0,0,0,0.02,0.02,-2147483648,0.00,0.00,N/A,212.37,133.26,210.44,1.59,39.84,0.13,3.26,0.08,1.10,0.07,1.00,0.08,0.22,0.61,0.74,0.0006,0.0016,     0,0,0,0.03,0.02,-2147483648,0.00,0.00,N/A,137.80,124.80,210.44,1.10,27.60,0.08,1.96,3.15,4.70,  2%,  3%,1.61,1.54,  1%,  1%,11.26,11.79,  9%,  9%,3.60,3.42,  2%,  2%,8.18,91.82,0.00,100.00,0.00,0.00,7.10,92.90,0.00,100.00,0.00,0.00,0.00,0.00,0.00 ,0.00 ,-nan ,-nan ,0.14,0.12,0.03,0.32,0.08,1.00,0.01,0.07,0.85,0.35,0.0020,0.0132,     0,0,0,7.92,92.08,0.00,N/A,5.39,16.66,210.44,0.32,8.09,0.03,0.64,0.02,0.40,0.06,1.00,0.00,0.01,0.84,0.80,0.0005,0.0032,     0,0,0,5.71,94.29,0.00,N/A,4.38,11.06,210.44,0.40,9.91,0.02,0.57,0.20,2.11,0.09,1.00,0.03,0.04,0.29,0.82,0.0007,0.0011,     0,0,0,9.29,90.71,0.00,N/A,39.52,18.72,210.44,2.11,52.77,0.20,4.90,0.21,2.36,0.09,1.00,0.02,0.03,0.40,0.82,0.0005,0.0009,     0,0,0,8.72,91.28,0.00,N/A,40.05,16.99,210.44,2.36,58.93,0.21,5.14,0.03,0.46,0.07,1.00,0.01,0.01,0.21,0.81,0.0016,0.0021,     0,0,0,6.54,93.46,0.00,N/A,6.28,13.69,210.44,0.46,11.47,0.03,0.75,0.22,2.32,0.10,1.00,0.03,0.05,0.35,0.81,0.0007,0.0011,     0,0,0,9.60,90.40,0.00,N/A,43.47,18.71,210.44,2.32,58.09,0.22,5.58,0.23,2.36,0.10,1.00,0.03,0.04,0.32,0.82,0.0006,0.0010,     0,0,0,9.59,90.41,0.00,N/A,44.14,18.70,210.44,2.36,59.02,0.23,5.66,0.13,1.56,0.08,1.00,0.05,0.07,0.18,0.74,0.0018,0.0023,     0,0,0,8.16,91.84,0.00,N/A,29.14,18.73,210.44,1.56,38.90,0.13,3.17,0.03,0.31,0.08,1.00,0.01,0.09,0.84,0.43,0.0018,0.0118,     0,0,0,8.23,91.77,0.00,N/A,7.28,23.73,210.44,0.31,7.67,0.03,0.63,0.18,1.98,0.09,1.00,0.03,0.05,0.43,0.80,0.0007,0.0013,     0,0,0,8.92,91.08,0.00,N/A,37.16,18.73,210.44,1.98,49.61,0.18,4.42,0.22,2.33,0.09,1.00,0.03,0.05,0.43,0.81,0.0006,0.0011,     0,0,0,9.40,90.60,0.00,N/A,43.66,18.74,210.44,2.33,58.23,0.22,5.47,0.21,2.44,0.09,1.00,0.01,0.02,0.61,0.84,0.0002,0.0006,     0,0,0,8.51,91.49,0.00,N/A,40.53,16.59,210.44,2.44,61.09,0.21,5.20,0.01,0.15,0.03,1.00,0.00,0.00,0.54,0.53,0.0008,0.0025,     0,0,0,3.38,96.62,0.00,N/A,1.09,7.11,210.44,0.15,3.83,0.01,0.13,0.01,0.20,0.06,1.00,0.00,0.00,0.32,0.74,0.0005,0.0014,     0,0,0,5.94,94.06,0.00,N/A,2.48,12.49,210.44,0.20,4.97,0.01,0.29,0.02,0.24,0.07,1.00,0.00,0.01,0.42,0.69,0.0006,0.0014,     0,0,0,6.98,93.02,0.00,N/A,3.86,16.31,210.44,0.24,5.91,0.02,0.41,0.01,0.16,0.05,1.00,0.00,0.00,0.09,0.68,0.0009,0.0013,     0,0,0,5.27,94.73,0.00,N/A,1.75,11.10,210.44,0.16,3.93,0.01,0.21,
2024-03-18,16:02:41.699,0.10,1.36,0.07,1.00,0.59,0.93,0.34,0.80,0.0018,0.0028,0.12,0.10,-2147483648,0.00,0.00,331.85,243.62,210.15,1.36,34.06,0.10,2.48,23.16,0.10,53.36,7.29,92.71,0.00,100.00,0.00,0.00,0.00,0.00,-nan,0.19,0.12,1.47,0.08,1.00,0.39,0.57,0.29,0.80,0.0019,0.0027,     0,0,0,0.07,0.07,-2147483648,0.00,0.00,N/A,208.85,141.82,210.15,1.47,36.82,0.12,3.02,0.08,1.21,0.06,1.00,0.20,0.36,0.43,0.81,0.0016,0.0029,     0,0,0,0.05,0.03,-2147483648,0.00,0.00,N/A,123.00,101.80,210.15,1.21,30.21,0.08,1.90,6.24,6.66,  5%,  5%,5.12,5.13,  4%,  4%,12.67,12.31, 10%, 10%  2%,2,13.13, 11%, 11%,8.21,91.79,0.00,100.00,0.00,0.00,6.30,93.70,0.00,100.00,0.00,0.00,0.00,0.00,0.00 ,0.00 ,-nan ,-nan ,0.17,0.21,0.03,0.31,0.09,1.00,0.01,0.06,0.78,0.49,0.0022,0.0101,     0,0,0,9.34,90.66,0.00,N/A,6.07,19.62,210.15,0.31,7.73,0.03,0.72,0.12,1.60,0.08,1.00,0.04,0.05,0.24,0.81,0.0014,0.0020,     0,0,0,7.51,92.49,0.00,N/A,25.22,15.79,210.15,1.60,39.92,0.12,3.00,0.19,1.83,0.11,1.00,0.07,0.09,0.21,0.83,0.0016,0.0022,     0,0,0,10.50,89.50,0.00,N/A,41.87,22.94,210.15,1.83,45.64,0.19,4.79,0.00,0.72,0.01,1.00,0.00,0.00,0.26,0.59,0.0013,0.0024,     0,0,0,0.60,99.40,0.00,N/A,0.91,1.27,210.15,0.72,18.01,0.00,0.11,0.07,1.53,0.05,1.00,0.03,0.04,0.24,0.82,0.0021,0.0030,     0,0,0,4.51,95.49,0.00,N/A,14.50,9.47,210.15,1.53,38.29,0.07,1.73,0.18,1.63,0.11,1.00,0.08,0.11,0.21,0.81,0.0020,0.0027,     0,0,0,10.87,89.13,0.00,N/A,40.69,24.93,210.15,1.63,40.81,0.18,4.44,0.19,1.72,0.11,1.00,0.08,0.11,0.22,0.82,0.0019,0.0025,     0,0,0,10.87,89.13,0.00,N/A,42.80,24.92,210.15,1.72,42.93,0.19,4.67,0.18,1.61,0.11,1.00,0.08,0.11,0.25,0.81,0.0021,0.0030,     0,0,0,10.90,89.10,0.00,N/A,36.78,22.88,210.15,1.61,40.20,0.18,4.38,0.03,0.31,0.10,1.00,0.01,0.03,0.70,0.48,0.0024,0.0082,     0,0,0,9.95,90.05,0.00,N/A,4.09,13.15,210.15,0.31,7.78,0.03,0.77,0.09,1.71,0.05,1.00,0.03,0.05,0.38,0.82,0.0015,0.0025,     0,0,0,5.36,94.64,0.00,N/A,18.43,10.78,210.15,1.71,42.72,0.09,2.29,0.07,1.61,0.04,1.00,0.02,0.04,0.39,0.82,0.0017,0.0029,     0,0,0,4.20,95.80,0.00,N/A,14.18,8.82,210.15,1.61,40.20,0.07,1.69,0.04,1.40,0.03,1.00,0.01,0.03,0.40,0.82,0.0019,0.0034,     0,0,0,2.54,97.46,0.00,N/A,7.46,5.33,210.15,1.40,34.99,0.04,0.89,0.06,0.83,0.08,1.00,0.02,0.04,0.44,0.84,0.0016,0.0030,     0,0,0,7.80,92.20,0.00,N/A,14.35,17.21,210.15,0.83,20.84,0.06,1.62,0.12,1.19,0.10,1.00,0.05,0.08,0.39,0.81,0.0017,0.0030,     0,0,0,10.05,89.95,0.00,N/A,26.82,22.61,210.15,1.19,29.65,0.12,2.98,0.07,1.53,0.05,1.00,0.01,0.02,0.37,0.82,0.0010,0.0018,     0,0,0,4.72,95.28,0.00,N/A,13.44,8.81,210.15,1.53,38.15,0.07,1.80,0.11,1.61,0.07,1.00,0.04,0.07,0.40,0.81,0.0016,0.0028,     0,0,0,6.58,93.42,0.00,N/A,24.24,15.08,210.15,1.61,40.18,0.11,2.64,
2024-03-18,16:02:41.794,0.09,1.35,0.06,1.00,0.61,0.93,0.32,0.82,0.0022,0.0033,0.16,0.13,-2147483648,0.00,0.00,280.81,208.52,209.85,1.35,33.67,0.09,2.14,26.48,0.09,70.00,6.36,93.64,0.00,100.00,0.00,0.00,0.00,0.00,-nan,0.23,0.10,1.30,0.08,1.00,0.43,0.59,0.25,0.82,0.0026,0.0036,     0,0,0,0.12,0.09,-2147483648,0.00,0.00,N/A,161.34,123.86,209.85,1.30,32.56,0.10,2.47,0.07,1.41,0.05,1.00,0.18,0.34,0.45,0.82,0.0015,0.0028,     0,0,0,0.04,0.04,-2147483648,0.00,0.00,N/A,119.47,84.66,209.85,1.41,35.28,0.07,1.81,7.69,7.15,  6%,  5%,5.93,5.70,  4%,  4%,17.07,17.16, 14%, 14%,17.82,17.94, 14%, 14%,7.58,92.42,0.00,100.00,0.00,0.00,5.14,94.86,0.00,100.00,0.00,0.00,0.00,0.00,0.00 ,0.00 ,-nan ,-nan ,0.24,0.22,0.01,0.21,0.07,1.00,0.01,0.01,0.38,0.78,0.0024,0.0040,     0,0,0,6.91,93.09,0.00,N/A,3.09,14.50,209.85,0.21,5.33,0.01,0.37,0.16,1.66,0.10,1.00,0.08,0.10,0.25,0.82,0.0022,0.0030,     0,0,0,9.92,90.08,0.00,N/A,34.60,20.81,209.85,1.66,41.57,0.16,4.12,0.17,1.50,0.11,1.00,0.09,0.12,0.23,0.82,0.0026,0.0035,     0,0,0,11.43,88.57,0.00,N/A,34.15,22.79,209.85,1.50,37.45,0.17,4.28,0.08,1.39,0.06,1.00,0.05,0.07,0.27,0.81,0.0027,0.0040,     0,0,0,5.93,94.07,0.00,N/A,18.07,12.96,209.85,1.39,34.86,0.08,2.07,0.00,0.51,0.01,1.00,0.00,0.00,0.20,0.61,0.0026,0.0042,     0,0,0,0.93,99.07,0.00,N/A,0.99,1.95,209.85,0.51,12.70,0.00,0.12,0.14,1.35,0.11,1.00,0.09,0.12,0.24,0.81,0.0032,0.0043,     0,0,0,10.64,89.36,0.00,N/A,28.06,20.78,209.85,1.35,33.77,0.14,3.59,0.15,1.44,0.11,1.00,0.08,0.11,0.23,0.82,0.0028,0.0037,     0,0,0,10.64,89.36,0.00,N/A,29.80,20.77,209.85,1.44,35.88,0.15,3.82,0.06,1.35,0.05,1.00,0.03,0.05,0.27,0.82,0.0025,0.0037,     0,0,0,4.76,95.24,0.00,N/A,12.56,9.30,209.85,1.35,33.78,0.06,1.61,0.01,0.21,0.07,1.00,0.01,0.01,0.31,0.85,0.0017,0.0027,     0,0,0,6.65,93.35,0.00,N/A,2.95,13.97,209.85,0.21,5.28,0.01,0.35,0.00,0.55,0.00,1.00,0.00,0.00,0.38,0.65,0.0018,0.0039,     0,0,0,0.43,99.57,0.00,N/A,0.50,0.91,209.85,0.55,13.68,0.00,0.06,0.02,1.58,0.01,1.00,0.00,0.01,0.55,0.83,0.0012,0.0027,     0,0,0,1.07,98.93,0.00,N/A,3.61,2.29,209.85,1.58,39.45,0.02,0.42,0.00,0.47,0.00,1.00,0.00,0.00,0.61,0.71,0.0013,0.0047,     0,0,0,0.26,99.74,0.00,N/A,0.26,0.55,209.85,0.47,11.84,0.00,0.03,0.21,1.87,0.11,1.00,0.05,0.09,0.43,0.83,0.0012,0.0022,     0,0,0,11.23,88.77,0.00,N/A,42.75,22.87,209.85,1.87,46.73,0.21,5.25,0.16,1.40,0.11,1.00,0.07,0.13,0.45,0.82,0.0022,0.0040,     0,0,0,11.46,88.54,0.00,N/A,31.98,22.87,209.85,1.40,34.96,0.16,4.01,0.00,0.74,0.00,1.00,0.00,0.00,0.60,0.70,0.0008,0.0029,     0,0,0,0.27,99.73,0.00,N/A,0.41,0.56,209.85,0.74,18.45,0.00,0.05,0.19,1.79,0.11,1.00,0.05,0.09,0.45,0.82,0.0014,0.0026,     0,0,0,10.82,89.18,0.00,N/A,37.01,20.65,209.85,1.79,44.81,0.19,4.85,
2024-03-18,16:02:41.893,0.09,1.37,0.06,1.00,0.64,0.97,0.32,0.82,0.0022,0.0033,0.15,0.13,-2147483648,0.00,0.00,293.07,213.45,211.56,1.37,34.33,0.09,2.16,35.45,0.13,84.52,6.30,93.70,0.00,100.00,0.00,0.00,0.00,0.00,-nan,0.25,0.11,1.43,0.08,1.00,0.42,0.58,0.25,0.82,0.0023,0.0032,     0,0,0,0.09,0.08,-2147483648,0.00,0.00,N/A,181.44,127.08,211.56,1.43,35.69,0.11,2.68,0.07,1.29,0.05,1.00,0.21,0.38,0.43,0.82,0.0019,0.0034,     0,0,0,0.06,0.05,-2147483648,0.00,0.00,N/A,111.63,86.37,211.56,1.29,32.31,0.07,1.65,11.26,11.53,  9%,  9%,6.49,6.17,  5%,  4%,21.05,20.44, 17%, 16%,21.35,21.67, 17%, 17%,7.51,92.49,0.00,100.00,0.00,0.00,5.10,94.90,0.00,100.00,0.00,0.00,0.00,0.00,0.00 ,0.00 ,-nan ,-nan ,0.24,0.26,0.01,0.20,0.06,1.00,0.00,0.01,0.31,0.85,0.0019,0.0028,     0,0,0,5.83,94.17,0.00,N/A,2.43,12.34,211.56,0.20,4.92,0.01,0.29,0.19,1.81,0.11,1.00,0.07,0.10,0.27,0.82,0.0017,0.0024,     0,0,0,10.56,89.44,0.00,N/A,41.34,22.89,211.56,1.81,45.16,0.19,4.77,0.16,1.52,0.11,1.00,0.09,0.12,0.23,0.82,0.0026,0.0035,     0,0,0,10.78,89.22,0.00,N/A,34.74,22.86,211.56,1.52,37.99,0.16,4.10,0.18,1.62,0.11,1.00,0.08,0.11,0.27,0.81,0.0021,0.0031,     0,0,0,11.00,89.00,0.00,N/A,37.06,22.87,211.56,1.62,40.52,0.18,4.46,0.00,0.34,0.00,1.00,0.00,0.00,0.48,0.63,0.0017,0.0057,     0,0,0,0.13,99.87,0.00,N/A,0.09,0.26,211.56,0.34,8.53,0.00,0.01,0.16,1.45,0.11,1.00,0.09,0.12,0.24,0.81,0.0026,0.0035,     0,0,0,10.77,89.23,0.00,N/A,33.10,22.86,211.56,1.45,36.20,0.16,3.90,0.15,1.43,0.11,1.00,0.09,0.12,0.23,0.82,0.0029,0.0038,     0,0,0,10.77,89.23,0.00,N/A,32.62,22.85,211.56,1.43,35.69,0.15,3.84,0.00,0.37,0.00,1.00,0.00,0.00,0.71,0.76,0.0008,0.0039,     0,0,0,0.07,99.93,0.00,N/A,0.06,0.15,211.56,0.37,9.33,0.00,0.01,0.02,0.27,0.07,1.00,0.00,0.01,0.20,0.87,0.0012,0.0016,     0,0,0,6.54,93.46,0.00,N/A,3.67,13.84,211.56,0.27,6.63,0.02,0.43,0.00,0.42,0.00,1.00,0.00,0.00,0.38,0.68,0.0020,0.0045,     0,0,0,0.26,99.74,0.00,N/A,0.23,0.54,211.56,0.42,10.58,0.00,0.03,0.18,1.71,0.11,1.00,0.06,0.12,0.44,0.82,0.0017,0.0030,     0,0,0,10.79,89.21,0.00,N/A,39.15,22.89,211.56,1.71,42.75,0.18,4.61,0.00,0.44,0.00,1.00,0.00,0.00,0.53,0.66,0.0019,0.0061,     0,0,0,0.31,99.69,0.00,N/A,0.29,0.66,211.56,0.44,11.08,0.00,0.03,0.16,1.53,0.11,1.00,0.07,0.12,0.42,0.83,0.0019,0.0034,     0,0,0,10.79,89.21,0.00,N/A,34.96,22.88,211.56,1.53,38.20,0.16,4.12,0.15,1.38,0.11,1.00,0.07,0.13,0.44,0.82,0.0023,0.0042,     0,0,0,10.79,89.21,0.00,N/A,31.66,22.89,211.56,1.38,34.58,0.15,3.73,0.00,0.62,0.00,1.00,0.00,0.00,0.42,0.64,0.0011,0.0032,     0,0,0,0.32,99.68,0.00,N/A,0.43,0.69,211.56,0.62,15.57,0.00,0.05,0.01,0.62,0.01,1.00,0.00,0.00,0.31,0.72,0.0014,0.0024,     0,0,0,0.94,99.06,0.00,N/A,1.23,1.98,211.56,0.62,15.55,0.01,0.15,
2024-03-18,16:02:41.997,0.09,1.40,0.06,1.00,0.59,0.92,0.32,0.82,0.0020,0.0031,0.15,0.14,-2147483648,0.00,0.00,300.87,214.68,210.07,1.40,35.04,0.09,2.24,29.33,0.10,77.85,6.40,93.60,0.00,100.00,0.00,0.00,0.00,0.00,-nan,0.25,0.11,1.45,0.08,1.00,0.38,0.54,0.26,0.82,0.0021,0.0029,     0,0,0,0.11,0.10,-2147483648,0.00,0.00,N/A,186.53,128.56,210.07,1.45,36.27,0.11,2.78,0.07,1.33,0.05,1.00,0.21,0.38,0.42,0.82,0.0018,0.0033,     0,0,0,0.04,0.04,-2147483648,0.00,0.00,N/A,114.35,86.11,210.07,1.33,33.20,0.07,1.70,8.12,8.79,  6%,  7%,6.35,6.07,  5%,  4%,21.67,22.32, 17%, 18%,16.86,17.00, 13%, 13%,7.66,92.34,0.00,100.00,0.00,0.00,5.14,94.86,0.00,100.00,0.00,0.00,0.00,0.00,0.00 ,0.00 ,,0.00 ,-na ,0.26,0.24,0.01,0.21,0.06,1.00,0.00,0.01,0.34,0.85,0.0017,0.0026,     0,0,0,5.95,94.05,0.00,N/A,2.68,12.50,210.07,0.21,5.36,0.01,0.32,0.20,1.74,0.11,1.00,0.08,0.11,0.27,0.82,0.0017,0.0025,     0,0,0,11.42,88.58,0.00,N/A,43.48,24.95,210.07,1.74,43.57,0.20,4.98,0.16,1.62,0.10,1.00,0.07,0.09,0.24,0.83,0.0021,0.0028,     0,0,0,10.18,89.82,0.00,N/A,33.71,20.87,210.07,1.62,40.39,0.16,4.11,0.17,1.56,0.11,1.00,0.07,0.11,0.27,0.81,0.0021,0.0030,     0,0,0,10.99,89.01,0.00,N/A,35.76,22.86,210.07,1.56,39.11,0.17,4.30,0.00,0.33,0.00,1.00,0.00,0.00,0.45,0.58,0.0026,0.0075,     0,0,0,0.19,99.81,0.00,N/A,0.13,0.40,210.07,0.33,8.29,0.00,0.02,0.16,1.50,0.11,1.00,0.08,0.11,0.25,0.82,0.0023,0.0032,     0,0,0,10.99,89.01,0.00,N/A,34.22,22.85,210.07,1.50,37.44,0.16,4.11,0.17,1.54,0.11,1.00,0.08,0.11,0.24,0.82,0.0023,0.0032,     0,0,0,11.00,89.00,0.00,N/A,35.15,22.87,210.07,1.54,38.42,0.17,4.23,0.01,1.10,0.01,1.00,0.00,0.00,0.33,0.65,0.0004,0.0008,     0,0,0,0.60,99.40,0.00,N/A,1.40,1.27,210.07,1.10,27.54,0.01,0.17,0.01,0.19,0.06,1.00,0.00,0.01,0.21,0.88,0.0017,0.0023,     0,0,0,5.91,94.09,0.00,N/A,2.39,12.41,210.07,0.19,4.82,0.01,0.28,0.00,0.44,0.00,1.00,0.00,0.00,0.48,0.70,0.0016,0.0045,     0,0,0,0.16,99.84,0.00,N/A,0.15,0.33,210.07,0.44,11.09,0.00,0.02,0.20,1.78,0.11,1.00,0.06,0.11,0.44,0.82,0.0014,0.0026,     0,0,0,11.01,88.99,0.00,N/A,40.86,22.90,210.07,1.78,44.61,0.20,4.91,0.00,0.68,0.00,1.00,0.00,0.00,0.56,0.68,0.0009,0.0031,     0,0,0,0.38,99.62,0.00,N/A,0.55,0.81,210.07,0.68,17.05,0.00,0.07,0.17,1.54,0.11,1.00,0.07,0.12,0.42,0.83,0.0019,0.0034,     0,0,0,11.00,89.00,0.00,N/A,35.24,22.88,210.07,1.54,38.51,0.17,4.24,0.15,1.38,0.11,1.00,0.07,0.13,0.44,0.82,0.0022,0.0041,     0,0,0,11.00,89.00,0.00,N/A,31.61,22.86,210.07,1.38,34.57,0.15,3.80,0.00,0.55,0.01,1.00,0.00,0.00,0.34,0.68,0.0020,0.0034,     0,0,0,0.71,99.29,0.00,N/A,0.83,1.50,210.07,0.55,13.84,0.00,0.10,0.01,1.12,0.01,1.00,0.01,0.01,0.19,0.82,0.0034,0.0044,     0,0,0,1.14,98.86,0.00,N/A,2.72,2.43,210.07,1.12,27.99,0.01,0.32,
2024-03-18,16:02:42.092,0.11,1.67,0.06,1.00,0.48,0.72,0.31,0.82,0.0014,0.0020,0.11,0.10,-2147483648,0.00,0.00,352.40,210.96,210.10,1.67,41.76,0.11,2.63,29.27,0.14,71.69,6.30,93.70,0.00,100.00,0.00,0.00,0.00,0.00,-nan,0.25,0.13,1.73,0.07,1.00,0.29,0.40,0.26,0.82,0.0014,0.0019,     0,0,0,0.05,0.05,-2147483648,0.00,0.00,N/A,209.37,120.86,210.10,1.73,43.31,0.13,3.13,0.09,1.59,0.05,1.00,0.19,0.31,0.36,0.82,0.0013,0.0022,     0,0,0,0.05,0.05,-2147483648,0.00,0.00,N/A,143.03,90.11,210.10,1.59,39.68,0.09,2.13,7.42,7.69,  6%,  6%,7.23,6.92,  5%,  5%,17.56,17.67, 14%, 14%,18.17,18.29, 14%, 14%,7.23,92.77,0.00,100.00,0.00,0.00,5.37,94.63,0.00,100.00,0.00,0.00,0.00,0.00,0.00 ,0.00 ,-nan ,-nan ,0.24,0.26,0.02,0.28,0.06,1.00,0.00,0.01,0.27,0.85,0.0013,0.0019,     0,0,0,6.31,93.69,0.00,N/A,3.70,13.26,210.10,0.28,6.98,0.02,0.44,0.21,2.02,0.10,1.00,0.05,0.07,0.27,0.81,0.0012,0.0016,     0,0,0,10.45,89.55,0.00,N/A,42.04,20.85,210.10,2.02,50.41,0.21,5.27,0.14,1.98,0.07,1.00,0.04,0.05,0.21,0.83,0.0014,0.0019,     0,0,0,6.92,93.08,0.00,N/A,29.12,14.72,210.10,1.98,49.44,0.14,3.42,0.22,2.00,0.11,1.00,0.06,0.08,0.30,0.81,0.0012,0.0019,     0,0,0,10.91,89.09,0.00,N/A,45.73,22.91,210.10,2.00,49.91,0.22,5.44,0.00,0.38,0.00,1.00,0.00,0.00,0.50,0.68,0.0022,0.0055,     0,0,0,0.11,99.89,0.00,N/A,0.09,0.24,210.10,0.38,9.62,0.00,0.01,0.20,1.79,0.11,1.00,0.06,0.09,0.27,0.81,0.0016,0.0022,     0,0,0,10.90,89.10,0.00,N/A,41.08,22.90,210.10,1.79,44.85,0.20,4.89,0.21,1.97,0.11,1.00,0.06,0.09,0.26,0.82,0.0014,0.0019,     0,0,0,10.89,89.11,0.00,N/A,44.97,22.87,210.10,1.97,49.17,0.21,5.35,0.01,0.84,0.01,1.00,0.01,0.01,0.10,0.81,0.0032,0.0038,     0,0,0,1.49,98.51,0.00,N/A,2.63,3.12,210.10,0.84,21.08,0.01,0.31,0.01,0.20,0.06,1.00,0.00,0.01,0.29,0.85,0.0018,0.0029,     0,0,0,6.10,93.90,0.00,N/A,2.58,12.82,210.10,0.20,5.03,0.01,0.31,0.18,2.23,0.08,1.00,0.03,0.05,0.45,0.82,0.0008,0.0014,     0,0,0,7.90,92.10,0.00,N/A,37.40,16.81,210.10,2.23,55.64,0.18,4.39,0.11,2.26,0.05,1.00,0.02,0.03,0.37,0.82,0.0008,0.0013,     0,0,0,4.99,95.01,0.00,N/A,23.64,10.47,210.10,2.26,56.46,0.11,2.82,0.00,0.50,0.00,1.00,0.00,0.00,0.29,0.68,0.0021,0.0042,     0,0,0,0.38,99.62,0.00,N/A,0.40,0.81,210.10,0.50,12.48,0.00,0.05,0.18,1.67,0.11,1.00,0.07,0.10,0.31,0.81,0.0018,0.0026,     0,0,0,10.89,89.11,0.00,N/A,38.17,22.87,210.10,1.67,41.73,0.18,4.54,0.17,1.65,0.10,1.00,0.06,0.10,0.39,0.82,0.0017,0.0028,     0,0,0,10.05,89.95,0.00,N/A,34.43,20.83,210.10,1.65,41.32,0.17,4.15,0.00,0.53,0.01,1.00,0.00,0.00,0.41,0.71,0.0019,0.0036,     0,0,0,0.50,99.50,0.00,N/A,0.56,1.06,210.10,0.53,13.22,0.00,0.07,0.03,1.31,0.02,1.00,0.01,0.02,0.25,0.83,0.0025,0.0034,     0,0,0,2.14,97.86,0.00,N/A,5.84,4.45,210.10,1.31,32.81,0.03,0.70,
2024-03-18,16:02:42.192,0.11,1.66,0.06,1.00,0.53,0.79,0.31,0.82,0.0015,0.0022,0.14,0.13,-2147483648,0.00,0.00,360.48,216.64,209.95,1.66,41.60,0.11,2.68,23.32,0.09,67.81,6.45,93.55,0.00,100.00,0.00,0.00,0.00,0.00,-nan,0.25,0.14,1.74,0.08,1.00,0.35,0.49,0.25,0.82,0.0015,0.0021,     0,0,0,0.10,0.09,-2147483648,0.00,0.00,N/A,230.97,133.00,209.95,1.74,43.42,0.14,3.44,0.08,1.55,0.05,1.00,0.18,0.30,0.40,0.82,0.0014,0.0023,     0,0,0,0.04,0.04,-2147483648,0.00,0.00,N/A,129.51,83.63,209.95,1.55,38.71,0.08,1.93,5.26,5.20,  4%,  4%,6.61,6.26,  5%,  5%,15.66,16.76, 12%, 13%,17.67,17.72, 14%, 14%,7.92,92.08,0.00,100.00,0.00,0.00,4.98,95.02,0.00,100.00,0.00,0.00,0.00,0.00,0.00 ,0.00 ,-nan ,-nan ,0.26,0.24,0.01,0.20,0.06,1.00,0.00,0.01,0.26,0.87,0.0018,0.0024,     0,0,0,5.69,94.31,0.00,N/A,2.40,11.95,209.95,0.20,5.02,0.01,0.29,0.22,1.89,0.12,1.00,0.07,0.10,0.25,0.81,0.0015,0.0021,     0,0,0,11.87,88.13,0.00,N/A,46.99,24.92,209.95,1.89,47.13,0.22,5.59,0.21,1.97,0.11,1.00,0.06,0.08,0.24,0.83,0.0014,0.0019,     0,0,0,10.91,89.09,0.00,N/A,45.11,22.92,209.95,1.97,49.21,0.21,5.37,0.22,1.89,0.12,1.00,0.07,0.11,0.28,0.81,0.0015,0.0023,     0,0,0,11.88,88.12,0.00,N/A,47.11,24.94,209.95,1.89,47.22,0.22,5.61,0.00,0.43,0.00,1.00,0.00,0.00,0.43,0.71,0.0016,0.0045,     0,0,0,0.13,99.87,0.00,N/A,0.11,0.26,209.95,0.43,10.79,0.00,0.01,0.21,1.81,0.12,1.00,0.08,0.11,0.25,0.81,0.0017,0.0024,     0,0,0,11.87,88.13,0.00,N/A,45.02,24.93,209.95,1.81,45.15,0.21,5.36,0.21,1.93,0.11,1.00,0.06,0.09,0.25,0.82,0.0015,0.0020,     0,0,0,10.91,89.09,0.00,N/A,44.17,22.92,209.95,1.93,48.17,0.21,5.26,0.00,0.40,0.00,1.00,0.00,0.00,0.76,0.75,0.0006,0.0038,     0,0,0,0.07,99.93,0.00,N/A,0.06,0.15,209.95,0.40,10.09,0.00,0.01,0.01,0.20,0.06,1.00,0.00,0.01,0.55,0.78,0.0019,0.0044,     0,0,0,6.17,93.83,0.00,N/A,2.56,12.95,209.95,0.20,4.95,0.01,0.31,0.20,1.79,0.11,1.00,0.06,0.10,0.38,0.81,0.0015,0.0024,     0,0,0,10.90,89.10,0.00,N/A,41.01,22.90,209.95,1.79,44.79,0.20,4.88,0.20,1.85,0.11,1.00,0.05,0.09,0.43,0.82,0.0012,0.0022,     0,0,0,10.92,89.08,0.00,N/A,42.48,22.94,209.95,1.85,46.29,0.20,5.06,0.00,0.42,0.00,1.00,0.00,0.00,0.48,0.69,0.0017,0.0048,     0,0,0,0.22,99.78,0.00,N/A,0.20,0.47,209.95,0.42,10.53,0.00,0.02,0.20,1.85,0.11,1.00,0.06,0.09,0.37,0.83,0.0013,0.0022,     0,0,0,10.90,89.10,0.00,N/A,42.42,22.89,209.95,1.85,46.33,0.20,5.05,0.00,0.41,0.00,1.00,0.00,0.00,0.60,0.75,0.0010,0.0041,     0,0,0,0.10,99.90,0.00,N/A,0.09,0.22,209.95,0.41,10.27,0.00,0.01,0.00,0.62,0.00,1.00,0.00,0.00,0.56,0.82,0.0007,0.0026,     0,0,0,0.14,99.86,0.00,N/A,0.18,0.29,209.95,0.62,15.53,0.00,0.02,0.00,0.58,0.00,1.00,0.00,0.00,0.13,0.61,0.0022,0.0028,     0,0,0,0.47,99.53,0.00,N/A,0.57,0.98,209.95,0.58,14.52,0.00,0.07,
2024-03-18,16:02:42.293,0.09,1.38,0.07,1.00,0.63,0.96,0.32,0.82,0.0021,0.0031,0.15,0.14,-2147483648,0.00,0.00,304.98,220.72,210.09,1.38,34.54,0.09,2.27,31.93,0.11,78.12,6.56,93.44,0.00,100.00,0.00,0.00,0.00,0.00,-nan,0.25,0.11,1.39,0.08,1.00,0.42,0.59,0.26,0.82,0.0023,0.0033,     0,0,0,0.09,0.09,-2147483648,0.00,0.00,N/A,181.80,131.18,210.09,1.39,34.65,0.11,2.71,0.07,1.38,0.05,1.00,0.20,0.36,0.42,0.82,0.0016,0.0030,     0,0,0,0.06,0.06,-2147483648,0.00,0.00,N/A,123.18,89.54,210.09,1.38,34.39,0.07,1.83,6.52,6.56,  5%,  5%,9.55,9.30,  7%,  7%,15.05,14.48, 12%, 11%,24.16,24.42, 19%, 19%,7.81,92.19,0.00,100.00,0.00,0.00,5.31,94.69,0.00,100.00,0.00,0.00,0.00,0.00,0.00 ,0.00 ,-nan ,-nan ,0.24,0.26,0.01,0.20,0.06,1.00,0.01,0.01,0.32,0.83,0.0021,0.0032,     0,0,0,6.12,93.88,0.00,N/A,2.59,12.,,210.12,,0.20,5.04,0.01,0.31,0.17,1.67,0.10,1.00,0.07,0.10,0.26,0.82,0.0019,0.0027,     0,0,0,10.26,89.74,0.00,N/A,35.58,21.31,210.09,1.67,41.75,0.17,4.29,0.18,1.54,0.12,1.00,0.09,0.12,0.25,0.83,0.0023,0.0031,     0,0,0,11.86,88.14,0.00,N/A,38.34,24.91,210.09,1.54,38.48,0.18,4.56,0.16,1.49,0.11,1.00,0.08,0.12,0.29,0.81,0.0024,0.0036,     0,0,0,10.89,89.11,0.00,N/A,34.09,22.87,210.09,1.49,37.26,0.16,4.06,0.00,0.45,0.00,1.00,0.00,0.00,0.30,0.66,0.0024,0.0048,     0,0,0,0.41,99.59,0.00,N/A,0.39,0.86,210.09,0.45,11.27,0.00,0.05,0.15,1.40,0.11,1.00,0.09,0.13,0.26,0.81,0.0028,0.0039,     0,0,0,10.78,89.22,0.00,N/A,31.93,22.86,210.09,1.40,34.92,0.15,3.76,0.18,1.55,0.12,1.00,0.09,0.12,0.23,0.82,0.0023,0.0031,     0,0,0,11.85,88.15,0.00,N/A,38.71,24.89,210.09,1.55,38.87,0.18,4.61,0.00,0.27,0.00,1.00,0.00,0.00,0.23,0.51,0.0046,0.0083,     0,0,0,0.29,99.71,0.00,N/A,0.17,0.62,210.09,0.27,6.80,0.00,0.02,0.02,0.23,0.07,1.00,0.01,0.01,0.35,0.81,0.0018,0.0029,     0,0,0,6.76,93.24,0.00,N/A,3.28,14.20,210.09,0.23,5.78,0.02,0.39,0.18,1.84,0.10,1.00,0.05,0.09,0.45,0.82,0.0013,0.0025,     0,0,0,10.04,89.96,0.00,N/A,38.33,20.82,210.09,1.84,46.03,0.18,4.62,0.15,1.49,0.10,1.00,0.06,0.11,0.45,0.82,0.0018,0.0035,     0,0,0,10.20,89.80,0.00,N/A,31.47,21.14,210.09,1.49,37.22,0.15,3.79,0.02,1.23,0.01,1.00,0.01,0.01,0.43,0.82,0.0018,0.0035,     0,0,0,1.46,98.54,0.00,N/A,3.83,3.11,210.09,1.23,30.78,0.02,0.45,0.17,1.68,0.10,1.00,0.06,0.10,0.41,0.83,0.0016,0.0028,     0,0,0,10.04,89.96,0.00,N/A,34.98,20.81,210.09,1.68,42.02,0.17,4.22,0.02,1.57,0.01,1.00,0.01,0.01,0.42,0.81,0.0017,0.0031,     0,0,0,1.15,98.85,0.00,N/A,3.84,2.45,210.09,1.57,39.19,0.02,0.45,0.02,1.08,0.02,1.00,0.01,0.02,0.43,0.80,0.0017,0.0034,     0,0,0,2.06,97.94,0.00,N/A,4.76,4.39,210.09,1.08,27.11,0.02,0.56,0.01,1.02,0.01,1.00,0.01,0.01,0.15,0.81,0.0036,0.0044,     0,0,0,1.22,98.78,0.00,N/A,2.69,2.63,210.09,1.02,25.61,0.01,0.31,
2024-03-18,16:02:42.396,0.11,1.64,0.07,1.00,0.51,0.78,0.32,0.82,0.0014,0.0021,0.15,0.13,-2147483648,0.00,0.00,365.35,223.11,210.22,1.64,40.94,0.11,2.67,48.72,0.18,99.91,6.52,93.48,0.00,100.00,0.00,0.00,0.00,0.00,-nan,0.26,0.10,1.62,0.06,1.00,0.26,0.38,0.30,0.81,0.0015,0.0022,     0,0,0,0.11,0.10,-2147483648,0.00,0.00,N/A,176.97,109.17,210.22,1.62,40.53,0.10,2.58,0.11,1.65,0.07,1.00,0.26,0.39,0.33,0.82,0.0014,0.0021,     0,0,0,0.03,0.03,-2147483648,0.00,0.00,N/A,188.39,113.94,210.22,1.65,41.34,0.11,2.75,9.83,9.61,  7%,  7%,14.77,14.50, 11%, 11%,23.05,22.46, 18%, 17%,27.07,27.33, 21%, 21%,6.38,93.62,0.00,100.00,0.00,0.00,6.65,93.35,0.00,100.00,0.00,0.00,0.00,0.00,0.00 ,0.00 ,-nan ,-nan ,0.27,0.25,0.01,0.21,0.06,1.00,0.01,0.01,0.34,0.83,0.0021,0.0033,     0,0,0,6.08,93.92,0.00,N/A,2.66,12.77,210.22,0.21,5.20,0.01,0.32,0.01,0.73,0.01,1.00,0.00,0.00,0.29,0.67,0.0013,0.0021,     0,0,0,1.45,98.55,0.00,N/A,2.20,3.03,210.22,0.73,18.14,0.01,0.26,0.10,2.19,0.04,1.00,0.02,0.02,0.30,0.81,0.0008,0.0012,     0,0,0,4.35,95.65,0.00,N/A,19.74,9.02,210.22,2.19,54.71,0.10,2.38,0.18,1.75,0.10,1.00,0.07,0.10,0.31,0.80,0.0016,0.0024,     0,0,0,10.48,89.52,0.00,N/A,39.99,22.89,210.22,1.75,43.68,0.18,4.58,0.00,0.34,0.00,1.00,0.00,0.00,0.30,0.58,0.0023,0.0070,     0,0,0,0.48,99.52,0.00,N/A,0.34,1.00,210.22,0.34,8.58,0.00,0.04,0.20,1.88,0.11,1.00,0.06,0.09,0.31,0.82,0.0014,0.0022,     0,0,0,10.58,89.42,0.00,N/A,42.95,22.88,210.22,1.88,46.93,0.20,4.96,0.21,2.02,0.10,1.00,0.06,0.08,0.30,0.82,0.0012,0.0018,     0,0,0,10.48,89.52,0.00,N/A,46.16,22.88,210.22,2.02,50.43,0.21,5.28,0.10,1.56,0.07,1.00,0.05,0.07,0.27,0.81,0.0021,0.0030,     0,0,0,6.64,93.36,0.00,N/A,22.92,14.69,210.22,1.56,39.00,0.10,2.59,0.01,0.20,0.06,1.00,0.00,0.01,0.33,0.85,0.0018,0.0028,     0,0,0,5.90,94.10,0.00,N/A,2.50,12.41,210.22,0.20,5.03,0.01,0.30,0.00,0.56,0.00,1.00,0.00,0.00,0.46,0.74,0.0009,0.0038,     0,0,0,0.21,99.79,0.00,N/A,0.25,0.45,210.22,0.56,13.92,0.00,0.03,0.00,0.29,0.01,1.00,0.00,0.00,0.41,0.54,0.0034,0.0084,     0,0,0,0.54,99.46,0.00,N/A,0.33,1.13,210.22,0.29,7.37,0.00,0.04,0.22,1.93,0.11,1.00,0.06,0.10,0.31,0.83,0.0013,0.0020,     0,0,0,11.43,88.57,0.00,N/A,48.09,24.95,210.22,1.93,48.18,0.22,5.50,0.00,0.40,0.00,1.00,0.00,0.00,0.73,0.75,0.0006,0.0040,     0,0,0,0.07,99.93,0.00,N/A,0.06,0.15,210.22,0.40,10.06,0.00,0.01,0.24,2.08,0.11,1.00,0.06,0.09,0.35,0.82,0.0011,0.0018,     0,0,0,11.42,88.58,0.00,N/A,51.87,24.93,210.22,2.08,52.01,0.24,5.94,0.19,1.65,0.11,1.00,0.07,0.10,0.35,0.81,0.0016,0.0025,     0,0,0,11.43,88.57,0.00,N/A,41.29,24.96,210.22,1.65,41.36,0.19,4.73,0.20,1.76,0.12,1.00,0.06,0.09,0.29,0.82,0.0014,0.0020,     0,0,0,11.54,88.46,0.00,N/A,43.99,24.96,210.22,1.76,44.07,0.20,5.08,
2024-03-18,16:02:42.499,0.09,1.34,0.07,1.00,0.64,0.97,0.33,0.82,0.0021,0.0033,0.15,0.14,-2147483648,0.00,0.00,299.68,223.13,209.95,1.34,33.58,0.09,2.22,63.52,0.22,147.79,6.60,93.40,0.00,100.00,0.00,0.00,0.00,0.00,-nan,0.23,0.09,1.34,0.07,1.00,0.31,0.48,0.34,0.82,0.0021,0.0032,     0,0,0,0.08,0.08,-2147483648,0.00,0.00,N/A,149.00,111.27,209.95,1.34,33.48,0.09,2.21,0.09,1.35,0.07,1.00,0.33,0.49,0.31,0.82,0.0022,0.0033,     0,0,0,0.07,0.06,-2147483648,0.00,0.00,N/A,150.68,111.86,209.95,1.35,33.68,0.09,2.22,14.17,14.28, 11%, 11%,17.66,17.41, 14%, 13%,33.49,32.92, 27%, 26%,40.45,40.93, 32%, 32%,6.59,93.41,0.00,100.00,0.00,0.00,6.61,93.39,0.00,100.00,0.00,0.00,0.00,0.00,0.00 ,0.00 ,-nan ,-nan ,0.22,0.24,0.01,0.21,0.06,1.00,0.01,0.01,0.27,0.83,0.0022,0.0032,     0,0,0,6.45,93.55,0.00,N/A,2.79,13.54,209.95,0.21,5.15,0.01,0.33,0.00,0.64,0.01,1.00,0.00,0.00,0.31,0.64,0.0011,0.0025,     0,0,0,0.58,99.42,0.00,N/A,0.78,1.22,209.95,0.64,15.99,0.00,0.09,0.09,1.49,0.06,1.00,0.04,0.06,0.35,0.82,0.0021,0.0034,     0,0,0,5.99,94.01,0.00,N/A,18.77,12.59,209.95,1.49,37.27,0.09,2.23,0.17,1.51,0.12,1.00,0.08,0.13,0.36,0.81,0.0021,0.0034,     0,0,0,11.53,88.47,0.00,N/A,37.53,24.94,209.95,1.51,37.63,0.17,4.34,0.11,1.65,0.06,1.00,0.04,0.07,0.37,0.83,0.0017,0.0028,     0,0,0,6.48,93.52,0.00,N/A,24.23,14.72,209.95,1.65,41.15,0.11,2.67,0.06,1.19,0.05,1.00,0.03,0.05,0.32,0.81,0.0026,0.0039,     0,0,0,5.26,94.74,0.00,N/A,12.49,10.48,209.95,1.19,29.80,0.06,1.57,0.18,1.59,0.12,1.00,0.08,0.12,0.34,0.82,0.0020,0.0030,     0,0,0,11.53,88.47,0.00,N/A,39.54,24.94,209.95,1.59,39.64,0.18,4.57,0.06,1.45,0.04,1.00,0.03,0.04,0.32,0.82,0.0022,0.0034,     0,0,0,4.44,95.56,0.00,N/A,12.87,8.84,209.95,1.45,36.37,0.06,1.62,0.01,0.19,0.06,1.00,0.00,0.01,0.28,0.86,0.0018,0.0027,     0,0,0,6.13,93.87,0.00,N/A,2.47,12.87,209.95,0.19,4.79,0.01,0.29,0.04,1.19,0.03,1.00,0.02,0.03,0.16,0.80,0.0027,0.0033,     0,0,0,2.94,97.06,0.00,N/A,7.89,6.62,209.95,1.19,29.82,0.04,0.88,0.00,0.41,0.00,1.00,0.00,0.00,0.40,0.62,0.0018,0.0052,     0,0,0,0.26,99.74,0.00,N/A,0.22,0.55,209.95,0.41,10.19,0.00,0.03,0.17,1.62,0.11,1.00,0.08,0.11,0.28,0.83,0.0021,0.0030,     0,0,0,10.58,89.42,0.00,N/A,36.99,22.88,209.95,1.62,40.43,0.17,4.28,0.00,0.58,0.00,1.00,0.00,0.00,0.73,0.71,0.0007,0.0043,     0,0,0,0.18,99.82,0.00,N/A,0.21,0.37,209.95,0.58,14.42,0.00,0.03,0.18,1.72,0.11,1.00,0.07,0.11,0.33,0.82,0.0018,0.0029,     0,0,0,10.68,89.32,0.00,N/A,39.24,22.87,209.95,1.72,42.90,0.18,4.58,0.16,1.40,0.11,1.00,0.08,0.13,0.34,0.81,0.0025,0.0039,     0,0,0,11.22,88.78,0.00,N/A,31.92,22.86,209.95,1.40,34.91,0.16,3.92,0.16,1.39,0.11,1.00,0.07,0.11,0.32,0.82,0.0023,0.0034,     0,0,0,11.22,88.78,0.00,N/A,31.73,22.86,209.95,1.39,34.71,0.16,3.90,
2024-03-18,16:02:42.593,0.10,1.59,0.06,1.00,0.46,0.69,0.31,0.82,0.0014,0.0021,0.11,0.09,-2147483648,0.00,0.00,331.08,208.62,211.72,1.59,39.67,0.10,2.51,90.43,0.44,181.60,6.32,93.68,0.00,100.00,0.00,0.00,0.00,0.00,-nan,0.25,0.08,1.57,0.05,1.00,0.13,0.23,0.42,0.82,0.0010,0.0018,     0,0,0,0.07,0.05,-2147483648,0.00,0.00,N/A,126.46,80.59,211.72,1.57,39.23,0.08,1.92,0.12,1.60,0.08,1.00,0.33,0.46,0.25,0.82,0.0016,0.0022,     0,0,0,0.04,0.04,-2147483648,0.00,0.00,N/A,204.62,128.03,211.72,1.60,39.95,0.12,3.10,23.02,23.48, 19%, 19%,22.09,21.85, 18%, 17%,54.67,51.43, 45%, 42%,37.60,37.90, 30%, 31%,4.88,95.12,0.00,100.00,0.00,0.00,7.75,92.25,0.00,100.00,0.00,0.00,0.00,0.00,0.00 ,0.00 ,-nan ,-nan ,0.26,0.24,0.02,0.28,0.07,1.00,0.01,0.01,0.22,0.86,0.0014,0.0019,     0,0,0,6.77,93.23,0.00,N/A,4.05,14.33,211.72,0.28,7.06,0.02,0.48,0.01,1.00,0.01,1.00,0.00,0.00,0.48,0.58,0.0005,0.0016,     0,0,0,0.,N,0,99.30.00,N/A,1.70,1.70,211.72,1.00,25.06,0.01,0.20,0.00,0.58,0.00,1.00,0.00,0.00,0.61,0.65,0.0008,0.0035,     0,0,0,0.18,99.82,0.00,N/A,0.22,0.38,211.72,0.58,14.55,0.00,0.03,0.20,1.92,0.11,1.00,0.04,0.07,0.43,0.81,0.0010,0.0018,     0,0,0,10.54,89.46,0.00,N/A,40.03,20.81,211.72,1.92,48.10,0.20,5.07,0.22,2.05,0.11,1.00,0.04,0.07,0.45,0.83,0.0008,0.0015,     0,0,0,10.54,89.46,0.00,N/A,42.67,20.81,211.72,2.05,51.27,0.22,5.40,0.00,0.76,0.01,1.00,0.00,0.00,0.49,0.52,0.0008,0.0030,     0,0,0,0.53,99.47,0.00,N/A,0.85,1.13,211.72,0.76,18.94,0.00,0.10,0.19,1.76,0.11,1.00,0.05,0.08,0.40,0.82,0.0013,0.0021,     0,0,0,10.53,89.47,0.00,N/A,36.59,20.77,211.72,1.76,44.03,0.19,4.63,0.00,0.52,0.00,1.00,0.00,0.00,0.55,0.61,0.0015,0.0060,     0,0,0,0.32,99.68,0.00,N/A,0.35,0.67,211.72,0.52,12.95,0.00,0.04,0.01,0.19,0.07,1.00,0.01,0.01,0.30,0.85,0.0019,0.0029,     0,0,0,6.61,93.39,0.00,N/A,2.71,13.98,211.72,0.19,4.85,0.01,0.32,0.15,1.35,0.11,1.00,0.08,0.10,0.23,0.81,0.0024,0.0033,     0,0,0,11.47,88.53,0.00,N/A,30.86,22.88,211.72,1.35,33.72,0.15,3.87,0.00,0.59,0.00,1.00,0.00,0.00,0.70,0.75,0.0005,0.0035,     0,0,0,0.19,99.81,0.00,N/A,0.24,0.40,211.72,0.59,14.75,0.00,0.03,0.20,1.86,0.11,1.00,0.07,0.09,0.23,0.83,0.0017,0.0023,     0,0,0,10.56,89.44,0.00,N/A,38.72,20.84,211.72,1.86,46.44,0.20,4.90,0.13,1.88,0.07,1.00,0.03,0.05,0.29,0.82,0.0011,0.0016,     0,0,0,7.14,92.86,0.00,N/A,28.80,15.32,211.72,1.88,46.99,0.13,3.36,0.23,2.02,0.11,1.00,0.06,0.08,0.26,0.82,0.0013,0.0018,     0,0,0,11.47,88.53,0.00,N/A,46.30,22.88,211.72,2.02,50.59,0.23,5.80,0.21,1.93,0.11,1.00,0.06,0.09,0.27,0.80,0.0014,0.0020,     0,0,0,10.90,89.10,0.00,N/A,44.11,22.88,211.72,1.93,48.19,0.21,5.25,0.06,1.46,0.04,1.00,0.03,0.04,0.27,0.81,0.0022,0.0031,     0,0,0,4.26,95.74,0.00,N/A,12.88,8.83,211.72,1.46,36.46,0.06,1.55,
2024-03-18,16:02:42.693,0.09,1.41,0.06,1.00,0.58,0.89,0.33,0.82,0.0019,0.0030,0.15,0.15,-2147483648,0.00,0.00,298.88,211.69,210.18,1.41,35.30,0.09,2.22,72.67,0.24,166.51,6.30,93.70,0.00,100.00,0.00,0.00,0.00,0.00,-nan,0.25,0.07,1.41,0.05,1.00,0.19,0.34,0.44,0.83,0.0016,0.0028,     0,0,0,0.06,0.06,-2147483648,0.00,0.00,N/A,118.41,83.69,210.18,1.41,35.37,0.07,1.76,0.11,1.41,0.08,1.00,0.39,0.55,0.27,0.82,0.0022,0.0031,     0,0,0,0.09,0.09,-2147483648,0.00,0.00,N/A,180.48,128.00,210.18,1.41,35.25,0.11,2.69,19.48,19.93, 15%, 16%,16.78,16.49, 13%, 13%,45.63,46.21, 37%, 37%,37.11,37.55, 29%, 30%,4.97,95.03,0.00,100.00,0.00,0.00,7.63,92.37,0.00,100.00,0.00,0.00,0.00,0.00,0.00 ,0.00 ,-nan ,-nan ,0.25,0.26,0.01,0.20,0.06,1.00,0.00,0.00,0.10,0.90,0.0018,0.0020,     0,0,0,5.86,94.14,0.00,N/A,2.41,12.32,210.18,0.20,4.89,0.01,0.29,0.01,1.08,0.01,1.00,0.01,0.01,0.11,0.80,0.0039,0.0046,     0,0,0,1.06,98.94,0.00,N/A,2.44,2.26,210.18,1.08,27.05,0.01,0.29,0.00,0.39,0.00,1.00,0.00,0.00,0.85,0.76,0.0003,0.0033,     0,0,0,0.07,99.93,0.00,N/A,0.06,0.14,210.18,0.39,9.72,0.00,0.01,0.17,1.58,0.11,1.00,0.06,0.11,0.45,0.82,0.0016,0.0031,     0,0,0,10.89,89.11,0.00,N/A,36.05,22.87,210.18,1.58,39.41,0.17,4.29,0.19,1.74,0.11,1.00,0.05,0.10,0.46,0.83,0.0014,0.0026,     0,0,0,10.89,89.11,0.00,N/A,39.73,22.87,210.18,1.74,43.44,0.19,4.73,0.00,0.45,0.00,1.00,0.00,0.00,0.54,0.71,0.0010,0.0044,     0,0,0,0.10,99.90,0.00,N/A,0.09,0.21,210.18,0.45,11.13,0.00,0.01,0.18,1.64,0.11,1.00,0.06,0.11,0.44,0.82,0.0016,0.0028,     0,0,0,10.89,89.11,0.00,N/A,37.56,22.87,210.18,1.64,41.05,0.18,4.47,0.00,0.39,0.00,1.00,0.00,0.00,0.82,0.81,0.0004,0.0031,     0,0,0,0.07,99.93,0.00,N/A,0.06,0.14,210.18,0.39,9.83,0.00,0.01,0.01,0.19,0.06,1.00,0.00,0.01,0.27,0.87,0.0018,0.0025,     0,0,0,5.99,94.01,0.00,N/A,2.39,12.60,210.18,0.19,4.74,0.01,0.28,0.14,1.37,0.10,1.00,0.06,0.11,0.39,0.81,0.0022,0.0038,     0,0,0,10.04,89.96,0.00,N/A,28.51,20.81,210.18,1.37,34.25,0.14,3.44,0.00,0.44,0.00,1.00,0.00,0.00,0.56,0.68,0.0015,0.0050,     0,0,0,0.14,99.86,0.00,N/A,0.13,0.30,210.18,0.44,10.95,0.00,0.02,0.20,1.68,0.12,1.00,0.08,0.10,0.20,0.83,0.0019,0.0025,     0,0,0,11.86,88.14,0.00,N/A,41.73,24.90,210.18,1.68,41.90,0.20,4.97,0.16,1.45,0.11,1.00,0.08,0.10,0.25,0.82,0.0023,0.0031,     0,0,0,10.89,89.11,0.00,N/A,33.19,22.87,210.18,1.45,36.27,0.16,3.95,0.19,1.76,0.11,1.00,0.08,0.11,0.25,0.82,0.0019,0.0027,     0,0,0,10.89,89.11,0.00,N/A,40.33,22.87,210.18,1.76,44.09,0.19,4.80,0.16,1.48,0.11,1.00,0.09,0.12,0.24,0.82,0.0026,0.0035,     0,0,0,10.89,89.11,0.00,N/A,33.81,22.87,210.18,1.48,36.95,0.16,4.02,0.00,0.50,0.00,1.00,0.00,0.00,0.43,0.61,0.0025,0.0059,     0,0,0,0.37,99.63,0.00,N/A,0.39,0.78,210.18,0.50,12.62,0.00,0.05,
2024-03-18,16:02:42.794,0.10,1.58,0.06,1.00,0.51,0.78,0.32,0.82,0.0015,0.0023,0.12,0.12,-2147483648,0.00,0.00,332.92,211.35,211.77,1.58,39.38,0.10,2.46,67.65,0.28,147.84,6.25,93.75,0.00,100.00,0.00,0.00,0.00,0.00,-nan,0.24,0.10,1.56,0.06,1.00,0.25,0.38,0.32,0.82,0.0015,0.0024,     0,0,0,0.08,0.08,-2147483648,0.00,0.00,N/A,162.92,104.20,211.77,1.56,39.09,0.10,2.41,0.10,1.59,0.06,1.00,0.26,0.39,0.31,0.82,0.0015,0.0023,     0,0,0,0.03,0.04,-2147483648,0.00,0.00,N/A,170.00,107.15,211.77,1.59,39.66,0.10,2.51,17.98,17.65, 14%, 14%,16.11,15.91, 12%, 12%,41.35,39.97, 33%, 32%,33.07,33.44, 26%, 26%,6.18,93.82,0.00,100.00,0.00,0.00,6.32,93.68,0.00,100.00,0.00,0.00,0.00,0.00,0.00 ,0.00 ,-nan ,-nan ,0.25,0.24,0.01,0.20,0.06,1.00,0.00,0.01,0.20,0.88,0.0018,0.0024,     0,0,0,5.86,94.14,0.00,N/A,2.48,12.40,211.77,0.20,4.99,0.01,0.29,0.15,1.45,0.10,1.00,0.07,0.09,0.26,0.81,0.0022,0.0031,     0,0,0,10.01,89.99,0.00,N/A,30.22,20.80,211.77,1.45,36.33,0.15,3.64,0.00,0.42,0.00,1.00,0.00,0.00,0.38,0.58,0.0027,0.0061,     0,0,0,0.18,99.82,0.00,N/A,0.16,0.37,211.77,0.42,10.50,0.00,0.02,0.19,1.78,0.11,1.00,0.06,0.10,0.36,0.81,0.0015,0.0024,     0,0,0,10.80,89.20,0.00,N/A,40.79,22.91,211.77,1.78,44.52,0.19,4.81,0.20,1.89,0.11,1.00,0.06,0.09,0.34,0.83,0.0014,0.0022,     0,0,0,10.80,89.20,0.00,N/A,43.27,22.91,211.77,1.89,47.22,0.20,5.10,0.00,0.43,0.00,1.00,0.00,0.00,0.37,0.76,0.0026,0.0054,     0,0,0,0.45,99.55,0.00,N/A,0.41,0.94,211.77,0.43,10.81,0.00,0.05,0.21,1.94,0.11,1.00,0.06,0.09,0.34,0.82,0.0013,0.0020,     0,0,0,10.77,89.23,0.00,N/A,44.27,22.85,211.77,1.94,48.44,0.21,5.22,0.01,1.30,0.00,1.00,0.00,0.00,0.38,0.65,0.0002,0.0005,     0,0,0,0.48,99.52,0.00,N/A,1.33,1.02,211.77,1.30,32.46,0.01,0.16,0.01,0.19,0.06,1.00,0.00,0.01,0.20,0.88,0.0018,0.0023,     0,0,0,5.79,94.21,0.00,N/A,2.38,12.26,211.77,0.19,4.85,0.01,0.28,0.02,1.73,0.01,1.00,0.01,0.01,0.44,0.83,0.0014,0.0026,     0,0,0,1.03,98.97,0.00,N/A,3.80,2.20,211.77,1.73,43.15,0.02,0.44,0.01,1.08,0.01,1.00,0.01,0.01,0.13,0.81,0.0037,0.0045,     0,0,0,1.07,98.93,0.00,N/A,2.47,2.29,211.77,1.08,27.00,0.01,0.29,0.19,1.77,0.11,1.00,0.07,0.10,0.27,0.83,0.0017,0.0024,     0,0,0,10.78,89.22,0.00,N/A,40.41,22.87,211.77,1.77,44.16,0.19,4.76,0.17,1.68,0.10,1.00,0.05,0.08,0.36,0.81,0.0014,0.0022,     0,0,0,10.00,90.00,0.00,N/A,34.90,20.79,211.77,1.68,41.97,0.17,4.20,0.22,2.00,0.11,1.00,0.06,0.09,0.32,0.82,0.0013,0.0020,     0,0,0,10.79,89.21,0.00,N/A,45.79,22.88,211.77,2.00,50.02,0.22,5.40,0.19,1.73,0.11,1.00,0.07,0.10,0.31,0.81,0.0017,0.0025,     0,0,0,10.79,89.21,0.00,N/A,39.50,22.88,211.77,1.73,43.15,0.19,4.66,0.00,0.78,0.00,1.00,0.00,0.00,0.49,0.76,0.0009,0.0023,     0,0,0,0.46,99.54,0.00,N/A,0.75,0.97,211.77,0.78,19.41,0.00,0.09,
2024-03-18,16:02:42.894,0.10,1.58,0.06,1.00,0.55,0.82,0.31,0.82,0.0016,0.0024,0.15,0.15,-2147483648,0.00,0.00,340.82,216.04,208.22,1.58,39.44,0.10,2.54,41.94,0.14,109.89,6.44,93.56,0.00,100.00,0.00,0.00,0.00,0.00,-nan,0.25,0.10,1.62,0.06,1.00,0.23,0.36,0.34,0.82,0.0014,0.0022,     0,0,0,0.04,0.04,-2147483648,0.00,0.00,N/A,166.31,102.75,208.22,1.62,40.47,0.10,2.47,0.10,1.54,0.07,1.00,0.31,0.46,0.28,0.82,0.0018,0.0026,     0,0,0,0.12,0.11,-2147483648,0.00,0.00,N/A,174.51,113.30,208.22,1.54,38.51,0.10,2.61,10.81,10.97,  8%,  8%,10.23,9.93,  8%,  8%,24.13,23.70, 19%, 19%,30.86,31.19, 24%, 25%,6.11,93.89,0.00,100.00,0.00,0.00,6.77,93.23,0.00,100.00,0.00,0.00,0.00,0.00,0.00 ,0.00 ,-nan ,-nan ,0.25,0.26,0.01,0.20,0.06,1.00,0.00,0.01,0.23,0.86,0.0018,0.0026,     0,0,0,6.09,93.91,0.00,N/A,2.54,12.68,208.22,0.20,5.00,0.01,0.30,0.11,1.55,0.07,1.00,0.05,0.06,0.24,0.82,0.0020,0.0027,     0,0,0,7.30,92.70,0.00,N/A,24.26,15.65,208.22,1.55,38.75,0.11,2.83,0.01,1.27,0.01,1.00,0.01,0.01,0.41,0.8,  0.001,0.0040,     0,0,0,1.17,98.83,0.00,N/A,3.18,2.51,208.22,1.27,31.65,0.01,0.37,0.20,1.95,0.10,1.00,0.05,0.08,0.39,0.81,0.0011,0.0019,     0,0,0,10.38,89.62,0.00,N/A,41.56,21.30,208.22,1.95,48.77,0.20,5.06,0.23,1.93,0.12,1.00,0.06,0.10,0.37,0.82,0.0013,0.0021,     0,0,0,11.87,88.13,0.00,N/A,48.19,24.94,208.22,1.93,48.31,0.23,5.74,0.02,1.17,0.02,1.00,0.02,0.02,0.11,0.82,0.0036,0.0042,     0,0,0,2.04,97.96,0.00,N/A,5.11,4.37,208.22,1.17,29.19,0.02,0.60,0.20,1.99,0.10,1.00,0.05,0.08,0.40,0.82,0.0011,0.0019,     0,0,0,10.14,89.86,0.00,N/A,41.32,20.81,208.22,1.99,49.64,0.20,5.03,0.00,0.34,0.00,1.00,0.00,0.00,0.58,0.60,0.0013,0.0062,     0,0,0,0.23,99.77,0.00,N/A,0.17,0.48,208.22,0.34,8.62,0.00,0.02,0.01,0.19,0.06,1.00,0.00,0.01,0.21,0.88,0.0018,0.0023,     0,0,0,6.13,93.87,0.00,N/A,2.42,12.76,208.22,0.19,4.74,0.01,0.29,0.05,1.61,0.03,1.00,0.02,0.03,0.27,0.83,0.0020,0.0028,     0,0,0,3.18,96.82,0.00,N/A,10.48,6.53,208.22,1.61,40.14,0.05,1.28,0.20,1.83,0.11,1.00,0.07,0.10,0.29,0.81,0.0016,0.0023,     0,0,0,10.92,89.08,0.00,N/A,41.89,22.94,208.22,1.83,45.66,0.20,4.99,0.19,1.76,0.11,1.00,0.07,0.10,0.26,0.83,0.0017,0.0025,     0,0,0,10.89,89.11,0.00,N/A,40.20,22.88,208.22,1.76,43.93,0.19,4.79,0.00,0.39,0.00,1.00,0.00,0.00,0.64,0.78,0.0010,0.0038,     0,0,0,0.08,99.92,0.00,N/A,0.06,0.17,208.22,0.39,9.73,0.00,0.01,0.18,1.64,0.11,1.00,0.07,0.11,0.29,0.81,0.0020,0.0029,     0,0,0,10.90,89.10,0.00,N/A,37.55,22.89,208.22,1.64,41.01,0.18,4.47,0.18,1.69,0.11,1.00,0.07,0.11,0.32,0.82,0.0018,0.0027,     0,0,0,10.89,89.11,0.00,N/A,38.63,22.88,208.22,1.69,42.21,0.18,4.60,0.02,1.45,0.01,1.00,0.01,0.01,0.09,0.83,0.0029,0.0032,     0,0,0,1.08,98.92,0.00,N/A,3.27,2.26,208.22,1.45,36.24,0.02,0.39,
2024-03-18,16:02:43.001,0.10,1.49,0.06,1.00,0.56,0.85,0.32,0.82,0.0017,0.0026,0.13,0.12,-2147483648,0.00,0.00,327.23,219.80,211.78,1.49,37.22,0.10,2.39,64.51,0.25,110.82,6.42,93.58,0.00,100.00,0.00,0.00,0.00,0.00,-nan,0.26,0.09,1.47,0.06,1.00,0.28,0.42,0.31,0.82,0.0017,0.0026,     0,0,0,0.08,0.07,-2147483648,0.00,0.00,N/A,161.70,110.28,211.78,1.47,36.66,0.09,2.34,0.10,1.51,0.06,1.00,0.28,0.43,0.32,0.82,0.0017,0.0026,     0,0,0,0.05,0.05,-2147483648,0.00,0.00,N/A,165.53,109.52,211.78,1.51,37.79,0.10,2.44,11.80,11.95,  9%,  9%,20.60,20.16, 16%, 15%,26.29,24.71, 21%, 19%,29.76,30.06, 23%, 23%,6.38,93.62,0.00,100.00,0.00,0.00,6.46,93.54,0.00,100.00,0.00,0.00,0.00,0.00,0.00 ,0.00 ,-nan ,-nan ,0.26,0.26,0.01,0.20,0.06,1.00,0.01,0.01,0.28,0.83,0.0021,0.0031,     0,0,0,6.12,93.88,0.00,N/A,2.65,12.97,211.78,0.20,5.10,0.01,0.31,0.19,1.76,0.11,1.00,0.07,0.10,0.33,0.82,0.0016,0.0025,     0,0,0,10.58,89.42,0.00,N/A,40.25,22.89,211.78,1.76,43.96,0.19,4.65,0.16,1.42,0.12,1.00,0.08,0.12,0.32,0.79,0.0022,0.0034,     0,0,0,11.52,88.48,0.00,N/A,35.32,24.91,211.78,1.42,35.45,0.16,4.08,0.00,0.29,0.00,1.00,0.00,0.00,0.28,0.55,0.0036,0.0086,     0,0,0,0.32,99.68,0.00,N/A,0.19,0.67,211.78,0.29,7.23,0.00,0.02,0.20,1.88,0.11,1.00,0.06,0.10,0.35,0.83,0.0014,0.0022,     0,0,0,10.58,89.42,0.00,N/A,43.01,22.89,211.78,1.88,46.98,0.20,4.97,0.17,1.64,0.11,1.00,0.07,0.09,0.24,0.83,0.0018,0.0024,     0,0,0,10.58,89.42,0.00,N/A,37.49,22.88,211.78,1.64,40.97,0.17,4.33,0.00,0.75,0.00,1.00,0.00,0.00,0.48,0.67,0.0008,0.0025,     0,0,0,0.22,99.78,0.00,N/A,0.35,0.46,211.78,0.75,18.84,0.00,0.04,0.01,0.93,0.01,1.00,0.00,0.00,0.14,0.75,0.0013,0.0018,     0,0,0,1.14,98.86,0.00,N/A,2.44,2.61,211.78,0.93,23.31,0.01,0.27,0.01,0.19,0.06,1.00,0.00,0.01,0.25,0.87,0.0017,0.0026,     0,0,0,6.09,93.91,0.00,N/A,2.50,12.82,211.78,0.19,4.87,0.01,0.30,0.01,0.53,0.01,1.00,0.01,0.01,0.04,0.49,0.0041,0.0045,     0,0,0,1.13,98.87,0.00,N/A,1.26,2.37,211.78,0.53,13.29,0.01,0.15,0.19,1.61,0.12,1.00,0.07,0.11,0.35,0.82,0.0017,0.0027,     0,0,0,11.76,88.24,0.00,N/A,40.25,24.93,211.78,1.61,40.35,0.19,4.74,0.18,1.67,0.11,1.00,0.07,0.10,0.29,0.83,0.0018,0.0027,     0,0,0,10.79,89.21,0.00,N/A,38.13,22.88,211.78,1.67,41.66,0.18,4.49,0.02,1.50,0.01,1.00,0.01,0.01,0.29,0.82,0.0020,0.0030,     0,0,0,1.17,98.83,0.00,N/A,3.82,2.55,211.78,1.50,37.55,0.02,0.44,0.20,1.95,0.10,1.00,0.05,0.08,0.34,0.82,0.0013,0.0021,     0,0,0,10.12,89.88,0.00,N/A,40.53,20.82,211.78,1.95,48.66,0.20,4.93,0.18,1.70,0.11,1.00,0.07,0.11,0.33,0.82,0.0017,0.0027,     0,0,0,10.79,89.21,0.00,N/A,38.91,22.89,211.78,1.70,42.51,0.18,4.59,0.00,0.51,0.00,1.00,0.00,0.00,0.67,0.76,0.0006,0.0026,     0,0,0,0.12,99.88,0.00,N/A,0.13,0.26,211.78,0.51,12.78,0.00,0.02,
2024-03-18,16:02:43.097,0.10,1.41,0.07,1.00,0.62,0.92,0.29,0.82,0.0019,0.0028,0.16,0.15,-2147483648,0.00,0.00,333.02,236.58,208.40,1.41,35.19,0.10,2.49,52.37,0.17,140.92,7.07,92.93,0.00,100.00,0.00,0.00,0.00,0.00,-nan,0.23,0.10,1.36,0.07,1.00,0.31,0.45,0.30,0.82,0.0020,0.0029,     0,0,0,0.06,0.04,-2147483648,0.00,0.00,N/A,157.87,116.08,208.40,1.36,34.00,0.10,2.38,0.10,1.45,0.07,1.00,0.31,0.46,0.29,0.82,0.0018,0.0026,     0,0,0,0.10,0.11,-2147483648,0.00,0.00,N/A,175.15,120.50,208.40,1.45,36.34,0.10,2.59,14.01,12.07, 11%,  9%,13.29,13.00, 10%, 10%,27.27,24.72, 22%, 20%,44.12,44.81, 35%, 36%,7.00,93.00,0.00,100.00,0.00,0.00,7.13,92.87,0.00,100.00,0.00,0.00,0.00,0.00,0.00 ,0.00 ,-nan ,-nan ,0.23,0.24,0.02,0.25,0.07,1.00,0.01,0.01,0.38,0.77,0.0020,0.0034,     0,0,0,6.87,93.13,0.00,N/A,3.59,14.31,208.40,0.25,6.26,0.02,0.43,0.18,1.62,0.11,1.00,0.07,0.11,0.31,0.83,0.0020,0.0028,     0,0,0,10.89,89.11,0.00,N/A,37.03,22.88,208.40,1.62,40.47,0.18,4.41,0.17,1.57,0.11,1.00,0.07,0.11,0.33,0.81,0.0020,0.0031,     0,0,0,10.89,89.11,0.00,N/A,35.95,22.88,208.40,1.57,39.29,0.17,4.28,0.01,0.91,0.01,1.00,0.00,0.00,0.24,0.69,0.0008,0.0013,     0,0,0,1.36,98.64,0.00,N/A,2.61,2.85,208.40,0.91,22.84,0.01,0.31,0.17,1.60,0.11,1.00,0.08,0.11,0.29,0.82,0.0021,0.0030,     0,0,0,10.89,89.11,0.00,N/A,36.68,22.87,208.40,1.60,40.10,0.17,4.37,0.16,1.51,0.11,1.00,0.07,0.10,0.26,0.83,0.0020,0.0028,     0,0,0,10.89,89.11,0.00,N/A,34.63,22.87,208.40,1.51,37.85,0.16,4.12,0.00,0.39,0.01,1.00,0.00,0.00,0.27,0.68,0.0032,0.0067,     0,0,0,0.81,99.19,0.00,N/A,0.66,1.69,208.40,0.39,9.75,0.00,0.08,0.04,1.17,0.03,1.00,0.01,0.01,0.12,0.75,0.0010,0.0013,     0,0,0,3.01,96.99,0.00,N/A,6.72,5.73,208.40,1.17,29.32,0.04,0.88,0.02,0.29,0.07,1.00,0.01,0.01,0.41,0.81,0.0012,0.0023,     0,0,0,6.73,93.27,0.00,N/A,4.06,14.11,208.40,0.29,7.20,0.02,0.48,0.04,1.09,0.03,1.00,0.01,0.01,0.30,0.83,0.0007,0.0011,     0,0,0,3.45,96.55,0.00,N/A,7.89,7.23,208.40,1.09,27.27,0.04,0.94,0.16,1.53,0.11,1.00,0.08,0.12,0.30,0.81,0.0023,0.0033,     0,0,0,10.69,89.31,0.00,N/A,34.93,22.90,208.40,1.53,38.13,0.16,4.08,0.18,1.68,0.11,1.00,0.07,0.10,0.25,0.83,0.0018,0.0026,     0,0,0,10.71,89.29,0.00,N/A,38.56,22.94,208.40,1.68,42.01,0.18,4.50,0.22,1.86,0.12,1.00,0.07,0.10,0.30,0.82,0.0015,0.0022,     0,0,0,11.63,88.37,0.00,N/A,46.41,24.92,208.40,1.86,46.57,0.22,5.42,0.01,0.82,0.01,1.00,0.00,0.00,0.36,0.81,0.0009,0.0018,     0,0,0,0.79,99.21,0.00,N/A,1.36,1.65,208.40,0.82,20.61,0.01,0.16,0.19,1.63,0.12,1.00,0.08,0.12,0.30,0.82,0.0019,0.0029,     0,0,0,11.65,88.35,0.00,N/A,40.60,24.96,208.40,1.63,40.67,0.19,4.74,0.01,0.75,0.01,1.00,0.00,0.00,0.41,0.67,0.0010,0.0025,     0,0,0,0.88,99.12,0.00,N/A,1.35,1.79,208.40,0.75,18.75,0.01,0.17,
2024-03-18,16:02:43.199,0.10,1.53,0.06,1.00,0.53,0.81,0.32,0.82,0.0016,0.0025,0.15,0.14,-2147483648,0.00,0.00,323.63,211.07,211.81,1.53,38.33,0.10,2.42,50.82,0.18,107.97,6.31,93.69,0.00,100.00,0.00,0.00,0.00,0.00,-nan,0.25,0.10,1.53,0.06,1.00,0.25,0.39,0.33,0.82,0.0016,0.0024,     0,0,0,0.07,0.07,-2147483648,0.00,0.00,N/A,160.50,105.03,211.81,1.53,38.20,0.10,2.41,0.10,1.54,0.06,1.00,0.28,0.42,0.30,0.82,0.0017,0.0026,     0,0,0,0.07,0.08,-2147483648,0.00,0.00,N/A,163.13,106.04,211.81,1.54,38.46,0.10,2.43,11.00,10.95,  9%,  8%,14.59,14.28, 11%, 11%,26.24,25.85, 21%, 21%,27.81,28.07, 22%, 22%,6.31,93.69,0.00,100.00,0.00,0.00,6.32,93.68,0.00,100.00,0.00,0.00,0.00,0.00,0.00 ,0.00 ,-nan ,-nan ,0.25,0.25,0.01,0.22,0.06,1.00,0.01,0.01,0.26,0.84,0.0019,0.0027,     0,0,0,6.26,93.74,0.00,N/A,2.94,13.26,211.81,0.22,5.54,0.01,0.35,0.18,1.76,0.10,1.00,0.06,0.09,0.33,0.82,0.0016,0.0024,     0,0,0,10.37,89.63,0.00,N/A,36.56,20.82,211.81,1.76,43.89,0.18,4.55,0.18,1.75,0.10,1.00,0.05,0.09,0.36,0.81,0.0015,0.0024,     0,0,0,10.50,89.50,0.00,N/A,36.82,21.08,211.81,1.75,43.66,0.18,4.58,0.02,1.41,,4,0,1.00,0.01,0.01,0.38,0.82,0.0021,0.0034,     0,0,0,1.11,98.89,0.00,N/A,3.40,2.41,211.81,1.41,35.24,0.02,0.39,0.20,1.81,0.11,1.00,0.06,0.10,0.35,0.83,0.0015,0.0024,     0,0,0,11.12,88.88,0.00,N/A,41.51,22.87,211.81,1.81,45.37,0.20,5.04,0.17,1.68,0.10,1.00,0.06,0.08,0.28,0.83,0.0016,0.0023,     0,0,0,10.37,89.63,0.00,N/A,35.00,20.82,211.81,1.68,42.02,0.17,4.36,0.02,1.24,0.02,1.00,0.01,0.01,0.39,0.81,0.0018,0.0032,     0,0,0,1.52,98.48,0.00,N/A,4.10,3.30,211.81,1.24,31.08,0.02,0.47,0.00,0.38,0.00,1.00,0.00,0.00,0.54,0.59,0.0018,0.0066,     0,0,0,0.22,99.78,0.00,N/A,0.18,0.46,211.81,0.38,9.61,0.00,0.02,0.01,0.19,0.06,1.00,0.00,0.01,0.22,0.87,0.0018,0.0025,     0,0,0,6.02,93.98,0.00,N/A,2.47,12.75,211.81,0.19,4.84,0.01,0.29,0.02,1.42,0.02,1.00,0.01,0.02,0.30,0.79,0.0022,0.0034,     0,0,0,1.53,98.47,0.00,N/A,4.68,3.31,211.81,1.42,35.38,0.02,0.54,0.18,1.74,0.10,1.00,0.06,0.09,0.33,0.82,0.0016,0.0025,     0,0,0,10.37,89.63,0.00,N/A,36.19,20.82,211.81,1.74,43.45,0.18,4.50,0.17,1.55,0.11,1.00,0.08,0.11,0.23,0.80,0.0023,0.0032,     0,0,0,11.09,88.91,0.00,N/A,35.39,22.83,211.81,1.55,38.76,0.17,4.30,0.20,1.95,0.10,1.00,0.05,0.08,0.34,0.82,0.0013,0.0021,     0,0,0,10.11,89.89,0.00,N/A,39.49,20.30,211.81,1.95,48.63,0.20,4.91,0.02,1.45,0.01,1.00,0.01,0.01,0.39,0.81,0.0019,0.0033,     0,0,0,1.08,98.92,0.00,N/A,3.39,2.34,211.81,1.45,36.26,0.02,0.39,0.17,1.75,0.10,1.00,0.06,0.09,0.32,0.82,0.0016,0.0025,     0,0,0,9.72,90.28,0.00,N/A,36.36,20.82,211.81,1.75,43.65,0.17,4.24,0.02,1.80,0.01,1.00,0.00,0.01,0.31,0.80,0.0009,0.0015,     0,0,0,1.35,98.65,0.00,N/A,5.15,2.86,211.81,1.80,44.97,0.02,0.61,
2024-03-18,16:02:43.296,0.09,1.31,0.07,1.00,0.69,1.02,0.31,0.82,0.0022,0.0033,0.18,0.16,-2147483648,0.00,0.00,314.06,240.14,209.94,1.31,32.70,0.09,2.34,31.56,0.09,83.55,7.14,92.86,0.00,100.00,0.00,0.00,0.00,0.00,-nan,0.25,0.08,1.25,0.06,1.00,0.24,0.40,0.39,0.82,0.0019,0.0031,     0,0,0,0.06,0.05,-2147483648,0.00,0.00,N/A,128.82,103.17,209.94,1.25,31.22,0.08,1.92,0.11,1.35,0.08,1.00,0.45,0.62,0.25,0.82,0.0024,0.0034,     0,0,0,0.12,0.11,-2147483648,0.00,0.00,N/A,185.23,136.97,209.94,1.35,33.81,0.11,2.75,8.76,8.59,  7%,  7%,7.24,6.96,  5%,  5%,18.78,18.74, 15%, 15%,22.93,23.10, 18%, 18%,6.16,93.84,0.00,100.00,0.00,0.00,8.12,91.88,0.00,100.00,0.00,0.00,0.00,0.00,0.00 ,0.00 ,-nan ,-nan ,0.26,0.25,0.02,0.24,0.07,1.00,0.01,0.01,0.30,0.77,0.0024,0.0037,     0,0,0,7.12,92.88,0.00,N/A,3.58,14.95,209.94,0.24,5.99,0.02,0.43,0.01,0.78,0.02,1.00,0.01,0.01,0.37,0.66,0.0017,0.0029,     0,0,0,1.90,98.10,0.00,N/A,3.10,3.99,209.94,0.78,19.43,0.01,0.37,0.03,1.23,0.03,1.00,0.01,0.02,0.43,0.81,0.0013,0.0023,     0,0,0,2.50,97.50,0.00,N/A,6.60,5.38,209.94,1.23,30.65,0.03,0.77,0.16,1.59,0.10,1.00,0.06,0.11,0.40,0.83,0.0019,0.0032,     0,0,0,10.15,89.85,0.00,N/A,33.15,20.81,209.94,1.59,39.83,0.16,4.04,0.15,1.44,0.10,1.00,0.07,0.11,0.40,0.82,0.0022,0.0037,     0,0,0,10.15,89.85,0.00,N/A,29.93,20.81,209.94,1.44,35.96,0.15,3.65,0.06,1.31,0.04,1.00,0.01,0.02,0.30,0.79,0.0012,0.0018,     0,0,0,4.20,95.80,0.00,N/A,11.83,9.04,209.94,1.31,32.74,0.06,1.38,0.15,1.49,0.10,1.00,0.06,0.11,0.39,0.82,0.0021,0.0034,     0,0,0,10.14,89.86,0.00,N/A,30.92,20.79,209.94,1.49,37.17,0.15,3.77,0.05,1.31,0.04,1.00,0.01,0.02,0.43,0.86,0.0011,0.0020,     0,0,0,3.52,96.48,0.00,N/A,9.71,7.40,209.94,1.31,32.80,0.05,1.16,0.01,0.19,0.07,1.00,0.01,0.01,0.34,0.84,0.0019,0.0031,     0,0,0,6.79,93.21,0.00,N/A,2.77,14.26,209.94,0.19,4.85,0.01,0.33,0.18,1.68,0.11,1.00,0.08,0.11,0.28,0.82,0.0021,0.0030,     0,0,0,10.79,89.21,0.00,N/A,38.54,22.88,209.94,1.68,42.12,0.18,4.54,0.00,0.63,0.00,1.00,0.00,0.00,0.17,0.68,0.0016,0.0029,     0,0,0,0.50,99.50,0.00,N/A,0.65,1.04,209.94,0.63,15.64,0.00,0.08,0.18,1.50,0.12,1.00,0.10,0.13,0.22,0.83,0.0025,0.0034,     0,0,0,11.75,88.25,0.00,N/A,37.40,24.93,209.94,1.50,37.51,0.18,4.41,0.01,0.75,0.02,1.00,0.00,0.01,0.37,0.75,0.0013,0.0022,     0,0,0,1.52,98.48,0.00,N/A,2.38,3.20,209.94,0.75,18.63,0.01,0.28,0.15,1.35,0.11,1.00,0.09,0.13,0.27,0.82,0.0029,0.0042,     0,0,0,10.78,89.22,0.00,N/A,30.85,22.87,209.94,1.35,33.73,0.15,3.64,0.19,1.70,0.11,1.00,0.08,0.10,0.19,0.82,0.0021,0.0027,     0,0,0,11.23,88.77,0.00,N/A,38.77,22.86,209.94,1.70,42.39,0.19,4.76,0.16,1.36,0.11,1.00,0.09,0.13,0.27,0.81,0.0028,0.0039,     0,0,0,11.49,88.51,0.00,N/A,33.87,24.93,209.94,1.36,33.96,0.16,3.90,
2024-03-18,16:02:43.395,0.11,1.71,0.06,1.00,0.45,0.66,0.30,0.81,0.0013,0.0019,0.11,0.10,-2147483648,0.00,0.00,354.78,208.06,210.18,1.71,42.63,0.11,2.65,35.01,0.17,67.85,6.21,93.79,0.00,100.00,0.00,0.00,0.00,0.00,-nan,0.24,0.08,1.66,0.05,1.00,0.14,0.24,0.41,0.82,0.0010,0.0018,     0,0,0,0.04,0.04,-2147483648,0.00,0.00,N/A,135.22,81.27,210.18,1.66,41.60,0.08,2.01,0.13,1.73,0.08,1.00,0.31,0.42,0.24,0.81,0.0014,0.0019,     0,0,0,0.07,0.06,-2147483648,0.00,0.00,N/A,219.56,126.79,210.18,1.73,43.29,0.13,3.30,12.37,10.96, 10%,  8%,5.95,5.73,  4%,  4%,24.52,21.65, 20%, 17%,10.88,10.81,  8%,  8%,4.82,95.18,0.00,100.00,0.00,0.00,7.61,92.39,0.00,100.00,0.00,0.00,0.00,0.00,0.00 ,0.00 ,-nan ,-nan ,0.24,0.25,0.02,0.29,0.06,1.00,0.01,0.02,0.49,0.82,0.0019,0.0038,     0,0,0,6.43,93.57,0.00,N/A,3.95,13.51,210.18,0.29,7.31,0.02,0.47,0.02,1.59,0.01,1.00,0.01,0.01,0.37,0.83,0.0019,0.0030,     0,0,0,1.03,98.97,0.00,N/A,3.51,2.21,210.18,1.59,39.63,0.02,0.41,0.21,2.11,0.10,1.00,0.03,0.06,0.41,0.82,0.0008,0.0013,     0,0,0,10.15,89.85,0.00,N/A,44.03,20.82,210.18,2.11,52.86,0.21,5.36,0.01,1.14,0.01,1.00,0.01,0.01,0.09,0.81,0.0037,0.0042,     0,0,0,1.05,98.95,0.00,N/A,2.57,2.25,210.18,1.14,28.50,0.01,0.30,0.01,1.41,0.01,1.00,0.01,0.01,0.38,0.81,0.0022,0.0038,     0,0,0,1.02,98.98,0.00,N/A,3.10,2.20,210.18,1.41,35.25,0.01,0.36,0.20,1.92,0.10,1.00,0.04,0.08,0.43,0.81,0.0011,0.0020,     0,0,0,10.22,89.78,0.00,N/A,40.26,20.97,210.18,1.92,47.99,0.20,4.90,0.16,2.07,0.08,1.00,0.03,0.05,0.43,0.83,0.0007,0.0013,     0,0,0,7.94,92.06,0.00,N/A,34.50,16.68,210.18,2.07,51.71,0.16,4.10,0.02,1.26,0.01,1.00,0.01,0.01,0.45,0.81,0.0020,0.0037,     0,0,0,1.25,98.75,0.00,N/A,3.31,2.63,210.18,1.26,31.52,0.02,0.39,0.01,0.19,0.06,1.00,0.00,0.01,0.24,0.88,0.0017,0.0023,     0,0,0,5.91,94.09,0.00,N/A,2.37,12.42,210.18,0.19,4.77,0.01,0.28,0.20,1.82,0.11,1.00,0.07,0.10,0.23,0.79,0.0018,0.0023,     0,0,0,11.01,88.99,0.00,N/A,41.68,22.89,210.18,1.82,45.51,0.20,5.01,0.01,1.19,0.01,1.00,0.01,0.01,0.34,0.81,0.0026,0.0042,     0,0,0,1.20,98.80,0.00,N/A,3.07,2.57,210.18,1.19,29.86,0.01,0.36,0.21,1.92,0.11,1.00,0.07,0.09,0.22,0.83,0.0015,0.0021,     0,0,0,11.01,88.99,0.00,N/A,44.05,22.89,210.18,1.92,48.11,0.21,5.30,0.00,0.44,0.01,1.00,0.00,0.00,0.32,0.65,0.0026,0.0044,     0,0,0,0.67,99.33,0.00,N/A,0.62,1.40,210.18,0.44,11.02,0.00,0.07,0.22,2.00,0.11,1.00,0.05,0.07,0.28,0.82,0.0011,0.0016,     0,0,0,11.01,88.99,0.00,N/A,45.75,22.90,210.18,2.00,49.95,0.22,5.50,0.21,2.02,0.10,1.00,0.05,0.06,0.20,0.81,0.0012,0.0015,     0,0,0,10.27,89.73,0.00,N/A,42.15,20.86,210.18,2.02,50.51,0.21,5.19,0.20,1.91,0.10,1.00,0.05,0.07,0.28,0.81,0.0013,0.0018,     0,0,0,10.26,89.74,0.00,N/A,39.88,20.85,210.18,1.91,47.82,0.20,4.91,
2024-03-18,16:02:43.496,0.09,1.52,0.06,1.00,0.53,0.81,0.32,0.82,0.0017,0.0025,0.15,0.13,-2147483648,0.00,0.00,317.68,209.41,210.03,1.52,37.93,0.09,2.36,45.67,0.16,142.52,6.22,93.78,0.00,100.00,0.00,0.00,0.00,0.00,-nan,0.25,0.09,1.48,0.06,1.00,0.25,0.38,0.33,0.82,0.0016,0.0025,     0,0,0,0.05,0.03,-2147483648,0.00,0.00,N/A,151.05,101.86,210.03,1.48,37.07,0.09,2.25,0.10,1.55,0.06,1.00,0.28,0.43,0.31,0.82,0.0017,0.0026,     0,0,0,0.10,0.10,-2147483648,0.00,0.00,N/A,166.63,107.55,210.03,1.55,38.73,0.10,2.46,15.32,15.56, 12%, 12%,7.56,7.24,  6%,  5%,35.02,35.29, 28%, 28%,35.85,36.37, 28%, 29%,6.08,93.92,0.00,100.00,0.00,0.00,6.35,93.65,0.00,100.00,0.00,0.00,0.00,0.00,0.00 ,0.00 ,-nan ,-nan ,0.26,0.25,0.02,0.36,0.07,1.00,0.01,0.02,0.49,0.80,0.0018,0.0041,     0,0,0,6.87,93.13,0.00,N/A,5.13,14.43,210.03,0.36,8.88,0.02,0.61,0.18,1.75,0.10,1.00,0.06,0.09,0.32,0.82,0.0017,0.0025,     0,0,0,10.14,89.86,0.00,N/A,36.31,20.81,210.03,1.75,43.63,0.18,4.42,0.00,0.38,0.00,1.00,0.00,0.00,0.76,0.82,0.0004,0.0022,     0,0,0,0.07,99.93,0.00,N/A,0.06,0.15,210.03,0.38,9.54,0.00,0.01,0.17,1.67,0.10,1.00,0.06,0.08,0.23,0.83,0.0016,0.0022,     0,0,0,10.20,89.80,0.00,N/A,35.00,20.92,210.03,1.67,41.81,0.,1.00,4,0.19,1.73,0.11,1.00,0.06,0.10,0.36,0.81,0.0015,0.0024,     0,0,0,10.89,89.11,0.00,N/A,39.59,22.87,210.03,1.73,43.29,0.19,4.71,0.02,1.24,0.01,1.00,0.01,0.01,0.39,0.82,0.0015,0.0029,     0,0,0,1.35,98.65,0.00,N/A,3.59,2.89,210.03,1.24,31.05,0.02,0.42,0.13,1.66,0.08,1.00,0.05,0.08,0.37,0.82,0.0017,0.0028,     0,0,0,8.00,92.00,0.00,N/A,27.94,16.80,210.03,1.66,41.58,0.13,3.33,0.02,1.15,0.01,1.00,0.01,0.01,0.38,0.81,0.0021,0.0037,     0,0,0,1.43,98.57,0.00,N/A,3.44,2.99,210.03,1.15,28.69,0.02,0.41,0.01,0.19,0.06,1.00,0.00,0.01,0.22,0.87,0.0019,0.0026,     0,0,0,6.09,93.91,0.00,N/A,2.48,12.80,210.03,0.19,4.85,0.01,0.30,0.22,2.06,0.11,1.00,0.06,0.09,0.33,0.82,0.0012,0.0018,     0,0,0,10.80,89.20,0.00,N/A,47.25,22.90,210.03,2.06,51.59,0.22,5.57,0.18,1.70,0.11,1.00,0.06,0.10,0.35,0.82,0.0017,0.0026,     0,0,0,10.79,89.21,0.00,N/A,39.00,22.89,210.03,1.70,42.60,0.18,4.60,0.16,1.53,0.11,1.00,0.08,0.11,0.29,0.83,0.0022,0.0033,     0,0,0,10.79,89.21,0.00,N/A,34.99,22.89,210.03,1.53,38.22,0.16,4.12,0.00,0.36,0.00,1.00,0.00,0.00,0.42,0.67,0.0020,0.0062,     0,0,0,0.18,99.82,0.00,N/A,0.14,0.38,210.03,0.36,9.03,0.00,0.02,0.18,1.71,0.11,1.00,0.07,0.10,0.33,0.82,0.0017,0.0027,     0,0,0,10.79,89.21,0.00,N/A,39.22,22.88,210.03,1.71,42.85,0.18,4.62,0.02,1.39,0.01,1.00,0.01,0.01,0.13,0.82,0.0028,0.0033,     0,0,0,1.14,98.86,0.00,N/A,3.39,2.44,210.03,1.39,34.72,0.02,0.39,0.00,0.42,0.00,1.00,0.00,0.00,0.40,0.60,0.0030,0.0070,     0,0,0,0.18,99.82,0.00,N/A,0.16,0.38,210.03,0.42,10.45,0.00,0.02,
2024-03-18,16:02:43.596,0.10,1.41,0.07,1.00,0.62,0.91,0.30,0.82,0.0019,0.0027,0.15,0.12,-2147483648,0.00,0.00,331.70,234.56,209.88,1.41,35.35,0.10,2.46,27.24,0.10,75.02,6.97,93.03,0.00,100.00,0.00,0.00,0.00,0.00,-nan,0.24,0.08,1.32,0.06,1.00,0.24,0.39,0.36,0.82,0.0018,0.0029,     0,0,0,0.08,0.06,-2147483648,0.00,0.00,N/A,134.43,102.15,209.88,1.32,32.90,0.08,1.99,0.12,1.49,0.08,1.00,0.38,0.52,0.24,0.82,0.0019,0.0026,     0,0,0,0.07,0.06,-2147483648,0.00,0.00,N/A,197.27,132.41,209.88,1.49,37.25,0.12,2.94,7.29,6.75,  5%,  5%,6.72,6.48,  5%,  5%,19.02,16.76, 15%, 13%,19.59,19.65, 15%, 15%,6.04,93.96,0.00,100.00,0.00,0.00,7.90,92.10,0.00,100.00,0.00,0.00,0.00,0.00,0.00 ,0.00 ,-nan ,-nan ,0.23,0.25,0.02,0.24,0.07,1.00,0.00,0.01,0.44,0.81,0.0015,0.0030,     0,0,0,6.52,93.48,0.00,N/A,3.30,13.68,209.88,0.24,6.03,0.02,0.39,0.02,0.85,0.02,1.00,0.00,0.01,0.20,0.72,0.0010,0.0015,     0,0,0,2.33,97.67,0.00,N/A,4.16,4.88,209.88,0.85,21.30,0.02,0.50,0.16,1.53,0.11,1.00,0.07,0.11,0.34,0.81,0.0021,0.0032,     0,0,0,10.56,89.44,0.00,N/A,34.96,22.91,209.88,1.53,38.15,0.16,4.03,0.03,1.12,0.02,1.00,0.00,0.01,0.32,0.89,0.0008,0.0012,     0,0,0,2.38,97.62,0.00,N/A,5.63,5.01,209.88,1.12,28.09,0.03,0.67,0.18,1.54,0.12,1.00,0.08,0.13,0.37,0.81,0.0020,0.0033,     0,0,0,11.76,88.24,0.00,N/A,38.47,24.95,209.88,1.54,38.54,0.18,4.53,0.20,1.70,0.12,1.00,0.07,0.12,0.37,0.83,0.0017,0.0028,     0,0,0,11.75,88.25,0.00,N/A,42.32,24.93,209.88,1.70,42.44,0.20,4.99,0.00,0.75,0.01,1.00,0.00,0.00,0.42,0.68,0.0012,0.0029,     0,0,0,0.64,99.36,0.00,N/A,1.01,1.35,209.88,0.75,18.73,0.00,0.12,0.02,1.03,0.02,1.00,0.00,0.00,0.54,0.86,0.0004,0.0009,     0,0,0,2.12,97.88,0.00,N/A,4.59,4.45,209.88,1.03,25.82,0.02,0.55,0.01,0.19,0.06,1.00,0.00,0.01,0.32,0.86,0.0018,0.0027,     0,0,0,5.96,94.04,0.00,N/A,2.44,12.53,209.88,0.19,4.86,0.01,0.29,0.21,1.91,0.11,1.00,0.07,0.09,0.27,0.82,0.0015,0.0022,     0,0,0,10.90,89.10,0.00,N/A,43.70,22.88,209.88,1.91,47.75,0.21,5.20,0.15,1.39,0.11,1.00,0.09,0.12,0.26,0.81,0.0027,0.0038,     0,0,0,10.92,89.08,0.00,N/A,31.97,22.93,209.88,1.39,34.86,0.15,3.81,0.18,1.74,0.10,1.00,0.06,0.09,0.22,0.83,0.0018,0.0024,     0,0,0,10.28,89.72,0.00,N/A,36.29,20.87,209.88,1.74,43.46,0.18,4.47,0.02,0.97,0.02,1.00,0.01,0.01,0.28,0.81,0.0024,0.0036,     0,0,0,1.76,98.24,0.00,N/A,3.69,3.82,209.88,0.97,24.15,0.02,0.43,0.17,1.69,0.10,1.00,0.07,0.10,0.27,0.82,0.0019,0.0028,     0,0,0,10.25,89.75,0.00,N/A,35.11,20.80,209.88,1.69,42.19,0.17,4.32,0.18,1.66,0.11,1.00,0.07,0.09,0.17,0.82,0.0020,0.0024,     0,0,0,10.79,89.21,0.00,N/A,37.92,22.89,209.88,1.66,41.42,0.18,4.47,0.03,1.08,0.03,1.00,0.01,0.01,0.28,0.82,0.0014,0.0021,     0,0,0,2.71,97.29,0.00,N/A,6.16,5.69,209.88,1.08,27.07,0.03,0.73,
2024-03-18,16:02:43.697,0.09,1.27,0.07,1.00,0.71,1.04,0.28,0.82,0.0023,0.0033,0.19,0.16,-2147483648,0.00,0.00,313.49,246.40,209.96,1.27,31.81,0.09,2.33,31.05,0.09,76.60,7.33,92.67,0.00,100.00,0.00,0.00,0.00,0.00,-nan,0.26,0.07,1.25,0.06,1.00,0.25,0.39,0.36,0.82,0.0020,0.0031,     0,0,0,0.06,0.05,-2147483648,0.00,0.00,N/A,124.87,100.19,209.96,1.25,31.16,0.07,1.87,0.11,1.29,0.09,1.00,0.46,0.65,0.24,0.82,0.0025,0.0034,     0,0,0,0.13,0.11,-2147483648,0.00,0.00,N/A,188.62,146.22,209.96,1.29,32.25,0.11,2.79,8.89,8.31,  7%,  6%,7.05,6.79,  5%,  5%,18.52,18.28, 15%, 14%,19.84,19.95, 16%, 16%,5.99,94.01,0.00,100.00,0.00,0.00,8.66,91.34,0.00,100.00,0.00,0.00,0.00,0.00,0.00 ,0.00 ,-nan ,-nan ,0.26,0.27,0.03,0.37,0.07,1.00,0.01,0.02,0.53,0.74,0.0014,0.0032,     0,0,0,7.44,92.56,0.00,N/A,5.76,15.62,209.96,0.37,9.22,0.03,0.69,0.04,1.23,0.03,1.00,0.01,0.01,0.37,0.85,0.0008,0.0013,     0,0,0,2.93,97.07,0.00,N/A,7.58,6.15,209.96,1.23,30.80,0.04,0.90,0.16,1.49,0.11,1.00,0.08,0.12,0.33,0.82,0.0023,0.0034,     0,0,0,10.99,89.01,0.00,N/A,33.97,22.85,209.96,1.49,37.17,0.16,4.08,0.02,1.16,0.02,1.00,0.00,0.00,0.32,0.86,0.0007,0.0011,     0,0,0,1.79,98.21,0.00,N/A,4.34,3.75,209.96,1.16,28.97,0.02,0.52,0.15,1.40,0.11,1.00,0.08,0.12,0.36,0.81,0.0024,0.0038,     0,0,0,11.00,89.00,0.00,N/A,32.00,22.87,209.96,1.40,34.98,0.15,3.85,0.17,1.56,0.11,1.00,0.07,0.11,0.35,0.83,0.0020,0.0032,     0,0,0,11.00,89.00,0.00,N/A,35.64,22.86,209.96,1.56,38.97,0.17,4.29,0.00,0.42,0.00,1.00,0.00,0.00,0.66,0.67,0.0008,0.0053,     0,0,0,0.49,99.51,0.00,N/A,0.43,1.02,209.96,0.42,10.47,0.00,0.05,0.02,1.02,0.02,1.00,0.00,0.01,0.27,0.90,0.0006,0.0010,     0,0,0,2.41,97.59,0.00,N/A,5.15,5.07,209.96,1.02,25.42,0.02,0.61,0.03,0.33,0.08,1.00,0.01,0.03,0.57,0.70,0.0016,0.0044,     0,0,0,8.02,91.98,0.00,N/A,5.73,17.48,209.96,0.33,8.20,0.03,0.66,0.19,1.73,0.11,1.00,0.08,0.11,0.23,0.82,0.0021,0.0028,     0,0,0,11.01,88.99,0.00,N/A,39.53,22.88,209.96,1.73,43.19,0.19,4.75,0.15,1.34,0.11,1.00,0.09,0.13,0.24,0.81,0.0030,0.0041,     0,0,0,11.00,89.00,0.00,N/A,30.66,22.87,209.96,1.34,33.51,0.15,3.69,0.02,0.77,0.03,1.00,0.00,0.01,0.44,0.83,0.0005,0.0026,     0,0,0,2.91,97.09,0.00,N/A,4.68,6.10,209.96,0.77,19.17,0.02,0.56,0.16,1.41,0.11,1.00,0.09,0.12,0.24,0.82,0.0027,0.0038,     0,0,0,11.00,89.00,0.00,N/A,32.36,22.87,209.96,1.41,35.37,0.16,3.89,0.03,0.69,0.04,1.00,0.01,0.02,0.44,0.85,0.0010,0.0027,     0,0,0,3.95,96.05,0.00,N/A,5.74,8.29,209.96,0.69,17.30,0.03,0.68,0.18,1.62,0.11,1.00,0.09,0.11,0.18,0.82,0.0024,0.0030,     0,0,0,11.00,89.00,0.00,N/A,37.14,22.88,209.96,1.62,40.58,0.18,4.47,0.15,1.44,0.10,1.00,0.09,0.12,0.20,0.83,0.0028,0.0037,     0,0,0,10.40,89.60,0.00,N/A,32.79,22.85,209.96,1.44,35.88,0.15,3.73,
2024-03-18,16:02:43.796,0.11,1.60,0.07,1.00,0.56,0.78,0.26,0.81,0.0016,0.0022,0.14,0.11,-2147483648,0.00,0.00,356.84,223.39,211.99,1.60,39.93,0.11,2.65,34.56,0.14,62.89,6.63,93.37,0.00,100.00,0.00,0.00,0.00,0.00,-nan,0.24,0.08,1.48,0.05,1.00,0.22,0.33,0.33,0.80,0.0016,0.0025,     0,0,0,0.08,0.07,-2147483648,0.00,0.00,N/A,131.50,88.70,211.99,1.48,37.06,0.08,1.95,0.13,1.67,0.08,1.00,0.35,0.46,0.21,0.81,0.0015,0.0020,     0,0,0,0.06,0.05,-2147483648,0.00,0.00,N/A,225.34,134.69,211.99,1.67,41.82,0.13,3.35,7.97,8.92,  6%,  7%,9.02,8.65,  7%,  6%,19.00,19.47, 15%, 15%,12.25,12.17,  9%,  9%,5.26,94.74,0.00,100.00,0.00,0.00,8.00,92.00,0.00,100.00,0.00,0.00,0.00,0.00,0.00 ,0.00 ,-nan ,-nan ,0.24,0.24,0.01,0.22,0.06,1.00,0.00,0.01,0.31,0.85,0.0017,0.0027,     0,0,0,6.01,93.99,0.00,N/A,2.78,12.73,211.99,0.22,5.45,0.01,0.33,0.00,0.35,0.01,1.00,0.00,0.00,0.26,0.62,0.0027,0.0066,     0,0,0,0.50,99.50,0.00,N/A,0.37,1.06,211.99,0.35,8.66,0.00,0.04,0.24,2.04,0.12,1.00,0.05,0.08,0.34,0.82,0.0010,0.0016,     0,0,0,11.75,88.25,0.00,N/A,50.93,24.93,211.99,2.04,51.07,0.24,6.00,0.00,0.37,0.00,1.00,0.00,0.00,0.47,0.64,0.0020,0.0061,     0,0,0,0.35,99.65,0.00,N/A,0.28,0.74,211.99,0.37,9.32,0.00,0.03,0.14,1.42,0.10,1.00,0.08,0.12,0.33,0.78,0.0026,0.0040,     0,0,0,10.11,89.89,0.00,N/A,29.62,20.81,211.99,1.42,4,34.,0.14,3.60,0.20,1.82,0.11,1.00,0.07,0.10,0.30,0.80,0.0017,0.0024,     0,0,0,10.78,89.22,0.00,N/A,41.61,22.87,211.99,1.82,45.49,0.20,4.91,0.01,1.00,0.01,1.00,0.00,0.00,0.48,0.84,0.0002,0.0006,     0,0,0,1.49,98.51,0.00,N/A,3.15,3.14,211.99,1.00,25.10,0.01,0.37,0.01,1.15,0.01,1.00,0.01,0.01,0.33,0.78,0.0032,0.0048,     0,0,0,1.14,98.86,0.00,N/A,2.77,2.41,211.99,1.15,28.72,0.01,0.33,0.02,0.33,0.07,1.00,0.01,0.01,0.34,0.81,0.0015,0.0024,     0,0,0,7.08,92.92,0.00,N/A,4.78,14.42,211.99,0.33,8.28,0.02,0.59,0.21,1.96,0.11,1.00,0.07,0.09,0.24,0.81,0.0015,0.0020,     0,0,0,10.80,89.20,0.00,N/A,44.89,22.91,211.99,1.96,48.99,0.21,5.29,0.20,1.71,0.12,1.00,0.07,0.09,0.21,0.80,0.0017,0.0022,     0,0,0,11.75,88.25,0.00,N/A,42.55,24.92,211.99,1.71,42.69,0.20,5.02,0.00,0.61,0.00,1.00,0.00,0.00,0.38,0.55,0.0014,0.0042,     0,0,0,0.34,99.66,0.00,N/A,0.43,0.71,211.99,0.61,15.13,0.00,0.05,0.22,2.03,0.11,1.00,0.06,0.08,0.23,0.81,0.0013,0.0018,     0,0,0,10.80,89.20,0.00,N/A,46.40,22.91,211.99,2.03,50.63,0.22,5.47,0.05,1.92,0.02,1.00,0.01,0.01,0.18,0.80,0.0011,0.0015,     0,0,0,2.35,97.65,0.00,N/A,9.79,5.09,211.99,1.92,48.06,0.05,1.13,0.21,1.91,0.11,1.00,0.07,0.08,0.18,0.82,0.0015,0.0019,     0,0,0,10.80,89.20,0.00,N/A,43.68,22.91,211.99,1.91,47.67,0.21,5.15,0.16,1.58,0.10,1.00,0.06,0.08,0.17,0.82,0.0020,0.0024,     0,0,0,10.29,89.71,0.00,N/A,32.83,20.82,211.99,1.58,39.41,0.16,4.06,
2024-03-18,16:02:43.908,0.09,1.37,0.07,1.00,0.71,1.01,0.28,0.81,0.0023,0.0033,0.18,0.16,-2147483648,0.00,0.00,309.31,225.32,208.20,1.37,34.32,0.09,2.27,29.64,0.09,76.44,6.63,93.37,0.00,100.00,0.00,0.00,0.00,0.00,-nan,0.24,0.07,1.32,0.05,1.00,0.24,0.38,0.38,0.81,0.0021,0.0034,     0,0,0,0.05,0.05,-2147483648,0.00,0.00,N/A,113.37,85.86,208.20,1.32,33.01,0.07,1.69,0.11,1.40,0.08,1.00,0.47,0.63,0.22,0.81,0.0024,0.0032,     0,0,0,0.13,0.11,-2147483648,0.00,0.00,N/A,195.94,139.47,208.20,1.40,35.12,0.11,2.84,8.00,8.08,  6%,  6%,6.91,6.65,  5%,  5%,17.96,17.98, 14%, 14%,20.27,20.24, 16%, 16%,5.12,94.88,0.00,100.00,0.00,0.00,8.10,91.90,0.00,100.00,0.00,0.00,0.00,0.00,0.00 ,0.00 ,-nan ,-nan ,0.26,0.23,0.01,0.22,0.06,1.00,0.01,0.01,0.24,0.83,0.0021,0.0032,     0,0,0,6.39,93.61,0.00,N/A,2.87,13.30,208.20,0.22,5.39,0.01,0.34,0.03,2.05,0.02,1.00,0.00,0.00,0.37,0.79,0.0003,0.0005,     0,0,0,1.56,98.44,0.00,N/A,6.96,3.40,208.20,2.05,51.18,0.03,0.80,0.16,1.54,0.10,1.00,0.07,0.11,0.36,0.82,0.0022,0.0035,     0,0,0,10.24,89.76,0.00,N/A,32.00,20.80,208.20,1.54,38.47,0.16,3.94,0.03,2.04,0.01,1.00,0.00,0.00,0.37,0.80,0.0003,0.0006,     0,0,0,1.32,98.68,0.00,N/A,5.88,2.89,208.20,2.04,50.94,0.03,0.67,0.00,0.85,0.00,1.00,0.00,0.00,0.50,0.57,0.0006,0.0024,     0,0,0,0.34,99.66,0.00,N/A,0.60,0.71,208.20,0.85,21.21,0.00,0.07,0.15,1.45,0.10,1.00,0.07,0.12,0.38,0.81,0.0024,0.0039,     0,0,0,10.25,89.75,0.00,N/A,30.18,20.82,208.20,1.45,36.24,0.15,3.72,0.16,1.50,0.11,1.00,0.08,0.13,0.40,0.80,0.0023,0.0039,     0,0,0,10.91,89.09,0.00,N/A,34.39,22.86,208.20,1.50,37.62,0.16,4.11,0.00,0.45,0.01,1.00,0.00,0.00,0.37,0.54,0.0027,0.0065,     0,0,0,0.52,99.48,0.00,N/A,0.49,1.09,208.20,0.45,11.31,0.00,0.06,0.03,0.35,0.07,1.00,0.02,0.03,0.40,0.77,0.0025,0.0046,     0,0,0,7.29,92.71,0.00,N/A,6.08,17.60,208.20,0.35,8.64,0.03,0.63,0.20,1.69,0.12,1.00,0.09,0.12,0.22,0.80,0.0021,0.0029,     0,0,0,11.75,88.25,0.00,N/A,41.98,24.91,208.20,1.69,42.13,0.20,4.95,0.15,1.38,0.11,1.00,0.10,0.13,0.21,0.81,0.0031,0.0041,     0,0,0,10.79,89.21,0.00,N/A,31.48,22.88,208.20,1.38,34.40,0.15,3.71,0.00,0.50,0.01,1.00,0.00,0.00,0.16,0.72,0.0026,0.0039,     0,0,0,0.62,99.38,0.00,N/A,0.64,1.28,208.20,0.50,12.55,0.00,0.08,0.20,1.71,0.12,1.00,0.09,0.12,0.23,0.81,0.0020,0.0027,     0,0,0,11.74,88.26,0.00,N/A,42.59,24.90,208.20,1.71,42.76,0.20,5.02,0.13,1.32,0.10,1.00,0.09,0.12,0.20,0.82,0.0033,0.0043,     0,0,0,10.20,89.80,0.00,N/A,27.33,20.72,208.20,1.32,32.98,0.13,3.36,0.18,1.64,0.11,1.00,0.09,0.11,0.17,0.82,0.0022,0.0027,     0,0,0,11.10,88.90,0.00,N/A,40.90,24.95,208.20,1.64,40.98,0.18,4.55,0.02,2.21,0.01,1.00,0.00,0.00,0.21,0.78,0.0007,0.0009,     0,0,0,1.07,98.93,0.00,N/A,4.95,2.23,208.20,2.21,55.33,0.02,0.59,
2024-03-18,16:02:44.000,0.09,1.44,0.06,1.00,0.63,0.91,0.27,0.81,0.0021,0.0030,0.15,0.15,-2147483648,0.00,0.00,303.23,210.15,211.88,1.44,36.07,0.09,2.24,56.33,0.19,127.93,6.21,93.79,0.00,100.00,0.00,0.00,0.00,0.00,-nan,0.25,0.05,1.36,0.04,1.00,0.10,0.22,0.55,0.82,0.0012,0.0027,     0,0,0,0.06,0.07,-2147483648,0.00,0.00,N/A,83.03,61.19,211.88,1.36,33.92,0.05,1.22,0.13,1.48,0.09,1.00,0.54,0.68,0.18,0.81,0.0024,0.0031,     0,0,0,0.10,0.08,-2147483648,0.00,0.00,N/A,220.20,148.96,211.88,1.48,36.96,0.13,3.27,12.70,12.70, 10%, 10%,15.64,15.29, 12%, 12%,28.84,28.71, 23%, 23%,35.10,35.28, 28%, 28%,3.60,96.40,0.00,100.00,0.00,0.00,8.85,91.15,0.00,100.00,0.00,0.00,0.00,0.00,0.00 ,0.00 ,-nan ,-nan ,0.24,0.26,0.01,0.20,0.06,1.00,0.00,0.01,0.17,0.87,0.0019,0.0024,     0,0,0,6.08,93.92,0.00,N/A,2.58,12.89,211.88,0.20,5.01,0.01,0.30,0.19,1.76,0.11,1.00,0.04,0.10,0.57,0.82,0.0011,0.0025,     0,0,0,10.69,89.31,0.00,N/A,40.29,22.89,211.88,1.76,44.00,0.19,4.70,0.00,0.50,0.00,1.00,0.00,0.00,0.44,0.70,0.0016,0.0040,     0,0,0,0.34,99.66,0.00,N/A,0.36,0.72,211.88,0.50,12.46,0.00,0.04,0.18,1.67,0.11,1.00,0.05,0.11,0.55,0.80,0.0013,0.0030,     0,0,0,10.68,89.32,0.00,N/A,38.13,22.87,211.88,1.67,41.67,0.18,4.45,0.00,0.43,0.00,1.00,0.00,0.00,0.68,0.71,0.0007,0.0042,     0,0,0,0.09,99.91,0.00,N/A,0.08,0.20,211.88,0.43,10.72,0.00,0.01,0.00,0.42,0.00,1.00,0.00,0.00,0.85,0.75,0.0004,0.0033,     0,0,0,0.09,99.91,0.00,N/A,0.08,0.18,211.88,0.42,10.43,0.00,0.01,0.00,0.41,0.00,1.00,0.00,0.00,0.78,0.66,0.0011,0.0060,     0,0,0,0.13,99.87,0.00,N/A,0.12,0.29,211.88,0.41,10.18,0.00,0.01,0.01,1.21,0.01,1.00,0.00,0.00,0.42,0.71,0.0002,0.0006,     0,0,0,0.54,99.46,0.00,N/A,1.39,1.15,211.88,1.21,30.20,0.01,0.16,0.01,0.20,0.06,1.00,0.00,0.01,0.44,0.82,0.0019,0.0035,     0,0,0,6.06,93.94,0.00,N/A,2.12,10.84,211.88,0.20,4.88,0.01,0.30,0.16,1.49,0.11,1.00,0.08,0.10,0.16,0.82,0.0024,0.0030,     0,0,0,10.57,89.43,0.00,N/A,34.09,22.86,211.88,1.49,37.27,0.16,3.94,0.15,1.44,0.11,1.00,0.10,0.12,0.18,0.81,0.0029,0.0037,     0,0,0,10.68,89.32,0.00,N/A,32.92,22.87,211.88,1.44,35.98,0.15,3.84,0.14,1.48,0.09,1.00,0.09,0.11,0.17,0.82,0.0028,0.0035,     0,0,0,9.37,90.63,0.00,N/A,31.04,20.92,211.88,1.48,37.09,0.14,3.48,0.18,1.70,0.11,1.00,0.09,0.11,0.20,0.81,0.0022,0.0029,     0,0,0,10.67,89.33,0.00,N/A,38.87,22.85,211.88,1.70,42.52,0.18,4.54,0.00,0.66,0.00,1.00,0.00,0.00,0.28,0.62,0.0017,0.0027,     0,0,0,0.38,99.62,0.00,N/A,0.52,0.80,211.88,0.66,16.42,0.00,0.06,0.20,1.76,0.11,1.00,0.08,0.10,0.14,0.81,0.0021,0.0025,     0,0,0,11.34,88.66,0.00,N/A,40.15,22.86,211.88,1.76,43.90,0.20,4.98,0.18,1.62,0.11,1.00,0.09,0.12,0.20,0.80,0.0023,0.0031,     0,0,0,11.18,88.82,0.00,N/A,40.49,24.95,211.88,1.62,40.57,0.18,4.54,
2024-03-18,16:02:44.096,0.09,1.42,0.06,1.00,0.62,0.90,0.28,0.81,0.0020,0.0030,0.17,0.15,-2147483648,0.00,0.00,305.83,214.80,210.00,1.42,35.59,0.09,2.31,33.68,0.10,82.58,6.49,93.51,0.00,100.00,0.00,0.00,0.00,0.00,-nan,0.25,0.05,1.31,0.04,1.00,0.13,0.26,0.51,0.81,0.0014,0.0030,     0,0,0,0.03,0.03,-2147483648,0.00,0.00,N/A,87.31,66.78,210.00,1.31,32.69,0.05,1.31,0.13,1.48,0.09,1.00,0.50,0.64,0.19,0.81,0.0023,0.0029,     0,0,0,0.14,0.13,-2147483648,0.00,0.00,N/A,218.51,148.02,210.00,1.48,36.91,0.13,3.34,9.24,7.87,  7%,  6%,8.42,8.16,  6%,  6%,20.26,20.26, 16%, 16%,21.04,21.03, 17%, 17%,3.99,96.01,0.00,100.00,0.00,0.00,9.05,90.95,0.00,100.00,0.00,0.00,0.00,0.00,0.00 ,0.00 ,-nan ,-nan ,0.26,0.24,0.01,0.21,0.06,1.00,0.01,0.01,0.22,0.86,0.0020,0.0027,     0,0,0,6.36,93.64,0.00,N/A,2.75,13.36,210.00,0.21,5.14,0.01,0.33,0.20,1.78,0.11,1.00,0.05,0.11,0.55,0.81,0.0012,0.0027,     0,0,0,11.24,88.76,0.00,N/A,40.65,22.89,210.00,1.78,44.40,0.20,4.99,0.01,1.02,0.01,1.00,0.01,0.01,0.16,0.81,0.0034,0.0041,     0,0,0,1.28,98.72,0.00,N/A,2.81,2.76,210.00,1.02,25.52,0.01,0.33,0.19,1.66,0.11,1.00,0.06,0.12,0.52,0.80,0.0015,0.0032,     0,0,0,11.23,88.77,0.00,N/A,37.96,22.88,210.00,1.66,41.48,0.19,4.66,0.00,0.60,0.01,1.00,0.00,0.00,0.54,0.70,0.0010,0.0028,     0,0,0,0.50,99.50,0.00,N/A,0.63,1.06,210.00,0.60,14.90,0.00,0.08,0.00,0.61,0.00,1.00,0.00,0.00,0.68,0.73,0.0007,0.0031,     0,0,0,0.47,99.53,0.00,N/A,0.61,,0.,,209.79,0.61,15.23,0.00,0.07,0.01,1.00,0.01,1.00,0.00,0.00,0.64,0.58,0.0005,0.0018,     0,0,0,0.58,99.42,0.00,N/A,1.23,1.23,210.00,1.00,25.11,0.01,0.15,0.00,0.41,0.01,1.00,0.00,0.00,0.32,0.62,0.0032,0.0062,     0,0,0,0.77,99.23,0.00,N/A,0.67,1.62,210.00,0.41,10.36,0.00,0.08,0.01,0.20,0.07,1.00,0.01,0.01,0.41,0.83,0.0018,0.0032,     0,0,0,6.85,93.15,0.00,N/A,2.90,14.38,210.00,0.20,5.04,0.01,0.35,0.15,1.42,0.11,1.00,0.07,0.10,0.23,0.81,0.0024,0.0032,     0,0,0,10.61,89.39,0.00,N/A,29.67,20.86,210.00,1.42,35.56,0.15,3.77,0.17,1.50,0.11,1.00,0.10,0.12,0.18,0.81,0.0028,0.0035,     0,0,0,11.23,88.77,0.00,N/A,34.24,22.88,210.00,1.50,37.42,0.17,4.20,0.18,1.79,0.10,1.00,0.07,0.09,0.16,0.81,0.0019,0.0024,     0,0,0,10.22,89.78,0.00,N/A,37.23,20.82,210.00,1.79,44.69,0.18,4.57,0.19,1.70,0.11,1.00,0.08,0.11,0.19,0.81,0.0022,0.0028,     0,0,0,11.23,88.77,0.00,N/A,38.98,22.87,210.00,1.70,42.61,0.19,4.79,0.02,1.33,0.01,1.00,0.01,0.01,0.36,0.80,0.0022,0.0037,     0,0,0,1.32,98.68,0.00,N/A,3.75,2.83,210.00,1.33,33.16,0.02,0.44,0.19,1.69,0.11,1.00,0.08,0.10,0.14,0.82,0.0021,0.0025,     0,0,0,11.23,88.77,0.00,N/A,38.63,22.87,210.00,1.69,42.23,0.19,4.74,0.17,1.61,0.10,1.00,0.08,0.10,0.20,0.80,0.0024,0.0032,     0,0,0,10.32,89.68,0.00,N/A,33.10,20.51,210.00,1.61,40.35,0.17,4.16,
2024-03-18,16:02:44.199,0.09,1.40,0.06,1.00,0.67,0.95,0.27,0.81,0.0022,0.0031,0.16,0.15,-2147483648,0.00,0.00,304.16,217.13,210.01,1.40,35.02,0.09,2.25,60.97,0.19,133.76,6.41,93.59,0.00,100.00,0.00,0.00,0.00,0.00,-nan,0.25,0.07,1.30,0.05,1.00,0.23,0.37,0.37,0.81,0.0021,0.0033,     0,0,0,0.06,0.05,-2147483648,0.00,0.00,N/A,113.36,87.53,210.01,1.30,32.38,0.07,1.67,0.11,1.47,0.08,1.00,0.44,0.57,0.21,0.81,0.0023,0.0030,     0,0,0,0.10,0.10,-2147483648,0.00,0.00,N/A,190.81,129.60,210.01,1.47,36.81,0.11,2.83,20.51,20.49, 16%, 16%,10.12,9.85,  8%,  7%,43.34,39.94, 35%, 32%,25.15,25.33, 20%, 20%,5.15,94.85,0.00,100.00,0.00,0.00,7.69,92.31,0.00,100.00,0.00,0.00,0.00,0.00,0.00 ,0.00 ,-nan ,-nan ,0.24,0.26,0.02,0.28,0.06,1.00,0.00,0.01,0.17,0.88,0.0012,0.0015,     0,0,0,6.36,93.64,0.00,N/A,3.72,13.35,210.01,0.28,6.96,0.02,0.44,0.18,1.60,0.12,1.00,0.07,0.13,0.42,0.81,0.0018,0.0031,     0,0,0,11.55,88.45,0.00,N/A,39.86,24.97,210.01,1.60,39.90,0.18,4.61,0.15,1.37,0.11,1.00,0.07,0.10,0.27,0.82,0.0024,0.0032,     0,0,0,10.60,89.40,0.00,N/A,31.38,22.93,210.01,1.37,34.22,0.15,3.63,0.18,1.52,0.12,1.00,0.08,0.14,0.41,0.80,0.0022,0.0037,     0,0,0,11.55,88.45,0.00,N/A,37.86,24.97,210.01,1.52,37.90,0.18,4.38,0.00,0.45,0.00,1.00,0.00,0.00,0.62,0.75,0.0008,0.0035,     0,0,0,0.25,99.75,0.00,N/A,0.23,0.51,210.01,0.45,11.29,0.00,0.03,0.00,0.41,0.00,1.00,0.00,0.00,0.61,0.67,0.0008,0.0039,     0,0,0,0.18,99.82,0.00,N/A,0.15,0.38,210.01,0.41,10.18,0.00,0.02,0.00,0.33,0.00,1.00,0.00,0.00,0.70,0.67,0.0011,0.0056,     0,0,0,0.12,99.88,0.00,N/A,0.09,0.26,210.01,0.33,8.16,0.00,0.01,0.00,0.39,0.00,1.00,0.00,0.00,0.72,0.81,0.0005,0.0029,     0,0,0,0.07,99.93,0.00,N/A,0.06,0.15,210.01,0.39,9.68,0.00,0.01,0.01,0.19,0.06,1.00,0.00,0.01,0.28,0.87,0.0018,0.0026,     0,0,0,5.91,94.09,0.00,N/A,2.39,12.42,210.01,0.19,4.81,0.01,0.28,0.00,0.35,0.00,1.00,0.00,0.00,0.25,0.63,0.0027,0.0057,     0,0,0,0.23,99.77,0.00,N/A,0.17,0.49,210.01,0.35,8.83,0.00,0.02,0.16,1.49,0.11,1.00,0.09,0.12,0.21,0.81,0.0026,0.0034,     0,0,0,10.60,89.40,0.00,N/A,34.17,22.93,210.01,1.49,37.26,0.16,3.95,0.20,1.73,0.12,1.00,0.08,0.11,0.19,0.82,0.0020,0.0025,     0,0,0,11.86,88.14,0.00,N/A,42.98,24.91,210.01,1.73,43.14,0.20,5.12,0.18,1.64,0.11,1.00,0.08,0.11,0.22,0.82,0.0022,0.0030,     0,0,0,10.89,89.11,0.00,N/A,37.60,22.87,210.01,1.64,41.11,0.18,4.48,0.17,1.53,0.11,1.00,0.09,0.13,0.23,0.80,0.0027,0.0036,     0,0,0,10.89,89.11,0.00,N/A,35.01,22.88,210.01,1.53,38.26,0.17,4.17,0.18,1.68,0.11,1.00,0.08,0.10,0.18,0.82,0.0021,0.0026,     0,0,0,10.90,89.10,0.00,N/A,38.40,22.88,210.01,1.68,41.96,0.18,4.57,0.00,0.36,0.00,1.00,0.00,0.00,0.60,0.69,0.0019,0.0061,     0,0,0,0.11,99.89,0.00,N/A,0.08,0.23,210.01,0.36,8.95,0.00,0.01,
2024-03-18,16:02:44.299,0.08,1.33,0.06,1.00,0.70,0.98,0.27,0.81,0.0024,0.0034,0.19,0.19,-2147483648,0.00,0.00,285.42,214.69,211.58,1.33,33.24,0.08,2.10,54.92,0.14,135.62,6.32,93.68,0.00,100.00,0.00,0.00,0.00,0.00,-nan,0.24,0.06,1.32,0.05,1.00,0.22,0.36,0.37,0.81,0.0020,0.0033,     0,0,0,0.04,0.04,-2147483648,0.00,0.00,N/A,109.24,83.07,211.58,1.32,32.88,0.06,1.62,0.10,1.34,0.08,1.00,0.47,0.63,0.21,0.81,0.0027,0.0036,     0,0,0,0.15,0.15,-2147483648,0.00,0.00,N/A,176.18,131.63,211.58,1.34,33.46,0.10,2.58,14.70,13.80, 11%, 11%,13.35,13.07, 10%, 10%,33.87,35.48, 27%, 28%,32.97,33.29, 26%, 26%,4.92,95.08,0.00,100.00,0.00,0.00,7.70,92.30,0.00,100.00,0.00,0.00,0.00,0.00,0.00 ,0.00 ,-nan ,-nan ,0.26,0.23,0.01,0.20,0.06,1.00,0.00,0.01,0.18,0.88,0.0017,0.0022,     0,0,0,5.83,94.17,0.00,N/A,2.46,12.34,211.58,0.20,4.98,0.01,0.29,0.18,1.67,0.11,1.00,0.07,0.11,0.38,0.81,0.0018,0.0030,     0,0,0,10.89,89.11,0.00,N/A,38.32,22.88,211.58,1.67,41.87,0.18,4.56,0.00,0.38,0.00,1.00,0.00,0.00,0.27,0.54,0.0040,0.0067,     0,0,0,0.25,99.75,0.00,N/A,0.19,0.51,211.58,0.38,9.48,0.00,0.02,0.17,1.56,0.11,1.00,0.08,0.13,0.38,0.80,0.0022,0.0036,     0,0,0,10.89,89.11,0.00,N/A,35.70,22.87,211.58,1.56,39.02,0.17,4.25,0.14,1.40,0.10,1.00,0.07,0.11,0.35,0.82,0.0021,0.0033,     0,0,0,10.34,89.66,0.00,N/A,32.03,22.89,211.58,1.40,34.98,0.14,3.62,0.00,0.38,0.00,1.00,0.00,0.00,0.82,0.83,0.0003,0.0022,     0,0,0,0.06,99.94,0.00,N/A,0.05,0.13,211.58,0.38,9.58,0.00,0.01,0.00,0.38,0.00,1.00,0.00,0.00,0.29,0.69,0.0037,0.0065,     0,0,0,0.32,99.68,0.00,N/A,0.25,0.67,211.58,0.38,9.52,0.00,0.03,0.00,0.32,0.00,1.00,0.00,0.00,0.21,0.66,0.0034,0.0057,     0,0,0,0.37,99.63,0.00,N/A,0.25,0.79,211.58,0.32,7.88,0.00,0.03,0.01,0.19,0.06,1.00,0.00,0.01,0.29,0.87,0.0017,0.0025,     0,0,0,5.92,94.08,0.00,N/A,2.39,12.53,211.58,0.19,4.77,0.01,0.28,0.00,0.47,0.01,1.00,0.00,0.00,0.16,0.70,0.0030,0.0040,     0,0,0,0.60,99.40,0.00,N/A,0.61,1.28,211.58,0.47,11.85,0.00,0.07,0.18,1.51,0.12,1.00,0.10,0.13,0.23,0.81,0.0026,0.0034,     0,0,0,11.86,88.14,0.00,N/A,37.60,24.92,211.58,1.51,37.72,0.18,4.48,0.14,1.36,0.11,1.00,0.10,0.12,0.19,0.82,0.0031,0.0040,     0,0,0,10.57,89.43,0.00,N/A,31.14,22.86,211.58,1.36,34.06,0.14,3.60,0.15,1.46,0.11,1.00,0.09,0.13,0.22,0.81,0.0028,0.0038,     0,0,0,10.57,89.43,0.00,N/A,33.31,22.87,211.58,1.46,36.40,0.15,3.85,0.17,1.58,0.11,1.00,0.09,0.13,0.23,0.81,0.0025,0.0035,     0,0,0,10.60,89.40,0.00,N/A,36.18,22.93,211.58,1.58,39.44,0.17,4.18,0.16,1.50,0.11,1.00,0.09,0.11,0.17,0.82,0.0026,0.0032,     0,0,0,10.57,89.43,0.00,N/A,34.20,22.87,211.58,1.50,37.39,0.16,3.95,0.00,0.56,0.01,1.00,0.00,0.00,0.23,0.56,0.0028,0.0041,     0,0,0,0.64,99.36,0.00,N/A,0.76,1.36,211.58,0.56,13.97,0.00,0.09,
2024-03-18,16:02:44.399,0.10,1.53,0.06,1.00,0.60,0.85,0.27,0.81,0.0018,0.0026,0.16,0.14,-2147483648,0.00,0.00,328.26,214.67,208.44,1.53,38.23,0.10,2.45,47.28,0.16,109.07,6.41,93.59,0.00,100.00,0.00,0.00,0.00,0.00,-nan,0.25,0.07,1.36,0.05,1.00,0.22,0.34,0.35,0.80,0.0019,0.0030,     0,0,0,0.06,0.04,-2147483648,0.00,0.00,N/A,115.29,84.90,208.44,1.36,33.95,0.07,1.72,0.13,1.64,0.08,1.00,0.38,0.51,0.22,0.81,0.0018,0.0024,     0,0,0,0.10,0.09,-2147483648,0.00,0.00,N/A,212.98,129.77,208.44,1.64,41.03,0.13,3.18,10.86,11.23,  8%,  9%,12.72,12.47, 10%, 10%,25.98,25.49, 21%, 20%,28.76,28.84, 23%, 23%,5.08,94.92,0.00,100.00,0.00,0.00,7.75,92.25,0.00,100.00,0.00,0.00,0.00,0.00,0.00 ,0.00 ,-nan ,-nan ,0.24,0.26,0.01,0.22,0.06,1.00,0.00,0.01,0.24,0.87,0.0017,0.0023,     0,0,0,6.11,93.89,0.00,N/A,2.75,12.74,208.44,0.22,5.40,0.01,0.33,0.20,1.83,0.11,1.00,0.06,0.11,0.39,0.81,0.0015,0.0025,     0,0,0,10.90,89.10,0.00,N/A,42.00,22.89,208.44,1.83,45.87,0.20,5.00,0.01,1.23,0.01,1.00,0.00,0.00,0.53,0.70,0.0002,0.0008,     0,0,0,0.80,99.20,0.00,N/A,2.06,1.67,208.44,1.23,30.80,0.01,0.25,0.15,1.37,0.11,1.00,0.08,0.13,0.34,0.78,0.0027,0.0041,     0,0,0,10.89,89.11,0.00,N/A,31.41,22.87,208.44,1.37,34.34,0.15,3.74,0.17,1.55,0.11,1.00,0.06,0.10,0.33,0.82,0.0018,0.0027,     0,0,0,10.90,89.10,0.00,N/A,35.59,22.90,208.44,1.55,38.85,0.17,4.24,0.00,0.89,0.00,1.00,0.00,0.00,0.75,0.63,0.0001,0.0016,     0,0,0,0.33,99.67,0.00,N/A,0.61,0.68,208.44,0.89,22.15,0.00,0.07,0.00,0.93,0.00,1.00,0.00,0.00,0.68,0.75,0.0003,0.0017,     0,0,0,0.3,N/A,99.77,0,N/A,0.69,0.75,208.44,0.93,23.14,0.00,0.08,0.00,0.44,0.00,1.00,0.00,0.00,0.63,0.68,0.0008,0.0048,     0,0,0,0.19,99.81,0.00,N/A,0.17,0.39,208.44,0.44,10.95,0.00,0.02,0.01,0.19,0.06,1.00,0.00,0.01,0.24,0.86,0.0020,0.0027,     0,0,0,6.18,93.82,0.00,N/A,2.45,12.87,208.44,0.19,4.76,0.01,0.29,0.00,0.38,0.00,1.00,0.00,0.00,0.39,0.69,0.0024,0.0053,     0,0,0,0.12,99.88,0.00,N/A,0.09,0.24,208.44,0.38,9.46,0.00,0.01,0.18,1.68,0.11,1.00,0.08,0.11,0.23,0.81,0.0021,0.0028,     0,0,0,10.90,89.10,0.00,N/A,38.54,22.89,208.44,1.68,42.10,0.18,4.59,0.18,1.69,0.11,1.00,0.08,0.10,0.19,0.82,0.0020,0.0026,     0,0,0,10.90,89.10,0.00,N/A,38.64,22.89,208.44,1.69,42.21,0.18,4.60,0.21,1.90,0.11,1.00,0.07,0.09,0.23,0.82,0.0015,0.0021,     0,0,0,10.92,89.08,0.00,N/A,43.49,22.94,208.44,1.90,47.40,0.21,5.18,0.23,1.90,0.12,1.00,0.08,0.11,0.24,0.81,0.0017,0.0024,     0,0,0,11.86,88.14,0.00,N/A,47.28,24.90,208.44,1.90,47.47,0.23,5.63,0.20,1.85,0.11,1.00,0.07,0.09,0.18,0.82,0.0016,0.0020,     0,0,0,10.90,89.10,0.00,N/A,42.43,22.89,208.44,1.85,46.33,0.20,5.05,0.00,0.36,0.00,1.00,0.00,0.00,0.67,0.75,0.0010,0.0043,     0,0,0,0.08,99.92,0.00,N/A,0.06,0.16,208.44,0.36,8.89,0.00,0.01,
2024-03-18,16:02:44.504,0.09,1.45,0.06,1.00,0.61,0.85,0.27,0.81,0.0020,0.0028,0.19,0.17,-2147483648,0.00,0.00,302.07,207.71,210.10,1.45,36.36,0.09,2.25,53.27,0.15,109.31,6.18,93.82,0.00,100.00,0.00,0.00,0.00,0.00,-nan,0.25,0.06,1.35,0.05,1.00,0.20,0.32,0.37,0.81,0.0018,0.0029,     0,0,0,0.04,0.03,-2147483648,0.00,0.00,N/A,107.65,79.85,210.10,1.35,33.70,0.06,1.59,0.12,1.52,0.08,1.00,0.41,0.53,0.21,0.81,0.0021,0.0027,     0,0,0,0.15,0.14,-2147483648,0.00,0.00,N/A,194.42,127.86,210.10,1.52,38.01,0.12,2.91,15.59,15.67, 12%, 12%,11.16,10.85,  9%,  8%,34.00,32.57, 27%, 26%,21.32,21.42, 17%, 17%,4.72,95.28,0.00,100.00,0.00,0.00,7.65,92.35,0.00,100.00,0.00,0.00,0.00,0.00,0.00 ,0.00 ,-nan ,-nan ,0.26,0.24,0.01,0.20,0.06,1.00,0.00,0.01,0.12,0.89,0.0018,0.0021,     0,0,0,5.89,94.11,0.00,N/A,2.44,12.37,210.10,0.20,4.93,0.01,0.29,0.16,1.50,0.10,1.00,0.07,0.10,0.37,0.81,0.0021,0.0034,     0,0,0,10.46,89.54,0.00,N/A,31.13,20.80,210.10,1.50,37.41,0.16,3.91,0.02,2.33,0.01,1.00,0.00,0.01,0.35,0.82,0.0006,0.0010,     0,0,0,0.97,99.03,0.00,N/A,5.22,2.24,210.10,2.33,58.31,0.02,0.56,0.16,1.57,0.10,1.00,0.07,0.11,0.39,0.80,0.0020,0.0033,     0,0,0,10.46,89.54,0.00,N/A,32.64,20.80,210.10,1.57,39.24,0.16,4.10,0.16,1.57,0.10,1.00,0.06,0.09,0.34,0.83,0.0016,0.0025,     0,0,0,10.40,89.60,0.00,N/A,35.99,22.94,210.10,1.57,39.21,0.16,4.08,0.00,0.37,0.00,1.00,0.00,0.00,0.76,0.83,0.0004,0.0023,     0,0,0,0.07,99.93,0.00,N/A,0.05,0.14,210.10,0.37,9.13,0.00,0.01,0.00,0.42,0.00,1.00,0.00,0.00,0.88,0.80,0.0003,0.0030,     0,0,0,0.06,99.94,0.00,N/A,0.05,0.13,210.10,0.42,10.49,0.00,0.01,0.00,0.29,0.00,1.00,0.00,0.00,0.33,0.60,0.0035,0.0076,     0,0,0,0.21,99.79,0.00,N/A,0.13,0.43,210.10,0.29,7.31,0.00,0.02,0.01,0.19,0.06,1.00,0.00,0.01,0.26,0.86,0.0019,0.0026,     0,0,0,6.12,93.88,0.00,N/A,2.42,12.86,210.10,0.19,4.71,0.01,0.29,0.00,0.61,0.00,1.00,0.00,0.00,0.28,0.73,0.0017,0.0031,     0,0,0,0.17,99.83,0.00,N/A,0.22,0.35,210.10,0.61,15.19,0.00,0.03,0.17,1.69,0.10,1.00,0.07,0.09,0.22,0.81,0.0020,0.0026,     0,0,0,10.32,89.68,0.00,N/A,35.06,20.80,210.10,1.69,42.13,0.17,4.35,0.17,1.53,0.11,1.00,0.10,0.13,0.19,0.82,0.0026,0.0033,     0,0,0,11.32,88.68,0.00,N/A,38.17,24.96,210.10,1.53,38.22,0.17,4.33,0.20,1.76,0.11,1.00,0.07,0.10,0.23,0.82,0.0018,0.0025,     0,0,0,11.48,88.52,0.00,N/A,40.18,22.83,210.10,1.76,44.00,0.20,5.05,0.18,1.78,0.10,1.00,0.08,0.11,0.24,0.81,0.0019,0.0026,     0,0,0,10.38,89.62,0.00,N/A,40.65,22.89,210.10,1.78,44.41,0.18,4.61,0.19,1.65,0.12,1.00,0.08,0.10,0.17,0.81,0.0022,0.0027,     0,0,0,11.50,88.50,0.00,N/A,37.64,22.88,210.10,1.65,41.14,0.19,4.73,0.00,0.29,0.00,1.00,0.00,0.00,0.33,0.65,0.0027,0.0062,     0,0,0,0.14,99.86,0.00,N/A,0.08,0.29,210.10,0.29,7.27,0.00,0.01,
2024-03-18,16:02:44.597,0.09,1.33,0.07,1.00,0.69,0.96,0.26,0.81,0.0023,0.0032,0.15,0.15,-2147483648,0.00,0.00,299.23,224.80,209.96,1.33,33.28,0.09,2.26,76.51,0.26,163.54,6.79,93.21,0.00,100.00,0.00,0.00,0.00,0.00,-nan,0.25,0.08,1.25,0.07,1.00,0.31,0.44,0.29,0.81,0.0022,0.0032,     0,0,0,0.06,0.05,-2147483648,0.00,0.00,N/A,136.51,109.09,209.96,1.25,31.29,0.08,2.06,0.10,1.41,0.07,1.00,0.38,0.52,0.23,0.81,0.0024,0.0032,     0,0,0,0.09,0.10,-2147483648,0.00,0.00,N/A,162.72,115.71,209.96,1.41,35.16,0.10,2.46,17.69,18.99, 14%, 15%,20.13,19.70, 16%, 16%,38.35,38.45, 31%, 31%,43.20,43.53, 35%, 35%,6.59,93.41,0.00,100.00,0.00,0.00,6.99,93.01,0.00,100.00,0.00,0.00,0.00,0.00,0.00 ,0.00 ,-nan ,-nan ,0.24,0.26,0.01,0.21,0.06,1.00,0.01,0.01,0.28,0.83,0.0020,0.0032,     0,0,0,6.23,93.77,0.00,N/A,2.76,13.08,209.96,0.21,5.27,0.01,0.33,0.01,1.12,0.01,1.00,0.00,0.00,0.43,0.57,0.0003,0.0009,     0,0,0,0.95,99.05,0.00,N/A,2.23,1.99,209.96,1.12,28.03,0.01,0.27,0.19,1.63,0.12,1.00,0.08,0.12,0.33,0.81,0.0021,0.0031,     0,0,0,11.83,88.17,0.00,N/A,37.15,22.86,209.96,1.63,40.64,0.19,4.81,0.06,1.05,0.06,1.00,0.03,0.03,0.07,0.75,0.0021,0.0023,     0,0,0,5.96,94.04,0.00,N/A,13.44,12.80,209.96,1.05,26.25,0.06,1.56,0.16,1.33,0.12,1.00,0.07,0.10,0.29,0.83,0.0023,0.0033,     0,0,0,11.82,88.18,0.00,N/A,30.27,22.83,209.96,1.33,33.15,0.16,3.92,0.00,0.83,0.00,1.00,0.00,0.00,0.53,0.55,0.0007,0.0022,     0,0,0,0.42,99.58,0.00,N/A,0.73,0.88,209.96,0.83,20.74,0.00,0.09,0.18,1.59,0.12,1.00,0.09,0.13,0.34,0.80,0.0022,0.0034,     0,0,0,11.61,88.39,0.00,N/A,39.68,24.94,209.96,1.59,39.78,0.18,4.62,0.05,1.05,0.05,1.00,0.04,0.05,0.17,0.80,0.0036,0.0046,     0,0,0,4.63,95.37,0.00,N/A,10.26,9.73,209.96,1.05,26.37,0.05,1.22,0.01,0.22,0.06,1.00,0.01,0.01,0.41,0.80,0.0019,0.0035,     0,0,0,6.37,93.63,0.00,N/A,3.01,13.38,209.96,0.22,5.61,0.01,0.36,0.17,1.76,0.10,1.00,0.07,0.09,0.21,0.82,0.0020,0.0026,     0,0,0,9.90,90.10,0.00,N/A,36.65,20.80,209.96,1.76,44.06,0.17,4.36,0.11,1.43,0.08,1.00,0.07,0.09,0.20,0.81,0.0029,0.0037,     0,0,0,7.88,92.12,0.00,N/A,23.95,16.70,209.96,1.43,35.84,0.11,2.82,0.17,1.54,0.11,1.00,0.07,0.09,0.21,0.82,0.0021,0.0027,     0,0,0,10.77,89.23,0.00,N/A,32.07,20.80,209.96,1.54,38.55,0.17,4.15,0.00,0.31,0.00,1.00,0.00,0.00,0.12,0.49,0.0095,0.0116,     0,0,0,0.11,99.89,0.00,N/A,0.07,0.22,209.96,0.31,7.72,0.00,0.01,0.16,1.53,0.11,1.00,0.09,0.12,0.25,0.81,0.0027,0.0038,     0,0,0,10.78,89.22,0.00,N/A,31.76,20.82,209.96,1.53,38.15,0.16,4.11,0.00,0.38,0.00,1.00,0.00,0.00,0.74,0.78,0.0005,0.0027,     0,0,0,0.06,99.94,0.00,N/A,0.05,0.13,209.96,0.38,9.50,0.00,0.01,0.16,1.54,0.11,1.00,0.08,0.11,0.25,0.81,0.0024,0.0033,     0,0,0,10.54,89.46,0.00,N/A,35.16,22.86,209.96,1.54,38.45,0.16,4.05,
2024-03-18,16:02:44.697,0.09,1.42,0.06,1.00,0.65,0.91,0.27,0.81,0.0021,0.0029,0.19,0.18,-2147483648,0.00,0.00,310.65,218.69,210.20,1.42,35.51,0.09,2.30,98.79,0.27,206.33,6.48,93.52,0.00,100.00,0.00,0.00,0.00,0.00,-nan,0.25,0.09,1.32,0.06,1.00,0.33,0.46,0.27,0.81,0.0023,0.0032,     0,0,0,0.05,0.02,-2147483648,0.00,0.00,N/A,144.98,109.61,210.20,1.32,33.07,0.09,2.15,0.10,1.52,0.06,1.00,0.32,0.45,0.27,0.81,0.0019,0.0027,     0,0,0,0.14,0.16,-2147483648,0.00,0.00,N/A,165.68,109.09,210.20,1.52,37.97,0.10,2.46,26.87,26.36, 21%, 21%,22.92,22.63, 18%, 18%,53.12,49.45, 43%, 40%,51.63,52.12, 41%, 41%,6.49,93.51,0.00,100.00,0.00,0.00,6.47,93.53,0.00,100.00,0.00,0.00,0.00,0.00,0.00 ,0.00 ,-nan ,-nan ,0.26,0.24,0.03,0.38,0.07,1.00,0.01,0.01,0.35,0.81,0.0010,0.0017,     0,0,0,6.96,93.04,0.00,N/A,5.53,14.63,210.20,0.38,9.46,0.03,0.66,0.00,0.21,0.00,1.00,0.00,0.00,0.16,0.49,0.0063,0.0104,     0,0,0,0.38,99.62,0.00,N/A,0.17,0.80,210.20,0.21,5.22,0.00,0.02,0.19,1.72,0.11,1.00,0.08,0.11,0.29,0.81,0.0020,0.0029,     0,0,0,10.79,89.21,0.00,N/A,39.27,22.88,210.20,1.72,42.90,0.19,4.63,0.14,1.31,0.11,1.00,0.09,0.11,0.20,0.81,0.0029,0.0037,     0,0,0,10.79,89.21,0.00,N/A,29.87,22.88,210.20,1.31,32.64,0.14,3.52,0.15,1.38,0.11,1.00,0.08,0.10,0.25,0.82,0.0024,0.0032,     0,0,0,10.79,89.21,0.00,N/A,31.53,22.89,210.20,1.38,34.44,0.15,3.72,0.00,0.60,0.01,1.00,0.00,0.00,0.21,0.75,0.0017,0.0027,     0,0,0,0.53,99.47,0.00,N/A,0.68,1.12,210.20,0.60,15.10,0.00,0.08,0.17,1.62,0.11,1.00,0.08,0.12,0.32,0.79,0.0022,0.0033,     0,0,0,10.78,89.22,0.00,N/A,36.99,22.87,210.20,1.62,40.44,0.17,4.36,0.00,0.61,0.01,1.00,0.00,0.00,0.27,0.54,0.,0,0,,     ,     0,0,0,0.73,99.27,0.00,N/A,0.94,1.53,210.20,0.61,15.37,0.00,0.11,0.01,0.19,0.06,1.00,0.00,0.01,0.21,0.87,0.0019,0.0025,     0,0,0,6.07,93.93,0.00,N/A,2.40,12.76,210.20,0.19,4.70,0.01,0.29,0.03,1.43,0.02,1.00,0.02,0.02,0.33,0.80,0.0025,0.0039,     0,0,0,2.03,97.97,0.00,N/A,6.30,4.40,210.20,1.43,35.86,0.03,0.73,0.17,1.71,0.10,1.00,0.07,0.10,0.29,0.81,0.0020,0.0029,     0,0,0,10.14,89.86,0.00,N/A,35.53,20.82,210.20,1.71,42.67,0.17,4.33,0.18,1.69,0.11,1.00,0.07,0.10,0.22,0.81,0.0019,0.0026,     0,0,0,10.79,89.21,0.00,N/A,38.66,22.88,210.20,1.69,42.24,0.18,4.56,0.03,1.52,0.02,1.00,0.02,0.02,0.32,0.82,0.0023,0.0035,     0,0,0,2.02,97.98,0.00,N/A,6.66,4.38,210.20,1.52,38.01,0.03,0.77,0.18,1.80,0.10,1.00,0.07,0.10,0.29,0.80,0.0018,0.0026,     0,0,0,10.12,89.88,0.00,N/A,37.39,20.79,210.20,1.80,44.96,0.18,4.55,0.01,1.28,0.01,1.00,0.01,0.01,0.28,0.80,0.0031,0.0044,     0,0,0,1.03,98.97,0.00,N/A,2.87,2.24,210.20,1.28,32.04,0.01,0.33,0.18,1.72,0.10,1.00,0.06,0.09,0.27,0.81,0.0017,0.0024,     0,0,0,10.24,89.76,0.00,N/A,35.85,20.81,210.20,1.72,43.07,0.18,4.41,
2024-03-18,16:02:44.796,0.09,1.36,0.06,1.00,0.65,0.91,0.26,0.81,0.0022,0.0031,0.14,0.14,-2147483648,0.00,0.00,291.22,213.94,211.79,1.36,34.03,0.09,2.17,70.42,0.24,156.96,6.37,93.63,0.00,100.00,0.00,0.00,0.00,0.00,-nan,0.25,0.08,1.29,0.06,1.00,0.33,0.45,0.26,0.81,0.0024,0.0032,     0,0,0,0.07,0.06,-2147483648,0.00,0.00,N/A,139.35,108.14,211.79,1.29,32.21,0.08,2.08,0.09,1.44,0.06,1.00,0.33,0.46,0.27,0.81,0.0021,0.0030,     0,0,0,0.08,0.09,-2147483648,0.00,0.00,N/A,151.88,105.80,211.79,1.44,35.89,0.09,2.26,14.16,14.02, 11%, 11%,21.24,21.00, 17%, 16%,29.46,31.51, 24%, 25%,47.67,48.32, 38%, 39%,6.44,93.56,0.00,100.00,0.00,0.00,6.30,93.70,0.00,100.00,0.00,0.00,0.00,0.00,0.00 ,0.00 ,-nan ,-nan ,0.24,0.26,0.02,0.28,0.07,1.00,0.01,0.01,0.29,0.82,0.0015,0.0023,     0,0,0,6.80,93.20,0.00,N/A,4.05,14.41,211.79,0.28,7.03,0.02,0.48,0.00,0.34,0.00,1.00,0.00,0.00,0.22,0.71,0.0027,0.0042,     0,0,0,0.36,99.64,0.00,N/A,0.26,0.77,211.79,0.34,8.40,0.00,0.03,0.18,1.68,0.11,1.00,0.08,0.11,0.28,0.81,0.0020,0.0029,     0,0,0,11.00,89.00,0.00,N/A,38.45,22.88,211.79,1.68,42.01,0.18,4.62,0.16,1.41,0.11,1.00,0.08,0.10,0.22,0.82,0.0024,0.0031,     0,0,0,11.01,88.99,0.00,N/A,32.27,22.88,211.79,1.41,35.25,0.16,3.88,0.14,1.24,0.11,1.00,0.08,0.10,0.21,0.81,0.0029,0.0037,     0,0,0,11.00,89.00,0.00,N/A,28.36,22.86,211.79,1.24,31.01,0.14,3.41,0.00,0.33,0.00,1.00,0.00,0.00,0.46,0.63,0.0019,0.0062,     0,0,0,0.24,99.76,0.00,N/A,0.17,0.50,211.79,0.33,8.20,0.00,0.02,0.17,1.55,0.11,1.00,0.08,0.12,0.31,0.79,0.0023,0.0035,     0,0,0,11.00,89.00,0.00,N/A,35.52,22.87,211.79,1.55,38.83,0.17,4.27,0.00,0.29,0.00,1.00,0.00,0.00,0.37,0.53,0.0027,0.0065,     0,0,0,0.46,99.54,0.00,N/A,0.28,0.96,211.79,0.29,7.28,0.00,0.03,0.01,0.19,0.06,1.00,0.00,0.01,0.21,0.87,0.0019,0.0025,     0,0,0,6.13,93.87,0.00,N/A,2.46,12.98,211.79,0.19,4.75,0.01,0.29,0.18,1.61,0.11,1.00,0.08,0.12,0.28,0.81,0.0023,0.0033,     0,0,0,11.00,89.00,0.00,N/A,36.75,22.87,211.79,1.61,40.18,0.18,4.42,0.00,0.32,0.00,1.00,0.00,0.00,0.29,0.59,0.0034,0.0067,     0,0,0,0.18,99.82,0.00,N/A,0.12,0.37,211.79,0.32,7.97,0.00,0.01,0.19,1.70,0.11,1.00,0.08,0.10,0.23,0.82,0.0020,0.0026,     0,0,0,11.01,88.99,0.00,N/A,38.84,22.88,211.79,1.70,42.44,0.19,4.67,0.18,1.67,0.11,1.00,0.08,0.11,0.28,0.82,0.0021,0.0030,     0,0,0,11.00,89.00,0.00,N/A,38.16,22.86,211.79,1.67,41.72,0.18,4.59,0.00,0.34,0.00,1.00,0.00,0.00,0.67,0.64,0.0016,0.0069,     0,0,0,0.14,99.86,0.00,N/A,0.10,0.29,211.79,0.34,8.52,0.00,0.01,0.17,1.54,0.11,1.00,0.08,0.11,0.27,0.81,0.0023,0.0032,     0,0,0,11.01,88.99,0.00,N/A,35.27,22.88,211.79,1.54,38.54,0.17,4.24,0.00,0.25,0.00,1.00,0.00,0.00,0.37,0.68,0.0018,0.0045,     0,0,0,0.31,99.69,0.00,N/A,0.17,0.66,211.79,0.25,6.29,0.00,0.02,
2024-03-18,16:02:44.896,0.09,1.44,0.06,1.00,0.63,0.87,0.26,0.81,0.0020,0.0028,0.16,0.15,-2147483648,0.00,0.00,311.76,217.03,210.18,1.44,35.91,0.09,2.32,87.09,0.28,197.18,6.46,93.54,0.00,100.00,0.00,0.00,0.00,0.00,-nan,0.25,0.09,1.50,0.06,1.00,0.28,0.40,0.27,0.81,0.0018,0.0025,     0,0,0,0.04,0.04,-2147483648,0.00,0.00,N/A,158.71,106.12,210.18,1.50,37.39,0.09,2.36,0.09,1.38,0.07,1.00,0.34,0.48,0.26,0.81,0.0022,0.0031,     0,0,0,0.11,0.11,-2147483648,0.00,0.00,N/A,153.05,110.91,210.18,1.38,34.50,0.09,2.28,28.67,25.92, 23%, 21%,16.38,16.12, 13%, 13%,53.26,48.87, 43%, 39%,47.20,47.84, 38%, 38%,6.31,93.69,0.00,100.00,0.00,0.00,6.60,93.40,0.00,100.00,0.00,0.00,0.00,0.00,0.00 ,0.00 ,-nan ,-nan ,0.26,0.24,0.01,0.21,0.06,1.00,0.01,0.01,0.20,0.86,0.0019,0.0026,     0,0,0,6.37,93.63,0.00,N/A,2.77,13.38,210.18,0.21,5.17,0.01,0.33,0.00,0.47,0.00,1.00,0.00,0.00,0.51,0.88,0.0011,0.0029,     0,0,0,0.22,99.78,0.00,N/A,0.22,0.46,210.18,0.47,11.78,0.00,0.03,0.20,1.87,0.11,1.00,0.07,0.10,0.29,0.81,0.0016,0.0023,     0,0,0,10.90,89.10,0.00,N/A,42.77,22.88,210.18,1.87,46.73,0.20,5.09,0.17,1.60,0.11,1.00,0.07,0.09,0.23,0.82,0.0019,0.0025,     0,0,0,10.90,89.10,0.00,N/A,36.69,22.89,210.18,1.60,40.08,0.17,4.37,0.17,1.57,0.11,1.00,0.07,0.09,0.24,0.83,0.0019,0.0025,     0,0,0,10.90,89.10,0.00,N/A,35.86,22.88,210.18,1.57,39.18,0.17,4.27,0.00,0.35,0.00,1.00,0.00,0.00,0.65,0.72,0.0009,0.0043,     0,0,0,0.09,99.91,0.00,N/A,0.06,0.18,210.18,0.35,8.75,0.00,0.01,0.19,1.75,0.11,1.00,0.07,0.11,0.31,0.80,0.0018,0.0027,     0,0,0,10.89,89.11,0.00,N/A,40.09,22.88,210.18,1.75,43.81,0.19,4.77,0.00,0.45,0.00,1.00,0.00,0.00,0.30,0.52,0.0029,0.0065,     0,0,0,0.27,99.73,0.00,N/A,0.25,0.57,210.18,0.45,11.17,0.00,0.03,0.01,0.19,0.06,1.00,0.00,0.01,0.21,0.88,0.0018,0.0024,     0,0,0,6.42,93.58,0.00,N/A,2.62,13.49,210.18,0.19,4.86,0.01,0.31,0.15,1.41,0.11,1.00,0.09,0.13,0.25,0.79,0.0029,0.0040,     0,0,0,10.90,89.10,0.00,N/A,32.38,22.89,210.18,1.41,35.37,0.15,3.85,0.00,0.41,0.00,1.00,0.00,0.00,0.74,0.77,0.0006,0.0033,     0,0,0,0.07,99.93,0.00,N/A,0.06,0.14,210.18,0.41,10.36,0.00,0.01,0.18,1.61,0.11,1.00,0.08,0.11,0.23,0.82,0.0021,0.0029,     0,0,0,10.89,89.11,0.00,N/A,36.91,22.88,210.18,1.61,40.34,0.18,4.39,0.18,1.65,0.11,1.00,0.08,0.11,0.28,0.81,0.0021,0.0030,     0,0,0,10.90,89.10,0.00,N/A,37.77,22.89,210.18,1.65,41.24,0.18,4.50,0.00,0.38,0.00,1.00,0.00,0.00,0.60,0.67,0.0014,0.0056,     0,0,0,0.13,99.87,0.00,N/A,0.10,0.27,210.18,0.38,9.42,0.00,0.01,0.18,1.55,0.12,1.00,0.08,0.12,0.28,0.81,0.0022,0.0031,     0,0,0,11.87,88.13,0.00,N/A,38.52,24.92,210.18,1.55,38.65,0.18,4.59,0.02,1.37,0.02,1.00,0.00,0.00,0.20,0.65,0.0003,0.0005,     0,0,0,1.64,98.36,0.00,N/A,4.69,3.44,210.18,1.37,34.13,0.02,0.56,
2024-03-18,16:02:44.996,0.08,1.36,0.06,1.00,0.65,0.91,0.27,0.81,0.0023,0.0032,0.15,0.16,-2147483648,0.00,0.00,285.44,210.57,209.82,1.36,33.89,0.08,2.12,100.11,0.32,230.16,6.27,93.73,0.00,100.00,0.00,0.00,0.00,0.00,-nan,0.25,0.09,1.38,0.06,1.00,0.30,0.41,0.26,0.82,0.0021,0.0029,     0,0,0,0.06,0.05,-2147483648,0.00,0.00,N/A,144.15,104.34,209.82,1.38,34.54,0.09,2.15,0.08,1.33,0.06,1.00,0.35,0.50,0.27,0.81,0.0025,0.0035,     0,0,0,0.09,0.10,-2147483648,0.00,0.00,N/A,141.28,106.23,209.82,1.33,33.25,0.08,2.10,27.69,30.22, 22%, 24%,21.22,20.98, 17%, 16%,64.52,62.96, 52%, 51%,51.06,51.63, 41%, 41%,6.21,93.79,0.00,100.00,0.00,0.00,6.32,93.68,0.00,100.00,0.00,0.00,0.00,0.00,0.00 ,0.00 ,-nan ,-nan ,0.24,0.26,0.01,0.20,0.06,1.00,0.00,0.01,0.14,0.89,0.0018,0.0021,     0,0,0,5.89,94.11,0.00,N/A,2.42,12.37,209.82,0.20,4.88,0.01,0.29,0.00,0.38,0.00,1.00,0.00,0.00,0.78,0.82,0.0005,0.0028,     0,0,0,0.09,99.91,0.00,N/A,0.08,0.20,209.82,0.38,9.46,0.00,0.01,0.20,1.80,0.11,1.00,0.07,0.10,0.29,0.81,0.0017,0.0024,     0,0,0,10.90,89.10,0.00,N/A,41.19,22.89,209.82,1.80,44.99,0.20,4.90,0.16,1.44,0.11,1.00,0.07,0.10,0.23,0.82,0.0022,0.0029,     0,0,0,10.89,89.11,0.00,N/A,32.91,22.87,209.82,1.44,35.98,0.16,3.92,0.15,1.38,0.11,1.00,0.07,0.09,0.23,0.83,0.0023,0.0030,     0,0,0,10.89,89.11,0.00,N/A,31.50,22.87,209.82,1.38,34.44,0.15,3.75,0.01,1.43,0.01,1.00,0.01,0.01,0.29,0.81,0.0026,0.0038,     0,0,0,1.04,98.96,0.00,N/A,3.15,2.21,209.82,1.43,35.68,0.01,0.37,0.16,1.58,0.10,1.00,0.07,0.11,0.31,0.80,0.0022,0.0033,     0,0,0,10.04,89.96,0.00,N/A,32.85,20.79,209.82,1.58,39.50,0.16,3.97,0.00,0.38,0.00,1.00,0.00,0.00,0.75,0.79,0.0005,0.0032,     0,0,0,0.07,99.93,0.00,N/A,0.06,0.15,209.82,0.38,9.48,0.00,0.01,0.01,0.19,0.06,1.000.86,0.0,0.0.27,0.87,0.0018,0.0025,     0,0,0,5.93,94.07,0.00,N/A,2.36,12.46,209.82,0.19,4.73,0.01,0.28,0.16,1.44,0.11,1.00,0.09,0.13,0.28,0.81,0.0028,0.0041,     0,0,0,10.89,89.11,0.00,N/A,32.96,22.88,209.82,1.44,36.01,0.16,3.92,0.03,2.96,0.01,1.00,0.00,0.00,0.38,0.63,0.0001,0.0001,     0,0,0,1.04,98.96,0.00,N/A,6.53,2.21,209.82,2.96,73.90,0.03,0.77,0.14,1.41,0.10,1.00,0.08,0.11,0.22,0.82,0.0028,0.0037,     0,0,0,10.04,89.96,0.00,N/A,29.41,20.79,209.82,1.41,35.36,0.14,3.55,0.17,1.52,0.11,1.00,0.09,0.12,0.28,0.81,0.0025,0.0036,     0,0,0,10.89,89.11,0.00,N/A,34.70,22.86,209.82,1.52,37.94,0.17,4.13,0.02,2.18,0.01,1.00,0.00,0.01,0.27,0.81,0.0009,0.0012,     0,0,0,1.04,98.96,0.00,N/A,4.82,2.22,209.82,2.18,54.39,0.02,0.57,0.14,1.38,0.10,1.00,0.08,0.11,0.28,0.81,0.0029,0.0040,     0,0,0,9.90,90.10,0.00,N/A,28.32,20.50,209.82,1.38,34.54,0.14,3.42,0.01,0.95,0.01,1.00,0.00,0.00,0.29,0.50,0.0011,0.0019,     0,0,0,1.10,98.90,0.00,N/A,2.19,2.31,209.82,0.95,23.66,0.01,0.26,
2024-03-18,16:02:45.096,0.09,1.50,0.06,1.00,0.58,0.83,0.27,0.81,0.0018,0.0026,0.15,0.15,-2147483648,0.00,0.00,318.98,212.03,210.09,1.50,37.61,0.09,2.37,73.88,0.24,176.69,6.31,93.69,0.00,100.00,0.00,0.00,0.00,0.00,-nan,0.25,0.09,1.46,0.06,1.00,0.28,0.39,0.28,0.81,0.0018,0.0026,     0,0,0,0.03,0.03,-2147483648,0.00,0.00,N/A,149.91,102.64,210.09,1.46,36.51,0.09,2.23,0.10,1.55,0.06,1.00,0.31,0.44,0.27,0.82,0.0018,0.0026,     0,0,0,0.12,0.13,-2147483648,0.00,0.00,N/A,169.07,109.39,210.09,1.55,38.64,0.10,2.51,20.38,19.95, 16%, 16%,16.94,16.61, 13%, 13%,43.42,44.73, 35%, 36%,44.02,44.51, 35%, 35%,6.12,93.88,0.00,100.00,0.00,0.00,6.51,93.49,0.00,100.00,0.00,0.00,0.00,0.00,0.00 ,0.00 ,-nan ,-nan ,0.26,0.24,0.01,0.20,0.06,1.00,0.00,0.00,0.14,0.89,0.0018,0.0021,     0,0,0,5.76,94.24,0.00,N/A,2.39,12.10,210.09,0.20,4.93,0.01,0.28,0.00,0.41,0.00,1.00,0.00,0.00,0.61,0.69,0.0007,0.0041,     0,0,0,0.21,99.79,0.00,N/A,0.18,0.45,210.09,0.41,10.26,0.00,0.02,0.18,1.77,0.10,1.00,0.07,0.09,0.25,0.80,0.0019,0.0025,     0,0,0,10.04,89.96,0.00,N/A,36.74,20.80,210.09,1.77,44.16,0.18,4.43,0.17,1.69,0.10,1.00,0.06,0.08,0.22,0.82,0.0018,0.0023,     0,0,0,10.05,89.95,0.00,N/A,35.21,20.81,210.09,1.69,42.30,0.17,4.25,0.14,1.36,0.10,1.00,0.05,0.08,0.32,0.82,0.0019,0.0028,     0,0,0,10.04,89.96,0.00,N/A,28.36,20.80,210.09,1.36,34.09,0.14,3.42,0.19,1.78,0.11,1.00,0.08,0.11,0.29,0.79,0.0019,0.0027,     0,0,0,10.89,89.11,0.00,N/A,40.61,22.87,210.09,1.78,44.40,0.19,4.83,0.01,1.41,0.01,1.00,0.01,0.01,0.29,0.83,0.0020,0.0029,     0,0,0,1.03,98.97,0.00,N/A,3.10,2.20,210.09,1.41,35.19,0.01,0.36,0.02,1.27,0.01,1.00,0.01,0.01,0.51,0.81,0.0018,0.0037,     0,0,0,1.23,98.77,0.00,N/A,3.32,2.61,210.09,1.27,31.76,0.02,0.39,0.01,0.19,0.06,1.00,0.00,0.01,0.16,0.89,0.0018,0.0022,     0,0,0,6.05,93.95,0.00,N/A,2.39,12.70,210.09,0.19,4.71,0.01,0.28,0.17,1.70,0.10,1.00,0.07,0.10,0.28,0.81,0.0019,0.0027,     0,0,0,10.05,89.95,0.00,N/A,35.42,20.83,210.09,1.70,42.51,0.17,4.27,0.20,1.81,0.11,1.00,0.07,0.10,0.24,0.82,0.0017,0.0023,     0,0,0,10.90,89.10,0.00,N/A,41.38,22.88,210.09,1.81,45.22,0.20,4.93,0.03,1.38,0.02,1.00,0.02,0.02,0.26,0.80,0.0029,0.0040,     0,0,0,2.06,97.94,0.00,N/A,6.06,4.38,210.09,1.38,34.55,0.03,0.71,0.19,1.73,0.11,1.00,0.07,0.10,0.27,0.81,0.0018,0.0026,     0,0,0,10.90,89.10,0.00,N/A,39.63,22.89,210.09,1.73,43.29,0.19,4.72,0.19,1.79,0.11,1.00,0.07,0.09,0.28,0.82,0.0016,0.0023,     0,0,0,10.90,89.10,0.00,N/A,40.77,22.79,210.09,1.79,44.73,0.19,4.85,0.01,1.34,0.01,1.00,0.01,0.01,0.38,0.79,0.0026,0.0044,     0,0,0,1.11,98.89,0.00,N/A,3.17,2.36,210.09,1.34,33.61,0.01,0.37,0.00,0.44,0.00,1.00,0.00,0.00,0.33,0.53,0.0036,0.0069,     0,0,0,0.27,99.73,0.00,N/A,0.25,0.56,210.09,0.44,10.96,0.00,0.03,
2024-03-18,16:02:45.197,0.08,1.25,0.06,1.00,0.75,1.06,0.27,0.81,0.0028,0.0040,0.17,0.16,-2147483648,0.00,0.00,267.22,212.96,210.19,1.25,31.37,0.08,1.98,27.71,0.09,69.50,6.30,93.70,0.00,100.00,0.00,0.00,0.00,0.00,-nan,0.25,0.06,1.22,0.05,1.00,0.24,0.39,0.37,0.81,0.0024,0.0039,     0,0,0,0.08,0.08,-2147483648,0.00,0.00,N/A,100.98,82.54,210.19,1.22,30.59,0.06,1.50,0.10,1.27,0.08,1.00,0.51,0.67,0.21,0.81,0.0031,0.0040,     0,0,0,0.09,0.08,-2147483648,0.00,0.00,N/A,166.23,130.42,210.19,1.27,31.87,0.10,2.45,7.59,7.70,  6%,  6%,6.33,6.08,  5%,  4%,17.26,18.40, 14%, 14%,16.91,16.94, 13%, 13%,4.90,95.10,0.00,100.00,0.00,0.00,7.69,92.31,0.00,100.00,0.00,0.00,0.00,0.00,0.00 ,0.00 ,-nan ,-nan ,0.24,0.25,0.01,0.20,0.06,1.00,0.00,0.01,0.12,0.89,0.0019,0.0022,     0,0,0,5.93,94.07,0.00,N/A,2.44,12.46,210.19,0.20,4.90,0.01,0.29,0.01,0.88,0.01,1.00,0.00,0.00,0.24,0.76,0.0009,0.0014,     0,0,0,1.00,99.00,0.00,N/A,1.87,2.11,210.19,0.88,22.10,0.01,0.22,0.00,0.44,0.00,1.00,0.00,0.00,0.29,0.57,0.0035,0.0068,     0,0,0,0.20,99.80,0.00,N/A,0.19,0.43,210.19,0.44,11.08,0.00,0.02,0.00,0.26,0.00,1.00,0.00,0.00,0.31,0.56,0.0041,0.0076,     0,0,0,0.35,99.65,0.00,N/A,0.19,0.73,210.19,0.26,6.62,0.00,0.02,0.00,0.41,0.00,1.00,0.00,0.00,0.79,0.71,0.0005,0.0043,     0,0,0,0.13,99.87,0.00,N/A,0.11,0.27,210.19,0.41,10.36,0.00,0.01,0.14,1.34,0.11,1.00,0.09,0.14,0.36,0.80,0.0029,0.0046,     0,0,0,10.79,89.21,0.00,N/A,30.66,22.89,210.19,1.34,33.49,0.14,3.61,0.16,1.48,0.11,1.00,0.08,0.13,0.37,0.81,0.0024,0.0039,     0,0,0,10.78,89.22,0.00,N/A,33.77,22.86,210.19,1.48,36.93,0.16,3.98,0.15,1.53,0.10,1.00,0.07,0.11,0.40,0.82,0.0021,0.0035,     0,0,0,10.03,89.97,0.00,N/A,31.76,20.79,210.19,1.53,38.18,0.15,3.83,0.01,0.19,0.06,1.00,0.00,0.01,0.31,0.87,0.0018,0.0026,     0,0,0,5.97,94.03,0.00,N/A,2.36,12.56,210.19,0.19,4.70,0.01,0.28,0.01,1.15,0.01,1.00,0.01,0.01,0.13,0.81,0.0036,0.0044,     0,0,0,1.04,98.96,0.00,N/A,2.57,2.23,210.19,1.15,28.77,0.01,0.30,0.14,1.33,0.11,1.00,0.11,0.14,0.19,0.82,0.0035,0.0044,     0,0,0,10.79,89.21,0.00,N/A,30.52,22.88,210.19,1.33,33.35,0.14,3.60,0.16,1.45,0.11,1.00,0.09,0.12,0.24,0.81,0.0026,0.0036,     0,0,0,10.78,89.22,0.00,N/A,33.06,22.87,210.19,1.45,36.14,0.16,3.90,0.16,1.49,0.11,1.00,0.10,0.12,0.16,0.82,0.0030,0.0036,     0,0,0,10.78,89.22,0.00,N/A,34.14,22.86,210.19,1.49,37.33,0.16,4.02,0.14,1.34,0.11,1.00,0.10,0.13,0.22,0.81,0.0033,0.0044,     0,0,0,10.78,89.22,0.00,N/A,30.52,22.86,210.19,1.34,33.38,0.14,3.60,0.15,1.42,0.11,1.00,0.10,0.14,0.24,0.81,0.0030,0.0042,     0,0,0,10.78,89.22,0.00,N/A,32.50,22.87,210.19,1.42,35.53,0.15,3.83,0.00,0.43,0.01,1.00,0.00,0.00,0.31,0.69,0.0015,0.0024,     0,0,0,0.61,99.39,0.00,N/A,0.55,1.29,210.19,0.43,10.72,0.00,0.07,
2024-03-18,16:02:45.302,0.11,1.70,0.06,1.00,0.51,0.71,0.25,0.81,0.0014,0.0019,0.18,0.14,-2147483648,0.00,0.00,369.37,217.43,211.42,1.70,42.47,0.11,2.74,53.20,0.16,99.09,6.46,93.54,0.00,100.00,0.00,0.00,0.00,0.00,-nan,0.26,0.07,1.67,0.04,1.00,0.09,0.18,0.49,0.80,0.0008,0.0015,     0,0,0,0.05,0.03,-2147483648,0.00,0.00,N/A,115.77,69.13,211.42,1.67,41.86,0.07,1.72,0.15,1.71,0.09,1.00,0.42,0.53,0.17,0.81,0.0017,0.0021,     0,0,0,0.13,0.11,-2147483648,0.00,0.00,N/A,253.60,148.30,211.42,1.71,42.75,0.15,3.77,13.16,13.18, 10%, 10%,13.64,13.24, 10%, 10%,30.47,28.17, 24%, 22%,20.16,20.29, 16%, 16%,4.10,95.90,0.00,100.00,0.00,0.00,8.81,91.19,0.00,100.00,0.00,0.00,0.00,0.00,0.00 ,0.00 ,-nan ,-nan ,0.26,0.26,0.03,0.43,0.06,1.00,0.00,0.01,0.25,0.87,0.0007,0.0011,     0,0,0,6.38,93.62,0.00,N/A,5.81,13.49,211.42,0.43,10.78,0.03,0.69,0.03,1.42,0.02,1.00,0.01,0.01,0.43,0.79,0.0015,0.0027,     0,0,0,1.80,98.20,0.00,N/A,5.42,3.82,211.42,1.42,35.44,0.03,0.64,0.01,1.35,0.01,1.00,0.00,0.00,0.69,0.67,0.0002,0.0012,     0,0,0,0.71,99.29,0.00,N/A,2.04,1.51,211.42,1.35,33.82,0.01,0.24,0.00,0.44,0.00,1.00,0.00,0.00,0.60,0.68,0.0011,0.0049,     0,0,0,0.11,99.89,0.00,N/A,0.10,0.23,211.42,0.44,11.06,0.00,0.01,0.02,1.28,0.01,1.00,0.01,0.01,0.44,0.80,0.0019,0.0036,     0,0,0,1.36,98.64,0.00,N/A,3.70,2.90,211.42,1.28,31.96,0.02,0.44,0.22,2.03,0.11,1.00,0.04,0.07,0.45,0.78,0.0008,0.0015,     0,0,0,10.81,89.19,0.00,N/A,45.42,22.34,211.42,2.03,50.83,0.22,5.49,0.22,2.19,0.10,1.00,0.03,0.07,0.56,0.81,0.0006,0.0015,     0,0,0,10.14,89.86,0.00,N/A,45.82,20.96,211.42,2.19,54.65,0.22,5.54,0.04,1.91,0.02,1.00,0.00,0.00,0.43,0.51,0.0001,0.0004,     0,0,0,1.84,98.16,0.00,N/A,7.45,3.89,211.42,1.91,47.86,0.04,0.88,0.01,0.20,0.06,1.00,0.01,0.01,0.32,0.83,0.0021,0.0032,     0,0,0,6.09,93.91,0.00,N/A,2.52,12.88,211.42,0.20,4.89,0.01,0.30,0.11,,0.04,0,,,1.00,0.04,0.06,0.16,0.81,0.0020,0.0025,     0,0,0,7.07,92.93,0.00,N/A,22.37,14.62,211.42,1.53,38.27,0.11,2.70,0.19,1.73,0.11,1.00,0.08,0.10,0.13,0.79,0.0020,0.0024,     0,0,0,11.01,88.99,0.00,N/A,39.49,22.89,211.42,1.73,43.13,0.19,4.75,0.22,1.97,0.11,1.00,0.07,0.10,0.21,0.81,0.0016,0.0021,     0,0,0,11.01,88.99,0.00,N/A,45.06,22.89,211.42,1.97,49.22,0.22,5.42,0.22,1.99,0.11,1.00,0.06,0.08,0.14,0.82,0.0014,0.0017,     0,0,0,11.01,88.99,0.00,N/A,45.67,22.90,211.42,1.99,49.87,0.22,5.49,0.23,2.07,0.11,1.00,0.06,0.07,0.18,0.81,0.0012,0.0016,     0,0,0,11.01,88.99,0.00,N/A,47.41,22.88,211.42,2.07,51.79,0.23,5.70,0.21,1.92,0.11,1.00,0.07,0.10,0.20,0.80,0.0017,0.0022,     0,0,0,11.01,88.99,0.00,N/A,43.94,22.90,211.42,1.92,47.98,0.21,5.28,0.03,1.13,0.03,1.00,0.02,0.03,0.14,0.81,0.0034,0.0041,     0,0,0,2.82,97.18,0.00,N/A,7.13,6.34,211.42,1.13,28.13,0.03,0.79,
2024-03-18,16:02:45.404,0.09,1.39,0.06,1.00,0.66,0.94,0.27,0.81,0.0022,0.0032,0.16,0.17,-2147483648,0.00,0.00,296.28,212.53,208.33,1.39,34.85,0.09,2.21,67.43,0.20,150.31,6.33,93.67,0.00,100.00,0.00,0.00,0.00,0.00,-nan,0.24,0.06,1.39,0.04,1.00,0.13,0.26,0.49,0.81,0.0014,0.0027,     0,0,0,0.07,0.09,-2147483648,0.00,0.00,N/A,95.97,68.81,208.33,1.39,34.87,0.06,1.42,0.12,1.39,0.09,1.00,0.53,0.68,0.19,0.81,0.0026,0.0034,     0,0,0,0.09,0.08,-2147483648,0.00,0.00,N/A,200.32,143.72,208.33,1.39,34.85,0.12,3.00,15.99,16.88, 13%, 13%,17.45,17.12, 14%, 13%,37.51,36.05, 30%, 29%,38.18,38.58, 30%, 31%,4.07,95.93,0.00,100.00,0.00,0.00,8.62,91.38,0.00,100.00,0.00,0.00,0.00,0.00,0.00 ,0.00 ,-nan ,-nan ,0.24,0.24,0.02,0.24,0.06,1.00,0.01,0.01,0.22,0.82,0.0026,0.0034,     0,0,0,6.32,93.68,0.00,N/A,3.22,13.17,208.33,0.24,6.12,0.02,0.39,0.17,1.72,0.10,1.00,0.04,0.10,0.55,0.80,0.0012,0.0027,     0,0,0,10.03,89.97,0.00,N/A,35.80,20.78,208.33,1.72,43.07,0.17,4.32,0.00,0.45,0.00,1.00,0.00,0.00,0.21,0.66,0.0024,0.0061,     0,0,0,0.17,99.83,0.00,N/A,0.16,0.35,208.33,0.45,11.17,0.00,0.02,0.03,1.29,0.02,1.00,0.01,0.02,0.24,0.83,0.0021,0.0029,     0,0,0,2.02,97.98,0.00,N/A,5.96,4.60,208.33,1.29,32.35,0.03,0.65,0.18,1.83,0.10,1.00,0.04,0.09,0.56,0.82,0.0010,0.0023,     0,0,0,10.03,89.97,0.00,N/A,38.10,20.78,208.33,1.83,45.83,0.18,4.60,0.03,1.43,0.02,1.00,0.01,0.02,0.39,0.80,0.0019,0.0034,     0,0,0,2.18,97.82,0.00,N/A,6.56,4.59,208.33,1.43,35.71,0.03,0.78,0.02,1.60,0.01,1.00,0.01,0.01,0.41,0.81,0.0018,0.0032,     0,0,0,1.08,98.92,0.00,N/A,3.66,2.29,208.33,1.60,39.95,0.02,0.43,0.01,1.12,0.01,1.00,0.01,0.01,0.26,0.82,0.0032,0.0044,     0,0,0,1.07,98.93,0.00,N/A,2.51,2.23,208.33,1.12,28.11,0.01,0.30,0.01,0.19,0.06,1.00,0.00,0.01,0.37,0.86,0.0017,0.0028,     0,0,0,5.85,94.15,0.00,N/A,2.32,12.17,208.33,0.19,4.78,0.01,0.28,0.02,1.31,0.01,1.00,0.01,0.01,0.28,0.80,0.0020,0.0034,     0,0,0,1.16,98.84,0.00,N/A,3.21,2.45,208.33,1.31,32.67,0.02,0.38,0.15,1.46,0.10,1.00,0.09,0.11,0.16,0.81,0.0028,0.0035,     0,0,0,9.96,90.04,0.00,N/A,30.65,20.92,208.33,1.46,36.62,0.15,3.65,0.19,1.75,0.11,1.00,0.08,0.11,0.21,0.81,0.0021,0.0028,     0,0,0,10.79,89.21,0.00,N/A,40.02,22.88,208.33,1.75,43.73,0.19,4.72,0.16,1.60,0.10,1.00,0.08,0.10,0.14,0.82,0.0024,0.0029,     0,0,0,10.04,89.96,0.00,N/A,33.37,20.80,208.33,1.60,40.10,0.16,4.03,0.16,1.44,0.11,1.00,0.09,0.12,0.19,0.81,0.0029,0.0037,     0,0,0,10.80,89.20,0.00,N/A,33.05,22.90,208.33,1.44,36.08,0.16,3.90,0.16,1.45,0.11,1.00,0.10,0.13,0.21,0.80,0.0030,0.0040,     0,0,0,10.78,89.22,0.00,N/A,33.27,22.87,208.33,1.45,36.37,0.16,3.92,0.13,1.30,0.10,1.00,0.07,0.10,0.19,0.81,0.0031,0.0039,     0,0,0,9.62,90.38,0.00,N/A,24.43,18.72,208.33,1.30,32.62,0.13,3.14,
2024-03-18,16:02:45.497,0.10,1.56,0.07,1.00,0.58,0.82,0.27,0.81,0.0017,0.0024,0.15,0.15,-2147483648,0.00,0.00,344.10,221.18,210.01,1.56,38.89,0.10,2.57,70.51,0.23,160.01,6.61,93.39,0.00,100.00,0.00,0.00,0.00,0.00,-nan,0.25,0.08,1.51,0.05,1.00,0.17,0.29,0.40,0.80,0.0013,0.0022,     0,0,0,0.04,0.04,-2147483648,0.00,0.00,N/A,128.78,85.02,210.01,1.51,37.86,0.08,1.94,0.13,1.58,0.08,1.00,0.41,0.53,0.21,0.82,0.0019,0.0025,     0,0,0,0.11,0.11,-2147483648,0.00,0.00,N/A,215.33,136.16,210.01,1.58,39.54,0.13,3.19,17.34,15.77, 14%, 12%,18.83,18.57, 15%, 15%,33.81,30.80, 27%, 25%,47.45,47.95, 38%, 38%,5.12,94.88,0.00,100.00,0.00,0.00,8.08,91.92,0.00,100.00,0.00,0.00,0.00,0.00,0.00 ,0.00 ,-nan ,-nan ,0.26,0.24,0.01,0.24,0.06,1.00,0.01,0.01,0.28,0.84,0.0017,0.0025,     0,0,0,6.20,93.80,0.00,N/A,3.06,13.01,210.01,0.24,5.88,0.01,0.36,0.01,0.78,0.01,1.00,0.00,0.00,0.28,0.72,0.0011,0.0017,     0,0,0,1.16,98.84,0.00,N/A,1.90,2.43,210.01,0.78,19.58,0.01,0.23,0.01,0.87,0.01,1.00,0.00,0.00,0.31,0.62,0.0008,0.0018,     0,0,0,0.96,99.04,0.00,N/A,1.76,2.02,210.01,0.87,21.80,0.01,0.21,0.18,1.79,0.10,1.00,0.04,0.07,0.32,0.82,0.0013,0.0020,     0,0,0,9.84,90.16,0.00,N/A,33.59,18.73,210.01,1.79,44.84,0.18,4.41,0.00,0.34,0.00,1.00,0.00,0.00,0.60,0.61,0.0019,0.0068,     0,0,0,0.13,99.87,0.00,N/A,0.09,0.27,210.01,0.34,8.51,0.00,0.01,0.21,1.91,0.11,1.00,0.05,0.10,0.44,0.80,0.0012,0.0023,     0,0,0,10.89,89.11,0.00,N/A,43.74,22.87,210.01,1.91,47.82,0.21,5.21,0.21,1.77,0.12,1.00,0.06,0.11,0.42,0.80,0.0014,0.0024,     0,0,0,11.87,88.13,0.00,N/A,44.18,24.93,210.01,1.77,44.30,0.21,5.26,0.00,0.58,0.00,1.00,0.00,0.00,0.32,0.57,0.0017,0.0037,     0,0,0,0.36,99.64,0.00,N/A,0.45,0.76,210.01,0.58,14.61,0.00,0.05,0.01,0.19,0.06,1.00,0.00,0.01,0.29,0.86,0.0019,0.0028,     0,0,0,6.19,93.81,0.00,N/A,2.43,12.99,210.01,0.19,4.67,0.01,0.29,0.19,1.71,0.11,1.00,0.07,0.09,0.20,0.82,0.0017,0.0022,     0,0,0,10.88,89.12,0.00,N/A,39.15,22.86,210.01,1.71,42.82,0.19,4.66,0.23,1.90,0.12,1.00,0.07,0.09,0.17,0.81,0.0016,0.0020,     0,0,0,11.88,88.12,0.00,N/A,47.49,24.94,210.01,1.90,47.60,0.23,5.65,0.19,1.74,0.11,1.00,0.08,0.11,0.23,0.82,0.0020,0.0027,     0,0,0,10.90,89.10,0.00,N/A,39.90,22.88,210.01,1.74,43.59,0.19,4.75,0.02,1.25,0.02,1.00,0.02,0.02,0.12,0.82,0.0031,0.0038,     0,0,0,2.00,98.00,0.00,N/A,5.37,4.30,210.01,1.25,31.18,0.02,0.62,0.20,1.67,0.12,1.00,0.09,0.11,0.20,0.81,0.0021,0.0027,     0,0,0,11.87,88.13,0.00,N/A,41.66,24.93,210.01,1.67,41.77,0.20,4.96,0.19,1.71,0.11,1.00,0.08,0.11,0.22,0.81,0.0020,0.0027,     0,0,0,10.89,89.11,0.00,N/A,39.16,22.88,210.01,1.71,42.79,0.19,4.66,0.00,0.47,0.00,1.00,0.00,0.00,0.18,0.66,0.0027,0.0038,     0,0,0,0.17,99.83,0.00,N/A,0.17,0.36,210.01,0.47,11.86,0.00,0.02,
2024-03-18,16:02:45.598,0.08,1.25,0.06,1.00,0.73,1.06,0.29,0.81,0.0026,0.0038,0.15,0.16,-2147483648,0.00,0.00,276.13,220.45,212.01,1.25,31.31,0.08,2.03,59.80,0.19,136.84,6.48,93.52,0.00,100.00,0.00,0.00,0.00,0.00,-nan,0.25,0.04,1.20,0.04,1.00,0.11,0.27,0.57,0.81,0.0015,0.0036,     0,0,0,0.07,0.09,-2147483648,0.00,0.00,N/A,74.89,62.54,212.01,1.20,29.93,0.04,1.10,0.12,1.27,0.09,1.00,0.61,0.78,0.18,0.81,0.0030,0.0039,     0,0,0,0.08,0.07,-2147483648,0.00,0.00,N/A,201.24,157.91,212.01,1.27,31.86,0.12,2.96,14.33,14.78, 11%, 11%,15.55,15.14, 12%, 12%,34.52,33.48, 27%, 26%,34.30,34.55, 27%, 27%,3.68,96.32,0.00,100.00,0.00,0.00,9.28,90.72,0.00,100.00,0.00,0.00,0.00,0.00,0.00 ,0.00 ,-nan ,-nan ,0.24,0.25,0.02,0.22,0.07,1.00,0.01,0.01,0.22,0.80,0.0025,0.0036,     0,0,0,6.87,93.13,0.00,N/A,3.21,14.57,212.01,0.22,5.51,0.02,0.38,0.00,0.39,0.00,1.00,0.00,0.00,0.76,0.75,0.0007,0.0042,     0,0,0,0.10,99.90,0.00,N/A,0.09,0.22,212.01,0.39,9.63,0.00,0.01,0.00,0.39,0.00,1.00,0.00,0.00,0.48,0.70,0.0021,0.0049,     0,0,0,0.12,99.88,0.00,N/A,0.10,0.25,212.01,0.39,9.68,0.00,0.01,0.00,0.37,0.00,1.00,0.00,0.00,0.90,0.71,0.0003,0.0045,     0,0,0,0.10,99.90,0.00,N/A,0.08,0.20,212.01,0.37,9.33,0.00,0.01,0.00,0.38,0.00,1.00,0.00,0.00,0.72,0.72,0.0007,0.0043,     0,0,0,0.10,99.90,0.00,N/A,0.08,0.21,212.01,0.38,9.45,0.00,0.01,0.16,1.50,0.11,1.00,0.06,0.14,0.57,0.80,0.0017,0.0040,     0,0,0,10.68,89.32,0.00,N/A,34.20,22.87,212.01,1.50,37.39,0.16,3.99,0.17,1.60,0.11,1.00,0.05,0.12,0.61,0.82,0.0012,0.0032,     0,0,0,10.67,89.33,0.00,N/A,36.51,22.86,212.01,1.60,39.92,0.17,4.26,0.00,0.46,0.01,1.00,0.00,0.01,0.40,0.49,0.0032,0.0081,     0,0,0,0.64,99.36,0.00,N/A,0.63,1.37,212.01,0.46,11.59,0.00,0.07,0.01,0.19,0.06,1.00,0.01,0.01,0.39,0.80,0.0023,0.0040,     0,0,0,6.41,93.59,0.00,N/A,2.60,13.60,212.01,0.19,4.77,0.01,0.31,0.15,1.25,0.12,1.00,0.10,0.12,0.18,0.82,0.0031,0.0039,     0,0,0,11.65,88.35,0.00,N/A,31.31,24.95,212.01,1.25,3,0.15,00.,3.65,0.16,1.49,0.11,1.00,0.09,0.11,0.15,0.82,0.0027,0.0033,     0,0,0,10.68,89.32,0.00,N/A,34.02,22.87,212.01,1.49,37.18,0.16,3.97,0.16,1.48,0.11,1.00,0.10,0.14,0.21,0.81,0.0030,0.0040,     0,0,0,10.78,89.22,0.00,N/A,33.90,22.86,212.01,1.48,37.07,0.16,4.00,0.16,1.35,0.12,1.00,0.11,0.13,0.16,0.82,0.0031,0.0040,     0,0,0,11.74,88.26,0.00,N/A,33.65,24.91,212.01,1.35,33.78,0.16,3.97,0.15,1.36,0.11,1.00,0.10,0.12,0.18,0.81,0.0031,0.0039,     0,0,0,10.78,89.22,0.00,N/A,31.09,22.87,212.01,1.36,33.98,0.15,3.66,0.16,1.38,0.12,1.00,0.11,0.15,0.20,0.81,0.0033,0.0043,     0,0,0,11.75,88.25,0.00,N/A,34.46,24.92,212.01,1.38,34.58,0.16,4.06,0.00,0.23,0.00,1.00,0.00,0.00,0.22,0.61,0.0029,0.0056,     0,0,0,0.44,99.56,0.00,N/A,0.21,0.93,212.01,0.23,5.76,0.00,0.03,
2024-03-18,16:02:45.698,0.09,1.44,0.06,1.00,0.64,0.92,0.28,0.81,0.0021,0.0030,0.17,0.14,-2147483648,0.00,0.00,304.21,211.81,212.20,1.44,35.91,0.09,2.26,43.18,0.14,114.54,6.30,93.70,0.00,100.00,0.00,0.00,0.00,0.00,-nan,0.25,0.06,1.34,0.04,1.00,0.16,0.30,0.46,0.81,0.0017,0.0032,     0,0,0,0.05,0.05,-2147483648,0.00,0.00,N/A,93.27,69.59,212.20,1.34,33.51,0.06,1.38,0.13,1.48,0.08,1.00,0.48,0.62,0.19,0.81,0.0023,0.0030,     0,0,0,0.13,0.10,-2147483648,0.00,0.00,N/A,210.94,142.22,212.20,1.48,37.08,0.13,3.15,14.01,13.26, 11%, 10%,8.12,7.79,  6%,  6%,33.99,31.88, 27%, 25%,24.25,24.41, 19%, 19%,4.12,95.88,0.00,100.00,0.00,0.00,8.50,91.50,0.00,100.00,0.00,0.00,0.00,0.00,0.00 ,0.00 ,-nan ,-nan ,0.25,0.25,0.02,0.28,0.06,1.00,0.00,0.01,0.17,0.88,0.0012,0.0016,     0,0,0,6.48,93.52,0.00,N/A,3.87,13.76,212.20,0.28,7.04,0.02,0.46,0.00,0.30,0.00,1.00,0.00,0.00,0.38,0.72,0.0026,0.0047,     0,0,0,0.12,99.88,0.00,N/A,0.08,0.26,212.20,0.30,7.57,0.00,0.01,0.04,1.49,0.03,1.00,0.02,0.03,0.33,0.81,0.0024,0.0036,     0,0,0,2.99,97.01,0.00,N/A,9.49,6.35,212.20,1.49,37.37,0.04,1.12,0.00,0.39,0.00,1.00,0.00,0.00,0.72,0.77,0.0006,0.0035,     0,0,0,0.07,99.93,0.00,N/A,0.06,0.15,212.20,0.39,9.68,0.00,0.01,0.02,1.26,0.01,1.00,0.01,0.02,0.17,0.81,0.0031,0.0040,     0,0,0,1.43,98.57,0.00,N/A,3.83,3.03,212.20,1.26,31.58,0.02,0.45,0.18,1.67,0.11,1.00,0.06,0.12,0.50,0.80,0.0015,0.0031,     0,0,0,11.00,89.00,0.00,N/A,38.28,22.87,212.20,1.67,41.84,0.18,4.60,0.18,1.64,0.11,1.00,0.06,0.12,0.51,0.81,0.0016,0.0032,     0,0,0,11.00,89.00,0.00,N/A,37.53,22.87,212.20,1.64,41.03,0.18,4.51,0.00,0.43,0.00,1.00,0.00,0.00,0.38,0.62,0.0020,0.0055,     0,0,0,0.14,99.86,0.00,N/A,0.13,0.31,212.20,0.43,10.83,0.00,0.02,0.01,0.19,0.06,1.00,0.00,0.01,0.34,0.86,0.0018,0.0028,     0,0,0,6.28,93.72,0.00,N/A,2.57,13.32,212.20,0.19,4.82,0.01,0.30,0.10,1.56,0.06,1.00,0.04,0.06,0.18,0.82,0.0021,0.0027,     0,0,0,6.38,93.62,0.00,N/A,20.65,13.27,212.20,1.56,38.92,0.10,2.48,0.18,1.59,0.11,1.00,0.09,0.11,0.16,0.82,0.0025,0.0031,     0,0,0,11.01,88.99,0.00,N/A,36.45,22.90,212.20,1.59,39.80,0.18,4.38,0.19,1.76,0.11,1.00,0.08,0.11,0.22,0.81,0.0020,0.0027,     0,0,0,11.00,89.00,0.00,N/A,40.30,22.87,212.20,1.76,44.06,0.19,4.85,0.18,1.63,0.11,1.00,0.08,0.11,0.17,0.82,0.0023,0.0029,     0,0,0,11.00,89.00,0.00,N/A,37.37,22.86,212.20,1.63,40.86,0.18,4.49,0.17,1.51,0.11,1.00,0.09,0.12,0.20,0.81,0.0027,0.0034,     0,0,0,11.00,89.00,0.00,N/A,34.60,22.87,212.20,1.51,37.81,0.17,4.16,0.18,1.65,0.11,1.00,0.08,0.11,0.22,0.80,0.0022,0.0030,     0,0,0,10.89,89.11,0.00,N/A,37.71,22.87,212.20,1.65,41.22,0.18,4.49,0.01,1.02,0.01,1.00,0.00,0.00,0.22,0.59,0.0008,0.0015,     0,0,0,0.60,99.40,0.00,N/A,1.29,1.26,212.20,1.02,25.47,0.01,0.15,
2024-03-18,16:02:45.803,0.10,1.40,0.07,1.00,0.64,0.90,0.25,0.81,0.0020,0.0028,0.18,0.18,-2147483648,0.00,0.00,326.21,232.41,209.93,1.40,35.09,0.10,2.42,81.38,0.23,185.05,6.90,93.10,0.00,100.00,0.00,0.00,0.00,0.00,-nan,0.25,0.07,1.29,0.05,1.00,0.17,0.29,0.39,0.81,0.0015,0.0026,     0,0,0,0.09,0.10,-2147483648,0.00,0.00,N/A,113.24,88.11,209.93,1.29,32.13,0.07,1.67,0.13,1.48,0.09,1.00,0.47,0.61,0.19,0.81,0.0022,0.0029,     0,0,0,0.09,0.08,-2147483648,0.00,0.00,N/A,212.97,144.30,209.93,1.48,36.90,0.13,3.17,18.97,22.74, 15%, 18%,19.97,19.69, 16%, 15%,47.37,51.30, 38%, 41%,42.99,43.40, 34%, 34%,5.20,94.80,0.00,100.00,0.00,0.00,8.60,91.40,0.00,100.00,0.00,0.00,0.00,0.00,0.00 ,0.00 ,-nan ,-nan ,0.26,0.25,0.02,0.24,0.07,1.00,0.01,0.01,0.40,0.79,0.0018,0.0032,     0,0,0,6.56,93.44,0.00,N/A,3.33,13.76,209.93,0.24,6.05,0.02,0.40,0.02,1.09,0.02,1.00,0.01,0.02,0.37,0.80,0.0018,0.0029,     0,0,0,2.28,97.72,0.00,N/A,5.22,4.80,209.93,1.09,27.21,0.02,0.62,0.03,1.20,0.03,1.00,0.01,0.02,0.31,0.85,0.0017,0.0026,     0,0,0,2.61,97.39,0.00,N/A,6.61,5.49,209.93,1.20,30.08,0.03,0.78,0.09,1.44,0.06,1.00,0.04,0.04,0.14,0.81,0.0020,0.0024,     0,0,0,5.98,94.02,0.00,N/A,18.10,12.55,209.93,1.44,36.05,0.09,2.15,0.02,0.94,0.02,1.00,0.00,0.01,0.40,0.78,0.0008,0.0018,     0,0,0,1.95,98.05,0.00,N/A,3.84,4.10,209.93,0.94,23.42,0.02,0.46,0.16,1.60,0.10,1.00,0.05,0.10,0.44,0.80,0.0015,0.0027,     0,0,0,10.28,89.72,0.00,N/A,36.53,22.88,209.93,1.60,39.93,0.16,4.11,0.18,1.78,0.10,1.00,0.05,0.09,0.45,0.81,0.0013,0.0025,     0,0,0,9.95,90.05,0.00,N/A,37.04,20.82,209.93,1.78,44.48,0.18,4.43,0.01,0.69,0.02,1.00,0.00,0.01,0.44,0.73,0.0010,0.0026,     0,0,0,1.77,98.23,0.00,N/A,2.57,3.72,209.93,0.69,17.29,0.01,0.31,0.02,0.24,0.07,1.00,0.01,0.01,0.57,0.77,0.0017,0.0040,     0,0,0,6.52,93.48,0.00,N/A,3.23,13.70,209.93,0.24,5.89,0.02,0.38,0.19,1.75,0.11,1.00,0.08,0.11,0.20,0.80,0.0021,0.0028,     0,0,0,10.89,89.11,0.00,N/A,39.93,22.86,209.93,1.75,43.67,0.19,4.75,0.19,1.73,0.11,1.00,0.08,0.10,0.18,0.82,0.0020,0.0025,     0,0,0,10.90,89.10,0.00,N/A,39.48,22.89,209.93,1.73,43.13,0.19,4.70,0.08,1.36,0.06,1.00,0.04,0.06,0.20,0.82,0.0026,0.0034,     0,0,0,5.97,94.03,0.00,N/A,16.96,12.49,209.93,1.36,33.95,0.08,2.03,0.18,1.69,0.11,1.00,0.08,0.10,0.17,0.81,0.0021,0.0027,     0,0,0,10.88,89.12,0.00,N/A,38.66,22.86,209.93,1.69,42.28,0.18,4.60,0.19,1.72,0.11,1.00,0.08,0.10,0.19,0.81,0.0021,0.0026,     0,0,0,10.89,89.11,0.00,N/A,39.32,22.87,209.93,1.72,42.98,0.19,4.68,0.15,1.37,0.11,1.00,0.08,0.10,0.17,0.81,0.0027,0.0033,     0,0,0,11.00,89.00,0.00,N/A,31.33,22.88,209.93,1.37,34.24,0.15,3.77,0.02,1.08,0.02,1.00,0.01,0.02,0.16,0.77,0.0034,0.0046,     0,0,0,1.79,98.21,0.00,N/A,4.07,3.76,209.93,1.08,27.01,0.02,0.48,
2024-03-18,16:02:45.898,0.11,1.57,0.07,1.00,0.60,0.81,0.23,0.80,0.0017,0.0023,0.14,0.13,-2147483648,0.00,0.00,358.50,228.12,210.00,1.57,39.29,0.11,2.66,51.96,0.19,103.83,6.78,93.22,0.00,100.00,0.00,0.00,0.00,0.00,-nan,0.24,0.06,1.36,0.04,1.00,0.14,0.23,0.37,0.79,0.0014,0.0023,     0,0,0,0.06,0.06,-2147483648,0.00,0.00,N/A,100.37,73.54,210.00,1.36,34.12,0.06,1.50,0.15,1.67,0.09,1.00,0.46,0.58,0.17,0.81,0.0018,0.0023,     0,0,0,0.08,0.06,-2147483648,0.00,0.00,N/A,258.12,154.58,210.00,1.67,41.75,0.15,3.81,11.86,11.35,  9%,  9%,14.56,14.19, 11%, 11%,25.68,25.54, 20%, 20%,26.22,26.39, 21%, 21%,4.40,95.60,0.00,100.00,0.00,0.00,9.13,90.87,0.00,100.00,0.00,0.00,0.00,0.00,0.00 ,0.00 ,-nan ,-nan ,0.24,0.24,0.01,0.22,0.06,1.00,0.00,0.01,0.38,0.85,0.0017,0.0029,     0,0,0,6.04,93.96,0.00,N/A,2.78,12.68,210.00,0.22,5.48,0.01,0.33,0.21,1.97,0.11,1.00,0.05,0.09,0.39,0.81,0.0012,0.0020,     0,0,0,10.79,89.21,0.00,N/A,45.10,22.89,210.00,1.97,49.26,0.21,5.32,0.18,1.70,0.11,1.00,0.07,0.11,0.35,0.78,0.0018,0.0028,     0,0,0,10.79,89.21,0.00,N/A,38.96,22.88,210.00,1.70,42.58,0.18,4.59,0.05,0.99,0.05,1.00,0.01,0.01,0.35,0.81,0.0007,0.0013,     0,0,0,4.81,95.19,0.00,N/A,10.00,10.10,210.00,0.99,24.74,0.05,1.19,0.01,0.66,0.01,1.00,0.00,0.00,0.44,0.72,0.0008,0.0023,     0,0,0,1.10,98.90,0.00,N/A,1.51,2.30,210.00,0.66,16.40,0.01,0.18,0.01,0.86,0.01,1.00,0.00,0.00,0.50,0.65,0.0008,0.0021,     0,0,0,0.68,99.32,0.00,N/A,1.15,1.34,210.00,0.86,21.39,0.01,0.15,0.00,0.77,0.00,1.00,0.00,0.00,0.65,0.80,0.0004,0.0015,     0,0,0,0.45,99.55,0.00,N/A,0.73,0.95,210.00,0.77,19.13,0.00,0.09,0.00,0.36,0.00,1.00,0.00,0.00,0.63,0.58,0.0017,0.0070,     0,0,0,0.19,99.81,0.00,N/A,0.14,0.40,210.00,0.36,8.98,0.00,0.02,0.01,0.19,0.06,1.00,0.00,0.01,0.35,0.84,0.0019,0.0030,     0,0,0,6.16,93.84,0.00,N/A,2.49,12.94,210.00,0.19,4.80,0.01,0.30,0.20,1.90,0.11,1.00,0.08,0.10,0.18,0.79,0.0018,0.0023,     0,0,0,10.80,89.20,0.00,N/A,43.48,22.90,210.00,1.90,47.46,0.20,5.12,0.19,1.75,0.11,1.00,0.08,0.10,0.14,0.80,0.0020,0.0024,     0,0,0,10.79,89.21,0.00,N/A,40.,2239.00,210.00,1.75,43.79,0.19,4.73,0.21,1.76,0.12,1.00,0.08,0.11,0.19,0.82,0.0019,0.0025,     0,0,0,11.73,88.27,0.00,N/A,43.85,24.96,210.00,1.76,43.91,0.21,5.15,0.19,1.77,0.11,1.00,0.08,0.10,0.15,0.81,0.0019,0.0024,     0,0,0,10.79,89.21,0.00,N/A,40.45,22.89,210.00,1.77,44.18,0.19,4.77,0.22,2.01,0.11,1.00,0.07,0.09,0.17,0.81,0.0015,0.0019,     0,0,0,10.78,89.22,0.00,N/A,45.88,22.86,210.00,2.01,50.17,0.22,5.41,0.19,1.73,0.11,1.00,0.07,0.08,0.18,0.82,0.0017,0.0021,     0,0,0,10.79,89.21,0.00,N/A,39.65,22.89,210.00,1.73,43.31,0.19,4.67,0.01,0.99,0.01,1.00,0.00,0.00,0.39,0.88,0.0002,0.0003,     0,0,0,1.07,98.93,0.00,N/A,2.22,2.24,210.00,0.99,24.82,0.01,0.26,
2024-03-18,16:02:45.998,0.09,1.40,0.06,1.00,0.63,0.90,0.28,0.81,0.0022,0.0031,0.16,0.17,-2147483648,0.00,0.00,292.47,208.50,209.98,1.40,35.07,0.09,2.18,75.72,0.23,152.84,6.21,93.79,0.00,100.00,0.00,0.00,0.00,0.00,-nan,0.25,0.05,1.26,0.04,1.00,0.18,0.32,0.43,0.80,0.0019,0.0035,     0,0,0,0.08,0.09,-2147483648,0.00,0.00,N/A,92.23,73.16,209.98,1.26,31.52,0.05,1.37,0.12,1.48,0.08,1.00,0.45,0.58,0.20,0.81,0.0022,0.0029,     0,0,0,0.08,0.08,-2147483648,0.00,0.00,N/A,200.24,135.35,209.98,1.48,36.99,0.12,2.98,19.86,20.38, 16%, 16%,17.93,17.56, 14%, 14%,42.54,43.45, 34%, 35%,33.34,33.52, 26%, 27%,4.35,95.65,0.00,100.00,0.00,0.00,8.07,91.93,0.00,100.00,0.00,0.00,0.00,0.00,0.00 ,0.00 ,-nan ,-nan ,0.26,0.25,0.02,0.26,0.06,1.00,0.01,0.01,0.31,0.81,0.0023,0.0035,     0,0,0,6.37,93.63,0.00,N/A,3.50,13.37,209.98,0.26,6.54,0.02,0.42,0.16,1.47,0.11,1.00,0.07,0.12,0.45,0.81,0.0020,0.0036,     0,0,0,10.91,89.09,0.00,N/A,33.79,22.91,209.98,1.47,36.87,0.16,4.02,0.19,1.74,0.11,1.00,0.06,0.11,0.49,0.80,0.0014,0.0029,     0,0,0,10.89,89.11,0.00,N/A,39.75,22.87,209.98,1.74,43.45,0.19,4.73,0.07,1.17,0.06,1.00,0.05,0.07,0.30,0.79,0.0032,0.0048,     0,0,0,5.94,94.06,0.00,N/A,14.73,12.64,209.98,1.17,29.13,0.07,1.73,0.00,0.40,0.00,1.00,0.00,0.00,0.71,0.76,0.0005,0.0023,     0,0,0,0.16,99.84,0.00,N/A,0.13,0.33,209.98,0.40,10.08,0.00,0.02,0.00,0.38,0.00,1.00,0.00,0.00,0.69,0.77,0.0006,0.0037,     0,0,0,0.07,99.93,0.00,N/A,0.06,0.16,209.98,0.38,9.40,0.00,0.01,0.00,0.39,0.00,1.00,0.00,0.00,0.57,0.67,0.0010,0.0052,     0,0,0,0.18,99.82,0.00,N/A,0.15,0.38,209.98,0.39,9.83,0.00,0.02,0.00,0.23,0.00,1.00,0.00,0.00,0.26,0.62,0.0041,0.0073,     0,0,0,0.23,99.77,0.00,N/A,0.12,0.49,209.98,0.23,5.85,0.00,0.01,0.01,0.19,0.06,1.00,0.00,0.01,0.31,0.87,0.0017,0.0026,     0,0,0,5.88,94.12,0.00,N/A,2.35,12.34,209.98,0.19,4.77,0.01,0.28,0.06,1.40,0.04,1.00,0.04,0.05,0.19,0.80,0.0031,0.0040,     0,0,0,4.06,95.94,0.00,N/A,11.77,8.41,209.98,1.40,34.98,0.06,1.42,0.18,1.63,0.11,1.00,0.09,0.11,0.16,0.81,0.0024,0.0029,     0,0,0,10.90,89.10,0.00,N/A,37.31,22.88,209.98,1.63,40.76,0.18,4.44,0.18,1.64,0.11,1.00,0.09,0.12,0.22,0.81,0.0023,0.0031,     0,0,0,10.90,89.10,0.00,N/A,37.53,22.88,209.98,1.64,41.01,0.18,4.47,0.18,1.70,0.11,1.00,0.08,0.10,0.19,0.82,0.0020,0.0026,     0,0,0,10.89,89.11,0.00,N/A,38.80,22.88,209.98,1.70,42.40,0.18,4.62,0.19,1.72,0.11,1.00,0.08,0.10,0.20,0.81,0.0020,0.0025,     0,0,0,10.89,89.11,0.00,N/A,39.34,22.87,209.98,1.72,43.01,0.19,4.68,0.16,1.45,0.11,1.00,0.08,0.10,0.20,0.81,0.0024,0.0031,     0,0,0,10.89,89.11,0.00,N/A,33.07,22.88,209.98,1.45,36.14,0.16,3.94,0.00,0.30,0.00,1.00,0.00,0.00,0.29,0.64,0.0033,0.0058,     0,0,0,0.10,99.90,0.00,N/A,0.07,0.22,209.98,0.30,7.55,0.00,0.01,
2024-03-18,16:02:46.106,0.11,1.59,0.07,1.00,0.59,0.83,0.26,0.80,0.0016,0.0023,0.16,0.15,-2147483648,0.00,0.00,361.84,227.42,211.97,1.59,39.78,0.11,2.65,95.23,0.31,163.17,6.67,93.33,0.00,100.00,0.00,0.00,0.00,0.00,-nan,0.24,0.09,1.47,0.06,1.00,0.24,0.37,0.32,0.80,0.0016,0.0025,     0,0,0,0.06,0.06,-2147483648,0.00,0.00,N/A,146.41,99.39,211.97,1.47,36.83,0.09,2.14,0.13,1.68,0.08,1.00,0.35,0.46,0.21,0.81,0.0016,0.0022,     0,0,0,0.10,0.09,-2147483648,0.00,0.00,N/A,215.43,128.04,211.97,1.68,42.06,0.13,3.17,21.29,22.35, 17%, 17%,25.99,25.60, 20%, 20%,46.26,49.79, 37%, 40%,33.47,33.65, 26%, 26%,5.81,94.19,0.00,100.00,0.00,0.00,7.54,92.46,0.00,100.00,0.00,0.00,0.00,0.00,0.00 ,0.00 ,-nan ,-nan ,0.23,0.26,0.01,0.20,0.06,1.00,0.00,0.01,0.33,0.84,0.0019,0.0030,     0,0,0,5.86,94.14,0.00,N/A,2.53,12.43,211.97,0.20,5.09,0.01,0.30,0.20,1.70,0.12,1.00,0.07,0.11,0.34,0.80,0.0017,0.0026,     0,0,0,11.87,88.13,0.00,N/A,42.41,24.93,211.97,1.70,42.53,0.20,5.05,0.22,1.93,0.12,1.00,0.07,0.11,0.36,0.79,0.0014,0.0023,     0,0,0,11.64,88.36,0.00,N/A,48.12,24.94,211.97,1.93,48.23,0.22,5.61,0.19,1.60,0.12,1.00,0.07,0.11,0.31,0.80,0.0018,0.0028,     0,0,0,11.87,88.13,0.00,N/A,39.91,24.93,211.97,1.60,40.02,0.19,4.75,0.01,0.79,0.01,1.00,0.00,0.00,0.24,0.60,0.0012,0.0021,     0,0,0,0.73,99.27,0.00,N/A,1.23,1.55,211.97,0.79,19.75,0.01,0.14,0.00,0.62,0.00,1.00,0.00,0.00,0.51,0.65,0.0007,0.0026,     0,0,0,0.40,99.60,0.00,N/A,0.52,0.84,211.97,0.62,15.46,0.00,0.06,0.01,0.97,0.01,1.00,0.01,0.01,0.11,0.82,0.0039,0.0046,     0,0,0,1.11,98.89,0.00,N/A,2.46,2.54,211.97,0.97,24.16,0.01,0.27,0.04,1.28,0.03,1.00,0.01,0.01,0.11,0.79,0.0009,0.0011,     0,0,0,3.41,96.59,0.00,N/A,9.24,7.23,211.97,1.28,31.99,0.04,1.09,0.02,0.26,0.06,1.00,0.01,0.01,0.35,0.81,0.0024,0.0039,     0,0,0,6.26,93.74,0.00,N/A,3.45,13.26,211.97,0.26,6.50,0.02,0.41,0.00,0.36,0.00,1.00,0.00,0.00,0.49,0.72,0.0014,0.0041,     0,0,0,0.07,99.93,0.00,N/A,0.05,0.15,211.97,0.36,8.92,0.00,0.01,0.21,1.90,0.11,1.00,0.08,0.09,0.18,0.80,0.0017,0.0021,     0,0,0,10.91,89.09,0.00,N/A,43.52,22.92,211.97,1.90,47.47,0.21,5.18,0.20,1.81,0.11,1.00,0.08,0.10,0.25,0.81,0.0017,0.0023,     0,0,0,11.21,88.79,0.00,N/A,45.30,24.96,211.97,1.81,45.37,0.20,5.09,0.17,1.74,0.10,1.00,0.07,0.09,0.18,0.80,0.0019,0.0024,     0,0,0,9.95,90.05,0.00,N/A,36.17,20.81,211.97,1.74,43.45,0.17,4.32,0.22,2.05,0.11,1.00,0.06,0.08,0.21,0.81,0.0013,0.0017,     0,0,0,10.90,89.10,0.00,N/A,46.85,22.89,211.97,2.05,51.17,0.22,5.58,0.19,1.75,0.11,1.00,0.06,0.09,0.22,0.82,0.0016,0.0021,     0,0,0,10.90,89.10,0.00,N/A,40.03,22.89,211.97,1.75,43.72,0.19,4.77,0.00,0.39,0.00,1.00,0.00,0.00,0.75,0.72,0.0007,0.0045,     0,0,0,0.08,99.92,0.00,N/A,0.06,0.16,211.97,0.39,9.76,0.00,0.01,
2024-03-18,16:02:46.206,0.10,1.42,0.07,1.00,0.61,0.83,0.25,0.80,0.0019,0.0027,0.14,0.15,-2147483648,0.00,0.00,313.18,220.98,208.14,1.42,35.43,0.10,2.38,94.38,0.33,250.34,6.72,93.28,0.00,100.00,0.00,0.00,0.00,0.00,-nan,0.26,0.08,1.27,0.06,1.00,0.28,0.40,0.26,0.79,0.0021,0.0030,     0,0,0,0.07,0.06,-2147483648,0.00,0.00,N/A,134.60,106.14,208.14,1.27,31.71,0.08,2.05,0.11,1.56,0.07,1.00,0.32,0.43,0.23,0.81,0.0018,0.0024,     0,0,0,0.08,0.08,-2147483648,0.00,0.00,N/A,178.58,114.84,208.14,1.56,38.88,0.11,2.71,21.50,26.56, 17%, 22%,23.29,23.04, 19%, 19%,52.97,56.25, 44%, 46%,70.18,70.93, 57%, 58%,6.47,93.53,0.00,100.00,0.00,0.00,6.96,93.04,0.00,100.00,0.00,0.00,0.00,0.00,0.00 ,0.00 ,-nan ,-nan ,0.28,0.24,0.02,0.26,0.07,1.00,0.01,0.01,0.38,0.75,0.0022,0.0039,     0,0,0,6.89,93.11,0.00,N/A,3.67,14.33,208.14,0.26,6.41,0.02,0.44,0.18,1.66,0.11,1.00,0.07,0.10,0.30,0.80,0.0019,0.0028,     0,0,0,10.74,89.26,0.00,N/A,37.03,22.25,208.14,1.66,41.60,0.18,4.47,0.02,1.36,0.01,1.00,0.01,0.01,0.30,0.79,0.0020,0.0030,     0,0,0,1.47,98.53,0.00,N/A,4.08,2.99,208.14,1.36,34.08,0.02,0.50,0.08,1.09,0.07,1.00,0.05,0.07,0.22,0.76,0.0032,0.0043,     0,0,0,7.18,92.82,0.00,N/A,16.15,14.88,208.14,1.09,27.13,0.08,1.95,0.17,1.69,0.10,1.00,0.06,0.10,0.30,0.79,0.0019,0.0027,     0,0,0,9.86,90.14,0.00,N/A,34.76,20.52,208.14,1.69,42.34,0.17,4.17,0.01,0.96,0.01,1.00,0.00,0.00,0.24,0.63,0.0008,0.0014,     0,0,0,1.45,98.55,0.00,N/A,2.90,3.02,208.14,0.96,23.95,0.01,0.35,0.15,1.36,0.11,1.00,0.07,0.09,0.22,0.82,0.0025,0.0033,     0,0,0,10.91,89.09,0.00,N/A,28.24,20.77,208.14,1.36,33.99,0.15,3.71,0.04,1.06,0.04,1.00,0.01,0.01,0.10,0.76,0.0013,0.0016,     0,0,0,3.53,96.47,0.00,N/A,7.78,7.36,208.14,1.06,26.42,0.04,0.93,0.01,0.20,0.06,1.00,0.01,0.01,0.34,0.82,0.0021,0.0034,     0,0,0,6.42,93.58,0.00,N/A,2.66,13.37,208.14,0.20,4.97,0.01,0.32,0.00,0.33,0.00,1.00,0.00,0.00,0.32,0.71,0.0023,0.0048,     0,0,0,0.11,99.89,0.00,N/A,0.07,0.22,208.14,0.33,8.36,0.00,0.01,0.19,1.69,0.11,1.00,0.08,0.10,0.20,0.81,0.0021,0.0027,     0,0,0,11.02,88.98,0.00,N/A,38.63,22.85,208.14,1.69,42.26,0.19,4.66,0.20,1.85,0.11,1.00,0.07,0.09,0.26,0.81,0.0017,0.0024,     0,0,0,89N/A,45.87,0.00,N/A,38.48,20.81,208.14,1.85,46.23,0.20,4.94,0.01,0.83,0.01,1.00,0.00,0.00,0.36,0.53,0.0016,0.0025,     0,0,0,0.64,99.36,0.00,N/A,1.12,1.34,208.14,0.83,20.83,0.01,0.13,0.20,1.85,0.11,1.00,0.07,0.09,0.24,0.82,0.0016,0.0022,     0,0,0,11.04,88.96,0.00,N/A,42.26,22.88,208.14,1.85,46.17,0.20,5.10,0.18,1.65,0.11,1.00,0.06,0.09,0.24,0.81,0.0017,0.0023,     0,0,0,11.04,88.96,0.00,N/A,37.81,22.88,208.14,1.65,41.32,0.18,4.56,0.08,1.67,0.05,1.00,0.03,0.04,0.18,0.80,0.0020,0.0024,     0,0,0,5.04,94.96,0.00,N/A,17.54,10.48,208.14,1.67,41.84,0.08,2.11,
2024-03-18,16:02:46.297,0.08,1.30,0.07,1.00,0.69,0.98,0.27,0.81,0.0024,0.0034,0.17,0.17,-2147483648,0.00,0.00,285.35,219.39,210.23,1.30,32.52,0.08,2.12,87.55,0.26,190.42,6.52,93.48,0.00,100.00,0.00,0.00,0.00,0.00,-nan,0.23,0.06,1.17,0.05,1.00,0.23,0.37,0.36,0.81,0.0022,0.0036,     0,0,0,0.05,0.05,-2147483648,0.00,0.00,N/A,104.30,88.80,210.23,1.17,29.36,0.06,1.55,0.11,1.39,0.08,1.00,0.46,0.61,0.22,0.81,0.0026,0.0033,     0,0,0,0.12,0.12,-2147483648,0.00,0.00,N/A,181.05,130.59,210.23,1.39,34.66,0.11,2.69,22.28,22.69, 18%, 18%,21.45,21.15, 17%, 17%,47.07,45.78, 38%, 37%,48.50,49.07, 39%, 39%,5.28,94.72,0.00,100.00,0.00,0.00,7.76,92.24,0.00,100.00,0.00,0.00,0.00,0.00,0.00 ,0.00 ,-nan ,-nan ,0.22,0.25,0.02,0.25,0.06,1.00,0.01,0.01,0.31,0.83,0.0016,0.0024,     0,0,0,6.35,93.65,0.00,N/A,3.38,13.35,210.23,0.25,6.32,0.02,0.40,0.16,1.47,0.11,1.00,0.07,0.12,0.37,0.81,0.0021,0.0034,     0,0,0,11.19,88.81,0.00,N/A,34.64,23.52,210.23,1.47,36.82,0.16,4.12,0.00,0.58,0.01,1.00,0.00,0.00,0.35,0.65,0.0018,0.0038,     0,0,0,0.70,99.30,0.00,N/A,0.85,1.47,210.23,0.58,14.47,0.00,0.10,0.00,0.57,0.01,1.00,0.00,0.00,0.34,0.53,0.0015,0.0033,     0,0,0,0.62,99.38,0.00,N/A,0.75,1.31,210.23,0.57,14.28,0.00,0.09,0.00,0.45,0.01,1.00,0.00,0.00,0.51,0.50,0.0021,0.0060,     0,0,0,0.60,99.40,0.00,N/A,0.57,1.26,210.23,0.45,11.25,0.00,0.07,0.15,1.53,0.10,1.00,0.06,0.11,0.41,0.80,0.0019,0.0033,     0,0,0,9.91,90.09,0.00,N/A,31.90,20.83,210.23,1.53,38.28,0.15,3.79,0.14,1.18,0.12,1.00,0.08,0.12,0.33,0.82,0.0027,0.0041,     0,0,0,11.68,88.32,0.00,N/A,28.96,24.55,210.23,1.18,29.49,0.14,3.44,0.02,1.30,0.01,1.00,0.01,0.01,0.26,0.79,0.0026,0.0037,     0,0,0,1.19,98.81,0.00,N/A,3.25,2.50,210.23,1.30,32.49,0.02,0.39,0.01,0.22,0.07,1.00,0.01,0.01,0.37,0.80,0.0020,0.0034,     0,0,0,6.64,93.36,0.00,N/A,3.04,13.95,210.23,0.22,5.44,0.01,0.36,0.18,1.62,0.11,1.00,0.09,0.12,0.24,0.81,0.0023,0.0032,     0,0,0,10.88,89.12,0.00,N/A,37.10,22.87,210.23,1.62,40.56,0.18,4.41,0.18,1.56,0.12,1.00,0.10,0.12,0.18,0.81,0.0026,0.0032,     0,0,0,11.71,88.29,0.00,N/A,38.42,24.62,210.23,1.56,39.01,0.18,4.57,0.00,0.40,0.00,1.00,0.00,0.00,0.62,0.76,0.0008,0.0034,     0,0,0,0.07,99.93,0.00,N/A,0.06,0.14,210.23,0.40,10.00,0.00,0.01,0.16,1.51,0.11,1.00,0.10,0.13,0.23,0.80,0.0028,0.0037,     0,0,0,10.87,89.13,0.00,N/A,34.41,22.86,210.23,1.51,37.63,0.16,4.09,0.17,1.57,0.11,1.00,0.09,0.12,0.20,0.81,0.0025,0.0033,     0,0,0,10.88,89.12,0.00,N/A,35.84,22.87,210.23,1.57,39.17,0.17,4.26,0.15,1.40,0.11,1.00,0.08,0.11,0.21,0.81,0.0026,0.0034,     0,0,0,10.88,89.12,0.00,N/A,32.04,22.86,210.23,1.40,35.03,0.15,3.81,0.00,0.39,0.00,1.00,0.00,0.00,0.37,0.57,0.0034,0.0069,     0,0,0,0.19,99.81,0.00,N/A,0.16,0.41,210.23,0.39,9.63,0.00,0.02,
2024-03-18,16:02:46.403,0.09,1.47,0.06,1.00,0.61,0.87,0.27,0.81,0.0019,0.0027,0.15,0.16,-2147483648,0.00,0.00,319.07,217.53,209.71,1.47,36.67,0.09,2.37,82.46,0.27,172.75,6.46,93.54,0.00,100.00,0.00,0.00,0.00,0.00,-nan,0.26,0.07,1.37,0.05,1.00,0.23,0.37,0.35,0.81,0.0019,0.0029,     0,0,0,0.08,0.09,-2147483648,0.00,0.00,N/A,125.41,91.36,209.71,1.37,34.32,0.07,1.87,0.11,1.53,0.07,1.00,0.38,0.50,0.22,0.81,0.0020,0.0026,     0,0,0,0.07,0.07,-2147483648,0.00,0.00,N/A,193.66,126.17,209.71,1.53,38.37,0.11,2.86,23.31,23.42, 18%, 19%,17.98,17.75, 14%, 14%,48.59,45.26, 39%, 36%,39.23,39.68, 31%, 31%,5.45,94.55,0.00,100.00,0.00,0.00,7.46,92.54,0.00,100.00,0.00,0.00,0.00,0.00,0.00 ,0.00 ,-nan ,-nan ,0.26,0.26,0.01,0.21,0.07,1.00,0.01,0.01,0.24,0.83,0.0021,0.0031,     0,0,0,6.53,93.47,0.00,N/A,2.89,13.69,209.71,0.21,5.28,0.01,0.34,0.10,1.53,0.06,1.00,0.05,0.07,0.32,0.81,0.0022,0.0034,     0,0,0,6.46,93.54,0.00,N/A,20.78,13.56,209.71,1.53,38.32,0.10,2.48,0.12,1.71,0.07,1.00,0.04,0.07,0.36,0.80,0.0016,0.0026,     0,0,0,7.18,92.82,0.00,N/A,25.80,15.06,209.71,1.71,42.83,0.12,3.08,0.06,1.62,0.04,1.00,0.03,0.05,0.44,0.80,0.0019,0.0034,     0,0,0,4.01,95.99,0.00,N/A,13.61,8.40,209.71,1.62,40.50,0.06,1.62,0.12,1.69,0.07,1.00,0.05,0.07,0.36,0.80,0.0018,0.0029,     0,0,0,6.97,93.03,0.00,N/A,24.67,14.61,209.71,1.69,42.21,0.12,2.94,0.00,0.38,0.00,1.00,0.00,0.00,0.83,0.77,0.0004,0.0032,     0,0,0,0.07,99.93,0.00,N/A,0.06,0.15,209.71,0.38,9.45,0.00,0.01,0.17,1.49,0.11,1.00,0.07,0.10,0.33,0.81,0.0019,0.0029,     0,0,0,11.08,88.92,0.00,N/A,34.63,23.24,209.71,1.49,37.26,0.17,4.13,0.01,1.12,0.01,1.00,0.00,0.00,0.25,0.55,0.0006,0.0013,     0,0,0,1.26,98.74,0.00,N/A,2.97,2.65,209.71,1.12,27.97,0.01,0.35,0.01,0.20,0.06,1.00,0.00,0.01,0.28,0.85,0.0019,0.0028,     0,0,0,6.14,93.86,0.00,N/A,2.53,12.87,209.71,0.20,4.92,0.01,0.30,0.20,1.79,0.11,1.00,0.07,0.10,0.25,0.81,0.0018,0.0025,     0,0,0,10.91,89.09,0.00,N/A,40.93,22.89,209.71,1.79,44.71,0.20,4.88,0.00,0.41,0.00,1.00,0.00,0.00,0.44,0.49,0.0022,0.0056,     0,0,0,0.26,99.74,0.00,N/A,0.22,0.54,209.71,0.41,10.26,0.00,0.03,0.19,1.75,0.11,1.00,0.08,0.10,0.22,0.81,0.0020,0.0025,     0,0,0,10.90,89.10,0.00,N/A,40.02,22.86,209.71,1.75,43.77,0.19,4.77,0.18,1.69,0.11,1.00,0.08,0.11,0.22,0.80,0.0021,0.0028,     0,0,0,10.91,89.09,0.00,N/A,38.58,22.87,209.71,1.69,42.17,0.18,4.60,0.00,0.39,0.00,1.00,0.00,0.00,0.60,0.58,0.0025,0.0078,     0,0,0,0.21,99.79,0.00,N/A,0.17,0.44,209.71,0.39,9.71,0.00,0.02,0.14,1.60,0.09,1.00,0.05,0.07,0.21,0.81,0.0018,0.0023,     0,0,0,8.95,91.05,0.00,N/A,30.06,18.76,209.71,1.60,40.07,0.14,3.58,0.18,1.65,0.11,1.00,0.08,0.11,0.19,0.80,0.0021,0.0026,     0,0,0,11.18,88.82,0.00,N/A,41.13,24.94,209.71,1.65,41.22,0.18,4.61,
2024-03-18,16:02:46.511,0.09,1.41,0.06,1.00,0.63,0.91,0.27,0.81,0.0021,0.0030,0.14,0.16,-2147483648,0.00,0.00,306.32,217.27,210.28,1.41,35.25,0.09,2.26,92.65,0.31,195.60,6.42,93.58,0.00,100.00,0.00,0.00,0.00,0.00,-nan,0.25,0.11,1.39,0.08,1.00,0.41,0.55,0.22,0.81,0.0023,0.0031,     0,0,0,0.05,0.05,-2147483648,0.00,0.00,N/A,177.55,127.98,210.28,1.39,34.68,0.11,2.64,0.08,1.44,0.05,1.00,0.23,0.36,0.35,0.80,0.0018,0.0028,     0,0,0,0.09,0.11,-2147483648,0.00,0.00,N/A,128.76,89.29,210.28,1.44,36.05,0.08,1.89,25.47,24.29, 20%, 19%,21.62,21.27, 17%, 17%,48.42,43.94, 39%, 35%,51.33,51.92, 41%, 41%,7.61,92.39,0.00,100.00,0.00,0.00,5.25,94.75,0.00,100.00,0.00,0.00,0.00,0.00,0.00 ,0.00 ,-nan ,-nan ,0.24,0.25,0.01,0.21,0.07,1.00,0.01,0.01,0.32,0.82,0.0022,0.0034,     0,0,0,6.64,93.36,0.00,N/A,2.94,13.96,210.28,0.21,5.27,0.01,0.35,0.18,1.82,0.10,1.00,0.07,0.09,0.20,0.82,0.0018,0.0023,     0,0,0,9.90,90.10,0.00,N/A,37.85,20.81,210.28,1.82,45.47,0.18,4.50,0.17,1.61,0.11,1.00,0.08,0.12,0.25,0.81,0.0023,0.0031,     0,0,0,10.88,89.12,0.00,N/A,36.76,22.87,210.28,1.61,40.18,0.17,4.37,0.00,0.33,0.00,1.00,0.00,0.00,0.43,0.59,0.0019,0.0067,     0,0,0,0.34,99.66,0.00,N/A,0.24,0.72,210.28,0.33,8.26,0.00,0.03,0.19,1.77,0.11,1.00,0.08,0.11,0.25,0.80,0.0020,0.0027,     0,0,0,10.88,89.12,0.00,N/A,40.60,22.88,210.28,1.77,44.36,0.19,4.83,0.00,0.45,0.00,1.00,0.00,0.00,0.42,0.64,0.0016,0.0049,     0,0,0,0.37,99.63,0.00,N/A,0.34,0.77,210.28,0.45,11.13,0.00,0.04,0.14,1.25,0.11,1.00,0.08,0.11,0.20,0.82,0.0029,0.0039,     0,0,0,10.87,89.13,0.00,N/A,28.54,22.86,210.28,1.25,31.21,0.14,3.39,0.14,1.31,0.11,1.00,0.08,0.11,0.19,0.81,0.0027,0.0036,     0,0,0,10.98,89.02,0.00,N/A,30.28,23.09,210.28,1.31,32.78,0.14,3.60,0.02,0.33,0.07,1.00,0.02,0.03,0.39,0.77,0.0027,0.0048,     0,0,0,7.28,92.72,0.00,N/A,5.86,17.56,210.28,0.33,8.34,0.02,0.61,0.21,1.79,0.12,1.00,0.07,0.11,0.37,0.81,0.0015,0.0024,     0,0,0,11.70,88.30,0.00,N/A,43.96,24.60,210.28,1.79,44.67,0.21,5.23,0.18,1.70,0.11,1.00,0.07,0.11,0.35,0.80,0.0019,0.0029,     0,0,0,10.89,89.11,0.00,N/A,38.87,22.90,210.28,1.70,42.44,0.18,4.62,0.00,0.39,0.00,1.00,0.00,0.00,0.66,0.64,0.0014,0.0057,     0,0,0,0.13,99.87,0.00,N/A,0.10,0.27,210.28,0.39,9.79,0.00,0.01,0.00,0.35,0.00,1.00,0.00,0.00,0.49,0.     0,0,,0.0067,     0,0,0,0.18,99.82,0.00,N/A,0.13,0.38,210.28,0.35,8.73,0.00,0.02,0.19,1.72,0.11,1.00,0.07,0.11,0.33,0.81,0.0018,0.0027,     0,0,0,10.95,89.05,0.00,N/A,39.62,23.03,210.28,1.72,43.00,0.19,4.71,0.00,0.38,0.00,1.00,0.00,0.00,0.70,0.65,0.0013,0.0053,     0,0,0,0.11,99.89,0.00,N/A,0.09,0.22,210.28,0.38,9.54,0.00,0.01,0.00,0.40,0.00,1.00,0.00,0.00,0.42,0.56,0.0030,0.0067,     0,0,0,0.16,99.84,0.00,N/A,0.13,0.32,210.28,0.40,9.93,0.00,0.02,
2024-03-18,16:02:46.607,0.11,1.82,0.06,1.00,0.45,0.62,0.25,0.80,0.0012,0.0016,0.14,0.11,-2147483648,0.00,0.00,383.20,210.91,210.04,1.82,45.42,0.11,2.87,78.22,0.31,156.92,6.31,93.69,0.00,100.00,0.00,0.00,0.00,0.00,-nan,0.26,0.08,1.70,0.05,1.00,0.16,0.24,0.32,0.81,0.0011,0.0017,     0,0,0,0.06,0.05,-2147483648,0.00,0.00,N/A,141.56,83.29,210.04,1.70,42.49,0.08,2.11,0.15,1.89,0.08,1.00,0.30,0.38,0.20,0.80,0.0012,0.0016,     0,0,0,0.08,0.06,-2147483648,0.00,0.00,N/A,241.64,127.62,210.04,1.89,47.34,0.15,3.63,19.42,23.21, 15%, 19%,17.91,17.68, 14%, 14%,45.93,49.03, 37%, 40%,30.85,31.11, 25%, 25%,4.96,95.04,0.00,100.00,0.00,0.00,7.68,92.32,0.00,100.00,0.00,0.00,0.00,0.00,0.00 ,0.00 ,-nan ,-nan ,0.28,0.24,0.01,0.20,0.06,1.00,0.00,0.01,0.19,0.87,0.0018,0.0025,     0,0,0,6.03,93.97,0.00,N/A,2.55,12.67,210.04,0.20,5.04,0.01,0.30,0.01,1.19,0.00,1.00,0.00,0.00,0.34,0.65,0.0003,0.0006,     0,0,0,0.45,99.55,0.00,N/A,1.13,0.95,210.04,1.19,29.70,0.01,0.13,0.10,1.99,0.05,1.00,0.02,0.04,0.36,0.80,0.0012,0.0019,     0,0,0,4.99,95.01,0.00,N/A,20.89,10.49,210.04,1.99,49.79,0.10,2.49,0.02,1.58,0.01,1.00,0.01,0.01,0.32,0.78,0.0019,0.0028,     0,0,0,1.11,98.89,0.00,N/A,3.68,2.33,210.04,1.58,39.41,0.02,0.44,0.25,2.31,0.11,1.00,0.04,0.06,0.34,0.80,0.0008,0.0012,     0,0,0,10.90,89.10,0.00,N/A,52.87,22.89,210.04,2.31,57.74,0.25,6.29,0.09,1.81,0.05,1.00,0.03,0.04,0.29,0.77,0.0014,0.0020,     0,0,0,5.20,94.80,0.00,N/A,19.81,10.93,210.04,1.81,45.32,0.09,2.36,0.19,1.77,0.11,1.00,0.05,0.08,0.31,0.82,0.0013,0.0019,     0,0,0,10.90,89.10,0.00,N/A,40.57,22.89,210.04,1.77,44.30,0.19,4.83,0.00,0.44,0.00,1.00,0.00,0.00,0.85,0.82,0.0002,0.0028,     0,0,0,0.06,99.94,0.00,N/A,0.06,0.13,210.04,0.44,11.08,0.00,0.01,0.01,0.19,0.06,1.00,0.00,0.00,0.18,0.89,0.0018,0.0022,     0,0,0,6.44,93.56,0.00,N/A,2.16,11.53,210.04,0.19,4.68,0.01,0.30,0.25,2.29,0.11,1.00,0.05,0.07,0.24,0.81,0.0009,0.0013,     0,0,0,11.08,88.92,0.00,N/A,53.34,23.27,210.04,2.29,57.31,0.25,6.35,0.21,1.94,0.11,1.00,0.07,0.09,0.20,0.79,0.0016,0.0021,     0,0,0,10.91,89.09,0.00,N/A,44.36,22.91,210.04,1.94,48.41,0.21,5.28,0.00,0.56,0.00,1.00,0.00,0.00,0.22,0.74,0.0016,0.0030,     0,0,0,0.20,99.80,0.00,N/A,0.24,0.42,210.04,0.56,14.11,0.00,0.03,0.21,2.15,0.10,1.00,0.04,0.06,0.21,0.81,0.0010,0.0012,     0,0,0,9.94,90.06,0.00,N/A,44.94,20.89,210.04,2.15,53.78,0.21,5.35,0.22,2.05,0.11,1.00,0.06,0.07,0.18,0.80,0.0012,0.0015,     0,0,0,10.90,89.10,0.00,N/A,46.95,22.89,210.04,2.05,51.28,0.22,5.59,0.00,0.37,0.00,1.00,0.00,0.00,0.47,0.58,0.0030,0.0071,     0,0,0,0.34,99.66,0.00,N/A,0.27,0.72,210.04,0.37,9.25,0.00,0.03,0.22,1.98,0.11,1.00,0.07,0.08,0.18,0.81,0.0014,0.0017,     0,0,0,11.21,88.79,0.00,N/A,49.39,24.99,210.04,1.98,49.41,0.22,5.54,
2024-03-18,16:02:46.702,0.10,1.60,0.06,1.00,0.52,0.72,0.25,0.81,0.0015,0.0021,0.12,0.14,-2147483648,0.00,0.00,345.62,215.50,210.13,1.60,40.09,0.10,2.57,94.91,0.37,191.01,6.42,93.58,0.00,100.00,0.00,0.00,0.00,0.00,-nan,0.22,0.10,1.47,0.07,1.00,0.28,0.39,0.25,0.80,0.0017,0.0024,     0,0,0,0.06,0.06,-2147483648,0.00,0.00,N/A,162.69,110.33,210.13,1.47,36.86,0.10,2.40,0.11,1.74,0.06,1.00,0.24,0.33,0.25,0.81,0.0013,0.0018,     0,0,0,0.06,0.08,-2147483648,0.00,0.00,N/A,182.92,105.17,210.13,1.74,43.48,0.11,2.74,23.36,26.18, 19%, 21%,22.85,22.53, 18%, 18%,52.12,52.60, 42%, 42%,43.00,43.29, 34%, 34%,6.52,93.48,0.00,100.00,0.00,0.00,6.31,93.69,0.00,100.00,0.00,0.00,0.00,0.00,0.00 ,0.00 ,-nan ,-nan ,0.22,0.23,0.02,0.28,0.06,1.00,0.01,0.01,0.38,0.81,0.0023,0.0039,     0,0,0,6.45,93.55,0.00,N/A,3.79,13.55,210.13,0.28,6.99,0.02,0.45,0.16,1.54,0.10,1.00,0.06,0.08,0.23,0.81,0.0019,0.0025,     0,0,0,10.18,89.82,0.00,N/A,33.00,21.38,210.13,1.54,38.59,0.16,3.93,0.18,1.61,0.11,1.00,0.08,0.12,0.25,0.78,0.0021,0.0029,     0,0,0,11.30,88.70,0.00,N/A,40.19,24.96,210.13,1.61,40.25,0.18,4.55,0.20,1.85,0.11,1.00,0.07,0.09,0.26,0.81,0.0015,0.0021,     0,0,0,10.89,89.11,0.00,N/A,42.44,22.88,210.13,1.85,46.36,0.20,5.05,0.00,0.55,0.01,1.00,0.00,0.00,0.42,0.70,0.0012,0.0032,     0,0,0,0.65,99.35,0.00,N/A,0.76,1.37,210.13,0.55,13.82,0.00,0.09,0.12,1.74,0.07,1.00,0.04,0.05,0.24,0.82,0.0014,0.0019,     0,0,0,7.03,92.97,0.00,N/A,25.67,14.77,210.13,1.74,43.44,0.12,3.05,0.01,0.69,0.01,1.00,0.00,0.00,0.48,0.77,0.0011,0.0023,     0,0,0,1.10,98.90,0.00,N/A,1.60,2.31,210.13,0.69,17.35,0.01,0.19,0.07,1.67,0.04,1.00,0.02,0.03,0.25,0.81,0.0014,0.0019,     0,0,0,4.33,95.67,0.00,N/A,15.25,9.11,210.13,1.67,41.87,0.07,1.81,0.01,0.19,0.06,1.00,0.00,0.00,0.15,0.89,0.0017,0.0021,     0,0,0,5.85,94.15,0.00,N/A,2.38,12.30,210.13,0.19,4.84,0.01,0.28,0.00,0.40,0.00,1.00,0.00,0.00,0.55,0.79,0.0008,0.0031,     0,0,0,0.07,99.93,0.00,N/A,0.06,0.14,210.13,0.40,9.99,0.00,0.01,0.21,1.93,0.11,1.00,0.07,0.09,0.26,0.80,0.0015,0.0020,     0,0,0,10.90,89.10,0.00,N/A,44.18,22.91,210.13,1.93,48.22,0.21,5.26,0.01,1.25,0.00,1.00,0.00,0.00,0.25,0.95,0.0003,0.0005,     0,0,0,0.40,99.60,0.00,N/A,1.05,0.84,210.13,1.25,31.26,0.01,0.13,0.21,1.94,0.11,1.00,0.05,0.07,0.26,0.82,0.0011,0.0015,     0,0,0,10.90,89.10,0.00,N/A,44.43,22.89,210.13,1.94,48.52,0.21,5.29,0.23,2.07,0.11,1.00,0.06,0.08,0.23,0.80,0.0013,0.0018,     0,0,0,10.89,89.11,0.00,N/A,47.43,22.88,210.13,2.07,51.82,0.23,5.64,0.00,0.39,0.00,1.00,0.00,0.00,0.67,0.65,0.0013,0.0061,     0,0,0,0.15,99.85,0.00,N/A,0.12,0.31,210.13,0.39,9.63,0.00,0.01,0.22,1.89,0.12,1.00,0.06,0.08,0.26,0.81,0.0014,0.0019,     0,0,0,11.62,88.38,0.00,N/A,43.27,22.90,210.13,1.89,47.25,0.22,5.49,
2024-03-18,16:02:46.807,0.09,1.29,0.07,1.00,0.71,0.98,0.25,0.81,0.0024,0.0033,0.19,0.19,-2147483648,0.00,0.00,300.07,232.01,209.51,1.29,32.33,0.09,2.24,89.72,0.23,190.91,6.94,93.06,0.00,100.00,0.00,0.00,0.00,0.00,-nan,0.26,0.07,1.18,0.06,1.00,0.25,0.38,0.32,0.80,0.0022,0.0034,     0,0,0,0.08,0.09,-2147483648,0.00,0.00,N/A,112.14,95.31,209.51,1.18,29.41,0.07,1.68,0.11,1.37,0.08,1.00,0.46,0.60,0.21,0.81,0.0024,0.0032,     0,0,0,0.11,0.10,-2147483648,0.00,0.00,N/A,187.93,136.70,209.51,1.37,34.37,0.11,2.80,22.99,22.55, 18%, 18%,22.24,21.94, 18%, 17%,47.09,46.23, 38%, 37%,48.44,49.15, 39%, 39%,5.72,94.28,0.00,100.00,0.00,0.00,8.15,91.85,0.00,100.00,0.00,0.00,0.00,0.00,0.00 ,0.00 ,-nan ,-nan ,0.26,0.27,0.02,0.25,0.07,1.00,0.01,0.01,0.41,0.81,0.0018,0.0033,     0,0,0,6.75,93.25,0.00,N/A,3.54,14.14,209.51,0.25,6.25,0.02,0.42,0.02,1.25,0.02,1.00,0.01,0.01,0.12,0.77,0.0015,0.0019,     0,0,0,1.86,98.14,0.00,N/A,4.87,3.89,209.51,1.25,31.25,0.02,0.58,0.01,0.56,0.01,1.00,0.00,0.00,0.26,0.75,0.0015,0.0032,     0,0,0,1.18,98.82,0.00,N/A,1.32,2.35,209.51,0.56,14.07,0.01,0.17,0.17,1.55,0.11,1.00,0.08,0.11,0.32,0.80,0.0022,0.0032,     0,0,0,10.92,89.08,0.00,N/A,35.48,22.88,209.51,1.55,38.78,0.17,4.23,0.01,0.68,0.02,1.00,0.00,0.01,0.20,0.75,0.0015,0.0027,     0,0,0,1.73,98.27,0.00,N/A,2.47,3.62,209.51,0.68,17.07,0.01,0.30,0.13,1.23,0.11,1.00,0.08,0.11,0.29,0.81,0.0027,0.0039,     0,0,0,10.92,89.08,0.00,N/A,28.15,22.89,209.51,1.23,30.75,0.13,3.36,0.02,0.77,0.02,1.00,0.01,0.01,0.26,0.77,0.0016,0.0028,     0,0,0,2.25,97.75,0.00,N/A,3.65,4.71,209.51,0.77,19.37,0.02,0.44,0.16,1.57,0.10,1.00,0.07,0.11,0.36,0.80,0.0022,0.0034,     0,0,0,9.94,90.06,0.00,N/A,32.65,20.82,209.51,1.57,39.21,0.16,3.90,0.02,0.26,0.07,1.00,0.00,0.02,0.67,0.76,0.0013,0.0047,     0,0,0,7.07,92.93,0.00,N/A,3.86,14.81,209.51,0.26,6.52,0.02,0.46,0.14,1.41,0.10,1.00,0.08,0.10,0.20,0.81,0.0026,0.0034,     0,0,0,9.93,90.07,0.00,N/A,29.32,20.81,209.51,1.41,35.22,0.14,3.50,0.17,1.52,0.11,1.00,0.10,0.13,0.21,0.80,0.0028,0.0036,     0,0,0,10.92,89.08,0.00,N/A,34.80,22.88,209.51,1.52,38.03,0.17,4.15,0.04,1.41,0.03,1.00,0.00,0.01,0.12,0.91,0.0005,0.0007,     0,0,0,2.66,97.34,0.00,N/A,7.85,5.58,209.51,1.41,35.18,0.04,0.94,0.17,1.56,0.11,1.00,0.09,0.12,0.21,0.81,0.0026,0.0033,     0,0,0,10.91,89.09,0.00,N/A,35.66,22.87,209.51,1.56,38.98,0.17,4.25,0.17,1.59,0.11,1.00,0,0.0025,,0.17,0.81,0.0026,0.0031,     0,0,0,10.91,89.09,0.00,N/A,36.38,22.87,209.51,1.59,39.77,0.17,4.34,0.18,1.65,0.11,1.00,0.09,0.11,0.21,0.81,0.0023,0.0030,     0,0,0,10.91,89.09,0.00,N/A,37.70,22.87,209.51,1.65,41.22,0.18,4.50,0.01,0.59,0.02,1.00,0.00,0.01,0.23,0.78,0.0017,0.0036,     0,0,0,1.92,98.08,0.00,N/A,2.36,4.02,209.51,0.59,14.68,0.01,0.28,
2024-03-18,16:02:46.897,0.09,1.37,0.06,1.00,0.66,0.94,0.27,0.81,0.0023,0.0032,0.13,0.14,-2147483648,0.00,0.00,290.40,212.17,210.53,1.37,34.22,0.09,2.16,92.59,0.34,189.57,6.30,93.70,0.00,100.00,0.00,0.00,0.00,0.00,-nan,0.24,0.06,1.26,0.05,1.00,0.22,0.35,0.36,0.82,0.0021,0.0033,     0,0,0,0.05,0.05,-2147483648,0.00,0.00,N/A,105.47,83.80,210.53,1.26,31.47,0.06,1.57,0.11,1.44,0.08,1.00,0.44,0.59,0.21,0.81,0.0024,0.0032,     0,0,0,0.09,0.09,-2147483648,0.00,0.00,N/A,184.93,128.37,210.53,1.44,36.02,0.11,2.75,21.36,21.42, 17%, 17%,25.06,24.75, 20%, 19%,46.20,44.92, 37%, 36%,48.88,49.57, 39%, 39%,4.98,95.02,0.00,100.00,0.00,0.00,7.62,92.38,0.00,100.00,0.00,0.00,0.00,0.00,0.00 ,0.00 ,-nan ,-nan ,0.24,0.24,0.01,0.20,0.06,1.00,0.00,0.01,0.18,0.88,0.0018,0.0023,     0,0,0,5.82,94.18,0.00,N/A,2.43,12.25,210.53,0.20,4.96,0.01,0.29,0.18,1.70,0.11,1.00,0.07,0.10,0.33,0.82,0.0018,0.0027,     0,0,0,10.86,89.14,0.00,N/A,38.83,22.87,210.53,1.70,42.44,0.18,4.61,0.01,1.06,0.01,1.00,0.00,0.00,0.31,0.60,0.0005,0.0013,     0,0,0,0.67,99.33,0.00,N/A,1.50,1.41,210.53,1.06,26.61,0.01,0.18,0.16,1.49,0.11,1.00,0.07,0.12,0.39,0.81,0.0022,0.0036,     0,0,0,10.86,89.14,0.00,N/A,33.98,22.87,210.53,1.49,37.14,0.16,4.03,0.00,0.52,0.00,1.00,0.00,0.00,0.49,0.69,0.0015,0.0044,     0,0,0,0.37,99.63,0.00,N/A,0.41,0.78,210.53,0.52,13.03,0.00,0.05,0.13,1.22,0.11,1.00,0.07,0.11,0.36,0.82,0.0025,0.0041,     0,0,0,10.86,89.14,0.00,N/A,28.01,22.87,210.53,1.22,30.62,0.13,3.33,0.00,0.39,0.00,1.00,0.00,0.00,0.67,0.69,0.0012,0.0058,     0,0,0,0.16,99.84,0.00,N/A,0.13,0.33,210.53,0.39,9.71,0.00,0.02,0.00,0.46,0.00,1.00,0.00,0.00,0.57,0.62,0.0015,0.0062,     0,0,0,0.20,99.80,0.00,N/A,0.19,0.42,210.53,0.46,11.49,0.00,0.02,0.01,0.19,0.06,1.00,0.00,0.01,0.25,0.87,0.0018,0.0026,     0,0,0,6.14,93.86,0.00,N/A,2.47,12.92,210.53,0.19,4.79,0.01,0.29,0.00,0.33,0.00,1.00,0.00,0.00,0.39,0.68,0.0023,0.0050,     0,0,0,0.08,99.92,0.00,N/A,0.06,0.18,210.53,0.33,8.27,0.00,0.01,0.00,0.38,0.00,1.00,0.00,0.00,0.47,0.68,0.0019,0.0049,     0,0,0,0.11,99.89,0.00,N/A,0.09,0.22,210.53,0.38,9.61,0.00,0.01,0.17,1.48,0.11,1.00,0.09,0.12,0.21,0.81,0.0027,0.0035,     0,0,0,11.18,88.82,0.00,N/A,34.77,23.54,210.53,1.48,36.92,0.17,4.13,0.17,1.55,0.11,1.00,0.08,0.11,0.23,0.79,0.0022,0.0031,     0,0,0,10.86,89.14,0.00,N/A,35.53,22.87,210.53,1.55,38.84,0.17,4.22,0.19,1.78,0.11,1.00,0.08,0.11,0.18,0.81,0.0020,0.0026,     0,0,0,10.86,89.14,0.00,N/A,40.71,22.86,210.53,1.78,44.53,0.19,4.83,0.17,1.57,0.11,1.00,0.09,0.12,0.22,0.82,0.0025,0.0033,     0,0,0,10.87,89.13,0.00,N/A,35.92,22.89,210.53,1.57,39.24,0.17,4.27,0.17,1.55,0.11,1.00,0.09,0.13,0.22,0.80,0.0027,0.0036,     0,0,0,10.87,89.13,0.00,N/A,35.38,22.89,210.53,1.55,38.65,0.17,4.20,
2024-03-18,16:02:47.003,0.09,1.39,0.06,1.00,0.64,0.92,0.28,0.81,0.0021,0.0031,0.15,0.16,-2147483648,0.00,0.00,299.89,215.07,209.98,1.39,34.86,0.09,2.22,89.36,0.29,206.38,6.38,93.62,0.00,100.00,0.00,0.00,0.00,0.00,-nan,0.25,0.07,1.31,0.05,1.00,0.21,0.35,0.37,0.82,0.0019,0.0031,     0,0,0,0.08,0.09,-2147483648,0.00,0.00,N/A,114.16,87.26,209.98,1.31,32.71,0.07,1.69,0.11,1.45,0.08,1.00,0.43,0.57,0.21,0.81,0.0023,0.0031,     0,0,0,0.07,0.07,-2147483648,0.00,0.00,N/A,185.73,127.81,209.98,1.45,36.33,0.11,2.76,23.04,22.51, 18%, 18%,22.08,21.74, 17%, 17%,49.26,44.08, 40%, 35%,56.16,56.88, 45%, 45%,5.16,94.84,0.00,100.00,0.00,0.00,7.61,92.39,0.00,100.00,0.00,0.00,0.00,0.00,0.00 ,0.00 ,-nan ,-nan ,0.26,0.24,0.01,0.24,0.06,1.00,0.01,0.01,0.23,0.84,0.0018,0.0025,     0,0,0,6.30,93.70,0.00,N/A,3.11,13.23,209.98,0.24,5.88,0.01,0.37,0.00,0.40,0.00,1.00,0.00,0.00,0.60,0.75,0.0011,0.0042,     0,0,0,0.10,99.90,0.00,N/A,0.09,0.22,209.98,0.40,9.94,0.00,0.01,0.12,1.64,0.07,1.00,0.05,0.08,0.39,0.81,0.0017,0.0028,     0,0,0,7.49,92.51,0.00,N/A,27.33,16.70,209.98,1.64,40.92,0.12,3.07,0.07,1.46,0.05,1.00,0.03,0.05,0.39,0.81,0.0021,0.0035,     0,0,0,4.99,95.01,0.00,N/A,15.36,10.49,209.98,1.46,36.61,0.07,1.83,0.00,0.36,0.00,1.00,0.00,0.00,0.72,0.70,0.0010,0.0050,     0,0,0,0.11,99.89,0.00,N/A,0.09,0.24,209.98,0.36,8.96,0.00,0.01,0.13,1.19,0.11,1.00,0.07,0.11,0.36,0.82,0.0026,0.0042,     0,0,0,10.89,89.11,0.00,N/A,27.22,22.87,209.98,1.19,29.77,0.13,3.24,0.19,1.78,0.11,1.00,0.06,0.09,0.37,0.82,0.0014,0.0023,     0,0,0,10.89,89.11,0.00,N/A,40.67,22.86,209.98,1.78,44.49,0.19,4.84,0.00,0.43,0.00,1.00,0.00,0.00,0.36,0.53,0.0034,0.0078,     0,0,0,0.32,99.68,0.00,N/A,0.29,0.67,209.98,0.43,10.74,0.00,0.03,0.01,0.19,0.06,1.00,0.00,0.01,0.29,0.86,0.0018,0.0028,     0,0,0,6.09,93.91,0.00,N/A,2.45,12.78,209.98,0.19,4.79,0.01,0.29,0.18,1.61,0.11,1.00,0.08,0.11,0.20,0.81,0.0022,0.0029,     0,0,0,10.89,89.11,0.00,N/A,36.75,22.87,209.98,1.61,40.18,0.18,4.38,0.00,0.43,0.00,1.00,0.00,0.00,0.19,0.59,0.0032,0.0053,     0,0,0,0.24,99.76,0.00,N/A,0.22,0.51,209.98,0.43,10.74,0.00,0.03,0.17,1.52,0.11,1.00,0.10,0.13,0.22,0.80,0.0028,0.0038,     0,0,0,10.89,89.11,0.00,N/A,34.84,22.88,209.98,1.52,38.08,0.17,4.15,0.16,1.43,0.11,1.00,0.08,0.11,0.24,0.79,0.0025,0.0035,     0,0,0,10.89,89.11,0.00,N/A,32.80,22.86,209.98,1.43,35.87,0.16,3.91,0.19,1.72,0.11,1.00,0.08,0.10,0.18,0.81,0.0020,0.0026,     0,0,0,10.89,89.11,0.00,N/A,39.40,22.87,209.98,1.72,43.06,0.19,4.69,0.19,1.71,0.11,1.00,0.08,0.11,0.22,0.81,0.0020,0.0027,     0,0,0,10.89,89.11,0.00,N/A,39.21,22.87,209.98,1.71,42.87,0.19,4.67,0.00,0.33,0.00,1.00,0.00,0.00,0.37,0.76,0.0018,0.0037,     0,0,0,0.08,99.92,0.00,N/A,0.06,0.17,209.98,0.33,8.29,0.00,0.01,
2024-03-18,16:02:47.101,0.09,1.41,0.07,1.00,0.67,0.95,0.27,0.81,0.0021,0.0030,0.16,0.17,-2147483648,0.00,0.00,320.91,227.95,211.45,1.41,35.20,0.09,2.34,83.82,0.25,189.15,6.65,93.35,0.00,100.00,0.00,0.00,0.00,0.00,-nan,0.24,0.07,1.38,0.05,1.00,0.21,0.34,0.37,0.81,0.0017,0.0028,     0,0,0,0.05,0.06,-2147483648,0.00,0.00,N/A,123.27,89.41,211.45,1.38,34.47,0.07,1.81,0.11,1.43,0.08,1.00,0.46,0.61,0.21,0.80,0.0023,0.0031,     0,0,0,0.11,0.11,-2147483648,0.00,0.00,N/A,197.64,138.53,211.45,1.43,35.67,0.11,2.86,19.49,20.00, 15%, 15%,22.30,22.03, 17%, 17%,45.50,44.65, 36%, 35%,49.19,49.82, 38%, 39%,5.26,94.74,0.00,100.00,0.00,0.00,8.02,91.98,0.00,100.00,0.00,0.00,0.00,0.00,0.00 ,0.00 ,-nan ,-nan ,0.23,0.25,0.02,0.28,0.07,1.00,0.01,0.01,0.26,0.83,0.0015,0.0022,     0,0,0,6.60,93.40,0.00,N/A,3.95,13.96,211.45,0.28,7.08,0.02,0.47,0.20,1.79,0.11,1.00,0.07,0.11,0.37,0.82,0.0015,0.0024,     0,0,0,11.42,88.58,0.00,N/A,44.80,24.96,211.45,1.79,44.87,0.20,5.12,0.19,1.71,0.11,1.00,0.07,0.11,0.38,0.80,0.0017,0.0027,     0,0,0,11.11,88.89,0.00,N/A,39.02,22.87,211.45,1.71,42.66,0.19,4.74,0.01,1.26,0.00,1.00,0.00,0.00,0.56,0.65,0.0002,0.0006,     0,0,0,0.50,99.50,0.00,N/A,1.33,1.05,211.45,1.26,31.49,0.01,0.16,0.00,0.38,0.00,1.00,0.00,0.00,0.60,0.68,0.0017,0.0057,     0,0,0,0.17,99.83,0.00,N/A,0.13,0.35,211.45,0.38,9.51,0.00,0.02,0.15,1.33,0.11,1.00,0.07,0.12,0.35,0.82,0.0022,0.0035,     0,0,0,11.41,88.59,0.00,N/A,33.16,24.94,211.45,1.33,33.24,0.15,3.79,0.00,0.34,0.00,1.00,0.00,0.00,0.74,0.68,0.0013,0.0060,     0,0,0,0.14,99.86,0.00,N/A,0.10,0.30,211.45,0.34,8.41,0.00,0.01,0.00,0.79,0.00,1.00,0.00,0.00,0.41,0.58,0.0012,0.0032,     0,0,0,0.46,99.54,0.00,N/A,0.77,0.97,211.45,0.79,19.72,0.00,0.09,0.01,0.19,0.06,1.00,0.01,0.01,0.27,0.84,0.0021,0.0031,     0,0,0,6.18,93.82,0.00,N/A,2.49,13.08,211.45,0.19,4.75,0.01,0.29,0.17,1.49,0.11,1.00,0.09,0.12,0.20,0.81,0.0025,0.0032,     0,0,0,11.42,88.58,0.00,N/A,37.29,24.96,211.45,1.49,37.36,0.17,4.26,0.18,1.59,0.11,1.00,0.09,0.12,0.21,0.79,0.0023,0.0031,     0,0,0,11.41,88.59,0.00,N/A,39.59,24.95,211.45,1.59,39.67,0.18,4.53,0.00,0.38,0.00,1.00,0.00,0.00,0.61,0.79,0.0008,0.0029,     0,0,0,0.07,99.93,0.00,N/A,0.06,0.15,211.45,0.38,9.61,0.00,0.01,0.15,1.32,0.11,1.00,0.09,0.13,0.24,0.79,0.0028,0.0040,     0,0,0,11.41,88.59,0.00,N/A,32.82,24.95,211.45,1.32,32.89,0.15,3.75,0.19,1.66,0.11,1.00,0.09,0.12,0.18,0.80,0.0023,0.0029,     0,0,0,11.42,88.58,0.00,N/A,41.39,24.97,211.45,1.66,41.45,0.19,4.,0.,0.081.76,0.11,1.00,0.08,0.11,0.22,0.81,0.0018,0.0024,     0,0,0,11.41,88.59,0.00,N/A,43.80,24.93,211.45,1.76,43.91,0.20,5.01,0.00,0.36,0.00,1.00,0.00,0.00,0.18,0.55,0.0045,0.0077,     0,0,0,0.26,99.74,0.00,N/A,0.20,0.55,211.45,0.36,9.03,0.00,0.02,
2024-03-18,16:02:47.201,0.09,1.48,0.06,1.00,0.61,0.83,0.24,0.81,0.0019,0.0026,0.13,0.14,-2147483648,0.00,0.00,315.86,213.30,212.10,1.48,37.02,0.09,2.34,82.45,0.30,173.35,6.32,93.68,0.00,100.00,0.00,0.00,0.00,0.00,-nan,0.25,0.07,1.43,0.05,1.00,0.20,0.30,0.31,0.82,0.0017,0.0025,     0,0,0,0.05,0.06,-2147483648,0.00,0.00,N/A,118.99,83.44,212.10,1.43,35.65,0.07,1.76,0.12,1.52,0.08,1.00,0.41,0.53,0.20,0.80,0.0021,0.0027,     0,0,0,0.08,0.08,-2147483648,0.00,0.00,N/A,196.88,129.87,212.10,1.52,37.90,0.12,2.92,20.15,17.44, 16%, 14%,22.57,22.29, 18%, 17%,41.75,36.36, 33%, 29%,47.25,47.99, 37%, 38%,4.94,95.06,0.00,100.00,0.00,0.00,7.70,92.30,0.00,100.00,0.00,0.00,0.00,0.00,0.00 ,0.00 ,-nan ,-nan ,0.26,0.24,0.01,0.20,0.06,1.00,0.01,0.01,0.16,0.87,0.0019,0.0024,     0,0,0,6.45,93.55,0.00,N/A,2.78,13.68,212.10,0.20,5.08,0.01,0.33,0.19,1.86,0.10,1.00,0.06,0.08,0.33,0.82,0.0014,0.0022,     0,0,0,10.16,89.84,0.00,N/A,38.71,20.82,212.10,1.86,46.49,0.19,4.72,0.20,1.95,0.10,1.00,0.05,0.08,0.33,0.81,0.0014,0.0021,     0,0,0,10.15,89.85,0.00,N/A,40.49,20.81,212.10,1.95,48.66,0.20,4.94,0.02,1.59,0.01,1.00,0.01,0.01,0.36,0.81,0.0017,0.0029,     0,0,0,1.06,98.94,0.00,N/A,3.66,2.30,212.10,1.59,39.76,0.02,0.42,0.01,1.06,0.01,1.00,0.01,0.01,0.29,0.81,0.0030,0.0048,     0,0,0,1.04,98.96,0.00,N/A,2.41,2.27,212.10,1.06,26.56,0.01,0.28,0.13,1.30,0.10,1.00,0.06,0.09,0.28,0.82,0.0024,0.0034,     0,0,0,10.15,89.85,0.00,N/A,27.05,20.80,212.10,1.30,32.51,0.13,3.30,0.02,1.63,0.01,1.00,0.01,0.01,0.33,0.79,0.0020,0.0030,     0,0,0,1.04,98.96,0.00,N/A,3.67,2.25,212.10,1.63,40.73,0.02,0.42,0.00,0.42,0.00,1.00,0.00,0.00,0.39,0.65,0.0026,0.0062,     0,0,0,0.24,99.76,0.00,N/A,0.21,0.51,212.10,0.42,10.56,0.00,0.03,0.01,0.19,0.06,1.00,0.00,0.01,0.25,0.87,0.0018,0.0025,     0,0,0,6.42,93.58,0.00,N/A,2.59,13.62,212.10,0.19,4.75,0.01,0.31,0.18,1.63,0.11,1.00,0.09,0.11,0.20,0.80,0.0023,0.0030,     0,0,0,10.90,89.10,0.00,N/A,37.20,22.89,212.10,1.63,40.63,0.18,4.43,0.19,1.78,0.11,1.00,0.08,0.10,0.18,0.79,0.0020,0.0025,     0,0,0,10.90,89.10,0.00,N/A,40.75,22.88,212.10,1.78,44.52,0.19,4.85,0.00,0.40,0.00,1.00,0.00,0.00,0.47,0.79,0.0014,0.0033,     0,0,0,0.09,99.91,0.00,N/A,0.08,0.19,212.10,0.40,10.04,0.00,0.01,0.16,1.50,0.11,1.00,0.08,0.11,0.23,0.80,0.0023,0.0031,     0,0,0,10.90,89.10,0.00,N/A,34.35,22.89,212.10,1.50,37.52,0.16,4.09,0.20,1.80,0.11,1.00,0.08,0.10,0.19,0.81,0.0019,0.0024,     0,0,0,10.90,89.10,0.00,N/A,41.21,22.89,212.10,1.80,45.00,0.20,4.91,0.19,1.71,0.11,1.00,0.08,0.10,0.21,0.80,0.0021,0.0027,     0,0,0,10.90,89.10,0.00,N/A,39.09,22.88,212.10,1.71,42.71,0.19,4.65,0.01,0.99,0.01,1.00,0.00,0.00,0.29,0.54,0.0010,0.0018,     0,0,0,0.77,99.23,0.00,N/A,1.60,1.62,212.10,0.99,24.68,0.01,0.19,
2024-03-18,16:02:47.302,0.09,1.45,0.06,1.00,0.65,0.88,0.24,0.81,0.0021,0.0028,0.16,0.16,-2147483648,0.00,0.00,313.50,216.74,210.27,1.45,36.16,0.09,2.31,105.26,0.33,219.15,6.40,93.60,0.00,100.00,0.00,0.00,0.00,0.00,-nan,0.25,0.07,1.39,0.05,1.00,0.23,0.33,0.31,0.81,0.0019,0.0028,     0,0,0,0.03,0.04,-2147483648,0.00,0.00,N/A,121.01,86.88,210.27,1.39,34.82,0.07,1.79,0.11,1.48,0.08,1.00,0.43,0.55,0.20,0.80,0.0022,0.0029,     0,0,0,0.13,0.13,-2147483648,0.00,0.00,N/A,192.49,129.86,210.27,1.48,37.06,0.11,2.85,29.29,31.00, 23%, 25%,22.61,22.36, 18%, 17%,65.45,60.50, 52%, 48%,46.34,46.86, 37%, 37%,5.13,94.87,0.00,100.00,0.00,0.00,7.68,92.32,0.00,100.00,0.00,0.00,0.00,0.00,0.00 ,0.00 ,-nan ,-nan ,0.23,0.26,0.01,0.24,0.06,1.00,0.00,0.01,0.35,0.84,0.0016,0.0026,     0,0,0,6.33,93.67,0.00,N/A,3.15,13.30,210.27,0.24,5.92,0.01,0.37,0.00,0.67,0.01,1.00,0.00,0.00,0.39,0.70,0.0012,0.0024,     0,0,0,0.73,99.27,0.00,N/A,1.04,1.54,210.27,0.67,16.87,0.00,0.12,0.00,0.40,0.00,1.00,0.00,0.00,0.28,0.53,0.0030,0.0071,     0,0,0,0.29,99.71,0.00,N/A,0.24,0.61,210.27,0.40,9.97,0.00,0.03,0.21,1.91,0.11,1.00,0.06,0.10,0.35,0.82,0.0014,0.0022,     0,0,0,10.79,89.21,0.00,N/A,43.66,22.88,210.27,1.91,47.70,0.21,5.15,0.12,1.15,0.11,1.00,0.09,0.12,0.25,0.81,0.0033,0.0044,     0,0,0,10.78,89.22,0.00,N/A,26.29,22.87,210.27,1.15,28.74,0.12,3.10,0.02,1.47,0.01,1.00,0.01,0.01,0.28,0.82,0.0017,0.0024,     0,0,0,1.44,98.56,0.00,N/A,4.58,3.12,210.27,1.47,36.74,0.02,0.53,0.19,1.88,0.10,1.00,0.06,0.09,0.33,0.80,0.0016,0.0024,     0,0,0,9.93,90.07,0.00,N/A,39.66,21.08,210.27,1.88,47.04,0.19,4.67,0.01,1.61,0.01,1.00,0.00,0.00,0.36,0.76,0.0005,0.0009,     0,0,0,0.70,99.30,0.00,N/A,2.38,1.48,210.27,1.61,40.28,0.01,0.28,0.01,0.19,0.06,1.00,0.00,0.01,0.23,0.88,0.0018,0.0024,     0,0,0,6.13,93.87,0.00,N/A,2.41,12.89,210.27,0.19,4.67,0.01,0.29,0.18,1.63,0.11,1.00,0.09,0.11,0.19,0.81,0.0023,0.0029,     0,0,0,10.79,89.21,0.00,N/A,37.37,22.88,210.27,1.63,40.83,0.18,4.41,0.20,1.83,0.11,1.00,0.08,0.11,0.20,0.79,0.0020,0.0026,     0,0,0,10.79,89.21,0.00,N/A,41.81,22.89,210.27,1.83,45.67,0.20,4.93,0.00,0.51,0.01,1.00,0.00,0.00,0.24,0.69,0.0027,0.0041,     0,0,0,0.54,99.46,0.00,N/A,0.58,1.14,210.27,0.51,12.76,0.00,0.07,0.16,1.49,0.11,1.00,0.08,0.11,0.23,0.80,0.0023,0.0031,     0,0,0,10.78,89.22,0.00,N/A,34.12,22.88,210.27,1.49,37.29,0.16,4.02,0.19,1.80,0.11,1.00,0.08,0.10,0.19,0.80,0.0019,0.0025,     0,0,0,10.79,89.21,0.00,N/A,41.15,22.88,210.27,1.80,44.97,0.19,4.85,0.16,1.51,0.11,1.00,0.09,0.12,0.19,0.80,0.0026,0.0034,     0,0,0,10.79,89.21,0.00,N/A,34.50,22.89,210.27,1.51,37.69,0.16,4.07,0.00,0.38,0.01,1.00,0.00,0.00,0.30,0.49,0.0043,0.0082,     0,0,0,0.67,99.33,0.00,N/A,0.54,1.41,210.27,0.38,9.56,0.00,0.06,
2024-03-18,16:02:47.402,0.10,1.59,0.06,1.00,0.56,0.77,0.25,0.80,0.0017,0.0023,0.14,0.15,-2147483648,0.00,0.00,335.43,211.13,209.93,1.59,39.72,0.10,2.50,79.93,0.27,157.02,6.30,93.70,0.00,100.00,0.00,0.00,0.00,0.00,-nan,0.25,0.08,1.61,0.05,1.00,0.18,0.27,0.30,0.81,0.0013,0.0020,     0,0,0,0.06,0.07,-2147483648,0.00,0.00,N/A,137.60,85.59,209.93,1.61,40.19,0.08,2.05,0.12,1.58,0.08,1.00,0.38,0.50,0.21,0.80,0.0019,0.0025,     0,0,0,0.08,0.08,-2147483648,0.00,0.00,N/A,197.82,125.54,209.93,1.58,39.40,0.12,2.96,18.14,19.27, 14%, 15%,21.42,21.10, 17%, 17%,40.95,42.95, 33%, 35%,36.38,36.75, 29%, 29%,5.10,94.90,0.00,100.00,0.00,0.00,7.50,92.50,0.00,100.00,0.00,0.00,0.00,0.00,0.00 ,0.00 ,-nan ,-nan ,0.26,0.24,0.01,0.20,0.06,1.00,0.00,0.01,0.14,0.89,0.0018,0.0021,     0,0,0,5.86,94.14,0.00,N/A,2.42,12.30,209.93,0.20,4.91,0.01,0.29,0.00,0.41,0.00,1.00,0.00,0.00,0.59,0.61,0.0012,0.0060,     0,0,0,0.38,99.62,0.00,N/A,0.33,0.79,209.93,0.41,10.36,0.00,0.04,0.01,0.96,0.01,1.00,0.01,0.01,0.16,0.79,0.0036,0.0044,     0,0,0,1.30,98.70,0.00,N/A,2.69,2.81,209.93,0.96,23.92,0.01,0.31,0.22,2.03,0.11,1.00,0.05,0.08,0.33,0.81,0.0011,0.0017,     0,0,0,10.92,89.08,0.00,N/A,46.64,22.92,209.93,2.03,50.86,0.22,5.55,0.17,1.60,0.11,1.00,0.06,0.09,0.27,0.81,0.0017,0.0024,     0,0,0,10.91,89.09,0.00,N/A,36.72,22.92,209.93,1.60,40.06,0.17,4.37,0.23,2.09,0.11,1.00,0.05,0.08,0.34,0.81,0.0011,0.0017,     0,0,0,10.91,89.09,0.00,N/A,47.96,22.92,209.93,2.09,52.32,0.23,5.71,0.00,1.00,0.00,1.00,0.00,0.00,0.45,0.73,0.0006,0.0015,     0,0,0,0.38,99.62,0.00,N/A,0.78,0.78,209.93,1.00,24.97,0.00,0.10,0.00,0.41,0.00,1.00,0.00,0.00,0.77,0.79,0.0005,0.0036,     0,0,0,0.07,99.93,0.00,N/A,0.06,0.15,209.93,0.41,10.22,0.00,0.01,0.01,0.19,0.06,1.00,0.00,0.01,0.27,0.87,0.0018,0.0025,     0,0,0,5.92,94.08,0.00,N/A,2.37,12.44,209.93,0.19,4.77,0.01,0.28,0.19,1.72,0.11,1.00,0.08,0.11,0.20,0.80,0.0021,0.0027,     0,0,0,10.90,89.10,0.00,N/A,39.28,22.89,209.93,1.72,42.91,0.19,4.68,0.22,2.03,0.11,1.00,0.07,0.09,0.19,0.80,0.0015,0.0019,     0,0,0,10.91,89.09,0.00,N/A,46.46,22.90,209.93,2.03,50.71,0.22,5.53,0.02,1.50,0.01,1.00,0.01,0.01,0.25,0.80,0.0023,0.0032,     0,0,0,1.13,98.87,0.00,N/A,3.68,2.46,209.93,1.50,37.39,0.02,0.42,0.13,1.27,0.10,1.00,0.07,0.10,0.25,0.79,0.0026,0.0036,     0,0,0,10.25,89.75,0.00,N/A,26.37,20.81,209.93,1.27,31.68,0.13,3.25,0.19,1.89,0.10,1.00,0.07,0.09,0.20,0.80,0.0017,0.0022,     0,0,0,10.26,89.74,0.00,N/A,39.31,20.83,209.93,1.89,47.19,0.19,4.84,0.19,1.76,0.11,1.00,0.08,0.10,0.22,0.80,0.0019,0.0026,     0,0,0,10.90,89.10,0.00,N/A,40.21,22.,1,5.11,0,1.76,43.93,0.19,4.79,0.00,0.42,0.00,1.00,0.00,0.00,0.34,0.64,0.0028,0.0056,     0,0,0,0.16,99.84,0.00,N/A,0.14,0.33,209.93,0.42,10.41,0.00,0.02,
2024-03-18,16:02:47.503,0.09,1.40,0.07,1.00,0.72,0.96,0.24,0.81,0.0023,0.0031,0.18,0.19,-2147483648,0.00,0.00,308.35,220.56,210.19,1.40,34.95,0.09,2.29,88.76,0.24,193.02,6.56,93.44,0.00,100.00,0.00,0.00,0.00,0.00,-nan,0.25,0.09,1.36,0.07,1.00,0.37,0.49,0.23,0.81,0.0024,0.0031,     0,0,0,0.05,0.04,-2147483648,0.00,0.00,N/A,155.71,114.20,210.19,1.36,34.09,0.09,2.32,0.09,1.44,0.06,1.00,0.35,0.47,0.24,0.80,0.0023,0.0031,     0,0,0,0.13,0.15,-2147483648,0.00,0.00,N/A,152.64,106.36,210.19,1.44,35.88,0.09,2.27,24.43,24.29, 19%, 19%,20.15,19.89, 16%, 16%,49.20,47.47, 40%, 38%,47.77,48.58, 38%, 39%,6.79,93.21,0.00,100.00,0.00,0.00,6.32,93.68,0.00,100.00,0.00,0.00,0.00,0.00,0.00 ,0.00 ,-nan ,-nan ,0.24,0.26,0.01,0.20,0.06,1.00,0.00,0.01,0.18,0.88,0.0017,0.0022,     0,0,0,5.79,94.21,0.00,N/A,2.43,12.17,210.19,0.20,4.99,0.01,0.29,0.04,1.25,0.03,1.00,0.02,0.02,0.19,0.80,0.0022,0.0028,     0,0,0,2.83,97.17,0.00,N/A,7.64,6.13,210.19,1.25,31.13,0.04,0.88,0.14,1.39,0.10,1.00,0.08,0.10,0.23,0.80,0.0027,0.0036,     0,0,0,10.23,89.77,0.00,N/A,28.89,20.79,210.19,1.39,34.73,0.14,3.55,0.21,1.76,0.12,1.00,0.08,0.11,0.26,0.82,0.0018,0.0025,     0,0,0,11.86,88.14,0.00,N/A,43.90,24.91,210.19,1.76,44.05,0.21,5.23,0.14,1.15,0.12,1.00,0.10,0.13,0.20,0.81,0.0035,0.0044,     0,0,0,11.86,88.14,0.00,N/A,28.65,24.91,210.19,1.15,28.76,0.14,3.41,0.21,1.77,0.12,1.00,0.09,0.12,0.26,0.81,0.0020,0.0027,     0,0,0,11.86,88.14,0.00,N/A,44.05,24.90,210.19,1.77,44.22,0.21,5.24,0.00,0.37,0.00,1.00,0.00,0.00,0.66,0.78,0.0007,0.0033,     0,0,0,0.07,99.93,0.00,N/A,0.05,0.14,210.19,0.37,9.34,0.00,0.01,0.00,0.41,0.00,1.00,0.00,0.00,0.88,0.71,0.0003,0.0042,     0,0,0,0.11,99.89,0.00,N/A,0.10,0.24,210.19,0.41,10.14,0.00,0.01,0.01,0.19,0.06,1.00,0.00,0.00,0.17,0.89,0.0017,0.0021,     0,0,0,5.87,94.13,0.00,N/A,2.37,12.34,210.19,0.19,4.80,0.01,0.28,0.16,1.48,0.11,1.00,0.09,0.12,0.25,0.81,0.0026,0.0035,     0,0,0,10.89,89.11,0.00,N/A,33.91,22.87,210.19,1.48,37.06,0.16,4.04,0.20,1.73,0.12,1.00,0.09,0.12,0.23,0.80,0.0021,0.0028,     0,0,0,11.77,88.23,0.00,N/A,43.14,24.96,210.19,1.73,43.20,0.20,5.09,0.18,1.63,0.11,1.00,0.09,0.11,0.23,0.80,0.0023,0.0031,     0,0,0,10.90,89.10,0.00,N/A,37.21,22.88,210.19,1.63,40.66,0.18,4.43,0.00,0.37,0.00,1.00,0.00,0.00,0.58,0.84,0.0007,0.0021,     0,0,0,0.06,99.94,0.00,N/A,0.05,0.14,210.19,0.37,9.34,0.00,0.01,0.02,1.59,0.01,1.00,0.01,0.01,0.22,0.78,0.0023,0.0031,     0,0,0,1.02,98.98,0.00,N/A,3.51,2.20,210.19,1.59,39.85,0.02,0.40,0.16,1.56,0.10,1.00,0.08,0.11,0.25,0.80,0.0024,0.0033,     0,0,0,10.24,89.76,0.00,N/A,32.39,20.81,210.19,1.56,38.90,0.16,3.98,0.00,0.38,0.00,1.00,0.00,0.00,0.66,0.78,0.0007,0.0034,     0,0,0,0.07,99.93,0.00,N/A,0.06,0.15,210.19,0.38,9.40,0.00,0.01,
2024-03-18,16:02:47.602,0.10,1.63,0.06,1.00,0.54,0.73,0.24,0.81,0.0016,0.0021,0.13,0.14,-2147483648,0.00,0.00,346.92,213.44,209.89,1.63,40.63,0.10,2.58,83.10,0.31,171.69,6.35,93.65,0.00,100.00,0.00,0.00,0.00,0.00,-nan,0.25,0.10,1.61,0.06,1.00,0.25,0.33,0.24,0.81,0.0014,0.0019,     0,0,0,0.07,0.06,-2147483648,0.00,0.00,N/A,174.75,108.40,209.89,1.61,40.30,0.10,2.59,0.10,1.64,0.06,1.00,0.29,0.40,0.25,0.80,0.0017,0.0023,     0,0,0,0.07,0.08,-2147483648,0.00,0.00,N/A,172.17,105.04,209.89,1.64,40.98,0.10,2.57,23.83,23.34, 19%, 19%,18.12,17.82, 14%, 14%,47.59,45.02, 38%, 36%,39.36,39.72, 31%, 32%,6.43,93.57,0.00,100.00,0.00,0.00,6.26,93.74,0.00,100.00,0.00,0.00,0.00,0.00,0.00 ,0.00 ,-nan ,-nan ,0.26,0.24,0.01,0.20,0.06,1.00,0.01,0.01,0.25,0.84,0.0023,0.0031,     0,0,0,6.24,93.76,0.00,N/A,2.57,13.09,209.89,0.20,4.91,0.01,0.31,0.19,1.74,0.11,1.00,0.06,0.08,0.24,0.81,0.0015,0.0020,     0,0,0,10.90,89.10,0.00,N/A,39.72,22.89,209.89,1.74,43.38,0.19,4.73,0.00,0.38,0.00,1.00,0.00,0.00,0.78,0.76,0.0004,0.0028,     0,0,0,0.08,99.92,0.00,N/A,0.06,0.16,209.89,0.38,9.42,0.00,0.01,0.23,2.09,0.11,1.00,0.05,0.07,0.27,0.82,0.0011,0.0016,     0,0,0,10.90,89.10,0.00,N/A,47.94,22.89,209.89,2.09,52.36,0.23,5.71,0.16,1.47,0.11,1.00,0.07,0.09,0.19,0.80,0.0021,0.0026,     0,0,0,10.89,89.11,0.00,N/A,33.54,22.87,209.89,1.47,36.66,0.16,3.99,0.23,2.11,0.11,1.00,0.06,0.08,0.27,0.81,0.0011,0.0016,     0,0,0,10.90,89.10,0.00,N/A,48.29,22.88,209.89,2.11,52.75,0.23,5.75,0.00,1.06,0.00,1.00,0.00,0.00,0.47,0.76,0.0003,0.0009,     0,0,0,0.21,99.79,0.00,N/A,0.46,0.44,209.89,1.06,26.47,0.00,0.06,0.01,0.69,0.01,1.00,0.00,0.00,0.07,0.70,0.0021,0.0023,     0,0,0,1.47,98.53,0.00,N/A,2.17,3.17,209.89,0.69,17.13,0.01,0.25,0.01,0.22,0.06,1.00,0.00,0.01,0.35,0.85,0.0017,0.0026,     0,0,0,6.16,93.84,0.00,N/A,2.79,12.93,209.89,0.22,5.40,0.01,0.33,0.19,1.75,0.11,1.00,0.07,0.10,0.25,0.81,0.0019,0.0025,     0,0,0,10.90,89.10,0.00,N/A,39.94,22.88,209.89,1.75,43.64,0.19,4.75,0.21,1.90,0.11,1.00,0.07,0.09,0.26,0.81,0.0015,0.0021,     0,0,0,11.01,88.99,0.00,N/A,43.42,22.89,209.89,1.90,47.41,0.21,5.22,0.21,1.91,0.11,1.00,0.07,0.09,0.24,0.80,0.0016,0.0021,     0,0,0,10.90,89.10,0.00,N/A,43.82,22.89,209.89,1.91,47.86,0.21,5.22,0.00,0.36,0.00,1.00,0.00,0.00,0.46,0.67,0.0017,0.0059,     0,0,0,0.11,99.89,0.00,N/A,0.08,0.23,209.89,0.36,8.99,0.00,0.01,0.20,1.83,0.11,1.00,0.08,0.10,0.23,0.80,0.0019,0.0024,     0,0,0,10.92,89.08,0.00,N/A,42.00,22.94,209.89,1.83,45.78,0.20,5.00,0.00,0.42,0.00,1.00,0.00,0.00,0.60,0.76,0.0008,0.0035,     0,0,0,0.07,99.93,0.00,N/A,0.06,0.15,209.89,0.42,10.61,0.00,0.01,0.00,0.41,0.00,1.00,0.00,0.00,0.75,0.81,0.0005,0.0029,     0,0,0,0.07,99.93,0.00,N/A,0.06,0.14,209.89,0.41,10.14,0.00,0.01,
2024-03-18,16:02:47.702,0.09,1.39,0.07,1.00,0.70,0.95,0.24,0.81,0.0022,0.0030,0.17,0.15,-2147483648,0.00,0.00,312.30,225.46,209.94,1.39,34.63,0.09,2.33,56.65,0.17,123.16,6.72,93.28,0.00,100.00,0.00,0.00,0.00,0.00,-nan,0.25,0.08,1.33,0.06,1.00,0.26,0.38,0.30,0.81,0.0020,0.0029,     0,0,0,0.04,0.04,-2147483648,0.00,0.00,N/A,130.01,97.43,209.94,1.33,33.36,0.08,1.95,0.11,1.42,0.08,1.00,0.44,0.57,0.20,0.80,0.0024,0.0031,     0,0,0,0.13,0.12,-2147483648,0.00,0.00,N/A,182.29,128.03,209.94,1.42,35.60,0.11,2.70,16.50,17.81, 13%, 14%,11.34,11.00,  9%,  8%,36.19,35.50, 29%, 29%,25.73,25.73, 20%, 20%,5.84,94.16,0.00,100.00,0.00,0.00,7.59,92.41,0.00,100.00,0.00,0.00,0.00,0.00,0.00 ,0.00 ,-nan ,-nan ,0.24,0.26,0.01,0.20,0.06,1.00,0.00,0.01,0.21,0.88,0.0018,0.0024,     0,0,0,5.74,94.26,0.00,N/A,2.40,12.05,209.94,0.20,4.98,0.01,0.29,0.04,1.37,0.03,1.00,0.02,0.02,0.29,0.78,0.0019,0.0029,     0,0,0,3.04,96.96,0.00,N/A,8.46,6.16,209.94,1.37,34.30,0.04,1.04,0.01,1.32,0.01,1.00,0.00,0.00,0.44,0.65,0.0002,0.0006,     0,0,0,1.04,98.96,0.00,N/A,2.88,2.18,209.94,1.32,33.05,0.01,0.34,0.19,1.71,0.11,1.00,0.07,0.10,0.32,0.82,0.0018,0.0027,     0,0,0,10.90,89.10,0.00,N/A,39.15,22.89,209.94,1.71,42.75,0.19,4.66,0.03,1.09,0.03,1.00,0.02,0.02,0.24,0.81,0.0031,0.0042,     0,0,0,2.53,97.47,0.00,N/A,5.58,5.14,209.94,1.09,27.17,0.03,0.69,0.18,1.70,0.11,1.00,0.07,0.11,0.30,0.81,0.0019,0.0027,     0,0,0,10.89,89.11,0.00,N/A,38.85,22.88,209.94,1.70,42.45,0.18,4.62,0.03,1.22,0.02,1.00,0.02,0.03,0.32,0.79,0.0026,0.0039,     0,0,0,2.45,97.55,0.00,N/A,6.50,5.33,209.94,1.22,30.53,0.03,0.75,0.13,1.26,0.10,1.00,0.06,0.08,0.30,0.81,0.0022,0.0032,     0,0,0,10.17,89.83,0.00,N/A,26.19,20.81,209.94,1.26,31.46,0.13,3.20,0.02,0.23,0.07,1.00,0.01,0.01,0.25,0.86,0.0016,0.0026,     0,0,0,6.59,93.41,0.00,N/A,3.21,13.83,209.94,0.23,5.80,0.02,0.38,0.18,1.64,0.11,1.00,0.08,0.11,0.21,0.81,0.0022,0.0028,     0,0,0,10.92,89.08,0.00,N/A,37.71,22.93,209.94,1.64,41.11,0.18,4.49,0.17,1.56,0.11,1.00,0.09,0.12,0.23,0.80,0.0024,0.0032,     0,0,0,10.89,89.11,0.00,N/A,35.78,22.88,209.94,1.56,39.10,0.17,4.26,0.17,1.52,0.11,1.00,0.10,0.12,0.20,0.80,0.0027,0.0035,     0,0,0,10.89,89.11,0.00,N/A,34.69,22.87,209.94,1.52,37.93,0.17,4.13,0.00,0.48,0.01,1.00,0.00,0.00,0.14,0.64,0.0029,0.0045,     0,0,0,0.65,99.35,0.00,N/A,0.66,1.37,209.94,0.48,12.05,0.00,0.08,0.21,1.74,0.12,1.00,0.09,0.12,0.18,0.78,0.0021,0.0027,     0,0,0,11.85,88.15,0.00,N/A,43.20,24.87,209.94,1.74,43.41,0.21,5.14,0.12,1.42,0.09,1.00,0.08,0.10,0.16,0.81,0.0031,0.0038,     0,0,0,8.63,91.37,0.00,N/A,26.67,18.73,209.94,1.42,35.59,0.12,3.07,0.00,0.69,0.00,1.00,0.00,0.00,0.23,0.70,0.0014,0.0021,     0,0,0,0.26,0.,0.60.00,N/A,0.37,0.54,209.94,0.69,17.13,0.00,0.04,
2024-03-18,16:02:47.801,0.08,1.33,0.06,1.00,0.72,0.99,0.25,0.81,0.0026,0.0035,0.17,0.16,-2147483648,0.00,0.00,280.41,211.31,211.87,1.33,33.17,0.08,2.09,47.43,0.15,112.80,6.29,93.71,0.00,100.00,0.00,0.00,0.00,0.00,-nan,0.25,0.06,1.27,0.05,1.00,0.24,0.37,0.33,0.81,0.0023,0.0034,     0,0,0,0.07,0.06,-2147483648,0.00,0.00,N/A,106.69,83.96,211.87,1.27,31.77,0.06,1.58,0.10,1.36,0.08,1.00,0.48,0.62,0.20,0.80,0.0028,0.0036,     0,0,0,0.10,0.10,-2147483648,0.00,0.00,N/A,173.71,127.35,211.87,1.36,34.10,0.10,2.59,12.05,11.82,  9%,  9%,11.95,11.61,  9%,  9%,25.65,26.18, 20%, 21%,30.38,30.58, 24%, 24%,4.99,95.01,0.00,100.00,0.00,0.00,7.60,92.40,0.00,100.00,0.00,0.00,0.00,0.00,0.00 ,0.00 ,-nan ,-nan ,0.26,0.24,0.02,0.24,0.06,1.00,0.01,0.01,0.25,0.84,0.0018,0.0025,     0,0,0,6.32,93.68,0.00,N/A,3.19,13.39,211.87,0.24,5.97,0.02,0.38,0.00,0.38,0.00,1.00,0.00,0.00,0.36,0.59,0.0025,0.0070,     0,0,0,0.35,99.65,0.00,N/A,0.28,0.75,211.87,0.38,9.39,0.00,0.03,0.00,0.33,0.00,1.00,0.00,0.00,0.64,0.57,0.0017,0.0081,     0,0,0,0.23,99.77,0.00,N/A,0.16,0.49,211.87,0.33,8.26,0.00,0.02,0.18,1.64,0.11,1.00,0.07,0.12,0.35,0.82,0.0020,0.0031,     0,0,0,11.01,88.99,0.00,N/A,37.55,22.90,211.87,1.64,41.00,0.18,4.52,0.00,0.38,0.00,1.00,0.00,0.00,0.59,0.58,0.0020,0.0072,     0,0,0,0.19,99.81,0.00,N/A,0.15,0.40,211.87,0.38,9.51,0.00,0.02,0.18,1.63,0.11,1.00,0.08,0.12,0.31,0.82,0.0021,0.0031,     0,0,0,11.00,89.00,0.00,N/A,37.28,22.87,211.87,1.63,40.75,0.18,4.48,0.13,1.22,0.11,1.00,0.08,0.12,0.33,0.81,0.0029,0.0043,     0,0,0,11.00,89.00,0.00,N/A,27.92,22.86,211.87,1.22,30.53,0.13,3.36,0.00,0.49,0.00,1.00,0.00,0.00,0.47,0.66,0.0020,0.0057,     0,0,0,0.14,99.86,0.00,N/A,0.15,0.30,211.87,0.49,12.31,0.00,0.02,0.01,0.19,0.06,1.00,0.00,0.01,0.27,0.86,0.0019,0.0026,     0,0,0,5.89,94.11,0.00,N/A,2.39,12.49,211.87,0.19,4.78,0.01,0.28,0.15,1.38,0.11,1.00,0.10,0.13,0.20,0.81,0.0031,0.0040,     0,0,0,11.00,89.00,0.00,N/A,31.58,22.86,211.87,1.38,34.54,0.15,3.80,0.16,1.45,0.11,1.00,0.09,0.12,0.22,0.80,0.0028,0.0037,     0,0,0,11.01,88.99,0.00,N/A,33.17,22.89,211.87,1.45,36.23,0.16,3.99,0.17,1.56,0.11,1.00,0.09,0.12,0.20,0.80,0.0026,0.0034,     0,0,0,11.01,88.99,0.00,N/A,35.66,22.88,211.87,1.56,38.95,0.17,4.29,0.00,0.40,0.00,1.00,0.00,0.00,0.58,0.77,0.0010,0.0033,     0,0,0,0.09,99.91,0.00,N/A,0.07,0.18,211.87,0.40,10.05,0.00,0.01,0.18,1.66,0.11,1.00,0.09,0.12,0.21,0.80,0.0023,0.0031,     0,0,0,10.99,89.01,0.00,N/A,38.05,22.85,211.87,1.66,41.62,0.18,4.58,0.16,1.42,0.11,1.00,0.10,0.13,0.18,0.81,0.0031,0.0039,     0,0,0,11.00,89.00,0.00,N/A,32.54,22.87,211.87,1.42,35.57,0.16,3.91,0.00,0.79,0.00,1.00,0.00,0.00,0.36,0.72,0.0009,0.0016,     0,0,0,0.15,99.85,0.00,N/A,0.25,0.32,211.87,0.79,19.67,0.00,0.03,
2024-03-18,16:02:47.901,0.09,1.44,0.06,1.00,0.66,0.90,0.24,0.81,0.0021,0.0029,0.17,0.17,-2147483648,0.00,0.00,309.78,214.67,210.23,1.44,36.08,0.09,2.30,47.34,0.14,99.27,6.39,93.61,0.00,100.00,0.00,0.00,0.00,0.00,-nan,0.25,0.07,1.41,0.05,1.00,0.23,0.33,0.30,0.81,0.0018,0.0027,     0,0,0,0.02,0.02,-2147483648,0.00,0.00,N/A,124.28,87.85,210.23,1.41,35.37,0.07,1.85,0.11,1.46,0.08,1.00,0.44,0.57,0.20,0.80,0.0023,0.0031,     0,0,0,0.15,0.15,-2147483648,0.00,0.00,N/A,185.50,126.81,210.23,1.46,36.57,0.11,2.76,12.20,12.66,  9%, 10%,11.40,11.09,  9%,  8%,27.07,26.66, 22%, 21%,22.75,22.79, 18%, 18%,5.22,94.78,0.00,100.00,0.00,0.00,7.56,92.44,0.00,100.00,0.00,0.00,0.00,0.00,0.00 ,0.00 ,-nan ,-nan ,0.24,0.26,0.02,0.22,0.07,1.00,0.01,0.01,0.23,0.78,0.0027,0.0039,     0,0,0,7.00,93.00,0.00,N/A,3.22,14.72,210.23,0.22,5.47,0.02,0.38,0.01,1.13,0.01,1.00,0.01,0.01,0.16,0.81,0.0034,0.0042,     0,0,0,1.04,98.96,0.00,N/A,2.50,2.21,210.23,1.13,28.29,0.01,0.29,0.01,1.21,0.01,1.00,0.01,0.01,0.25,0.81,0.0028,0.0039,     0,0,0,1.06,98.94,0.00,N/A,2.72,2.25,210.23,1.21,30.25,0.01,0.32,0.21,1.90,0.11,1.00,0.06,0.10,0.34,0.82,0.0015,0.0023,     0,0,0,10.90,89.10,0.00,N/A,43.42,22.89,210.23,1.90,47.43,0.21,5.17,0.00,0.42,0.00,1.00,0.00,0.00,0.73,0.75,0.0005,0.0036,     0,0,0,0.07,99.93,0.00,N/A,0.06,0.14,210.23,0.42,10.52,0.00,0.01,0.20,1.86,0.11,1.00,0.07,0.10,0.30,0.81,0.0016,0.0023,     0,0,0,10.89,89.11,0.00,N/A,42.56,22.87,210.23,1.86,46.52,0.20,5.07,0.14,1.39,0.10,1.00,0.07,0.10,0.31,0.81,0.0023,0.0033,     0,0,0,10.04,89.96,0.00,N/A,28.96,20.81,210.23,1.39,34.79,0.14,3.49,0.00,0.42,0.01,1.00,0.00,0.01,0.30,0.58,0.0034,0.0067,     0,0,0,0.93,99.07,0.00,N/A,0.83,1.96,210.23,0.42,10.56,0.00,0.10,0.01,0.19,0.06,1.00,0.01,0.01,0.30,0.83,0.0020,0.0033,     0,0,0,6.40,93.60,0.00,N/A,2.62,13.46,210.23,0.19,4.86,0.01,0.31,0.15,1.52,0.10,1.00,0.08,0.11,0.22,0.80,0.0025,0.0033,     0,0,0,10.04,89.96,0.00,N/A,31.72,20.81,210.23,1.52,38.10,0.15,3.83,0.18,1.65,0.11,1.00,0.09,0.11,0.21,0.80,0.0023,0.0030,     0,0,0,10.90,89.10,0.00,N/A,37.68,22.89,210.23,1.65,41.16,0.18,4.49,0.18,1.69,0.11,1.00,0.09,0.11,0.21,0.80,0.0022,0.0029,     0,0,0,10.90,89.10,0.00,N/A,38.60,22.88,210.23,1.69,42.17,0.18,4.60,0.00,1.19,0.00,1.00,0.00,0.00,0.34,0.74,0.0003,0.0008,     0,0,0,0.39,99.61,0.00,N/A,0.98,0.82,210.23,1.19,29.70,0.00,0.12,0.20,1.82,0.11,1.00,0.08,0.11,0.21,0.80,0.0019,0.0025,     0,0,0,10.89,89.11,0.00,N/A,41.65,22.88,210.23,1.82,45.51,0.20,4.96,0.15,1.41,0.11,1.00,0.10,0.12,0.16,0.80,0.0030,0.0038,     0,0,0,10.90,89.10,0.00,N/A,32.19,22.89,210.23,1.41,35.16,0.15,3.83,0.00,0.38,0.00,1.00,0.00,0.00,0.55,0.77,0.0012,0.0038,     0,0,0,0.09,99.91,0.00,N/A,0.07,0.18,210.23,0.38,9.47,0.00,0.01,
2024-03-18,16:02:48.010,0.10,1.46,0.07,1.00,0.67,0.91,0.24,0.80,0.0019,0.0026,0.18,0.15,-2147483648,0.00,0.00,350.97,240.25,210.01,1.46,36.52,0.10,2.58,56.93,0.17,137.60,7.07,92.93,0.00,100.00,0.00,0.00,0.00,0.00,-nan,0.25,0.08,1.39,0.06,1.00,0.25,0.36,0.29,0.80,0.0018,0.0025,     0,0,0,0.07,0.05,-2147483648,0.00,0.00,N/A,141.01,101.60,210.01,1.39,34.70,0.08,2.06,0.12,1.51,0.08,1.00,0.42,0.55,0.20,0.80,0.0020,0.0026,     0,0,0,0.11,0.10,-2147483648,0.00,0.00,N/A,209.95,138.65,210.01,1.51,37.86,0.12,3.11,20.65,19.50, 16%, 15%,8.56,8.22,  6%,  6%,40.49,37.41, 32%, 30%,29.74,29.95, 23%, 23%,5.93,94.07,0.00,100.00,0.00,0.00,8.23,91.77,0.00,100.00,0.00,0.00,0.00,0.00,0.00 ,0.00 ,-nan ,-nan ,0.26,0.24,0.02,0.24,0.07,1.00,0.01,0.01,0.43,0.78,0.0018,0.0035,     0,0,0,7.12,92.88,0.00,N/A,3.63,14.95,210.01,0.24,6.08,0.02,0.43,0.11,1.44,0.08,1.00,0.04,0.06,0.22,0.81,0.0019,0.0026,     0,0,0,7.56,92.44,0.00,N/A,22.59,15.66,210.01,1.44,36.08,0.11,2.73,0.10,1.26,0.08,1.00,0.06,0.08,0.23,0.74,0.0027,0.0036,     0,0,0,8.12,91.88,0.00,N/A,21.28,16.82,210.01,1.26,31.62,0.10,2.57,0.20,1.82,0.11,1.00,0.07,0.10,0.33,0.82,0.0016,0.0024,     0,0,0,10.90,89.10,0.00,N/A,41.70,22.89,210.01,1.82,45.55,0.20,4.96,0.00,0.37,0.00,1.00,0.00,0.00,0.67,0.64,0.0010,0.0054,     0,0,0,0.12,99.88,0.00,N/A,0.10,0.26,210.01,0.37,9.24,0.00,0.01,0.20,1.82,0.11,1.00,0.07,0.10,0.29,0.82,0.0017,0.0024,     0,0,0,10.90,89.10,0.00,N/A,41.68,22.88,210.01,1.82,45.55,0.20,4.96,0.02,1.11,0.01,1.00,0.00,0.01,0.57,0.75,0.0006,0.0016,     0,0,0,1.46,98.54,0.00,N/A,3.69,3.31,210.01,1.11,27.86,0.02,0.41,0.03,1.31,0.02,1.00,0.00,0.01,0.16,0.87,0.0007,0.0010,     0,0,0,2.08,97.92,0.00,N/A,6.34,4.83,210.01,1.31,32.83,0.03,0.68,0.02,0.28,0.08,1.00,0.01,0.02,0.54,0.77,0.0017,0.0038,     0,0,0,7.74,92.26,0.00,N/A,4.60,16.25,210.01,0.28,7.08,0.02,0.55,0.09,1.56,0.06,1.00,0.04,0.05,0.19,0.83,0.0020,0.0026,     0,0,0,6.01,93.99,0.00,N/A,19.94,12.78,210.01,1.56,39.00,0.09,2.34,0.18,1.63,0.11,1.00,0.09,0.11,0.20,0.80,0.0023,0.0030,     0,0,0,10.90,89.10,0.00,N/A,37.26,22.89,210.01,1.63,40.69,0.18,4.44,0.18,1.66,0.11,1.00,0.09,0.11,0.19,0.80,0.0023,0.0029,     0,0,0,10.89,89.11,0.00,N/A,38.03,22.88,210.01,1.66,41.56,0.18,4.53,0.09,1.56,0.06,1.00,0.04,0.05,0.17,0.80,0.0021,0.0027,     0,0,0,5.87,94.13,0.00,N/A,19.47,12.50,210.01,1.56,38.94,0.09,2.29,0.20,1.84,0.11,1.00,0.08,0.10,0.20,0.80,0.0019,0.0025,     0,0,0,10.90,89.10,0.00,N/A,42.20,22.88,210.01,1.84,46.11,0.20,5.02,0.22,1.81,0.12,1.00,0.08,0.10,0.19,0.80,0.0018,0.0023,     0,0,0,11.87,88.13,0.00,N/A,45.16,24.93,210.01,1.81,45.29,0.22,5.38,0.02,0.93,0.02,1.00,0.00,0.00,0.17,0.84,0.0009,0.0012,     0,0,0,1.69,98.31,0.00,N/A,3.29,3.55,210.01,0.93,23.16,0.02,0.39,
2024-03-18,16:02:48.105,0.09,1.32,0.07,1.00,0.79,,,0.,0.23,0.81,0.0025,0.0034,0.23,0.20,-2147483648,0.00,0.00,312.49,236.74,212.00,1.32,33.00,0.09,2.29,29.74,0.07,95.95,6.95,93.05,0.00,100.00,0.00,0.00,0.00,0.00,-nan,0.24,0.07,1.33,0.05,1.00,0.16,0.26,0.37,0.83,0.0015,0.0024,     0,0,0,0.05,0.04,-2147483648,0.00,0.00,N/A,109.94,82.52,212.00,1.33,33.31,0.07,1.64,0.12,1.31,0.09,1.00,0.63,0.80,0.18,0.81,0.0031,0.0039,     0,0,0,0.17,0.15,-2147483648,0.00,0.00,N/A,202.56,154.22,212.00,1.31,32.84,0.12,2.92,8.87,9.24,  7%,  7%,5.95,5.68,  4%,  4%,25.40,27.11, 20%, 21%,21.63,21.80, 17%, 17%,4.94,95.06,0.00,100.00,0.00,0.00,8.89,91.11,0.00,100.00,0.00,0.00,0.00,0.00,0.00 ,0.00 ,-nan ,-nan ,0.24,0.25,0.01,0.20,0.06,1.00,0.00,0.01,0.19,0.88,0.0018,0.0023,     0,0,0,5.97,94.03,0.00,N/A,2.49,12.67,212.00,0.20,4.92,0.01,0.29,0.00,0.40,0.00,1.00,0.00,0.00,0.46,0.57,0.0025,0.0067,     0,0,0,0.27,99.73,0.00,N/A,0.23,0.58,212.00,0.40,9.92,0.00,0.03,0.03,1.03,0.03,1.00,0.00,0.00,0.49,0.86,0.0003,0.0007,     0,0,0,3.02,96.98,0.00,N/A,6.57,6.40,212.00,1.03,25.65,0.03,0.77,0.20,1.72,0.11,1.00,0.07,0.12,0.39,0.82,0.0017,0.0027,     0,0,0,11.43,88.57,0.00,N/A,42.93,24.96,212.00,1.72,43.00,0.20,4.91,0.04,1.16,0.03,1.00,0.00,0.01,0.33,0.91,0.0006,0.0012,     0,0,0,3.12,96.88,0.00,N/A,7.69,6.61,212.00,1.16,29.09,0.04,0.91,0.20,1.72,0.11,1.00,0.08,0.12,0.35,0.82,0.0018,0.0028,     0,0,0,11.42,88.58,0.00,N/A,42.80,24.95,212.00,1.72,42.89,0.20,4.90,0.01,0.92,0.01,1.00,0.00,0.00,0.45,0.84,0.0007,0.0014,     0,0,0,1.31,98.69,0.00,N/A,2.36,2.56,212.00,0.92,23.03,0.01,0.30,0.03,1.28,0.02,1.00,0.00,0.01,0.40,0.76,0.0006,0.0010,     0,0,0,1.99,98.01,0.00,N/A,4.87,3.79,212.00,1.28,32.09,0.03,0.64,0.01,0.19,0.06,1.00,0.00,0.01,0.43,0.83,0.0018,0.0032,     0,0,0,6.08,93.92,0.00,N/A,2.41,12.89,212.00,0.19,4.67,0.01,0.28,0.14,1.35,0.10,1.00,0.10,0.13,0.19,0.81,0.0033,0.0042,     0,0,0,10.47,89.53,0.00,N/A,30.97,22.87,212.00,1.35,33.86,0.14,3.55,0.14,1.38,0.10,1.00,0.10,0.13,0.18,0.80,0.0033,0.0042,     0,0,0,10.50,89.50,0.00,N/A,31.54,22.93,212.00,1.38,34.39,0.14,3.61,0.17,1.47,0.11,1.00,0.11,0.14,0.18,0.80,0.0030,0.0039,     0,0,0,11.41,88.59,0.00,N/A,36.55,24.93,212.00,1.47,36.65,0.17,4.18,0.15,1.39,0.10,1.00,0.10,0.13,0.17,0.81,0.0032,0.0040,     0,0,0,10.47,89.53,0.00,N/A,31.73,22.87,212.00,1.39,34.68,0.15,3.63,0.17,1.64,0.10,1.00,0.10,0.12,0.18,0.80,0.0026,0.0033,     0,0,0,10.47,89.53,0.00,N/A,37.43,22.86,212.00,1.64,40.93,0.17,4.28,0.14,1.31,0.10,1.00,0.11,0.13,0.15,0.81,0.0036,0.0044,     0,0,0,10.47,89.53,0.00,N/A,29.86,22.86,212.00,1.31,32.66,0.14,3.42,0.01,1.03,0.01,1.00,0.00,0.00,0.54,0.87,0.0007,0.0015,     0,0,0,0.94,99.06,0.00,N/A,2.05,2.00,212.00,1.03,25.68,0.01,0.24,
2024-03-18,16:02:48.206,0.10,1.51,0.06,1.00,0.66,0.91,0.25,0.81,0.0020,0.0028,0.14,0.12,-2147483648,0.00,0.00,325.60,215.49,210.27,1.51,37.78,0.10,2.41,26.75,0.10,65.18,6.38,93.62,0.00,100.00,0.00,0.00,0.00,0.00,-nan,0.24,0.06,1.54,0.04,1.00,0.10,0.19,0.50,0.83,0.0010,0.0021,     0,0,0,0.03,0.04,-2147483648,0.00,0.00,N/A,93.49,60.87,210.27,1.54,38.39,0.06,1.39,0.14,1.50,0.09,1.00,0.57,0.72,0.18,0.80,0.0024,0.0031,     0,0,0,0.10,0.09,-2147483648,0.00,0.00,N/A,232.11,154.61,210.27,1.50,37.53,0.14,3.43,6.31,6.55,  5%,  5%,7.08,6.80,  5%,  5%,14.56,15.57, 11%, 12%,17.52,17.52, 14%, 14%,3.61,96.39,0.00,100.00,0.00,0.00,9.13,90.87,0.00,100.00,0.00,0.00,0.00,0.00,0.00 ,0.00 ,-nan ,-nan ,0.24,0.25,0.01,0.20,0.06,1.00,0.00,0.01,0.14,0.89,0.0017,0.0021,     0,0,0,5.80,94.20,0.00,N/A,2.42,12.19,210.27,0.20,4.96,0.01,0.29,0.00,0.35,0.00,1.00,0.00,0.00,0.43,0.79,0.0017,0.0036,     0,0,0,0.10,99.90,0.00,N/A,0.07,0.20,210.27,0.35,8.76,0.00,0.01,0.00,0.65,0.01,1.00,0.00,0.00,0.32,0.74,0.0012,0.0020,     0,0,0,0.51,99.49,0.00,N/A,0.70,1.07,210.27,0.65,16.35,0.00,0.08,0.21,1.96,0.11,1.00,0.04,0.09,0.53,0.83,0.0010,0.0021,     0,0,0,10.79,89.21,0.00,N/A,44.84,22.88,210.27,1.96,48.99,0.21,5.28,0.00,0.83,0.00,1.00,0.00,0.00,0.12,0.66,0.0020,0.0025,     0,0,0,0.45,99.55,0.00,N/A,0.79,0.95,210.27,0.83,20.82,0.00,0.09,0.21,1.94,0.11,1.00,0.05,0.09,0.51,0.82,0.0010,0.0021,     0,0,0,10.78,89.22,0.00,N/A,44.44,22.87,210.27,1.94,48.58,0.21,5.24,0.00,0.30,0.00,1.00,0.00,0.00,0.39,0.73,0.0016,0.0032,     0,0,0,0.26,99.74,0.00,N/A,0.16,0.54,210.27,0.30,7.48,0.00,0.02,0.00,0.42,0.00,1.00,0.00,0.00,0.67,0.79,0.0006,0.0032,     0,0,0,0.09,99.91,0.00,N/A,0.08,0.18,210.27,0.42,10.62,0.00,0.01,0.01,0.21,0.06,1.00,0.00,0.01,0.45,0.82,0.0018,0.0032,     0,0,0,6.03,93.97,0.00,N/A,2.69,12.68,210.27,0.21,5.30,0.01,0.32,0.16,1.51,0.11,1.00,0.10,0.12,0.18,0.81,0.0028,0.0035,     0,0,0,10.82,89.18,0.00,N/A,34.58,22.95,210.27,1.51,37.68,0.16,4.08,0.19,1.64,0.12,1.00,0.09,0.12,0.19,0.80,0.0023,0.0029,     0,0,0,11.75,88.25,0.00,N/A,40.95,24.92,210.27,1.64,41.08,0.19,4.83,0.19,1.74,0.11,1.00,0.09,0.11,0.19,0.80,0.0022,0.0028,     0,0,0,10.79,89.21,0.00,N/A,39.86,22.89,210.27,1.74,43.54,0.19,4.70,0.17,1.56,0.11,1.00,0.09,0.12,0.17,0.81,0.0026,0.0033,     0,0,0,10.81,89.19,0.00,N/A,35.85,22.93,210.27,1.56,39.09,0.17,4.23,0.21,1.76,0.12,1.00,0.09,0.12,0.17,0.79,0.0021,0.0027,     0,0,0,11.76,88.24,0.00,N/A,43.97,24.95,210.27,1.76,44.06,0.21,5.18,0.16,1.48,0.11,1.00,0.10,0.13,0.15,0.81,0.0030,0.0037,     0,0,0,10.78,89.22,0.00,N/A,33.95,22.87,210.27,1.48,37.11,0.16,4.00,0.00,0.58,0.00,1.00,0.00,0.00,0.27,0.73,0.0018,0.0035,     0,0,0,0.21,99.79,0.00,N/A,0.25,0.43,210.27,0.58,14.62,0.00,0.03,
2024-03-18,16:02:48.307,0.09,1.39,0.07,1.00,0.74,1.00,0.24,0.81,0.0023,0.0032,0.20,0.17,-2147483648,0.00,0.00,318.01,228.45,209.84,1.39,34.80,0.09,2.36,32.10,0.09,75.39,6.77,93.23,0.00,100.00,0.00,0.00,0.00,0.00,-nan,0.25,0.05,1.30,0.04,1.00,0.15,0.25,0.41,0.82,0.0016,0.0028,     0,0,0,0.04,0.04,-2147483648,0.00,0.00,N/A,92.17,71.15,209.84,1.30,32.39,0.05,1.37,0.13,1.44,0.09,1.00,0.59,0.75,0.18,0.80,0.0026,0.0033,     0,0,0,0.16,0.14,-2147483648,0.00,0.00,N/A,225.83,157.30,209.84,1.44,35.89,0.13,3.34,7.68,7.64,  6%,  6%,8.56,8.22,  6%,  6%,18.02,17.70, 14%, 14%,19.75,19.91, 15%, 16%,4.23,95.77,0.00,100.00,0.00,0.00,9.30,90.70,0.00,100.00,0.00,0.00,0.00,0.00,0.00 ,0.00 ,-nan ,-nan ,0.26,0.24,0.01,0.20,0.06,1.00,0.00,0.01,0.20,0.88,0.0018,0.0022,     0,0,0,5.78,94.22,0.00,N/A,2.41,12.13,209.84,0.20,4.98,0.01,0.29,0.00,0.39,0.00,1.00,0.00,0.00,0.47,0.61,0.0021,0.0070,     0,0,0,0.28,99.72,0.00,N/A,0.23,0.59,209.84,0.39,9.67,0.00,0.03,0.01,1.17,0.01,1.00,0.00,0.00,0.49,0.62,0.0002,0.0008,     0,0,0,0.57,99.43,0.00,N/A,1.41,1.20,209.84,1.17,29.26,0.01,0.17,0.18,1.66,0.11,1.00,0.06,0.11,0.44,0.82,0.0017,0.0030,     0,0,0,10.79,89.21,0.00,N/A,37.96,22.88,209.84,1.66,41.47,0.18,4.47,0.03,1.37,0.02,1.00,0.01,0.01,0.16,0.83,0.0008,0.0010,     0,0,0,2.21,97.79,0.00,N/A,6.36,4.64,209.84,1.37,34.22,0.03,0.76,0.18,1.65,0.11,1.00,0.07,0.11,0.42,0.82,0.0017,0.0030,     0,0,0,10.78,89.22,0.00,N/A,37.79,22.85,209.84,1.65,41.34,0.18,4.45,0.03,0.89,0.03,1.00,0.01,0.01,0.21,0.59,0.0016,0.0021,     0,0,0,3.20,96.80,0.00,N/A,5.97,6.71,209.84,0.89,22.25,0.03,0.71,0.00,0.38,0.00,1.00,0.00,0.00,0.80,0.83,0.0004,0.0025,     0,0,0,0.07,99.93,0.00,N/A,0.05,0.14,209.84,0.38,9.62,0.00,0.01,0.01,0.21,0.06,1.00,0.00,0.01,0.51,0.81,0.0017,0.0034,     0,0,0,6.32,93.68,0.00,N/A,2.83,13.26,209.84,0.21,5.34,0.01,0.34,0.17,1.45,0.12,1.00,0.11,0.13,0.18,0.81,0.0029,0.0037,     0,0,0,11.74,88.26,0.00,N/A,36.06,24.89,209.84,1.45,36.22,0.17,4.25,0.16,1.50,0.11,1.00,0.09,0.12,0.18,0.80,0.0027,0.0034,     0,0,0,10.79,89.21,0.00,N/A,34.33,22.87,209.84,1.50,37.52,0.16,4.05,0.17,1.59,0.11,1.00,0.10,0.12,0.18,0.80,0.0027,0.0034,     0,0,0,10.79,89.21,0.00,N/A,36.43,22.88,209.84,1.59,39.81,0.17,4.29,0.18,1.53,0.12,1.00,0.10,0.13,0.17,0.80,0.0027,0.0034,     0,0,0,11.74,88.26,0.00,N/A,38.05,24.90,209.84,1.53,38.20,0.18,4.49,0.20,1.82,0.11,1.00,0.08,0.10,0.18,0.80,0.0019,0.0024,     0,0,0,10.78,89.22,0.00,N/A,41.64,22.86,209.84,1.82,45.55,0.20,4.91,0.17,1.45,0.12,1.00,0.11,0.13,0.15,0.81,0.0030,0.0037,     0,0,0,11.76,88.24,0.00,N/A,36.04,24.94,209.84,1.45,36.13,0.17,4.25,0.00,0.65,0.00,1.00,0.00,0.00,0.31,0.73,0.0021,0.0034,     0,0,0,0.33,99.67,0.00,N/A,0.45,0.70,209.84,0.65,16.17,0.00,0.05,
2024-03-18,16:02:48.408,0.08,1.32,0.06,1.00,0.75,1.04,0.26,0.81,0.0026,0.0037,0.16,0.14,-2147483648,0.00,0.00,285.00,215.15,209.93,1.32,33.12,0.08,2.11,35.56,0.12,68,1,06.37,93.63,0.00,100.00,0.00,0.00,0.00,0.00,-nan,0.24,0.05,1.33,0.04,1.00,0.12,0.24,0.52,0.82,0.0014,0.0030,     0,0,0,0.05,0.05,-2147483648,0.00,0.00,N/A,82.79,62.35,209.93,1.33,33.19,0.05,1.23,0.12,1.32,0.09,1.00,0.63,0.80,0.18,0.80,0.0031,0.0040,     0,0,0,0.11,0.09,-2147483648,0.00,0.00,N/A,202.21,152.80,209.93,1.32,33.08,0.12,2.99,7.30,7.78,  5%,  6%,10.41,10.07,  8%,  8%,17.91,18.08, 14%, 14%,16.38,16.41, 13%, 13%,3.70,96.30,0.00,100.00,0.00,0.00,9.03,90.97,0.00,100.00,0.00,0.00,0.00,0.00,0.00 ,0.00 ,-nan ,-nan ,0.24,0.25,0.01,0.22,0.06,1.00,0.01,0.01,0.23,0.83,0.0020,0.0030,     0,0,0,6.46,93.54,0.00,N/A,2.96,13.56,209.93,0.22,5.46,0.01,0.35,0.02,1.55,0.01,1.00,0.01,0.01,0.50,0.82,0.0011,0.0023,     0,0,0,1.42,98.58,0.00,N/A,4.98,3.21,209.93,1.55,38.82,0.02,0.55,0.00,0.43,0.00,1.00,0.00,0.00,0.81,0.83,0.0003,0.0022,     0,0,0,0.06,99.94,0.00,N/A,0.05,0.13,209.93,0.43,10.85,0.00,0.01,0.18,1.69,0.11,1.00,0.05,0.10,0.54,0.82,0.0014,0.0030,     0,0,0,10.58,89.42,0.00,N/A,35.12,20.80,209.93,1.69,42.21,0.18,4.46,0.00,0.88,0.00,1.00,0.00,0.00,0.37,0.63,0.0007,0.0017,     0,0,0,0.30,99.70,0.00,N/A,0.55,0.62,209.93,0.88,21.96,0.00,0.06,0.18,1.68,0.11,1.00,0.06,0.12,0.52,0.82,0.0014,0.0030,     0,0,0,10.79,89.21,0.00,N/A,38.45,22.88,209.93,1.68,42.02,0.18,4.53,0.00,0.39,0.00,1.00,0.00,0.00,0.84,0.84,0.0003,0.0023,     0,0,0,0.06,99.94,0.00,N/A,0.05,0.12,209.93,0.39,9.75,0.00,0.01,0.00,0.61,0.00,1.00,0.00,0.00,0.46,0.60,0.0015,0.0045,     0,0,0,0.50,99.50,0.00,N/A,0.63,1.04,209.93,0.61,15.20,0.00,0.08,0.01,0.19,0.06,1.00,0.01,0.01,0.35,0.82,0.0021,0.0034,     0,0,0,6.36,93.64,0.00,N/A,2.54,13.35,209.93,0.19,4.76,0.01,0.30,0.14,1.33,0.11,1.00,0.11,0.14,0.19,0.81,0.0035,0.0045,     0,0,0,10.79,89.21,0.00,N/A,30.39,22.88,209.93,1.33,33.20,0.14,3.58,0.15,1.40,0.11,1.00,0.10,0.13,0.18,0.80,0.0032,0.0041,     0,0,0,10.78,89.22,0.00,N/A,31.92,22.86,209.93,1.40,34.90,0.15,3.76,0.18,1.57,0.12,1.00,0.10,0.13,0.19,0.80,0.0026,0.0033,     0,0,0,11.76,88.24,0.00,N/A,39.08,24.95,209.93,1.57,39.16,0.18,4.61,0.15,1.37,0.11,1.00,0.10,0.13,0.17,0.80,0.0033,0.0042,     0,0,0,10.78,89.22,0.00,N/A,31.38,22.86,209.93,1.37,34.32,0.15,3.70,0.17,1.62,0.11,1.00,0.10,0.12,0.18,0.80,0.0026,0.0033,     0,0,0,10.78,89.22,0.00,N/A,37.10,22.87,209.93,1.62,40.56,0.17,4.37,0.14,1.30,0.11,1.00,0.11,0.14,0.15,0.81,0.0038,0.0046,     0,0,0,10.78,89.22,0.00,N/A,29.75,22.86,209.93,1.30,32.53,0.14,3.51,0.00,0.33,0.00,1.00,0.00,0.00,0.52,0.72,0.0015,0.0046,     0,0,0,0.08,99.92,0.00,N/A,0.06,0.17,209.93,0.33,8.36,0.00,0.01,
2024-03-18,16:02:48.502,0.08,1.37,0.06,1.00,0.65,0.93,0.27,0.81,0.0024,0.0034,0.20,0.18,-2147483648,0.00,0.00,276.47,202.42,210.30,1.37,34.15,0.08,2.12,28.98,0.08,79.43,6.21,93.79,0.00,100.00,0.00,0.00,0.00,0.00,-nan,0.26,0.05,1.35,0.04,1.00,0.12,0.24,0.52,0.82,0.0014,0.0029,     0,0,0,0.03,0.03,-2147483648,0.00,0.00,N/A,83.24,61.69,210.30,1.35,33.73,0.05,1.26,0.12,1.37,0.09,1.00,0.54,0.68,0.18,0.80,0.0028,0.0035,     0,0,0,0.16,0.15,-2147483648,0.00,0.00,N/A,193.23,140.73,210.30,1.37,34.33,0.12,3.01,7.15,7.23,  6%,  6%,7.45,7.15,  6%,  5%,17.13,17.43, 14%, 14%,22.36,22.51, 18%, 18%,3.72,96.28,0.00,100.00,0.00,0.00,8.77,91.23,0.00,100.00,0.00,0.00,0.00,0.00,0.00 ,0.00 ,-nan ,-nan ,0.26,0.26,0.01,0.20,0.06,1.00,0.00,0.01,0.15,0.89,0.0018,0.0022,     0,0,0,5.75,94.25,0.00,N/A,2.41,12.09,210.30,0.20,4.98,0.01,0.29,0.20,1.70,0.12,1.00,0.05,0.12,0.55,0.82,0.0013,0.0030,     0,0,0,11.60,88.40,0.00,N/A,38.95,22.90,210.30,1.70,42.52,0.20,4.93,0.01,1.49,0.01,1.00,0.00,0.00,0.54,0.76,0.0001,0.0003,     0,0,0,0.66,99.34,0.00,N/A,2.07,1.39,210.30,1.49,37.17,0.01,0.25,0.00,0.77,0.00,1.00,0.00,0.00,0.65,0.55,0.0006,0.0026,     0,0,0,0.42,99.58,0.00,N/A,0.68,0.88,210.30,0.77,19.16,0.00,0.08,0.00,0.39,0.01,1.00,0.00,0.00,0.42,0.66,0.0027,0.0059,     0,0,0,0.60,99.40,0.00,N/A,0.49,1.27,210.30,0.39,9.75,0.00,0.06,0.20,1.68,0.12,1.00,0.06,0.12,0.51,0.81,0.0015,0.0030,     0,0,0,11.59,88.41,0.00,N/A,38.52,22.88,210.30,1.68,42.09,0.20,4.88,0.00,0.41,0.00,1.00,0.00,0.00,0.85,0.76,0.0004,0.0041,     0,0,0,0.07,99.93,0.00,N/A,0.06,0.15,210.30,0.41,10.18,0.00,0.01,0.00,0.42,0.00,1.00,0.00,0.00,0.90,0.85,0.0002,0.0022,     0,0,0,0.06,99.94,0.00,N/A,0.06,0.13,210.30,0.42,10.41,0.00,0.01,0.01,0.19,0.06,1.00,0.00,0.01,0.36,0.85,0.0018,0.0029,     0,0,0,5.90,94.10,0.00,N/A,2.39,12.40,210.30,0.19,4.81,0.01,0.28,0.15,1.39,0.11,1.00,0.09,0.12,0.19,0.80,0.0031,0.0040,     0,0,0,10.54,89.46,0.00,N/A,28.96,20.80,210.30,1.39,34.80,0.15,3.67,0.17,1.47,0.12,1.00,0.10,0.12,0.17,0.80,0.0029,0.0036,     0,0,0,11.59,88.41,0.00,N/A,33.59,22.88,210.30,1.47,36.70,0.17,4.26,0.15,1.46,0.11,1.00,0.09,0.12,0.19,0.80,0.0031,0.0039,     0,0,0,10.53,89.47,0.00,N/A,30.40,20.79,210.30,1.46,36.56,0.15,3.85,0.15,1.43,0.11,1.00,0.09,0.11,0.19,0.80,0.0029,0.0037,     0,0,0,10.54,89.46,0.00,N/A,29.69,20.80,210.30,1.43,35.68,0.15,3.76,0.20,1.90,0.11,1.00,0.07,0.09,0.18,0.80,0.0017,0.0022,     0,0,0,10.54,89.46,0.00,N/A,39.57,20.81,210.30,1.90,47.52,0.20,5.01,0.14,1.31,0.11,1.00,0.10,0.12,0.16,0.81,0.0035,0.0044,     0,0,0,10.53,89.47,0.00,N/A,27.14,20.79,210.30,1.31,32.63,0.14,3.44,0.01,1.04,0.01,1.00,0.00,0.00,0.12,0.59,0.0008,0.0012,     0,0,0,0.69,99.31,0.00,N/A,1.50,1.45,210.30,1.04,25.90,0.01,0.18,
2024-03-18,16:02:48.602,0.10,1.49,0.06,1.00,0.65,0.91,0.26,0.81,0.0020,0.0028,0.15,0.13,-2147483648,0.00,0.00,325.42,218.27,211.70,1.49,37.27,0.10,2.41,26.79,0.10,77.36,6.47,93.53,0.00,100.00,0.00,0.00,0.00,0.00,-nan,0.25,0.06,1.52,0.04,1.00,0.11,0.22,0.49,0.81,0.0011,0.0022,     0,0,0,0.05,0.05,-2147483648,0.00,0.00,N/A,99.26,65.31,211.70,1.52,38.00,0.06,1.47,0.13,1.48,0.09,1.00,0.54,0.69,0.18,0.80,0.0024,0.0030,     0,0,0,0.10,0.08,-2147483648,0.00,0.00,N/A,226.15,152.96,211.70,1.48,36.96,0.13,3.36,6.68,6.62,  5%,  5%,6.88,6.62,  5%,  5%,16.16,13.97, 13%, 11%,23.53,23.70, 18%, 19%,3.86,96.14,0.00,100.00,0.00,0.00,9.09,90.91,0.00,100.00,0.00,0.00,0.00,0.00,0.00 ,0.00 ,-nan ,-nan ,0.24,0.26,0.02,0.28,0.07,1.00,0.01,0.01,0.23,0.84,0.0015,0.0021,     0,0,0,6.69,93.31,0.00,N/A,4.00,14.17,211.70,0.28,7.05,0.02,0.47,0.22,2.01,0.11,1.00,0.04,0.10,0.53,0.82,0.0010,0.0021,     0,0,0,10.90,89.10,0.00,N/A,46.01,22.89,211.70,2.01,50.24,0.22,5.48,0.01,0.87,0.02,1.00,0.01,0.02,0.20,0.78,0.0044,0.0059,     0,0,0,1.50,98.50,0.00,N/A,2.77,3.19,211.70,0.87,21.71,0.01,0.33,0.00,0.38,0.00,1.00,0.00,0.00,0.89,0.69,0.0003,0.0045,     0,0,0,0.10,99.90,0.00,N/A,0.08,0.22,211.70,0.38,9.43,0.00,0.01,0.00,0.29,0.00,1.00,0.00,0.00,0.39,0.58,0.0035,0.0071,     0,0,0,0.25,99.75,0.00,N/A,0.15,0.52,211.70,0.29,7.29,0.00,0.02,0.22,2.00,0.11,1.00,0.05,0.09,0.51,0.82,0.0010,0.0021,     0,0,0,10.90,89.10,0.00,N/A,45.71,22.89,211.70,2.00,49.93,0.22,5.44,0.00,0.37,0.00,1.00,0.00,0.00,0.67,0.68,0.0016,0.0062,     0,0,0,0.25,99.75,0.00,N/A,0.20,0.54,211.70,0.37,9.29,0.00,0.02,0.00,0.39,0.00,1.00,0.00,0.00,0.36,0.53,0.0034,0.0076,     0,0,0,0.42,99.58,0.00,N/A,0.35,0.90,211.70,0.39,9.64,0.00,0.04,0.02,0.27,0.07,1.00,0.01,0.01,0.43,0.79,0.0015,0.0028,     0,0,0,6.73,93.27,0.00,N/A,3.80,14.25,211.70,0.27,6.66,0.02,0.45,0.15,1.50,0.10,1.00,0.09,0.11,0.18,0.81,0.0028,0.0036,     0,0,0,9.94,90.06,0.00,N/A,31.22,20.80,211.70,1.50,37.52,0.15,3.73,0.19,1.74,0.11,1.00,0.08,0.10,0.20,0.80,0.0020,0.0026,     0,0,0,10.90,89.10,0.00,N/A,39.94,22.89,211.70,1.74,43.62,0.19,4.75,0.18,1.64,0.11,1.00,0.09,0.11,0.18,0.80,0.0023,0.0030,     0,0,0,10.89,89.11,0.00,N/A,37.52,22.87,211.70,1.64,41.01,0.18,4.47,0.17,1.57,0.11,1.00,0.09,0.12,0.17,0.81,0.0025,0.0032,     0,0,0,10.91,89.09,0.00,N/A,35.94,22.91,211.70,1.57,39.22,0.17,4.28,0.21,1.79,0.12,1.00,0.09,0.11,0.19,0.80,0.0020,0.0026,     0,0,0,11.87,88.13,0.00,N/A,44.60,24.92,211.70,1.79,44.73,0.21,5.31,0.16,1.43,0.11,1.00,0.10,0.12,0.15,0.80,0.0030,0.0036,     0,0,0,10.89,89.11,0.00,N/A,32.71,22.87,211.70,1.43,35.76,0.16,3.89,0.00,0.30,0.01,1.00,0.00,0.00,0.13,0.52,0.0046,0.0071,     0,0,0,0.68,99.32,0.00,N/A,0.43,1.45,211.70,0.30,7.51,0.00,0.05,
2024-03-18,16:02:48.703,0.09,1.42,0.06,1.00,0.69,0.96,0.25,0.81,0.0022,0.0031,0.17,0.17,-2147483648,0.00,0.00,308.08,217.43,210.16,1.42,35.42,0.09,2.28,60.79,0.18,139.89,6.44,93.56,0.00,100.00,0.00,0.00,0.00,0.00,-nan,0.25,0.07,1.36,0.05,1.00,0.22,0.34,0.34,0.81,0.0020,0.0030,     0,0,0,0,N/A,112.69,83.53,210.53,1.35,33.73,0.07,1.67,0.11,1.43,0.08,1.00,0.46,0.60,0.21,0.80,0.0025,0.0033,     0,0,0,0.13,0.13,-2147483648,0.00,0.00,N/A,184.75,129.01,210.53,1.43,35.80,0.11,2.74,20.56,20.65, 16%, 16%,16.45,16.12,  9%,  9%,40.96,40.20, 32%, 32%,44.05,44.54, 26%, 27%,4.96,95.04,0.00,100.00,0.00,0.00,7.66,92.34,0.00,100.00,0.00,0.00,0.00,0.00,0.00 ,0.00 ,-nan ,-nan ,0.24,0.26,0.01,0.20,0.06,1.00,0.00,0.01,0.15,0.89,0.0018,0.0022,     0,0,0,5.91,94.09,0.00,N/A,2.43,12.43,210.53,0.20,4.88,0.01,0.29,0.20,1.80,0.11,1.00,0.06,0.11,0.38,0.82,0.0016,0.0026,     0,0,0,10.86,89.14,0.00,N/A,41.19,22.86,210.53,1.80,45.04,0.20,4.89,0.13,1.15,0.11,1.00,0.08,0.12,0.27,0.82,0.0031,0.0044,     0,0,0,10.86,89.14,0.00,N/A,26.38,22.86,210.53,1.15,28.85,0.13,3.13,0.01,1.15,0.01,1.00,0.00,0.00,0.42,0.62,0.0003,0.0008,     0,0,0,0.59,99.41,0.00,N/A,1.42,1.23,210.53,1.15,28.77,0.01,0.17,0.00,0.38,0.00,1.00,0.00,0.00,0.50,0.65,0.0012,0.0050,     0,0,0,0.21,99.79,0.00,N/A,0.17,0.44,210.53,0.38,9.59,0.00,0.02,0.19,1.78,0.11,1.00,0.07,0.10,0.32,0.82,0.0017,0.0026,     0,0,0,10.86,89.14,0.00,N/A,40.71,22.87,210.53,1.78,44.50,0.19,4.83,0.00,0.49,0.00,1.00,0.00,0.00,0.62,0.76,0.0006,0.0030,     0,0,0,0.22,99.78,0.00,N/A,0.23,0.46,210.53,0.49,12.22,0.00,0.03,0.00,0.45,0.00,1.00,0.00,0.00,0.54,0.70,0.0011,0.0046,     0,0,0,0.17,99.83,0.00,N/A,0.16,0.36,210.53,0.45,11.30,0.00,0.02,0.01,0.19,0.06,1.00,0.00,0.01,0.26,0.86,0.0019,0.0027,     0,0,0,6.07,93.93,0.00,N/A,2.44,12.78,210.53,0.19,4.78,0.01,0.29,0.00,0.36,0.00,1.00,0.00,0.00,0.45,0.81,0.0012,0.0026,     0,0,0,0.07,99.93,0.00,N/A,0.05,0.14,210.53,0.36,8.89,0.00,0.01,0.17,1.57,0.11,1.00,0.09,0.12,0.19,0.80,0.0025,0.0032,     0,0,0,10.86,89.14,0.00,N/A,35.86,22.87,210.53,1.57,39.20,0.17,4.26,0.18,1.64,0.11,1.00,0.09,0.12,0.21,0.80,0.0024,0.0032,     0,0,0,10.86,89.14,0.00,N/A,37.54,22.87,210.53,1.64,41.03,0.18,4.46,0.15,1.37,0.11,1.00,0.09,0.12,0.23,0.80,0.0028,0.0038,     0,0,0,11.18,88.82,0.00,N/A,32.12,23.53,210.53,1.37,34.13,0.15,3.81,0.20,1.83,0.11,1.00,0.08,0.11,0.22,0.80,0.0020,0.0026,     0,0,0,10.86,89.14,0.00,N/A,41.85,22.87,210.53,1.83,45.74,0.20,4.97,0.16,1.48,0.11,1.00,0.10,0.13,0.19,0.81,0.0029,0.0036,     0,0,0,11.18,88.82,0.00,N/A,34.72,23.53,210.53,1.48,36.88,0.16,4.12,0.00,0.43,0.00,1.00,0.00,0.00,0.17,0.59,0.0033,0.0055,     0,0,0,0.19,99.81,0.00,N/A,0.17,0.40,210.53,0.43,10.64,0.00,0.02,
2024-03-18,16:02:48.792,0.09,1.51,0.06,1.00,0.62,0.85,0.25,0.81,0.0019,0.0027,0.12,0.13,-2147483648,0.00,0.00,319.29,211.33,210.11,1.51,37.77,0.09,2.37,59.79,0.24,139.68,6.29,93.71,0.00,100.00,0.00,0.00,0.00,0.00,-nan,0.25,0.07,1.43,0.05,1.00,0.21,0.32,0.32,0.81,0.0017,0.0026,     0,0,0,0.03,0.03,-2147483648,0.00,0.00,N/A,120.34,84.12,210.11,1.43,35.76,0.07,1.79,0.12,1.56,0.08,1.00,0.41,0.53,0.20,0.80,0.0021,0.0027,     0,0,0,0.09,0.09,-2147483648,0.00,0.00,N/A,198.95,127.21,210.11,1.56,39.10,0.12,2.96,16.95,16.97, 13%, 13%,13.10,12.77,  7%,  7%,38.66,37.90, 30%, 30%,31.41,31.71, 19%, 19%,5.00,95.00,0.00,100.00,0.00,0.00,7.57,92.43,0.00,100.00,0.00,0.00,0.00,0.00,0.00 ,0.00 ,-nan ,-nan ,0.26,0.24,0.01,0.20,0.06,1.00,0.00,0.01,0.16,0.89,0.0018,0.0022,     0,0,0,5.86,94.14,0.00,N/A,2.44,12.31,210.11,0.20,4.96,0.01,0.29,0.21,1.89,0.11,1.00,0.06,0.10,0.34,0.81,0.0015,0.0023,     0,0,0,10.89,89.11,0.00,N/A,43.14,22.88,210.11,1.89,47.14,0.21,5.13,0.14,1.26,0.11,1.00,0.07,0.11,0.33,0.81,0.0025,0.0038,     0,0,0,10.87,89.13,0.00,N/A,28.85,22.85,210.11,1.26,31.57,0.14,3.43,0.00,0.70,0.00,1.00,0.00,0.00,0.69,0.61,0.0007,0.0032,     0,0,0,0.20,99.80,0.00,N/A,0.30,0.43,210.11,0.70,17.38,0.00,0.04,0.01,1.23,0.01,1.00,0.00,0.00,0.35,0.60,0.0003,0.0007,     0,0,0,1.05,98.95,0.00,N/A,2.70,2.20,210.11,1.23,30.70,0.01,0.32,0.20,1.86,0.11,1.00,0.07,0.10,0.30,0.81,0.0016,0.0023,     0,0,0,10.89,89.11,0.00,N/A,42.66,22.88,210.11,1.86,46.61,0.20,5.08,0.00,0.44,0.00,1.00,0.00,0.00,0.84,0.71,0.0004,0.0043,     0,0,0,0.14,99.86,0.00,N/A,0.13,0.29,210.11,0.44,10.98,0.00,0.02,0.00,0.44,0.00,1.00,0.00,0.00,0.68,0.74,0.0005,0.0032,     0,0,0,0.14,99.86,0.00,N/A,0.13,0.29,210.11,0.44,10.95,0.00,0.02,0.01,0.19,0.06,1.00,0.00,0.01,0.23,0.88,0.0017,0.0023,     0,0,0,5.81,94.19,0.00,N/A,2.34,12.20,210.11,0.19,4.79,0.01,0.28,0.00,0.37,0.00,1.00,0.00,0.00,0.37,0.71,0.0017,0.0041,     0,0,0,0.13,99.87,0.00,N/A,0.10,0.27,210.11,0.37,9.13,0.00,0.01,0.18,1.69,0.11,1.00,0.08,0.11,0.22,0.80,0.0021,0.0028,     0,0,0,10.88,89.12,0.00,N/A,38.75,22.86,210.11,1.69,42.37,0.18,4.61,0.19,1.75,0.11,1.00,0.08,0.11,0.21,0.80,0.0021,0.0027,     0,0,0,10.88,89.12,0.00,N/A,40.02,22.86,210.11,1.75,43.77,0.19,4.76,0.17,1.54,0.11,1.00,0.08,0.11,0.19,0.80,0.0024,0.0030,     0,0,0,10.88,89.12,0.00,N/A,35.11,22.86,210.11,1.54,38.39,0.17,4.18,0.21,1.93,0.11,1.00,0.07,0.10,0.21,0.80,0.0016,0.0022,     0,0,0,10.89,89.11,0.00,N/A,44.27,22.88,210.11,1.93,48.37,0.21,5.27,0.18,1.67,0.11,1.00,0.09,0.11,0.19,0.80,0.0022,0.0028,     0,0,0,10.88,89.12,0.00,N/A,38.18,22.87,210.11,1.67,41.74,0.18,4.54,0.00,0.48,0.00,1.00,0.00,0.00,0.19,0.69,0.0026,0.0038,     0,0,0,0.19,99.81,0.00,N/A,0.19,0.40,210.11,0.48,11.99,0.00,0.02,
2024-03-18,16:02:48.891,0.09,1.42,0.06,1.00,0.66,0.91,0.25,0.81,0.0022,0.0030,0.17,0.17,-2147483648,0.00,0.00,300.80,212.34,209.53,1.42,35.41,0.09,2.24,50.73,0.15,124.61,6.33,93.67,0.00,100.00,0.00,0.00,0.00,0.00,-nan,0.25,0.07,1.31,0.05,1.00,0.23,0.34,0.31,0.82,0.0020,0.0031,     0,0,0,0.04,0.05,-2147483648,0.00,0.00,N/A,110.91,84.50,209.53,1.31,32.81,0.07,1.65,0.11,1.49,0.08,1.00,0.44,0.57,0.20,0.80,0.0023,0.0030,     0,0,0,0.12,0.12,-2147483648,0.00,0.00,N/A,189.89,127.85,209.53,1.49,37.13,0.11,2.83,13.46,13.53, 10%, 10%,12.01,11.72,  7%,  7%,32.13,31.62, 25%, 25%,30.24,30.61, 18%, 18%,5.04,94.96,0.00,100.00,0.00,0.00,7.63,92.37,0.00,100.00,0.00,0.00,0.00,0.00,0.00 ,0.00 ,-nan ,-nan ,0.24,0.26,0.01,0.21,0.06,1.00,0.01,0.01,0.24,0.85,0.0019,0.0026,     0,0,0,6.02,93.98,0.00,N/A,2.67,12.61,209.53,0.21,5.29,0.01,0.32,0.19,1.76,0.11,1.00,0.07,0.10,0.34,0.82,0.0017,0.0026,     0,0,0,10.92,89.08,0.00,N/A,40.32,22.87,209.53,1.76,44.07,0.19,4.81,0.13,1.18,0.11,1.00,0.08,0.11,0.31,0.82,0.0028,0.0042,     0,0,0,10.92,89.08,0.00,N/A,27.08,22.89,209.53,1.18,29.58,0.13,3.23,0.00,0.33,0.00,1.00,0.00,0.00,0.22,0.56,0.0035,0.0075,     0,0,0,0.27,99.73,0.00,N/A,0.19,0.57,209.53,0.33,8.16,0.00,0.02,0.00,0.42,0.00,1.00,0.00,0.00,0.45,0.63,0.0025,0.0056,     0,0,0,0.50,99.50,0.00,N/A,0.44,1.04,209.53,0.42,10.56,0.00,0.05,0.19,1.72,0.11,1.00,0.07,0.11,0.29,0.82,0.0019,0.0027,     0,0,0,10.91,89.09,0.00,N/A,39.32,22.86,209.53,1.72,43.00,0.19,4.69,0.00,0.32,0.00,1.00,0.00,0.00,0.44,0.52,0.0038,0.0088,     0,0,0,0.33,99.67,0.00,N/A,0.23,0.69,209.53,0.32,8.11,0.00,0.03,0.00,0.70,0.00,1.00,0.00,0.00,0.24,0.54,0.0017,0.0029,     0,0,0,0.46,99.54,0.00,N/A,0.67,0.96,209.53,0.70,17.39,0.00,0.08,0.01,0.19,0.06,1.00,0.00,0.01,0.27,0.86,0.0019,0.0027,     0,0,0,6.21,93.79,0.00,N/A,2.43,13.01,209.53,0.19,4.67,0.01,0.29,0.00,0.36,0.00,1.00,0.00,0.00,0.58,0.75,0.0011,0.0042,     0,0,0,0.08,99.92,0.00,N/A,0.06,0.16,209.53,0.36,8.91,0.00,0.01,0.17,1.56,0.11,1.00,0.09,0.11,0.21,0.81,0.0024,0.0032,     0,0,0,10.92,89.08,0.00,N/A,35.62,22.89,209.53,1.56,38.92,0.17,4.25,0.18,1.63,0.11,1.00,0.09,0.11,0.22,0.80,0.0023,0.0031,     0,0,0,10.92,89.08,0.00,N/A,37.36,22.88,209.53,1.63,40.83,0.18,4.46,0.17,1.58,0.11,1.00,0.08,0.11,0.21,0.80,0.0023,0.0030,     0,0,0,10.91,89.09,0.00,N/A,36.21,22.86,209.53,1.58,39.60,0.17,4.32,0.20,1.79,0.11,1.00,0.09,0.11,0.20,0.80,0.0021,0.0027,     0,0,0,10.91,89.09,0.00,N/A,41.02,22.86,209.53,1.79,44.86,0.20,4.89,0.18,1.62,0.11,1.00,0.09,0.11,0.18,0.80,0.0024,0.0031,     0,0,0,10.91,89.09,0.00,N/A,37.08,22.86,209.53,1.62,40.55,0.18,4.42,0.00,0.35,0.00,1.00,0.00,0.00,0.49,0.74,0.0021,0.0053,     0,0,0,0.16,99.84,0.00,N/A,0.12,0.33,209.53,0.35,8.84,0.00,0.01,
2024-03-18,16:02:49.006,0.09,1.39,0.06,1.00,0.65,0.89,0.25,0.81,0.0022,0.0030,0.12,0.14,-2147483648,0.00,0.00,300.79,216.84,209.81,1.39,34.68,0.09,2.22,93.03,0.37,198.99,6.40,93.60,0.00,100.00,0.00,0.00,0.00,0.00,-nan,0.25,0.08,1.32,0.06,1.00,0.33,0.45,0.24,0.81,0.0023,0.0031,     0,0,0,0.03,0.04,-2147483648,0.00,0.00,N/A,142.64,107.86,209.81,1.32,33.06,0.08,2.12,0.09,1.45,0.06,1.00,0.32,0.45,0.26,0.81,0.0020,0.00280.41,0.25,0.80,0.0018,0.0024,     0,0,0,0.09,0.10,-2147483648,0.00,0.00,N/A,170.65,106.62,210.44,1.60,40.01,0.10,2.53,25.50,25.96, 20%, 21%,21.61,21.31, 17%, 17%,51.85,51.09, 42%, 41%,50.78,51.21, 40%, 41%,6.46,93.54,0.00,100.00,0.00,0.00,6.32,93.68,0.00,100.00,0.00,0.00,0.00,0.00,0.00 ,0.00 ,-nan ,-nan ,0.24,0.26,0.01,0.20,0.06,1.00,0.00,0.01,0.32,0.86,0.0018,0.0027,     0,0,0,5.81,94.19,0.00,N/A,2.48,12.22,210.44,0.20,5.07,0.01,0.29,0.21,1.90,0.11,1.00,0.07,0.10,0.27,0.82,0.0016,0.0022,     0,0,0,10.90,89.10,0.00,N/A,43.41,22.89,210.44,1.90,47.42,0.21,5.17,0.14,1.31,0.11,1.00,0.07,0.11,0.28,0.81,0.0025,0.0036,     0,0,0,10.89,89.11,0.00,N/A,30.06,22.86,210.44,1.31,32.87,0.14,3.58,0.08,1.12,0.07,1.00,0.05,0.07,0.24,0.81,0.0033,0.0044,     0,0,0,6.96,93.04,0.00,N/A,16.45,14.67,210.44,1.12,28.04,0.08,1.95,0.02,1.20,0.01,1.00,0.00,0.00,0.37,0.55,0.0004,0.0010,     0,0,0,1.27,98.73,0.00,N/A,3.21,2.67,210.44,1.20,30.06,0.02,0.38,0.21,1.90,0.11,1.00,0.07,0.10,0.26,0.81,0.0017,0.0023,     0,0,0,10.88,89.12,0.00,N/A,43.43,22.86,210.44,1.90,47.50,0.21,5.17,0.00,0.37,0.01,1.00,0.00,0.00,0.33,0.66,0.0029,0.0049,     0,0,0,0.90,99.10,0.00,N/A,0.70,1.90,210.44,0.37,9.14,0.00,0.08,0.05,1.11,0.04,1.00,0.03,0.04,0.18,0.81,0.0036,0.0045,     0,0,0,4.13,95.87,0.00,N/A,9.61,8.65,210.44,1.11,27.76,0.05,1.15,0.02,0.35,0.07,1.00,0.00,0.01,0.41,0.86,0.0010,0.0016,     0,0,0,6.70,93.30,0.00,N/A,5.16,14.53,210.44,0.35,8.87,0.02,0.59,0.00,0.39,0.00,1.00,0.00,0.00,0.33,0.70,0.0021,0.0042,     0,0,0,0.14,99.86,0.00,N/A,0.11,0.29,210.44,0.39,9.68,0.00,0.01,0.18,1.67,0.11,1.00,0.07,0.11,0.28,0.80,0.0019,0.0028,     0,0,0,10.90,89.10,0.00,N/A,38.29,22.88,210.44,1.67,41.83,0.18,4.56,0.20,1.82,0.11,1.00,0.08,0.11,0.24,0.80,0.0019,0.0025,     0,0,0,10.90,89.10,0.00,N/A,41.57,22.88,210.44,1.82,45.41,0.20,4.95,0.20,1.79,0.11,1.00,0.08,0.10,0.20,0.80,0.0018,0.0024,     0,0,0,10.89,89.11,0.00,N/A,40.97,22.87,210.44,1.79,44.78,0.20,4.88,0.21,1.94,0.11,1.00,0.07,0.09,0.24,0.80,0.0015,0.0021,     0,0,0,10.89,89.11,0.00,N/A,44.45,22.87,210.44,1.94,48.58,0.21,5.29,0.00,0.41,0.00,1.00,0.00,0.00,0.70,0.74,0.0007,0.0037,     0,0,0,0.07,99.93,0.00,N/A,0.06,0.15,210.44,0.41,10.19,0.00,0.01,0.00,0.38,0.00,1.00,0.00,0.00,0.77,0.84,0.0004,0.0022,     0,0,0,0.06,99.94,0.00,N/A,0.05,0.13,210.44,0.38,9.58,0.00,0.01,
2024-03-18,16:02:49.104,0.09,1.37,0.07,1.00,0.76,1.00,0.22,0.79,0.0025,0.0033,0.17,0.17,-2147483648,0.00,0.00,301.16,220.48,211.50,1.37,34.15,0.09,2.23,81.44,0.24,151.90,6.52,93.48,0.00,100.00,0.00,0.00,0.00,0.00,-nan,0.25,0.09,1.35,0.07,1.00,0.39,0.51,0.22,0.79,0.0025,0.0033,     0,0,0,0.07,0.06,-2147483648,0.00,0.00,N/A,154.36,114.51,211.50,1.35,33.70,0.09,2.28,0.09,1.39,0.06,1.00,0.38,0.49,0.22,0.78,0.0026,0.0033,     0,0,0,0.10,0.11,-2147483648,0.00,0.00,N/A,146.80,105.97,211.50,1.39,34.63,0.09,2.17,20.46,20.48, 16%, 16%,20.43,20.07, 16%, 16%,41.66,40.15, 33%, 32%,34.87,35.23, 27%, 28%,6.76,93.24,0.00,100.00,0.00,0.00,6.28,93.72,0.00,100.00,0.00,0.00,0.00,0.00,0.00 ,0.00 ,-nan ,-nan ,0.26,0.24,0.02,0.29,0.06,1.00,0.01,0.01,0.30,0.83,0.0014,0.0021,     0,0,0,6.40,93.60,0.00,N/A,3.88,13.53,211.50,0.29,7.16,0.02,0.46,0.21,1.77,0.12,1.00,0.09,0.12,0.22,0.80,0.0020,0.0027,     0,0,0,11.77,88.23,0.00,N/A,44.10,24.97,211.50,1.77,44.16,0.21,5.20,0.15,1.40,0.11,1.00,0.09,0.12,0.22,0.79,0.0028,0.0037,     0,0,0,10.80,89.20,0.00,N/A,32.11,22.91,211.50,1.40,35.04,0.15,3.79,0.14,1.21,0.12,1.00,0.10,0.13,0.20,0.80,0.0033,0.0043,     0,0,0,11.76,88.24,0.00,N/A,30.21,24.95,211.50,1.21,30.27,0.14,3.56,0.00,0.46,0.00,1.00,0.00,0.00,0.29,0.67,0.0022,0.0046,     0,0,0,0.37,99.63,0.00,N/A,0.35,0.77,211.50,0.46,11.43,0.00,0.04,0.20,1.70,0.12,1.00,0.10,0.13,0.21,0.79,0.0023,0.0030,     0,0,0,11.76,88.24,0.00,N/A,42.34,24.94,211.50,1.70,42.45,0.20,4.99,0.00,0.45,0.01,1.00,0.00,0.00,0.23,0.55,0.0021,0.0037,     0,0,0,0.74,99.26,0.00,N/A,0.71,1.57,211.50,0.45,11.28,0.00,0.08,0.00,0.75,0.00,1.00,0.00,0.00,0.26,0.54,0.0016,0.0028,     0,0,0,0.41,99.59,0.00,N/A,0.65,0.88,211.50,0.75,18.66,0.00,0.08,0.01,0.20,0.06,1.00,0.00,0.01,0.30,0.85,0.0018,0.0028,     0,0,0,6.43,93.57,0.00,N/A,2.67,13.19,211.50,0.20,5.06,0.01,0.33,0.00,0.37,0.00,1.00,0.00,0.00,0.25,0.75,0.0026,0.0041,     0,0,0,0.11,99.89,0.00,N/A,0.08,0.23,211.50,0.37,9.18,0.00,0.01,0.17,1.58,0.11,1.00,0.09,0.12,0.22,0.78,0.0026,0.0033,     0,0,0,10.81,89.19,0.00,N/A,36.32,22.93,211.50,1.58,39.59,0.17,4.28,0.16,1.51,0.11,1.00,0.10,0.13,0.21,0.77,0.0028,0.0036,     0,0,0,10.78,89.22,0.00,N/A,34.53,22.87,211.50,1.51,37.74,0.16,4.07,0.16,1.51,0.11,1.00,0.09,0.12,0.22,0.78,0.0026,0.0034,     0,0,0,10.79,89.21,0.00,N/A,34.56,22.87,211.50,1.51,37.77,0.16,4.07,0.18,1.65,0.11,1.00,0.09,0.12,0.20,0.78,0.0024,0.0031,     0,0,0,10.78,89.22,0.00,N/A,37.78,22.86,211.50,1.65,41.31,0.18,4.45,0.00,0.41,0.00,1.00,0.00,0.00,0.66,0.81,0.0007,0.0025,     0,0,0,0.06,99.94,0.00,N/A,0.06,0.14,211.50,0.41,10.35,0.00,0.01,0.00,0.92,0.00,1.00,0.00,0.00,0.49,0.88,0.0006,0.0014,     0,0,0,0.41,99.59,0.00,N/A,0.81,0.87,211.50,0.92,23.04,0.00,0.10,
2024-03-18,16:02:49.204,0.11,1.62,0.07,1.00,0.63,0.83,0.23,0.78,0.0018,0.0023,0.18,0.17,-2147483648,0.00,0.00,359.53,222.34,210.13,1.62,40.43,0.11,2.67,56.27,0.16,118.15,6.62,93.38,0.00,100.00,0.00,0.00,0.00,0.00,-nan,0.25,0.10,1.55,0.06,1.00,0.27,0.37,0.25,0.79,0.0017,0.0023,     0,0,0,0.07,0.07,-2147483648,0.00,0.00,N/A,160.42,103.77,210.13,1.55,38.65,0.10,2.39,0.12,1.68,0.07,1.00,0.36,0.47,0.21,0.77,0.0018,0.0023,     0,0,0,0.11,0.10,-2147483648,0.00,0.00,N/A,199.10,118.57,210.13,1.68,41.98,0.12,2.96,14.08,13.76, 11%, 11%,14.38,14.05, 11%, 11%,28.63,27.63, 23%, 22%,30.81,31.09, 24%, 25%,6.18,93.82,0.00,100.00,0.00,0.00,7.05,92.95,0.00,100.00,0.00,0.00,0.00,0.00,0.00 ,0.00 ,-nan ,-nan ,0.24,0.26,0.02,0.28,0.06,1.00,0.01,0.01,0.30,0.84,0.0013,0.0020,     0,0,0,6.46,93.54,0.00,N/A,3.83,13.57,210.13,0.28,7.05,0.02,0.46,0.22,2.03,0.11,1.00,0.07,0.09,0.22,0.78,0.0015,0.0019,     0,0,0,10.90,89.10,0.00,N/A,46.44,22.90,210.13,2.03,50.71,0.22,5.53,0.18,1.48,0.12,1.00,0.08,0.12,0.28,0.80,0.0023,0.0033,     0,0,0,11.86,88.14,0.00,N/A,36.81,24.91,210.13,1.48,36.94,0.18,4.38,0.08,1.57,0.05,1.00,0.03,0.04,0.27,0.80,0.0017,0.0024,     0,0,0,5.40,94.60,0.00,N/A,17.77,11.30,210.13,1.57,39.31,0.08,2.12,0.01,0.94,0.01,1.00,0.00,0.00,0.49,0.60,0.0003,0.0012,     0,0,0,0.59,99.41,0.00,N/A,1.17,1.24,210.13,0.94,23.56,0.01,0.14,0.22,1.98,0.11,1.00,0.07,0.10,0.23,0.77,0.0016,0.0021,     0,0,0,10.89,89.11,0.00,N/A,45.36,22.87,210.13,1.98,49.58,0.22,5.40,0.00,0.36,0.00,1.00,0.00,0.00,0.70,0.58,0.0014,0.0079,     0,0,0,0.18,99.82,0.00,N/A,0.13,0.37,210.13,0.36,8.96,0.00,0.02,0.04,1.35,0.03,1.00,0.01,0.01,0.06,0.80,0.0008,0.0009,     0,0,0,3.14,96.86,0.00,N/A,8.91,6.61,210.13,1.35,33.70,0.04,1.06,0.02,0.24,0.06,1.00,0.01,0.01,0.35,0.80,0.0025,0.0040,     0,0,0,6.42,93.58,0.00,N/A,3.24,13.49,210.13,0.24,6.00,0.02,0.39,0.00,0.41,0.00,1.00,0.00,0.00,0.42,0.73,0.0018,0.0043,     0,0,0,0.10,99.90,0.00,N/A,0.08,0.20,210.13,0.41,10.19,0.00,0.01,0.21,1.77,0.12,1.00,0.10,0.12,0.22,0.78,0.0022,0.0028,     0,0,0,11.88,88.12,0.00,N/A,44.09,24.94,210.13,1.77,44.18,0.21,5.25,0.22,2.04,0.11,1.00,0.07,0.09,0.21,0.77,0.0014,0.0019,     0,0,0,10.90,89.10,0.00,N/A,46.71,22.88,210.13,2.04,51.04,0.22,5.56,0.21,1.97,0.11,1.00,0.07,0.09,0.23,0.77,0.0015,0.0020,     0,0,0,10.89,89.11,0.00,N/A,45.15,22.87,210.13,1.97,49.35,0.21,5.37,0.21,1.90,0.11,1.00,0.08,0.10,0.17,0.76,0.0019,0.0023,     0,0,0,10.91,89.09,0.00,N/A,43.64,22.92,210.13,1.90,47.61,0.21,5.20,0.00,0.40,0.00,1.00,0.00,0.00,0.57,0.65,0.0021,0.0056,     0,0,0,0.14,99.86,0.00,N/A,0.11,0.29,210.13,0.40,10.00,0.00,0.01,0.08,1.47,0.05,1.00,0.04,0.05,0.20,0.78,0.0024,0.0031,     0,0,0,5.20,94.80,0.00,N/A,16.09,10.97,210.13,1.47,36.65,0.08,1.91,
2024-03-18,16:02:49.314,0.09,1.43,0.06,1.00,0.75,0.98,0.23,0.78,0.0024,0.0031,0.18,0.16,-2147483648,0.00,0.00,313.06,218.21,210.14,1.43,35.87,0.09,2.31,59.71,0.18,153.03,6.45,93.55,0.00,100.00,0.00,0.00,0.00,0.00,-nan,0.26,0.07,1.38,0.05,1.00,0.27,0.38,0.27,0.79,0.0023,0.0032,     0,0,0,0.08,0.08,-2147483648,0.00,0.00,N/A,118.74,86.20,210.14,1.38,34.44,0.07,1.77,0.11,1.47,0.08,1.00,0.48,0.61,0.20,0.78,0.0025,0.0031,     0,0,0,0.10,0.08,-2147483648,0.00,0.00,N/A,194.33,132.01,210.14,1.47,36.80,0.11,2.86,15.81,14.91, 12%, 12%,14.63,14.37, 11%, 11%,36.64,40.30, 29%, 32%,37.86,38.24, 30%, 30%,5.13,94.87,0.00,100.00,0.00,0.00,7.76,92.24,0.00,100.00,0.00,0.00,0.00,0.00,0.00 ,0.00 ,-nan ,-nan ,0.25,0.27,0.01,0.23,0.06,1.00,0.01,0.01,0.24,0.84,0.0020,0.0028,     0,0,0,6.36,93.64,0.00,N/A,3.02,13.35,210.14,0.23,5.66,0.01,0.36,0.18,1.67,0.11,1.00,0.09,0.12,0.25,0.80,0.0022,0.0030,     0,0,0,10.90,89.10,0.00,N/A,38.27,22.89,210.14,1.67,41.78,0.18,4.56,0.19,1.70,0.11,1.00,0.08,0.12,0.28,0.78,0.0021,0.0030,     0,0,0,10.89,89.11,0.00,N/A,38.85,22.88,210.14,1.70,42.46,0.19,4.63,0.00,0.32,0.00,1.00,0.00,0.00,0.54,0.59,0.0018,0.0065,     0,0,0,0.23,99.77,0.00,N/A,0.16,0.48,210.14,0.32,8.10,0.00,0.02,0.00,0.67,0.00,1.00,0.00,0.00,0.56,0.61,0.0008,0.0029,     0,0,0,0.40,99.60,0.00,N/A,0.57,0.84,210.14,0.67,16.85,0.00,0.07,0.17,1.57,0.11,1.00,0.09,0.13,0.26,0.78,0.0025,0.0035,     0,0,0,10.90,89.10,0.00,N/A,35.99,22.88,210.14,1.57,39.32,0.17,4.28,0.01,0.74,0.01,1.00,0.00,0.00,0.55,0.68,0.0008,0.0026,     0,0,0,0.97,99.03,0.00,N/A,1.50,2.03,210.14,0.74,18.43,0.01,0.18,0.00,0.47,0.00,1.00,0.00,0.00,0.44,0.57,0.0019,0.0053,     0,0,0,0.40,99.60,0.00,N/A,0.39,0.84,210.14,0.47,11.70,0.00,0.05,0.01,0.19,0.06,1.00,0.00,0.01,0.29,0.86,0.0019,0.0028,     0,0,0,6.04,93.96,0.00,N/A,2.45,12.69,210.14,0.19,4.83,0.01,0.29,0.00,0.43,0.00,1.00,0.00,0.00,0.29,0.67,0.0025,0.0051,     0,0,0,0.29,99.71,0.00,N/A,0.26,0.60,210.14,0.43,10.63,0.00,0.03,0.18,1.65,0.11,1.00,0.09,0.12,0.20,0.77,0.0025,0.0032,     0,0,0,10.90,89.10,0.00,N/A,37.83,22.88,210.14,1.65,41.33,0.18,4.50,0.18,1.64,0.11,1.00,0.10,0.13,0.20,0.77,0.0027,0.0034,     0,0,0,10.89,89.11,0.00,N/A,37.43,22.86,210.14,1.64,40.94,0.18,4.46,0.18,1.62,0.11,1.00,0.09,0.12,0.22,0.78,0.0024,0.0031,     0,0,0,10.91,89.09,0.00,N/A,37.21,22.90,210.14,1.62,40.61,0.18,4.43,0.23,1.91,0.12,1.00,0.09,0.11,0.19,0.79,0.0019,0.0024,     0,0,0,11.86,88.14,0.00,N/A,47.58,24.90,210.14,1.91,47.78,0.23,5.67,0.00,0.38,0.00,1.00,0.00,0.00,0.49,0.71,0.0016,0.0041,     0,0,0,0.08,99.92,0.00,N/A,0.06,0.16,210.14,0.38,9.38,0.00,0.01,0.14,1.26,0.11,1.00,0.10,0.12,0.19,0.79,0.0031,0.0039,     0,0,0,10.83,89.17,0.00,N/A,31.50,25.01,210.14,1.26,31.49,0.14,3.41,
2024-03-18,16:02:49.405,0.10,1.57,0.07,1.00,0.66,0.86,0.22,0.78,0.0019,0.0025,0.21,0.18,-2147483648,0.00,0.00,345.06,220.00,210.37,1.57,39.21,0.10,2.58,52.14,0.14,143.55,6.58,93.42,0.00,100.00,0.00,0.00,0.00,0.00,-nan,0.23,0.08,1.60,0.05,1.00,0.22,0.30,0.26,0.79,0.0015,0.0021,     0,0,0,0.11,0.10,-2147483648,0.00,0.00,N/A,141.81,88.48,210.37,1.60,40.07,0.08,2.11,0.12,1.55,0.08,1.00,0.44,0.56,0.20,0.78,0.0022,0.0028,     0,0,0,0.10,0.08,-2147483648,0.00,0.00,N/A,203.26,131.51,210.37,1.55,38.64,0.12,3.06,12.97,15.06, 10%, 12%,12.23,11.88,  9%,  9%,36.60,37.79, 30%, 30%,34.38,34.77, 27%, 28%,5.26,94.74,0.00,100.00,0.00,0.00,7.91,92.09,0.00,100.00,0.00,0.00,0.00,0.00,0.00 ,0.00 ,-nan ,-nan ,0.25,0.22,0.02,0.23,0.07,1.00,0.01,0.01,0.22,0.84,0.0019,0.0026,     0,0,0,6.85,93.15,0.00,N/A,3.35,14.40,210.37,0.23,5.81,0.02,0.40,0.23,2.12,0.11,1.00,0.06,0.08,0.25,0.80,0.0012,0.0016,     0,0,0,10.91,89.09,0.00,N/A,48.68,22.91,210.37,2.12,53.12,0.23,5.79,0.19,1.72,0.11,1.00,0.08,0.11,0.26,0.79,0.0021,0.0029,     0,0,0,10.90,89.10,0.00,N/A,39.28,22.89,210.37,1.72,42.89,0.19,4.68,0.01,1.20,0.01,1.00,0.00,0.00,0.44,0.88,0.0007,0.0012,     0,0,0,1.07,98.93,0.00,N/A,2.69,2.25,210.37,1.20,29.90,0.01,0.32,0.00,0.41,0.00,1.00,0.00,0.00,0.43,0.72,0.0020,0.0046,     0,0,0,0.10,99.90,0.00,N/A,0.08,0.20,210.37,0.41,10.20,0.00,0.01,0.21,1.89,0.11,1.00,0.07,0.09,0.26,0.77,0.0016,0.0021,     0,0,0,10.91,89.09,0.00,N/A,43.38,22.90,210.37,1.89,47.36,0.21,5.17,0.00,0.38,0.00,1.00,0.00,0.00,0.84,0.84,0.0003,0.0024,     0,0,0,0.06,99.94,0.00,N/A,0.05,0.13,210.37,0.38,9.55,0.00,0.01,0.02,1.54,0.01,1.00,0.00,0.00,0.41,0.73,0.0003,0.0007,     0,0,0,1.33,98.67,0.00,N/A,4.30,2.79,210.37,1.54,38.48,0.02,0.51,0.01,0.19,0.07,1.00,0.00,0.01,0.32,0.85,0.0018,0.0029,     0,0,0,6.64,93.36,0.00,N/A,2.67,13.98,210.37,0.19,4.78,0.01,0.32,0.00,0.37,0.00,1.00,0.00,0.00,0.17,0.69,0.0032,0.0048,     0,0,0,0.43,99.57,0.00,N/A,0.33,0.90,210.37,0.37,9.16,0.00,0.04,0.19,1.75,0.11,1.00,0.09,0.11,0.20,0.78,0.0022,0.0028,     0,0,0,10.90,89.10,0.00,N/A,39.98,22.90,210.37,1.75,43.65,0.19,4.76,0.22,2.00,0.11,1.00,0.08,0.10,0.20,0.77,0.0017,0.0022,     0,0,0,10.89,89.11,0.00,N/A,45.65,22.87,210.37,2.00,49.90,0.22,5.43,0.21,1.81,0.12,1.00,0.09,0.11,0.20,0.77,0.0019,0.0024,     0,0,0,11.87,88.13,0.00,N/A,45.04,24.92,210.37,1.81,45.19,0.21,5.36,0.21,1.89,0.11,1.00,0.08,0.11,0.19,0.78,0.0019,0.0025,     0,0,0,10.90,89.10,0.00,N/A,43.15,22.88,210.37,1.89,47.15,0.21,5.14,0.00,0.37,0.00,1.00,0.00,0.00,0.45,0.61,0.0027,0.0062,     0,0,0,0.11,99.89,0.00,N/A,0.09,0.24,210.37,0.37,9.14,0.00,0.01,0.14,1.15,0.12,1.00,0.10,0.13,0.18,0.78,0.0039,0.0048,     0,0,0,11.94,88.06,0.00,N/A,26.34,22.82,210.37,1.15,28.85,0.14,3.45,
2024-03-18,16:02:49.505,0.09,1.39,0.06,1.00,0.77,1.00,0.22,0.78,0.0026,0.0034,0.17,0.17,-2147483648,0.00,0.00,290.92,209.58,211.61,1.39,34.70,0.09,2.15,84.85,0.25,193.60,6.19,93.81,0.00,100.00,0.00,0.00,0.00,0.00,-nan,0.25,0.08,1.39,0.06,1.00,0.34,0.46,0.23,0.79,0.0026,0.0034,     0,0,0,0.09,0.09,-2147483648,0.00,0.00,N/A,133.12,95.96,211.61,1.39,34.68,0.08,1.96,0.09,1.39,0.07,1.00,0.42,0.54,0.21,0.78,0.0027,0.0034,     0,0,0,0.09,0.08,-2147483648,0.00,0.00,N/A,157.80,113.62,211.61,1.39,34.72,0.09,2.33,25.99,23.45, 21%, 18%,17.83,17.59, 14%, 14%,53.18,47.14, 43%, 38%,46.40,46.88, 37%, 37%,5.66,94.34,0.00,100.00,0.00,0.00,6.71,93.29,0.00,100.00,0.00,0.00,0.00,0.00,0.00 ,0.00 ,-nan ,-nan ,0.24,0.25,0.01,0.20,0.06,1.00,0.00,0.01,0.14,0.89,0.0018,0.0021,     0,0,0,5.72,94.28,0.00,N/A,2.41,12.11,211.61,0.20,4.97,0.01,0.28,0.18,1.70,0.11,1.00,0.09,0.11,0.24,0.80,0.0022,0.0030,     0,0,0,10.79,89.21,0.00,N/A,38.80,22.89,211.61,1.70,42.38,0.18,4.57,0.16,1.52,0.11,1.00,0.10,0.13,0.24,0.78,0.0029,0.0039,     0,0,0,10.78,89.22,0.00,N/A,34.74,22.87,211.61,1.52,37.98,0.16,4.09,0.10,1.40,0.07,1.00,0.06,0.08,0.22,0.78,0.0028,0.0037,     0,0,0,6.88,93.12,0.00,N/A,20.47,14.61,211.61,1.40,35.03,0.10,2.41,0.00,0.41,0.00,1.00,0.00,0.00,0.81,0.77,0.0004,0.0035,     0,0,0,0.07,99.93,0.00,N/A,0.06,0.15,211.61,0.41,10.27,0.00,0.01,0.17,1.60,0.11,1.00,0.09,0.13,0.23,0.78,0.0026,0.0034,     0,0,0,10.78,89.22,0.00,N/A,36.52,22.86,211.61,1.60,39.94,0.17,4.30,0.00,0.39,0.00,1.00,0.00,0.00,0.88,0.77,0.0003,0.0035,     0,0,0,0.07,99.93,0.00,N/A,0.06,0.14,211.61,0.39,9.79,0.00,0.01,0.00,0.22,0.00,1.00,0.00,0.00,0.19,0.66,0.0045,0.0060,     0,0,0,0.16,99.84,0.00,N/A,0.07,0.34,211.61,0.22,5.44,0.00,0.01,0.01,0.21,0.06,1.00,0.00,0.01,0.36,0.85,0.0017,0.0027,     0,0,0,6.09,93.91,0.00,N/A,2.68,12.90,211.61,0.21,5.20,0.01,0.32,0.00,0.33,0.00,1.00,0.00,0.00,0.52,0.61,0.0020,0.0063,     0,0,0,0.18,99.82,0.00,N/A,0.13,0.39,211.61,0.33,8.17,0.00,0.01,0.16,1.47,0.11,1.00,0.11,0.14,0.20,0.78,0.0032,0.0040,     0,0,0,10.79,89.21,0.00,N/A,33.70,22.88,211.61,1.47,36.83,0.16,3.97,0.18,1.69,0.11,1.00,0.09,0.12,0.21,0.78,0.0024,0.0030,     0,0,0,10.80,89.20,0.00,N/A,38.64,22.91,211.61,1.69,42.17,0.18,4.55,0.06,1.60,0.04,1.00,0.03,0.04,0.22,0.77,0.0025,0.0032,     0,0,0,4.03,95.97,0.00,N/A,13.60,8.51,211.61,1.60,39.95,0.06,1.61,0.19,1.78,0.11,1.00,0.09,0.11,0.21,0.79,0.0022,0.0028,     0,0,0,10.78,89.22,0.00,N/A,40.79,22.86,211.61,1.78,44.61,0.19,4.81,0.00,0.40,0.00,1.00,0.00,0.00,0.56,0.63,0.0022,0.0062,     0,0,0,0.14,99.86,0.00,N/A,0.12,0.31,211.61,0.40,9.99,0.00,0.01,0.13,1.23,0.11,1.00,0.10,0.12,0.20,0.78,0.0034,0.0044,     0,0,0,10.89,89.11,0.00,N/A,28.13,22.87,211.61,1.23,30.75,0.13,3.35,
2024-03-18,16:02:49.605,0.09,1.43,0.06,1.00,0.73,0.95,0.22,0.79,0.0024,0.0031,0.22,0.22,-2147483648,0.00,0.00,305.00,212.90,210.16,1.43,35.81,0.09,2.27,93.66,0.21,210.57,6.33,93.67,0.00,100.00,0.00,0.00,0.00,0.00,-nan,0.25,0.09,1.46,0.06,1.00,0.34,0.45,0.23,0.79,0.0022,0.0029,     0,0,0,0.12,0.12,-2147483648,0.00,0.00,N/A,154.74,106.06,210.16,1.46,36.48,0.09,2.30,0.09,1.41,0.06,1.00,0.38,0.50,0.22,0.79,0.0026,0.0033,     0,0,0,0.10,0.09,-2147483648,0.00,0.00,N/A,150.26,106.84,210.16,1.41,35.16,0.09,2.24,25.45,25.65, 20%, 20%,21.40,21.15, 17%, 17%,56.64,52.89, 46%, 43%,50.19,50.85, 40%, 41%,6.31,93.69,0.00,100.00,0.00,0.00,6.36,93.64,0.00,100.00,0.00,0.00,0.00,0.00,0.00 ,0.00 ,-nan ,-nan ,0.26,0.24,0.01,0.20,0.06,1.00,0.00,0.01,0.23,0.87,0.0018,0.0024,     0,0,0,5.91,94.09,0.00,N/A,2.50,12.43,210.16,0.20,5.04,0.01,0.30,0.20,1.80,0.11,1.00,0.08,0.10,0.22,0.80,0.0019,0.0025,     0,0,0,10.89,89.11,0.00,N/A,41.22,22.88,210.16,1.80,45.04,0.20,4.91,0.19,1.72,0.11,1.00,0.08,0.11,0.23,0.79,0.0022,0.0029,     0,0,0,10.89,89.11,0.00,N/A,39.24,22.88,210.16,1.72,42.88,0.19,4.67,0.15,1.34,0.11,1.00,0.09,0.12,0.23,0.77,0.0029,0.0038,     0,0,0,10.88,89.12,0.00,N/A,30.55,22.85,210.16,1.34,33.42,0.15,3.64,0.00,0.33,0.00,1.00,0.00,0.00,0.41,0.56,0.0025,0.0076,     0,0,0,0.23,99.77,0.00,N/A,0.16,0.48,210.16,0.33,8.24,0.00,0.02,0.19,1.73,0.11,1.00,0.08,0.11,0.22,0.79,0.0021,0.0028,     0,0,0,10.88,89.12,0.00,N/A,39.47,22.86,210.16,1.73,43.17,0.19,4.70,0.00,0.39,0.00,1.00,0.00,0.00,0.57,0.70,0.0012,0.0050,     0,0,0,0.29,99.71,0.00,N/A,0.24,0.61,210.16,0.39,9.87,0.00,0.03,0.01,1.27,0.01,1.00,0.00,0.00,0.41,0.70,0.0002,0.0006,     0,0,0,0.51,99.49,0.00,N/A,1.36,1.07,210.16,1.27,31.75,0.01,0.16,0.01,0.19,0.06,1.00,0.00,0.01,0.23,0.88,0.0018,0.0024,     0,0,0,5.95,94.05,0.00,N/A,2.39,12.50,210.16,0.19,4.78,0.01,0.28,0.00,0.36,0.00,1.00,0.00,0.00,0.42,0.69,0.0021,0.0050,     0,0,0,0.13,99.87,0.00,N/A,0.10,0.27,210.16,0.36,9.11,0.00,0.01,0.18,1.69,0.11,1.00,0.09,0.11,0.22,0.78,0.0023,0.0029,     0,0,0,10.90,89.10,0.00,N/A,38.71,22.88,210.16,1.69,42.29,0.18,4.61,0.19,1.60,0.12,1.00,0.11,0.14,0.23,0.78,0.0027,0.0036,     0,0,0,11.86,88.14,0.00,N/A,39.95,24.92,210.16,1.60,40.08,0.19,4.76,0.00,0.36,0.00,1.00,0.00,0.00,0.68,0.80,0.0007,0.0027,     0,0,0,0.07,99.93,0.00,N/A,0.05,0.14,210.16,0.36,9.12,0.00,0.01,0.20,1.86,0.11,1.00,0.09,0.11,0.20,0.78,0.0020,0.0026,     0,0,0,10.90,89.10,0.00,N/A,42.50,22.88,210.16,1.86,46.44,0.20,5.06,0.00,0.35,0.00,1.00,0.00,0.00,0.47,0.61,0.0028,0.0062,     0,0,0,0.18,99.82,0.00,N/A,0.13,0.37,210.16,0.35,8.68,0.00,0.02,0.13,1.16,0.11,1.00,0.10,0.12,0.21,0.80,0.0037,0.0047,     0,0,0,10.89,89.11,0.00,N/A,26.43,22.88,210.16,1.16,28.88,0.13,3.15,
2024-03-18,16:02:49.705,0.09,1.36,0.06,1.00,0.77,1.01,0.22,0.79,0.0027,0.0035,0.17,0.18,-2147483648,0.00,0.00,286.26,210.41,210.22,1.36,34.01,0.09,2.13,83.85,0.24,194.84,6.26,93.74,0.00,100.00,0.00,0.00,0.00,0.00,-nan,0.25,0.08,1.35,0.06,1.00,0.39,0.51,0.23,0.79,0.0027,0.0036,     0,0,0,0.09,0.09,-2147483648,0.00,0.00,N/A,141.54,105.01,210.22,1.35,33.70,0.08,2.11,0.09,1.37,0.06,1.00,0.38,0.50,0.22,0.79,0.0026,0.0034,     0,0,0,0.09,0.09,-2147483648,0.00,0.00,N/A,144.72,105.41,210.22,1.37,34.32,0.09,2.15,22.07,22.34, 18%, 18%,19.81,19.62, 16%, 15%,48.21,48.49, 39%, 39%,48.77,49.38, 39%, 39%,6.25,93.75,0.00,100.00,0.00,0.00,6.27,93.73,0.00,100.00,0.00,0.00,0.00,0.00,0.00 ,0.00 ,-nan ,-nan ,0.24,0.25,0.01,0.20,0.06,1.00,0.00,0.01,0.22,0.86,0.0020,0.0026,     0,0,0,5.96,94.04,0.00,N/A,2.51,12.52,210.22,0.20,5.02,0.01,0.30,0.18,1.63,0.11,1.00,0.09,0.12,0.22,0.80,0.0025,0.0033,     0,0,0,10.89,89.11,0.00,N/A,37.26,22.87,210.22,1.63,40.72,0.18,4.44,0.17,1.57,0.11,1.00,0.09,0.13,0.23,0.79,0.0026,0.0035,     0,0,0,10.89,89.11,0.00,N/A,35.98,22.87,210.22,1.57,39.32,0.17,4.28,0.14,1.32,0.11,1.00,0.09,0.12,0.24,0.78,0.0031,0.0041,     0,0,0,10.89,89.11,0.00,N/A,30.09,22.86,210.22,1.32,32.90,0.14,3.58,0.00,0.34,0.00,1.00,0.00,0.00,0.44,0.60,0.0020,0.0069,     0,0,0,0.18,99.82,0.00,N/A,0.12,0.37,210.22,0.34,8.39,0.00,0.01,0.17,1.55,0.11,1.00,0.10,0.13,0.23,0.78,0.0028,0.0037,     0,0,0,10.88,89.12,0.00,N/A,35.32,22.85,210.22,1.55,38.65,0.17,4.21,0.00,0.37,0.00,1.00,0.00,0.00,0.62,0.76,0.0010,0.0040,     0,0,0,0.10,99.90,0.00,N/A,0.08,0.20,210.22,0.37,9.27,0.00,0.01,0.00,0.40,0.00,1.00,0.00,0.00,0.26,0.57,0.0035,0.0066,     0,0,0,0.22,99.78,0.00,N/A,0.18,0.46,210.22,0.40,10.00,0.00,0.02,0.01,0.20,0.06,1.00,0.01,0.01,0.29,0.85,0.0019,0.0029,     0,0,0,6.24,93.76,0.00,N/A,2.60,13.11,210.22,0.20,4.96,0.01,0.31,0.00,0.39,0.00,1.00,0.00,0.00,0.25,0.70,0.0027,0.0044,     0,0,0,0.22,99.78,0.00,N/A,0.18,0.47,210.22,0.39,9.73,0.00,0.02,0.17,1.53,0.11,1.00,0.10,0.13,0.22,0.78,0.0028,0.0036,     0,0,0,10.90,89.10,0.00,N/A,35.09,22.90,210.22,1.53,38.31,0.17,4.18,0.19,1.78,0.11,1.00,0.09,0.11,0.23,0.78,0.0021,0.0028,     0,0,0,10.89,89.11,0.00,N/A,40.74,22.87,210.22,1.78,44.53,0.19,4.85,0.00,0.39,0.00,1.00,0.00,0.00,0.70,0.76,0.0008,0.0039,     0,0,0,0.08,99.92,0.00,N/A,0.06,0.16,210.22,0.39,9.80,0.00,0.01,0.19,1.74,0.11,1.00,0.09,0.12,0.19,0.78,0.0023,0.0030,     0,0,0,10.89,89.11,0.00,N/A,39.75,22.87,210.22,1.74,43.45,0.19,4.73,0.00,0.41,0.00,1.00,0.00,0.00,0.81,0.73,0.0005,0.0041,     0,0,0,0.07,99.93,0.00,N/A,0.06,0.15,210.22,0.41,10.33,0.00,0.01,0.12,1.15,0.11,1.00,0.10,0.13,0.22,0.80,0.0038,0.0049,     0,0,0,10.90,89.10,0.00,N/A,26.24,22.88,210.22,1.15,28.67,0.12,3.12,
2024-03-18,16:02:49.805,0.10,1.41,0.07,1.00,0.70,0.94,0.22,0.78,0.0021,0.0029,0.18,0.18,-2147483648,0.00,0.00,328.08,232.41,209.78,1.41,35.29,0.10,2.44,81.60,0.23,188.33,6.92,93.08,0.00,100.00,0.00,0.00,0.00,0.00,-nan,0.25,0.10,1.46,0.07,1.00,0.34,0.45,0.22,0.78,0.0021,0.0028,     0,0,0,0.08,0.08,-2147483648,0.00,0.00,N/A,161.48,110.72,209.78,1.46,36.46,0.10,2.40,0.10,1.37,0.07,1.00,0.36,0.49,0.22,0.78,0.0022,0.0029,     0,0,0,0.10,0.10,-2147483648,0.00,0.00,N/A,166.59,121.69,209.78,1.37,34.22,0.10,2.48,23.06,23.50, 18%, 19%,17.63,17.42, 14%, 14%,50.83,50.34, 41%, 41%,43.36,43.80, 35%, 35%,6.59,93.41,0.00,100.00,0.00,0.00,7.25,92.75,0.00,100.00,0.00,0.00,0.00,0.00,0.00 ,0.00 ,-nan ,-nan ,0.26,0.24,0.02,0.27,0.07,1.00,0.01,0.01,0.37,0.78,0.0020,0.0033,     0,0,0,6.58,93.42,0.00,N/A,3.67,13.79,209.78,0.27,6.64,0.02,0.44,0.20,1.80,0.11,1.00,0.08,0.10,0.21,0.80,0.0019,0.0024,     0,0,0,10.91,89.09,0.00,N/A,41.17,22.92,209.78,1.80,44.90,0.20,4.90,0.19,1.71,0.11,1.00,0.09,0.11,0.22,0.79,0.0022,0.0029,     0,0,0,10.89,89.11,0.00,N/A,39.12,22.87,209.78,1.71,42.77,0.19,4.66,0.16,1.48,0.11,1.00,0.08,0.11,0.24,0.77,0.0024,0.0031,     0,0,0,10.91,89.09,0.00,N/A,34.00,22.92,209.78,1.48,37.08,0.16,4.05,0.00,0.36,0.01,1.00,0.00,0.00,0.23,0.66,0.0033,0.0053,     0,0,0,0.82,99.18,0.00,N/A,0.63,1.72,209.78,0.36,9.11,0.00,0.07,0.19,1.73,0.11,1.00,0.08,0.11,0.21,0.78,0.0021,0.0027,     0,0,0,10.90,89.10,0.00,N/A,39.60,22.90,209.78,1.73,43.24,0.19,4.71,0.00,0.38,0.01,1.00,0.00,0.00,0.22,0.58,0.0037,0.0067,     0,0,0,0.56,99.44,0.00,N/A,0.44,1.16,209.78,0.38,9.39,0.00,0.05,0.01,1.18,0.01,1.00,0.00,0.00,0.05,0.78,0.0012,0.0013,     0,0,0,1.16,98.84,0.00,N/A,2.86,2.43,209.78,1.18,29.47,0.01,0.34,0.02,0.28,0.08,1.00,0.01,0.02,0.51,0.74,0.0018,0.0046,     0,0,0,7.82,92.18,0.00,N/A,4.61,16.39,209.78,0.28,7.03,0.02,0.55,0.02,0.83,0.02,1.00,0.00,0.01,0.37,0.86,0.0004,0.0021,     0,0,0,2.12,97.88,0.00,N/A,3.71,4.45,209.78,0.83,20.84,0.02,0.44,0.18,1.65,0.11,1.00,0.09,0.12,0.21,0.78,0.0024,0.0031,     0,0,0,10.89,89.11,0.00,N/A,37.71,22.88,209.78,1.65,41.21,0.18,4.49,0.18,1.66,0.11,1.00,0.09,0.12,0.22,0.77,0.0024,0.0031,     0,0,0,10.90,89.10,0.00,N/A,38.08,22.89,209.78,1.66,41.60,0.18,4.53,0.03,1.02,0.03,1.00,0.00,0.01,0.29,0.89,0.0005,0.0012,     0,0,0,2.53,97.47,0.00,N/A,5.42,5.31,209.78,1.02,25.49,0.03,0.65,0.20,1.79,0.11,1.00,0.09,0.11,0.19,0.78,0.0022,0.0027,     0,0,0,10.89,89.11,0.00,N/A,41.01,22.88,209.78,1.79,44.82,0.20,4.88,0.01,0.72,0.02,1.00,0.00,0.01,0.52,0.86,0.0004,0.0022,     0,0,0,1.92,98.08,0.00,N/A,2.90,4.02,209.78,0.72,18.04,0.01,0.35,0.16,1.45,0.11,1.00,0.08,0.10,0.21,0.79,0.0024,0.0031,     0,0,0,10.89,89.11,0.00,N/A,33.15,22.87,209.78,1.45,36.23,0.16,3.95,
2024-03-18,16:02:49.905,0.09,1.39,0.07,1.00,0.79,1.04,0.22,0.79,0.0026,0.0034,0.19,0.17,-2147483648,0.00,0.00,304.98,219.99,210.23,1.39,34.66,0.09,2.27,60.92,0.17,127.87,6.54,93.46,0.00,100.00,0.00,0.00,0.00,0.00,-nan,0.24,0.09,1.38,0.07,1.00,0.39,0.52,0.23,0.79,0.0026,0.0034,     0,0,0,0.10,0.09,-2147483648,0.00,0.00,N/A,151.13,109.37,210.23,1.38,34.55,0.09,2.25,0.09,1.39,0.07,1.00,0.40,0.52,0.22,0.78,0.0026,0.0034,     0,0,0,0.09,0.09,-2147483648,0.00,0.00,N/A,153.85,110.63,210.23,1.39,34.77,0.09,2.29,13.62,14.90, 11%, 12%,16.40,16.01, 13%, 12%,30.79,29.92, 25%, 24%,33.44,33.72, 27%, 27%,6.51,93.49,0.00,100.00,0.00,0.00,6.58,93.42,0.00,100.00,0.00,0.00,0.00,0.00,0.00 ,0.00 ,-nan ,-nan ,0.24,0.25,0.01,0.20,0.06,1.00,0.00,0.01,0.30,0.85,0.0020,0.0029,     0,0,0,5.98,94.02,0.00,N/A,2.53,12.58,210.23,0.20,5.02,0.01,0.30,0.20,1.69,0.12,1.00,0.10,0.13,0.22,0.80,0.0023,0.0030,     0,0,0,11.87,88.13,0.00,N/A,42.13,24.94,210.23,1.69,42.24,0.20,5.02,0.17,1.59,0.11,1.00,0.09,0.12,0.23,0.79,0.0025,0.0033,     0,0,0,10.90,89.10,0.00,N/A,36.34,22.89,210.23,1.59,39.68,0.17,4.33,0.13,1.36,0.10,1.00,0.09,0.12,0.22,0.78,0.0032,0.0042,     0,0,0,9.90,90.10,0.00,N/A,28.34,20.78,210.23,1.36,34.09,0.13,3.37,0.00,0.32,0.01,1.00,0.00,0.00,0.29,0.66,0.0032,0.0067,     0,0,0,0.56,99.44,0.00,N/A,0.37,1.18,210.23,0.32,7.88,0.00,0.04,0.19,1.61,0.12,1.00,0.10,0.14,0.23,0.78,0.0026,0.0034,     0,0,0,11.86,88.14,0.00,N/A,40.21,24.91,210.23,1.61,40.36,0.19,4.79,0.00,0.62,0.01,1.00,0.00,0.00,0.30,0.57,0.0013,0.0029,     0,0,0,0.80,99.20,0.00,N/A,1.04,1.68,210.23,0.62,15.57,0.00,0.12,0.00,0.39,0.00,1.00,0.00,0.00,0.38,0.58,0.0027,0.0070,     0,0,0,0.19,99.81,0.00,N/A,0.16,0.41,210.23,0.39,9.79,0.00,0.02,0.01,0.20,0.06,1.00,0.00,0.01,0.37,0.84,0.0018,0.0031,     0,0,0,6.14,93.86,0.00,N/A,2.52,12.92,210.23,0.20,4.88,0.01,0.30,0.00,0.38,0.00,1.00,0.00,0.00,0.28,0.59,0.0025,0.0055,     0,0,0,0.17,99.83,0.00,N/A,0.13,0.35,210.23,0.38,9.52,0.00,0.02,0.17,1.56,0.11,1.00,0.10,0.12,0.23,0.78,0.0027,0.0035,     0,0,0,10.91,89.09,0.00,N/A,35.64,22.91,210.23,1.56,38.89,0.17,4.24,0.17,1.54,0.11,1.00,0.11,0.14,0.22,0.77,0.0030,0.0039,     0,0,0,10.90,89.10,0.00,N/A,35.15,22.89,210.23,1.54,38.40,0.17,4.18,0.13,1.56,0.08,1.00,0.06,0.08,0.23,0.78,0.0023,0.0030,     0,0,0,8.08,91.92,0.00,N/A,26.48,17.01,210.23,1.56,38.91,0.13,3.14,0.19,1.74,0.11,1.00,0.09,0.12,0.20,0.78,0.0023,0.0029,     0,0,0,10.89,89.11,0.00,N/A,39.66,22.86,210.23,1.74,43.38,0.19,4.72,0.00,0.49,0.00,1.00,0.00,0.00,0.18,0.76,0.0020,0.0037,     0,0,0,0.31,99.69,0.00,N/A,0.33,0.66,210.23,0.49,12.37,0.00,0.04,0.07,1.26,0.05,1.00,0.04,0.06,0.20,0.78,0.0031,0.0040,     0,0,0,5.26,94.74,0.00,N/A,13.94,11.03,210.23,1.26,31.60,0.07,1.66,
2024-03-18,16:02:50.005,0.09,1.33,0.06,1.00,0.84,1.10,0.22,0.78,0.0029,0.0038,0.24,0.20,-2147483648,0.00,0.00,286.86,216.08,210.05,1.33,33.19,0.09,2.13,31.08,0.07,79.22,6.43,93.57,0.00,100.00,0.00,0.00,0.00,0.00,-nan,0.25,0.09,1.31,0.07,1.00,0.43,0.56,0.22,0.78,0.0030,0.0039,     0,0,0,0.14,0.12,-2147483648,0.00,0.00,N/A,143.73,109.49,210.05,1.31,32.82,0.09,2.14,0.09,1.34,0.06,1.00,0.41,0.54,0.22,0.78,0.0029,0.0038,     0,0,0,0.10,0.08,-2147483648,0.00,0.00,N/A,143.13,106.59,210.05,1.34,33.57,0.09,2.13,8.76,8.00,  7%,  6%,7.30,7.02,  5%,  5%,17.60,18.17, 14%, 14%,21.66,21.79, 17%, 17%,6.52,93.48,0.00,100.00,0.00,0.00,6.34,93.66,0.00,100.00,0.00,0.00,0.00,0.00,0.00 ,0.00 ,-nan ,-nan ,0.26,0.24,0.02,0.28,0.06,1.00,0.00,0.01,0.28,0.85,0.0013,0.0019,     0,0,0,6.24,93.76,0.00,N/A,3.72,13.10,210.05,0.28,7.10,0.02,0.44,0.17,1.58,0.11,1.00,0.10,0.13,0.21,0.79,0.0027,0.0035,     0,0,0,10.89,89.11,0.00,N/A,36.03,22.86,210.05,1.58,39.39,0.17,4.29,0.17,1.44,0.12,1.00,0.11,0.15,0.22,0.78,0.0031,0.0041,     0,0,0,11.86,88.14,0.00,N/A,36.00,24.91,210.05,1.44,36.12,0.17,4.29,0.15,1.39,0.11,1.00,0.10,0.13,0.21,0.78,0.0033,0.0042,     0,0,0,10.89,89.11,0.00,N/A,31.76,22.86,210.05,1.39,34.73,0.15,3.78,0.00,0.51,0.01,1.00,0.00,0.00,0.19,0.63,0.0022,0.0033,     0,0,0,0.81,99.19,0.00,N/A,0.88,1.71,210.05,0.51,12.85,0.00,0.10,0.17,1.53,0.11,1.00,0.10,0.14,0.22,0.78,0.0030,0.0039,     0,0,0,10.88,89.12,0.00,N/A,34.97,22.86,210.05,1.53,38.25,0.17,4.16,0.00,0.30,0.00,1.00,0.00,0.00,0.36,0.60,0.0030,0.0071,     0,0,0,0.39,99.61,0.00,N/A,0.24,0.81,210.05,0.30,7.54,0.00,0.03,0.00,0.37,0.00,1.00,0.00,0.00,0.24,0.63,0.0039,0.0064,     0,0,0,0.18,99.82,0.00,N/A,0.14,0.37,210.05,0.37,9.25,0.00,0.02,0.01,0.19,0.06,1.00,0.00,0.01,0.20,0.89,0.0017,0.0022,     0,0,0,5.81,94.19,0.00,N/A,2.36,12.21,210.05,0.19,4.83,0.01,0.28,0.00,0.39,0.00,1.00,0.00,0.00,0.28,0.74,0.0026,0.0045,     0,0,0,0.15,99.85,0.00,N/A,0.12,0.31,210.05,0.39,9.76,0.00,0.01,0.17,1.45,0.12,1.00,0.11,0.15,0.22,0.78,0.0032,0.0041,     0,0,0,11.87,88.13,0.00,N/A,36.20,24.93,210.05,1.45,36.31,0.17,4.31,0.16,1.43,0.11,1.00,0.11,0.14,0.23,0.78,0.0032,0.0042,     0,0,0,10.89,89.11,0.00,N/A,32.81,22.87,210.05,1.43,35.87,0.16,3.91,0.15,1.40,0.11,1.00,0.10,0.13,0.23,0.77,0.0030,0.0040,     0,0,0,10.88,89.12,0.00,N/A,32.04,22.86,210.05,1.40,35.04,0.15,3.81,0.19,1.72,0.11,1.00,0.09,0.12,0.21,0.79,0.0023,0.0030,     0,0,0,10.91,89.09,0.00,N/A,39.37,22.92,210.05,1.72,42.95,0.19,4.69,0.00,0.51,0.00,1.00,0.00,0.00,0.24,0.68,0.0023,0.0037,     0,0,0,0.17,99.83,0.00,N/A,0.18,0.36,210.05,0.51,12.73,0.00,0.02,0.00,0.37,0.00,1.00,0.00,0.00,0.61,0.77,0.0008,0.0031,     0,0,0,0.07,99.93,0.00,N/A,0.05,0.14,210.05,0.37,9.29,0.00,0.01,
2024-03-18,16:02:50.105,0.08,1.26,0.06,1.00,0.88,1.15,0.22,0.79,0.0032,0.0042,0.19,0.17,-2147483648,0.00,0.00,272.46,216.37,209.70,1.26,31.48,0.08,2.03,30.40,0.08,76.95,6.44,93.56,0.00,100.00,0.00,0.00,0.00,0.00,-nan,0.24,0.08,1.22,0.06,1.00,0.44,0.58,0.22,0.79,0.0034,0.0044,     0,0,0,0.09,0.08,-2147483648,0.00,0.00,N/A,131.21,107.12,209.70,1.22,30.62,0.08,1.95,0.08,1.29,0.07,1.00,0.44,0.58,0.22,0.78,0.0031,0.0041,     0,0,0,0.10,0.09,-2147483648,0.00,0.00,N/A,141.24,109.25,209.70,1.29,32.32,0.08,2.10,7.68,8.17,  6%,  6%,7.38,7.17,  5%,  5%,17.51,17.25, 14%, 14%,21.01,21.18, 16%, 17%,6.38,93.62,0.00,100.00,0.00,0.00,6.51,93.49,0.00,100.00,0.00,0.00,0.00,0.00,0.00 ,0.00 ,-nan ,-nan ,0.24,0.25,0.02,0.28,0.06,1.00,0.01,0.01,0.23,0.86,0.0014,0.0019,     0,0,0,6.48,93.52,0.00,N/A,3.81,13.59,209.70,0.28,7.02,0.02,0.45,0.16,1.48,0.11,1.00,0.10,0.13,0.21,0.79,0.0030,0.0039,     0,0,0,10.89,89.11,0.00,N/A,33.82,22.88,209.70,1.48,36.96,0.16,4.03,0.15,1.34,0.11,1.00,0.11,0.15,0.23,0.79,0.0036,0.0048,     0,0,0,10.88,89.12,0.00,N/A,30.54,22.85,209.70,1.34,33.41,0.15,3.64,0.14,1.28,0.11,1.00,0.11,0.14,0.22,0.79,0.0038,0.0049,     0,0,0,10.89,89.11,0.00,N/A,29.36,22.86,209.70,1.28,32.10,0.14,3.49,0.00,0.83,0.00,1.00,0.00,0.00,0.34,0.59,0.0009,0.0020,     0,0,0,0.36,99.64,0.00,N/A,0.63,0.75,209.70,0.83,20.75,0.00,0.07,0.16,1.43,0.11,1.00,0.11,0.14,0.21,0.78,0.0034,0.0044,     0,0,0,10.89,89.11,0.00,N/A,32.60,22.87,209.70,1.43,35.65,0.16,3.88,0.00,0.35,0.00,1.00,0.00,0.00,0.17,0.69,0.0036,0.0053,     0,0,0,0.47,99.53,0.00,N/A,0.35,0.99,209.70,0.35,8.85,0.00,0.04,0.00,0.32,0.00,1.00,0.00,0.00,0.42,0.65,0.0025,0.0061,     0,0,0,0.16,99.84,0.00,N/A,0.10,0.33,209.70,0.32,7.88,0.00,0.01,0.01,0.19,0.06,1.00,0.00,0.01,0.23,0.88,0.0018,0.0024,     0,0,0,6.15,93.85,0.00,N/A,2.42,12.89,209.70,0.19,4.70,0.01,0.29,0.00,0.56,0.01,1.00,0.00,0.00,0.41,0.58,0.0020,0.0042,     0,0,0,0.58,99.42,0.00,N/A,0.68,1.21,209.70,0.56,14.08,0.00,0.08,0.15,1.34,0.11,1.00,0.11,0.15,0.22,0.78,0.0037,0.0048,     0,0,0,10.90,89.10,0.00,N/A,30.63,22.89,209.70,1.34,33.45,0.15,3.65,0.17,1.56,0.11,1.00,0.10,0.13,0.23,0.77,0.0029,0.0038,     0,0,0,10.89,89.11,0.00,N/A,35.75,22.87,209.70,1.56,39.08,0.17,4.26,0.15,1.40,0.11,1.00,0.10,0.14,0.24,0.78,0.0032,0.0043,     0,0,0,10.90,89.10,0.00,N/A,32.10,22.90,209.70,1.40,35.05,0.15,3.82,0.18,1.53,0.12,1.00,0.12,0.15,0.20,0.78,0.0030,0.0038,     0,0,0,11.86,88.14,0.00,N/A,38.08,24.91,209.70,1.53,38.22,0.18,4.53,0.00,0.43,0.00,1.00,0.00,0.00,0.31,0.63,0.0038,0.0062,     0,0,0,0.17,99.83,0.00,N/A,0.15,0.35,209.70,0.43,10.68,0.00,0.02,0.01,1.16,0.01,1.00,0.00,0.00,0.22,0.60,0.0006,0.0009,     0,0,0,0.59,99.41,0.00,N/A,1.43,1.23,209.70,1.16,29.02,0.01,0.17,
2024-03-18,16:02:50.207,0.09,1.21,0.07,1.00,0.89,1.16,0.22,0.79,0.0031,0.0040,0.27,0.22,-2147483648,0.00,0.00,287.63,237.36,209.98,1.21,30.29,0.09,2.14,35.32,0.07,90.10,7.06,92.94,0.00,100.00,0.00,0.00,0.00,0.00,-nan,0.25,0.08,1.22,0.07,1.00,0.42,0.56,0.22,0.79,0.0031,0.0041,     0,0,0,0.15,0.12,-2147483648,0.00,0.00,N/A,135.42,111.15,209.98,1.22,30.46,0.08,2.02,0.09,1.21,0.07,1.00,0.46,0.60,0.22,0.78,0.0030,0.0039,     0,0,0,0.12,0.10,-2147483648,0.00,0.00,N/A,152.21,126.21,209.98,1.21,30.15,0.09,2.26,9.63,9.81,  7%,  7%,8.10,7.78,  6%,  6%,23.29,23.24, 18%, 18%,21.68,21.89, 17%, 17%,6.62,93.38,0.00,100.00,0.00,0.00,7.49,92.51,0.00,100.00,0.00,0.00,0.00,0.00,0.00 ,0.00 ,-nan ,-nan ,0.26,0.25,0.01,0.20,0.07,1.00,0.01,0.01,0.28,0.84,0.0020,0.0030,     0,0,0,6.59,93.41,0.00,N/A,2.81,13.84,209.98,0.20,5.08,0.01,0.33,0.16,1.50,0.11,1.00,0.10,0.12,0.20,0.80,0.0028,0.0036,     0,0,0,10.89,89.11,0.00,N/A,34.23,22.87,209.98,1.50,37.41,0.16,4.08,0.14,1.29,0.11,1.00,0.11,0.14,0.22,0.79,0.0036,0.0048,     0,0,0,10.88,89.12,0.00,N/A,29.46,22.86,209.98,1.29,32.22,0.14,3.51,0.14,1.28,0.11,1.00,0.11,0.14,0.22,0.79,0.0037,0.0049,     0,0,0,10.90,89.10,0.00,N/A,29.31,22.88,209.98,1.28,32.03,0.14,3.49,0.00,0.38,0.00,1.00,0.00,0.00,0.49,0.65,0.0014,0.0054,     0,0,0,0.17,99.83,0.00,N/A,0.13,0.36,209.98,0.38,9.45,0.00,0.02,0.16,1.45,0.11,1.00,0.10,0.13,0.22,0.79,0.0031,0.0040,     0,0,0,10.89,89.11,0.00,N/A,33.16,22.87,209.98,1.45,36.25,0.16,3.95,0.01,0.99,0.01,1.00,0.00,0.00,0.26,0.84,0.0003,0.0004,     0,0,0,1.10,98.90,0.00,N/A,2.27,2.30,209.98,0.99,24.64,0.01,0.27,0.02,1.28,0.02,1.00,0.00,0.01,0.38,0.68,0.0006,0.0013,     0,0,0,1.51,98.49,0.00,N/A,4.04,3.16,209.98,1.28,31.93,0.02,0.48,0.02,0.24,0.07,1.00,0.01,0.01,0.46,0.77,0.0018,0.0036,     0,0,0,7.39,92.61,0.00,N/A,3.71,15.51,209.98,0.24,5.98,0.02,0.44,0.00,0.57,0.00,1.00,0.00,0.00,0.33,0.69,0.0019,0.0038,     0,0,0,0.31,99.69,0.00,N/A,0.37,0.65,209.98,0.57,14.24,0.00,0.04,0.14,1.29,0.11,1.00,0.11,0.14,0.21,0.78,0.0039,0.0049,     0,0,0,10.89,89.11,0.00,N/A,29.48,22.86,209.98,1.29,32.23,0.14,3.51,0.16,1.47,0.11,1.00,0.11,0.14,0.21,0.78,0.0033,0.0042,     0,0,0,10.89,89.11,0.00,N/A,33.52,22.86,209.98,1.47,36.66,0.16,3.99,0.16,1.37,0.12,1.00,0.12,0.15,0.22,0.77,0.0034,0.0044,     0,0,0,11.86,88.14,0.00,N/A,34.20,24.91,209.98,1.37,34.32,0.16,4.07,0.17,1.53,0.11,1.00,0.10,0.13,0.19,0.79,0.0029,0.0036,     0,0,0,10.89,89.11,0.00,N/A,34.93,22.87,209.98,1.53,38.19,0.17,4.16,0.01,0.73,0.02,1.00,0.00,0.01,0.25,0.78,0.0014,0.0022,     0,0,0,1.91,98.09,0.00,N/A,2.94,4.02,209.98,0.73,18.31,0.01,0.35,0.06,1.04,0.06,1.00,0.01,0.01,0.28,0.88,0.0007,0.0010,     0,0,0,5.84,94.16,0.00,N/A,13.06,12.53,209.98,1.04,26.05,0.06,1.52,
2024-03-18,16:02:50.305,0.08,1.24,0.07,1.00,0.87,1.13,0.21,0.79,0.0031,0.0040,0.19,0.16,-2147483648,0.00,0.00,279.43,225.27,210.27,1.24,31.01,0.08,2.08,38.09,0.11,100.88,6.71,93.29,0.00,100.00,0.00,0.00,0.00,0.00,-nan,0.24,0.08,1.21,0.06,1.00,0.44,0.57,0.21,0.79,0.0033,0.0043,     0,0,0,0.09,0.07,-2147483648,0.00,0.00,N/A,132.12,109.03,210.27,1.21,30.30,0.08,1.96,0.09,1.27,0.07,1.00,0.43,0.56,0.21,0.78,0.0029,0.0038,     0,0,0,0.09,0.09,-2147483648,0.00,0.00,N/A,147.31,116.24,210.27,1.27,31.68,0.09,2.20,11.90,12.04,  9%,  9%,7.22,6.92,  5%,  5%,29.01,27.23, 23%, 22%,22.26,22.38, 18%, 18%,6.49,93.51,0.00,100.00,0.00,0.00,6.93,93.07,0.00,100.00,0.00,0.00,0.00,0.00,0.00 ,0.00 ,-nan ,-nan ,0.24,0.25,0.01,0.20,0.06,1.00,0.00,0.01,0.23,0.87,0.0019,0.0025,     0,0,0,5.88,94.12,0.00,N/A,2.49,12.36,210.27,0.20,5.03,0.01,0.30,0.16,1.48,0.11,1.00,0.10,0.13,0.21,0.80,0.0030,0.0039,     0,0,0,10.89,89.11,0.00,N/A,33.95,22.87,210.27,1.48,37.11,0.16,4.04,0.14,1.30,0.11,1.00,0.11,0.14,0.22,0.79,0.0037,0.0049,     0,0,0,10.88,89.12,0.00,N/A,29.62,22.86,210.27,1.30,32.40,0.14,3.53,0.14,1.28,0.11,1.00,0.11,0.14,0.20,0.79,0.0039,0.0049,     0,0,0,10.88,89.12,0.00,N/A,29.29,22.86,210.27,1.28,32.04,0.14,3.49,0.00,0.36,0.00,1.00,0.00,0.00,0.43,0.66,0.0019,0.0057,     0,0,0,0.13,99.87,0.00,N/A,0.10,0.28,210.27,0.36,8.89,0.00,0.01,0.16,1.43,0.11,1.00,0.11,0.14,0.21,0.79,0.0034,0.0043,     0,0,0,10.88,89.12,0.00,N/A,32.61,22.85,210.27,1.43,35.67,0.16,3.88,0.02,0.85,0.02,1.00,0.00,0.00,0.20,0.87,0.0009,0.0012,     0,0,0,2.20,97.80,0.00,N/A,3.96,4.64,210.27,0.85,21.36,0.02,0.47,0.00,0.33,0.00,1.00,0.00,0.00,0.42,0.65,0.0027,0.0067,     0,0,0,0.15,99.85,0.00,N/A,0.10,0.32,210.27,0.33,8.18,0.00,0.01,0.02,0.27,0.07,1.00,0.01,0.01,0.44,0.80,0.0017,0.0032,     0,0,0,6.70,93.30,0.00,N/A,3.74,14.09,210.27,0.27,6.63,0.02,0.44,0.00,0.65,0.00,1.00,0.00,0.00,0.42,0.76,0.0018,0.0035,     0,0,0,0.43,99.57,0.00,N/A,0.59,0.91,210.27,0.65,16.16,0.00,0.07,0.14,1.31,0.11,1.00,0.12,0.15,0.20,0.78,0.0039,0.0049,     0,0,0,10.90,89.10,0.00,N/A,30.01,22.88,210.27,1.31,32.79,0.14,3.57,0.17,1.54,0.11,1.00,0.11,0.14,0.21,0.77,0.0031,0.0039,     0,0,0,10.89,89.11,0.00,N/A,35.27,22.86,210.27,1.54,38.57,0.17,4.20,0.15,1.36,0.11,1.00,0.10,0.13,0.23,0.77,0.0031,0.0041,     0,0,0,10.89,89.11,0.00,N/A,31.17,22.87,210.27,1.36,34.07,0.15,3.71,0.18,1.63,0.11,1.00,0.10,0.12,0.18,0.79,0.0027,0.0033,     0,0,0,10.90,89.10,0.00,N/A,37.21,22.86,210.27,1.63,40.70,0.18,4.44,0.04,1.03,0.04,1.00,0.00,0.01,0.34,0.90,0.0005,0.0008,     0,0,0,3.72,96.28,0.00,N/A,8.06,7.81,210.27,1.03,25.79,0.04,0.96,0.01,0.65,0.01,1.00,0.00,0.00,0.43,0.62,0.0013,0.0032,     0,0,0,0.95,99.05,0.00,N/A,1.26,1.95,210.27,0.65,16.13,0.01,0.15,
2024-03-18,16:02:50.406,0.08,1.24,0.06,1.00,0.84,1.11,0.22,0.79,0.0032,0.0042,0.25,0.21,-2147483648,0.00,0.00,265.74,213.64,211.70,1.24,31.10,0.08,1.96,27.60,0.06,76.17,6.30,93.70,0.00,100.00,0.00,0.00,0.00,0.00,-nan,0.25,0.08,1.22,0.06,1.00,0.40,0.54,0.22,0.79,0.0032,0.0042,     0,0,0,0.14,0.12,-2147483648,0.00,0.00,N/A,128.37,105.49,211.70,1.22,30.42,0.08,1.89,0.08,1.27,0.06,1.00,0.44,0.57,0.22,0.78,0.0032,0.0042,     0,0,0,0.11,0.08,-2147483648,0.00,0.00,N/A,137.38,108.14,211.70,1.27,31.76,0.08,2.03,7.01,7.26,  5%,  5%,6.80,6.54,  5%,  5%,16.87,19.15, 13%, 15%,20.03,20.11, 16%, 16%,6.22,93.78,0.00,100.00,0.00,0.00,6.38,93.62,0.00,100.00,0.00,0.00,0.00,0.00,0.00 ,0.00 ,-nan ,-nan ,0.26,0.24,0.01,0.20,0.06,1.00,0.00,0.01,0.22,0.87,0.0019,0.0025,     0,0,0,5.98,94.02,0.00,N/A,2.52,12.65,211.70,0.20,4.98,0.01,0.30,0.16,1.51,0.11,1.00,0.09,0.12,0.21,0.80,0.0027,0.0035,     0,0,0,10.78,89.22,0.00,N/A,34.43,22.88,211.70,1.51,37.63,0.16,4.06,0.14,1.30,0.11,1.00,0.11,0.14,0.22,0.79,0.0036,0.0048,     0,0,0,10.78,89.22,0.00,N/A,29.74,22.86,211.70,1.30,32.52,0.14,3.51,0.13,1.24,0.11,1.00,0.10,0.13,0.21,0.79,0.0036,0.0047,     0,0,0,10.78,89.22,0.00,N/A,28.29,22.86,211.70,1.24,30.94,0.13,3.33,0.00,0.39,0.00,1.00,0.00,0.00,0.32,0.60,0.0032,0.0067,     0,0,0,0.19,99.81,0.00,N/A,0.15,0.40,211.70,0.39,9.79,0.00,0.02,0.15,1.44,0.11,1.00,0.10,0.13,0.22,0.78,0.0030,0.0040,     0,0,0,10.77,89.23,0.00,N/A,32.82,22.85,211.70,1.44,35.92,0.15,3.87,0.00,0.45,0.00,1.00,0.00,0.00,0.44,0.69,0.0015,0.0034,     0,0,0,0.17,99.83,0.00,N/A,0.16,0.35,211.70,0.45,11.32,0.00,0.02,0.00,0.38,0.00,1.00,0.00,0.00,0.30,0.71,0.0029,0.0056,     0,0,0,0.31,99.69,0.00,N/A,0.25,0.65,211.70,0.38,9.47,0.00,0.03,0.01,0.19,0.06,1.00,0.00,0.01,0.23,0.87,0.0019,0.0025,     0,0,0,6.03,93.97,0.00,N/A,2.42,12.78,211.70,0.19,4.74,0.01,0.29,0.17,1.54,0.11,1.00,0.10,0.13,0.20,0.79,0.0029,0.0037,     0,0,0,10.77,89.23,0.00,N/A,35.16,22.89,211.70,1.54,38.41,0.17,4.14,0.14,1.30,0.11,1.00,0.11,0.14,0.22,0.78,0.0038,0.0048,     0,0,0,10.79,89.21,0.00,N/A,29.78,22.88,211.70,1.30,32.54,0.14,3.51,0.17,1.47,0.12,1.00,0.12,0.15,0.23,0.78,0.0032,0.0042,     0,0,0,11.77,88.23,0.00,N/A,36.78,24.96,211.70,1.47,36.83,0.17,4.34,0.15,1.40,0.11,1.00,0.10,0.14,0.24,0.78,0.0032,0.0042,     0,0,0,10.78,89.22,0.00,N/A,32.01,22.86,211.70,1.40,35.01,0.15,3.77,0.00,0.34,0.00,1.00,0.00,0.00,0.50,0.66,0.0018,0.0060,     0,0,0,0.12,99.88,0.00,N/A,0.09,0.26,211.70,0.34,8.55,0.00,0.01,0.00,0.52,0.00,1.00,0.00,0.00,0.56,0.55,0.0012,0.0039,     0,0,0,0.24,99.76,0.00,N/A,0.26,0.51,211.70,0.52,12.97,0.00,0.03,0.00,0.86,0.00,1.00,0.00,0.00,0.30,0.55,0.0012,0.0021,     0,0,0,0.47,99.53,0.00,N/A,0.86,1.00,211.70,0.86,21.54,0.00,0.10,
2024-03-18,16:02:50.507,0.09,1.41,0.06,1.00,0.76,1.00,0.22,0.78,0.0026,0.0034,0.19,0.16,-2147483648,0.00,0.00,297.24,210.53,212.07,1.41,35.30,0.09,2.19,29.63,0.08,75.77,6.20,93.80,0.00,100.00,0.00,0.00,0.00,0.00,-nan,0.25,0.08,1.34,0.06,1.00,0.39,0.51,0.22,0.79,0.0028,0.0036,     0,0,0,0.10,0.08,-2147483648,0.00,0.00,N/A,141.24,105.13,212.07,1.34,33.59,0.08,2.08,0.09,1.48,0.06,1.00,0.37,0.48,0.22,0.78,0.0024,0.0031,     0,0,0,0.09,0.08,-2147483648,0.00,0.00,N/A,156.00,105.41,212.07,1.48,37.00,0.09,2.30,6.10,7.04,  4%,  5%,8.38,8.11,  6%,  6%,17.39,16.78, 14%, 13%,20.69,20.91, 16%, 16%,6.20,93.80,0.00,100.00,0.00,0.00,6.21,93.79,0.00,100.00,0.00,0.00,0.00,0.00,0.00 ,0.00 ,-nan ,-nan ,0.24,0.26,0.01,0.20,0.06,1.00,0.00,0.01,0.20,0.88,0.0017,0.0022,     0,0,0,5.74,94.26,0.00,N/A,2.43,12.18,212.07,0.20,4.98,0.01,0.29,0.17,1.62,0.11,1.00,0.09,0.12,0.21,0.80,0.0024,0.0032,     0,0,0,10.80,89.20,0.00,N/A,37.0,,22.91,212.07,1.62,40.41,0.17,4.37,0.17,1.61,0.11,1.00,0.09,0.12,0.22,0.78,0.0025,0.0033,     0,0,0,10.78,89.22,0.00,N/A,36.81,22.87,212.07,1.61,40.25,0.17,4.34,0.15,1.40,0.11,1.00,0.10,0.13,0.22,0.79,0.0031,0.0041,     0,0,0,10.80,89.20,0.00,N/A,32.10,22.91,212.07,1.40,35.03,0.15,3.78,0.00,0.81,0.00,1.00,0.00,0.00,0.49,0.68,0.0008,0.0024,     0,0,0,0.42,99.58,0.00,N/A,0.71,0.88,212.07,0.81,20.15,0.00,0.08,0.15,1.40,0.11,1.00,0.10,0.13,0.21,0.78,0.0032,0.0042,     0,0,0,10.79,89.21,0.00,N/A,31.98,22.89,212.07,1.40,34.92,0.15,3.77,0.00,0.34,0.00,1.00,0.00,0.00,0.57,0.73,0.0013,0.0049,     0,0,0,0.09,99.91,0.00,N/A,0.07,0.20,212.07,0.34,8.38,0.00,0.01,0.00,0.39,0.00,1.00,0.00,0.00,0.60,0.69,0.0011,0.0052,     0,0,0,0.13,99.87,0.00,N/A,0.11,0.28,212.07,0.39,9.83,0.00,0.01,0.01,0.19,0.06,1.00,0.00,0.01,0.18,0.89,0.0017,0.0022,     0,0,0,5.88,94.12,0.00,N/A,2.37,12.46,212.07,0.19,4.75,0.01,0.28,0.20,1.83,0.11,1.00,0.09,0.11,0.20,0.79,0.0020,0.0026,     0,0,0,10.80,89.20,0.00,N/A,41.89,22.90,212.07,1.83,45.73,0.20,4.94,0.18,1.62,0.11,1.00,0.10,0.12,0.22,0.77,0.0026,0.0033,     0,0,0,10.79,89.21,0.00,N/A,37.12,22.89,212.07,1.62,40.55,0.18,4.38,0.18,1.63,0.11,1.00,0.10,0.13,0.23,0.77,0.0026,0.0034,     0,0,0,10.79,89.21,0.00,N/A,37.31,22.89,212.07,1.63,40.75,0.18,4.40,0.17,1.57,0.11,1.00,0.09,0.12,0.24,0.77,0.0025,0.0033,     0,0,0,10.79,89.21,0.00,N/A,35.86,22.88,212.07,1.57,39.19,0.17,4.23,0.00,0.42,0.00,1.00,0.00,0.00,0.59,0.77,0.0010,0.0035,     0,0,0,0.07,99.93,0.00,N/A,0.06,0.14,212.07,0.42,10.39,0.00,0.01,0.00,0.42,0.00,1.00,0.00,0.00,0.62,0.73,0.0010,0.0046,     0,0,0,0.07,99.93,0.00,N/A,0.07,0.16,212.07,0.42,10.60,0.00,0.01,0.01,1.22,0.01,1.00,0.00,0.00,0.16,0.70,0.0004,0.0005,     0,0,0,0.52,99.48,0.00,N/A,1.33,1.09,212.07,1.22,30.39,0.01,0.16,
2024-03-18,16:02:50.607,0.08,1.27,0.06,1.00,0.89,1.17,0.22,0.78,0.0033,0.0042,0.25,0.22,-2147483648,0.00,0.00,275.01,216.48,210.10,1.27,31.76,0.08,2.05,32.98,0.07,80.60,6.44,93.56,0.00,100.00,0.00,0.00,0.00,0.00,-nan,0.25,0.08,1.25,0.07,1.00,0.47,0.61,0.22,0.79,0.0033,0.0044,     0,0,0,0.14,0.13,-2147483648,0.00,0.00,N/A,139.91,111.54,210.10,1.25,31.36,0.08,2.08,0.08,1.29,0.06,1.00,0.43,0.56,0.22,0.78,0.0032,0.0041,     0,0,0,0.11,0.09,-2147483648,0.00,0.00,N/A,135.10,104.93,210.10,1.29,32.19,0.08,2.01,7.72,8.37,  6%,  6%,8.59,8.29,  6%,  6%,19.33,19.42, 15%, 15%,20.82,21.03, 16%, 16%,6.64,93.36,0.00,100.00,0.00,0.00,6.24,93.76,0.00,100.00,0.00,0.00,0.00,0.00,0.00 ,0.00 ,-nan ,-nan ,0.26,0.23,0.01,0.20,0.06,1.00,0.00,0.01,0.17,0.89,0.0018,0.0022,     0,0,0,5.84,94.16,0.00,N/A,2.40,12.27,210.10,0.20,4.89,0.01,0.29,0.18,1.50,0.12,1.00,0.11,0.14,0.22,0.79,0.0029,0.0039,     0,0,0,11.87,88.13,0.00,N/A,37.39,24.93,210.10,1.50,37.50,0.18,4.45,0.14,1.28,0.11,1.00,0.11,0.15,0.22,0.78,0.0039,0.0051,     0,0,0,10.90,89.10,0.00,N/A,29.30,22.89,210.10,1.28,32.00,0.14,3.49,0.16,1.31,0.12,1.00,0.12,0.16,0.21,0.79,0.0037,0.0048,     0,0,0,11.86,88.14,0.00,N/A,32.59,24.92,210.10,1.31,32.70,0.16,3.88,0.00,0.64,0.00,1.00,0.00,0.00,0.28,0.68,0.0015,0.0031,     0,0,0,0.47,99.53,0.00,N/A,0.62,0.98,210.10,0.64,15.90,0.00,0.07,0.18,1.50,0.12,1.00,0.11,0.15,0.22,0.79,0.0031,0.0040,     0,0,0,11.85,88.15,0.00,N/A,37.31,24.89,210.10,1.50,37.48,0.18,4.44,0.00,0.46,0.00,1.00,0.00,0.00,0.32,0.71,0.0013,0.0028,     0,0,0,0.22,99.78,0.00,N/A,0.22,0.47,210.10,0.46,11.58,0.00,0.03,0.00,0.36,0.00,1.00,0.00,0.00,0.64,0.78,0.0008,0.0035,     0,0,0,0.10,99.90,0.00,N/A,0.07,0.20,210.10,0.36,9.00,0.00,0.01,0.01,0.19,0.06,1.00,0.00,0.01,0.21,0.88,0.0018,0.0023,     0,0,0,5.99,94.01,0.00,N/A,2.37,12.58,210.10,0.19,4.71,0.01,0.28,0.17,1.53,0.11,1.00,0.10,0.13,0.20,0.79,0.0030,0.0038,     0,0,0,10.89,89.11,0.00,N/A,34.92,22.87,210.10,1.53,38.17,0.17,4.16,0.14,1.31,0.11,1.00,0.12,0.15,0.22,0.77,0.0039,0.0050,     0,0,0,10.91,89.09,0.00,N/A,29.90,22.91,210.10,1.31,32.63,0.14,3.56,0.17,1.57,0.11,1.00,0.10,0.13,0.23,0.78,0.0029,0.0038,     0,0,0,10.89,89.11,0.00,N/A,35.88,22.87,210.10,1.57,39.22,0.17,4.27,0.15,1.39,0.11,1.00,0.10,0.13,0.24,0.78,0.0032,0.0042,     0,0,0,10.89,89.11,0.00,N/A,31.73,22.87,210.10,1.39,34.68,0.15,3.78,0.00,0.37,0.00,1.00,0.00,0.00,0.62,0.83,0.0008,0.0025,     0,0,0,0.07,99.93,0.00,N/A,0.05,0.14,210.10,0.37,9.35,0.00,0.01,0.00,0.34,0.00,1.00,0.00,0.00,0.64,0.64,0.0017,0.0060,     0,0,0,0.12,99.88,0.00,N/A,0.09,0.25,210.10,0.34,8.53,0.00,0.01,0.00,0.40,0.00,1.00,0.00,0.00,0.35,0.56,0.0033,0.0067,     0,0,0,0.21,99.79,0.00,N/A,0.17,0.43,210.10,0.40,10.00,0.00,0.02,
2024-03-18,16:02:50.711,0.08,1.24,0.07,1.00,0.92,1.20,0.22,0.78,0.0032,0.0042,0.20,0.17,-2147483648,0.00,0.00,285.90,229.94,210.23,1.24,31.08,0.08,2.11,34.84,0.10,81.06,6.77,93.23,0.00,100.00,0.00,0.00,0.00,0.00,-nan,0.24,0.08,1.21,0.07,1.00,0.45,0.59,0.22,0.79,0.0032,0.0042,     0,0,0,0.10,0.08,-2147483648,0.00,0.00,N/A,141.99,117.22,210.23,1.21,30.28,0.08,2.11,0.08,1.28,0.07,1.00,0.47,0.61,0.22,0.78,0.0033,0.0042,     0,0,0,0.09,0.09,-2147483648,0.00,0.00,N/A,143.92,112.72,210.23,1.28,31.92,0.08,2.10,8.85,8.75,  7%,  7%,8.79,8.46,  7%,  6%,19.33,19.40, 15%, 15%,21.15,21.18, 16%, 16%,6.97,93.03,0.00,100.00,0.00,0.00,6.57,93.43,0.00,100.00,0.00,0.00,0.00,0.00,0.00 ,0.00 ,-nan ,-nan ,0.24,0.25,0.02,0.28,0.06,1.00,0.00,0.01,0.36,0.84,0.0012,0.0020,     0,0,0,6.34,93.66,0.00,N/A,3.80,13.34,210.23,0.28,7.11,0.02,0.45,0.16,1.48,0.11,1.00,0.10,0.13,0.22,0.80,0.0029,0.0038,     0,0,0,10.89,89.11,0.00,N/A,33.92,22.88,210.23,1.48,37.07,0.16,4.04,0.15,1.29,0.12,1.00,0.12,0.16,0.22,0.79,0.0037,0.0049,     0,0,0,11.86,88.14,0.00,N/A,32.14,24.91,210.23,1.29,32.25,0.15,3.83,0.14,1.28,0.11,1.00,0.11,0.14,0.22,0.79,0.0037,0.0048,     0,0,0,10.89,89.11,0.00,N/A,29.38,22.87,210.23,1.28,32.11,0.14,3.50,0.00,0.33,0.00,1.00,0.00,0.00,0.54,0.65,0.0018,0.0060,     0,0,0,0.16,99.84,0.00,N/A,0.11,0.34,210.23,0.33,8.19,0.00,0.01,0.16,1.43,0.11,1.00,0.11,0.14,0.22,0.78,0.0032,0.0042,     0,0,0,10.89,89.11,0.00,N/A,32.67,22.86,210.23,1.43,35.73,0.16,3.89,0.00,0.37,0.00,1.00,0.00,0.00,0.54,0.64,0.0017,0.0065,     0,0,0,0.36,99.64,0.00,N/A,0.28,0.75,210.23,0.37,9.36,0.00,0.03,0.05,1.04,0.04,1.00,0.01,0.01,0.06,0.77,0.0014,0.0015,     0,0,0,4.41,95.59,0.00,N/A,9.68,9.27,210.23,1.04,26.12,0.05,1.15,0.01,0.19,0.06,1.00,0.00,0.01,0.24,0.87,0.0018,0.0025,     0,0,0,6.03,93.97,0.00,N/A,2.43,12.67,210.23,0.19,4.80,0.01,0.29,0.18,1.55,0.11,1.00,0.12,0.15,0.20,0.78,0.0030,0.0038,     0,0,0,11.43,88.57,0.00,N/A,38.70,24.96,210.23,1.55,38.76,0.18,4.43,0.15,1.32,0.11,1.00,0.12,0.16,0.22,0.78,0.0038,0.0049,     0,0,0,11.42,88.58,0.00,N/A,32.94,24.94,210.23,1.32,33.02,0.15,3.77,0.15,1.41,0.10,1.00,0.11,0.14,0.22,0.78,0.0034,0.0044,     0,0,0,10.50,89.50,0.00,N/A,32.41,22.92,210.23,1.41,35.35,0.15,3.71,0.16,1.42,0.11,1.00,0.11,0.15,0.24,0.78,0.0032,0.0043,     0,0,0,11.43,88.57,0.00,N/A,35.42,24.96,210.23,1.42,35.48,0.16,4.05,0.00,0.62,0.00,1.00,0.00,0.00,0.29,0.70,0.0016,0.0025,     0,0,0,0.43,99.57,0.00,N/A,0.56,0.90,210.23,0.62,15.62,0.00,0.07,0.00,0.40,0.00,1.00,0.00,0.00,0.17,0.63,0.0043,0.0055,     0,0,0,0.17,99.83,0.00,N/A,0.14,0.35,210.23,0.40,9.88,0.00,0.02,0.01,1.30,0.00,1.00,0.00,0.00,0.30,0.69,0.0002,0.0004,     0,0,0,0.48,99.52,0.00,N/A,1.32,1.01,210.23,1.30,32.56,0.01,0.16,
2024-03-18,16:02:50.807,0.09,1.49,0.06,1.00,0.69,0.90,0.21,0.78,0.0022,0.0029,0.21,0.19,-2147483648,0.00,0.00,313.82,210.97,209.93,1.49,37.19,0.09,2.36,22.08,0.06,76.81,6.34,93.66,0.00,100.00,0.00,0.00,0.00,0.00,-nan,0.25,0.10,1.49,0.06,1.00,0.35,0.46,0.21,0.79,0.0021,0.0028,     0,0,0,0.10,0.09,-2147483648,0.00,0.00,N/A,162.75,108.98,209.93,1.49,37.34,0.10,2.42,0.09,1.48,0.06,1.00,0.34,0.44,0.21,0.77,0.0023,0.0029,     0,0,0,0.11,0.09,-2147483648,0.00,0.00,N/A,151.06,101.99,209.93,1.48,37.03,0.09,2.29,4.38,4.08,  3%,  3%,6.96,6.65,  5%,  5%,15.54,15.46, 12%, 12%,22.85,22.97, 18%, 18%,6.49,93.51,0.00,100.00,0.00,0.00,6.20,93.80,0.00,100.00,0.00,0.00,0.00,0.00,0.00 ,0.00 ,-nan ,-nan ,0.26,0.24,0.01,0.21,0.07,1.00,0.01,0.01,0.29,0.81,0.0022,0.0034,     0,0,0,6.51,93.49,0.00,N/A,2.86,13.66,209.93,0.21,5.23,0.01,0.34,0.19,1.74,0.11,1.00,0.08,0.11,0.21,0.79,0.0021,0.0027,     0,0,0,10.90,89.10,0.00,N/A,39.93,22.89,209.93,1.74,43.61,0.19,4.75,0.19,1.79,0.11,1.00,0.08,0.10,0.22,0.79,0.0019,0.0025,     0,0,0,10.89,89.11,0,,2,N/A,40.91,22.87,209.93,1.79,44.71,0.19,4.87,0.17,1.60,0.11,1.00,0.09,0.11,0.20,0.79,0.0024,0.0031,     0,0,0,10.89,89.11,0.00,N/A,36.57,22.86,209.93,1.60,40.00,0.17,4.35,0.00,1.16,0.00,1.00,0.00,0.00,0.44,0.68,0.0003,0.0008,     0,0,0,0.34,99.66,0.00,N/A,0.83,0.71,209.93,1.16,29.09,0.00,0.10,0.18,1.70,0.11,1.00,0.09,0.12,0.22,0.78,0.0023,0.0030,     0,0,0,10.88,89.12,0.00,N/A,38.81,22.86,209.93,1.70,42.45,0.18,4.62,0.01,0.89,0.01,1.00,0.00,0.00,0.40,0.57,0.0006,0.0017,     0,0,0,0.69,99.31,0.00,N/A,1.29,1.45,209.93,0.89,22.33,0.01,0.15,0.01,0.92,0.01,1.00,0.00,0.00,0.23,0.59,0.0013,0.0023,     0,0,0,0.80,99.20,0.00,N/A,1.55,1.68,209.93,0.92,23.12,0.01,0.18,0.01,0.20,0.06,1.00,0.01,0.01,0.22,0.85,0.0020,0.0028,     0,0,0,6.29,93.71,0.00,N/A,2.64,13.20,209.93,0.20,4.99,0.01,0.31,0.17,1.66,0.10,1.00,0.08,0.10,0.18,0.76,0.0024,0.0029,     0,0,0,10.34,89.66,0.00,N/A,34.58,20.84,209.93,1.66,41.49,0.17,4.29,0.21,1.81,0.11,1.00,0.08,0.10,0.21,0.78,0.0019,0.0025,     0,0,0,11.35,88.65,0.00,N/A,41.50,22.88,209.93,1.81,45.33,0.21,5.15,0.18,1.59,0.11,1.00,0.10,0.13,0.22,0.77,0.0029,0.0037,     0,0,0,11.32,88.68,0.00,N/A,36.27,22.83,209.93,1.59,39.72,0.18,4.50,0.18,1.70,0.10,1.00,0.07,0.09,0.23,0.77,0.0020,0.0026,     0,0,0,10.33,89.67,0.00,N/A,35.45,20.83,209.93,1.70,42.55,0.18,4.40,0.00,0.53,0.00,1.00,0.00,0.00,0.27,0.62,0.0019,0.0039,     0,0,0,0.41,99.59,0.00,N/A,0.46,0.87,209.93,0.53,13.27,0.00,0.06,0.00,0.32,0.00,1.00,0.00,0.00,0.49,0.74,0.0015,0.0039,     0,0,0,0.09,99.91,0.00,N/A,0.06,0.19,209.93,0.32,7.99,0.00,0.01,0.00,0.31,0.00,1.00,0.00,0.00,0.31,0.65,0.0030,0.0058,     0,0,0,0.16,99.84,0.00,N/A,0.11,0.34,209.93,0.31,7.85,0.00,0.01,
2024-03-18,16:02:50.907,0.09,1.34,0.07,1.00,0.82,1.08,0.22,0.78,0.0028,0.0037,0.19,0.17,-2147483648,0.00,0.00,294.19,219.13,210.11,1.34,33.56,0.09,2.19,30.71,0.09,76.54,6.52,93.48,0.00,100.00,0.00,0.00,0.00,0.00,-nan,0.25,0.08,1.30,0.06,1.00,0.39,0.52,0.22,0.79,0.0028,0.0037,     0,0,0,0.10,0.08,-2147483648,0.00,0.00,N/A,140.76,107.95,210.11,1.30,32.60,0.08,2.09,0.09,1.38,0.07,1.00,0.43,0.56,0.22,0.78,0.0028,0.0036,     0,0,0,0.09,0.08,-2147483648,0.00,0.00,N/A,153.43,111.17,210.11,1.38,34.50,0.09,2.28,7.46,7.42,  6%,  6%,8.05,7.77,  6%,  6%,18.73,18.23, 15%, 14%,19.71,19.87, 15%, 16%,6.42,93.58,0.00,100.00,0.00,0.00,6.62,93.38,0.00,100.00,0.00,0.00,0.00,0.00,0.00 ,0.00 ,-nan ,-nan ,0.24,0.26,0.01,0.20,0.06,1.00,0.01,0.01,0.25,0.85,0.0020,0.0027,     0,0,0,6.43,93.57,0.00,N/A,2.76,13.51,210.11,0.20,5.11,0.01,0.33,0.18,1.62,0.11,1.00,0.09,0.12,0.21,0.80,0.0024,0.0031,     0,0,0,10.89,89.11,0.00,N/A,37.17,22.88,210.11,1.62,40.62,0.18,4.43,0.16,1.47,0.11,1.00,0.10,0.13,0.23,0.79,0.0030,0.0040,     0,0,0,10.89,89.11,0.00,N/A,33.58,22.86,210.11,1.47,36.73,0.16,4.00,0.14,1.27,0.11,1.00,0.10,0.13,0.22,0.79,0.0035,0.0046,     0,0,0,10.89,89.11,0.00,N/A,29.09,22.86,210.11,1.27,31.82,0.14,3.46,0.00,0.97,0.00,1.00,0.00,0.00,0.44,0.59,0.0005,0.0013,     0,0,0,0.33,99.67,0.00,N/A,0.66,0.68,210.11,0.97,24.19,0.00,0.08,0.17,1.58,0.11,1.00,0.09,0.12,0.22,0.78,0.0026,0.0034,     0,0,0,10.89,89.11,0.00,N/A,36.03,22.86,210.11,1.58,39.40,0.17,4.29,0.00,1.35,0.00,1.00,0.00,0.00,0.66,0.79,0.0001,0.0004,     0,0,0,0.30,99.70,0.00,N/A,0.84,0.62,210.11,1.35,33.81,0.00,0.10,0.00,0.37,0.01,1.00,0.00,0.00,0.18,0.59,0.0042,0.0065,     0,0,0,0.80,99.20,0.00,N/A,0.61,1.68,210.11,0.37,9.15,0.00,0.07,0.01,0.19,0.07,1.00,0.00,0.01,0.24,0.87,0.0018,0.0026,     0,0,0,6.63,93.37,0.00,N/A,2.64,13.93,210.11,0.19,4.74,0.01,0.31,0.20,1.72,0.12,1.00,0.10,0.13,0.20,0.78,0.0024,0.0030,     0,0,0,11.87,88.13,0.00,N/A,42.85,24.93,210.11,1.72,42.96,0.20,5.10,0.16,1.48,0.11,1.00,0.11,0.13,0.21,0.78,0.0031,0.0040,     0,0,0,10.90,89.10,0.00,N/A,33.91,22.89,210.11,1.48,37.03,0.16,4.04,0.16,1.45,0.11,1.00,0.11,0.15,0.22,0.77,0.0034,0.0044,     0,0,0,10.89,89.11,0.00,N/A,33.18,22.87,210.11,1.45,36.27,0.16,3.95,0.19,1.61,0.12,1.00,0.10,0.14,0.24,0.77,0.0026,0.0034,     0,0,0,11.87,88.13,0.00,N/A,40.26,24.93,210.11,1.61,40.37,0.19,4.79,0.00,0.25,0.00,1.00,0.00,0.00,0.36,0.56,0.0039,0.0083,     0,0,0,0.33,99.67,0.00,N/A,0.18,0.70,210.11,0.25,6.31,0.00,0.02,0.00,0.35,0.00,1.00,0.00,0.00,0.43,0.65,0.0026,0.0064,     0,0,0,0.18,99.82,0.00,N/A,0.13,0.37,210.11,0.35,8.80,0.00,0.02,0.00,0.52,0.00,1.00,0.00,0.00,0.31,0.59,0.0027,0.0049,     0,0,0,0.26,99.74,0.00,N/A,0.28,0.54,210.11,0.52,13.04,0.00,0.03,
2024-03-18,16:02:51.010,0.09,1.38,0.06,1.00,0.73,0.96,0.22,0.78,0.0025,0.0033,0.23,0.20,-2147483648,0.00,0.00,293.37,212.91,209.80,1.38,34.45,0.09,2.18,35.52,0.08,78.83,6.33,93.67,0.00,100.00,0.00,0.00,0.00,0.00,-nan,0.25,0.08,1.30,0.06,1.00,0.35,0.47,0.22,0.79,0.0026,0.0034,     0,0,0,0.13,0.12,-2147483648,0.00,0.00,N/A,138.00,106.22,209.80,1.30,32.48,0.08,2.05,0.09,1.46,0.06,1.00,0.38,0.49,0.21,0.78,0.0024,0.0031,     0,0,0,0.10,0.08,-2147483648,0.00,0.00,N/A,155.37,106.70,209.80,1.46,36.41,0.09,2.31,11.46,9.87,  9%,  8%,7.23,6.95,  5%,  5%,18.78,15.72, 15%, 12%,22.10,22.23, 17%, 17%,6.30,93.70,0.00,100.00,0.00,0.00,6.35,93.65,0.00,100.00,0.00,0.00,0.00,0.00,0.00 ,0.00 ,-nan ,-nan ,0.26,0.24,0.01,0.23,0.06,1.00,0.01,0.01,0.25,0.84,0.0018,0.0026,     0,0,0,6.23,93.77,0.00,N/A,3.01,13.08,209.80,0.23,5.76,0.01,0.36,0.18,1.68,0.11,1.00,0.08,0.11,0.23,0.79,0.0021,0.0028,     0,0,0,10.90,89.10,0.00,N/A,38.38,22.89,209.80,1.68,41.91,0.18,4.57,0.14,1.29,0.11,1.00,0.09,0.12,0.22,0.78,0.0032,0.0042,     0,0,0,10.88,89.12,0.00,N/A,29.55,22.85,209.80,1.29,32.32,0.14,3.52,0.13,1.24,0.11,1.00,0.09,0.12,0.21,0.78,0.0031,0.0041,     0,0,0,10.57,89.43,0.00,N/A,28.35,22.87,209.80,1.24,30.99,0.13,3.28,0.00,0.39,0.00,1.00,0.00,0.00,0.83,0.79,0.0003,0.0033,     0,0,0,0.07,99.93,0.00,N/A,0.06,0.14,209.80,0.39,9.75,0.00,0.01,0.18,1.64,0.11,1.00,0.08,0.11,0.21,0.79,0.0022,0.0029,     0,0,0,10.88,89.12,0.00,N/A,37.55,22.86,209.80,1.64,41.07,0.18,4.47,0.00,0.91,0.00,1.00,0.00,0.00,0.41,0.55,0.0007,0.0017,     0,0,0,0.37,99.63,0.00,N/A,0.70,0.77,209.80,0.91,22.77,0.00,0.08,0.00,0.54,0.00,1.00,0.00,0.00,0.20,0.50,0.0023,0.0040,     0,0,0,0.36,99.64,0.00,N/A,0.40,0.75,209.80,0.54,13.42,0.00,0.05,0.01,0.19,0.06,1.00,0.00,0.01,0.23,0.87,0.0018,0.0025,     0,0,0,6.05,93.95,0.00,N/A,2.43,12.69,209.80,0.19,4.78,0.01,0.29,0.19,1.72,0.11,1.00,0.09,0.12,0.21,0.79,0.0023,0.0029,     0,0,0,10.90,89.10,0.00,N/A,39.44,22.89,209.80,1.72,43.09,0.19,4.70,0.18,1.63,0.11,1.00,0.10,0.12,0.20,0.77,0.0026,0.0033,     0,0,0,10.90,89.10,0.00,N/A,37.18,22.88,209.80,1.63,40.63,0.18,4.43,0.17,1.53,0.11,1.00,0.10,0.13,0.21,0.77,0.0029,0.0037,     0,0,0,10.88,89.12,0.00,N/A,34.90,22.86,209.80,1.53,38.18,0.17,4.15,0.19,1.70,0.11,1.00,0.08,0.11,0.24,0.78,0.0022,0.0029,     0,0,0,10.89,89.11,0.00,N/A,38.95,22.88,209.80,1.70,42.56,0.19,4.64,0.01,0.86,0.01,1.00,0.00,0.00,0.28,0.69,0.0011,0.0017,     0,0,0,0.59,99.41,0.00,N/A,1.06,1.23,209.80,0.86,21.46,0.01,0.13,0.00,0.36,0.00,1.00,0.00,0.00,0.51,0.68,0.0018,0.0057,     0,0,0,0.11,99.89,0.00,N/A,0.08,0.23,209.80,0.36,8.98,0.00,0.01,0.01,1.27,0.00,1.00,0.00,0.00,0.38,0.69,0.0003,0.0005,     0,0,0,0.50,99.50,0.00,N/A,1.33,1.05,209.80,1.27,31.85,0.01,0.16,
2024-03-18,16:02:51.107,0.08,1.23,0.06,1.00,0.89,1.16,0.21,0.79,0.0034,0.0044,0.20,0.17,-2147483648,0.00,0.00,259.95,211.55,210.01,1.23,30.72,0.08,1.94,33.51,0.09,83.89,6.31,93.69,0.00,100.00,0.00,0.00,0.00,0.00,-nan,0.25,0.08,1.22,0.06,1.00,0.44,0.57,0.21,0.79,0.0034,0.0045,     0,0,0,0.10,0.08,-2147483648,0.00,0.00,N/A,128.36,105.53,210.01,1.22,30.41,0.08,1.92,0.08,1.24,0.06,1.00,0.45,0.58,0.22,0.78,0.0034,0.0044,     0,0,0,0.09,0.08,-2147483648,0.00,0.00,N/A,131.59,106.02,210.01,1.24,31.03,0.08,1.96,9.47,9.89,  7%,  8%,7.19,6.96,  5%,  5%,22.27,22.41, 18%, 18%,19.54,19.67, 15%, 15%,6.31,93.69,0.00,100.00,0.00,0.00,6.31,93.69,0.00,100.00,0.00,0.00,0.00,0.00,0.00 ,0.00 ,-nan ,-nan ,0.24,0.26,0.01,0.20,0.06,1.00,0.00,0.01,0.22,0.86,0.0019,0.0026,     0,0,0,5.87,94.13,0.00,N/A,2.50,12.32,210.01,0.20,5.08,0.01,0.30,0.16,1.45,0.11,1.00,0.10,0.14,0.22,0.79,0.0031,0.0042,     0,0,0,10.89,89.11,0.00,N/A,33.18,22.88,210.01,1.45,36.27,0.16,3.95,0.14,1.29,0.11,1.00,0.11,0.15,0.21,0.79,0.0039,0.0051,     0,0,0,10.89,89.11,0.00,N/A,29.40,22.86,210.01,1.29,32.15,0.14,3.50,0.14,1.29,0.11,1.00,0.11,0.14,0.20,0.79,0.0038,0.0048,     0,0,0NN/A,2,88.78,0.00,N/A,29.49,22.86,210.01,1.29,32.25,0.14,3.62,0.00,0.33,0.00,1.00,0.00,0.00,0.50,0.63,0.0020,0.0061,     0,0,0,0.26,99.74,0.00,N/A,0.18,0.54,210.01,0.33,8.36,0.00,0.02,0.16,1.44,0.11,1.00,0.10,0.14,0.21,0.79,0.0032,0.0041,     0,0,0,10.88,89.12,0.00,N/A,33.00,22.85,210.01,1.44,36.11,0.16,3.93,0.00,0.58,0.00,1.00,0.00,0.00,0.35,0.59,0.0013,0.0034,     0,0,0,0.31,99.69,0.00,N/A,0.38,0.65,210.01,0.58,14.56,0.00,0.04,0.00,0.38,0.00,1.00,0.00,0.00,0.37,0.62,0.0024,0.0062,     0,0,0,0.28,99.72,0.00,N/A,0.22,0.58,210.01,0.38,9.43,0.00,0.03,0.01,0.19,0.06,1.00,0.00,0.01,0.24,0.88,0.0018,0.0024,     0,0,0,5.86,94.14,0.00,N/A,2.40,12.31,210.01,0.19,4.87,0.01,0.29,0.16,1.45,0.11,1.00,0.11,0.14,0.20,0.78,0.0034,0.0043,     0,0,0,10.90,89.10,0.00,N/A,33.13,22.88,210.01,1.45,36.19,0.16,3.94,0.15,1.34,0.11,1.00,0.12,0.15,0.21,0.77,0.0038,0.0049,     0,0,0,10.90,89.10,0.00,N/A,30.76,22.89,210.01,1.34,33.61,0.15,3.66,0.14,1.32,0.11,1.00,0.11,0.15,0.21,0.78,0.0038,0.0049,     0,0,0,10.91,89.09,0.00,N/A,30.25,22.92,210.01,1.32,33.00,0.14,3.60,0.16,1.46,0.11,1.00,0.10,0.13,0.24,0.78,0.0030,0.0040,     0,0,0,10.90,89.10,0.00,N/A,33.33,22.88,210.01,1.46,36.42,0.16,3.97,0.00,0.32,0.00,1.00,0.00,0.00,0.43,0.68,0.0027,0.0059,     0,0,0,0.17,99.83,0.00,N/A,0.11,0.35,210.01,0.32,7.96,0.00,0.01,0.00,0.34,0.00,1.00,0.00,0.00,0.48,0.66,0.0022,0.0063,     0,0,0,0.19,99.81,0.00,N/A,0.13,0.39,210.01,0.34,8.42,0.00,0.02,0.01,1.05,0.01,1.00,0.00,0.00,0.24,0.60,0.0007,0.0011,     0,0,0,0.67,99.33,0.00,N/A,1.48,1.40,210.01,1.05,26.33,0.01,0.18,
2024-03-18,16:02:51.214,0.08,1.27,0.07,1.00,0.89,1.16,0.22,0.78,0.0031,0.0041,0.26,0.23,-2147483648,0.00,0.00,286.62,226.44,210.13,1.27,31.64,0.08,2.12,39.89,0.08,84.93,6.71,93.29,0.00,100.00,0.00,0.00,0.00,0.00,-nan,0.25,0.09,1.31,0.07,1.00,0.42,0.56,0.22,0.79,0.0028,0.0037,     0,0,0,0.15,0.13,-2147483648,0.00,0.00,N/A,151.88,116.13,210.13,1.31,32.70,0.09,2.26,0.08,1.22,0.07,1.00,0.47,0.61,0.22,0.78,0.0035,0.0045,     0,0,0,0.12,0.09,-2147483648,0.00,0.00,N/A,134.74,110.31,210.13,1.22,30.54,0.08,1.99,9.85,9.49,  7%,  7%,10.42,10.13,  8%,  8%,20.18,19.75, 16%, 16%,22.41,22.60, 18%, 18%,6.91,93.09,0.00,100.00,0.00,0.00,6.51,93.49,0.00,100.00,0.00,0.00,0.00,0.00,0.00 ,0.00 ,-nan ,-nan ,0.26,0.24,0.01,0.20,0.06,1.00,0.00,0.01,0.24,0.87,0.0018,0.0025,     0,0,0,5.91,94.09,0.00,N/A,2.45,12.42,210.13,0.20,4.93,0.01,0.29,0.17,1.58,0.11,1.00,0.09,0.12,0.22,0.79,0.0026,0.0034,     0,0,0,10.90,89.10,0.00,N/A,36.20,22.88,210.13,1.58,39.55,0.17,4.31,0.14,1.28,0.11,1.00,0.11,0.15,0.21,0.79,0.0038,0.0050,     0,0,0,10.89,89.11,0.00,N/A,29.38,22.87,210.13,1.28,32.12,0.14,3.50,0.16,1.47,0.11,1.00,0.10,0.13,0.21,0.79,0.0030,0.0039,     0,0,0,10.89,89.11,0.00,N/A,33.52,22.86,210.13,1.47,36.66,0.16,3.99,0.04,1.23,0.03,1.00,0.01,0.02,0.29,0.68,0.0016,0.0022,     0,0,0,3.19,96.81,0.00,N/A,8.26,6.70,210.13,1.23,30.80,0.04,0.98,0.17,1.60,0.11,1.00,0.09,0.12,0.21,0.80,0.0025,0.0032,     0,0,0,10.89,89.11,0.00,N/A,36.59,22.87,210.13,1.60,40.00,0.17,4.36,0.01,1.23,0.01,1.00,0.00,0.01,0.48,0.53,0.0017,0.0037,     0,0,0,1.11,98.89,0.00,N/A,2.85,2.33,210.13,1.23,30.63,0.01,0.34,0.01,0.82,0.02,1.00,0.00,0.00,0.21,0.72,0.0010,0.0015,     0,0,0,1.52,98.48,0.00,N/A,2.63,3.20,210.13,0.82,20.55,0.01,0.31,0.01,0.19,0.06,1.00,0.00,0.01,0.32,0.86,0.0018,0.0028,     0,0,0,6.14,93.86,0.00,N/A,2.46,12.91,210.13,0.19,4.76,0.01,0.29,0.16,1.46,0.11,1.00,0.11,0.14,0.20,0.78,0.0033,0.0043,     0,0,0,10.90,89.10,0.00,N/A,33.34,22.88,210.13,1.46,36.43,0.16,3.97,0.15,1.36,0.11,1.00,0.12,0.15,0.21,0.77,0.0038,0.0048,     0,0,0,10.90,89.10,0.00,N/A,31.01,22.89,210.13,1.36,33.88,0.15,3.69,0.14,1.31,0.11,1.00,0.13,0.17,0.21,0.77,0.0040,0.0052,     0,0,0,11.09,88.91,0.00,N/A,32.58,24.91,210.13,1.31,32.69,0.14,3.62,0.16,1.43,0.11,1.00,0.10,0.13,0.23,0.78,0.0031,0.0041,     0,0,0,10.89,89.11,0.00,N/A,32.66,22.88,210.13,1.43,35.69,0.16,3.89,0.01,0.82,0.01,1.00,0.00,0.00,0.72,0.76,0.0004,0.0018,     0,0,0,0.66,99.34,0.00,N/A,1.13,1.38,210.13,0.82,20.49,0.01,0.13,0.00,0.68,0.01,1.00,0.00,0.00,0.27,0.66,0.0011,0.0017,     0,0,0,0.72,99.28,0.00,N/A,1.02,1.52,210.13,0.68,16.88,0.00,0.12,0.00,0.56,0.00,1.00,0.00,0.00,0.29,0.76,0.0021,0.0036,     0,0,0,0.45,99.55,0.00,N/A,0.53,0.95,210.13,0.56,13.88,0.00,0.06,
2024-03-18,16:02:51.307,0.08,1.34,0.06,1.00,0.81,1.06,0.21,0.79,0.0029,0.0037,0.20,0.17,-2147483648,0.00,0.00,282.25,211.05,209.81,1.34,33.43,0.08,2.11,40.49,0.11,75.80,6.31,93.69,0.00,100.00,0.00,0.00,0.00,0.00,-nan,0.25,0.08,1.32,0.06,1.00,0.41,0.54,0.21,0.79,0.0030,0.0039,     0,0,0,0.11,0.09,-2147483648,0.00,0.00,N/A,138.69,105.46,209.81,1.32,32.88,0.08,2.06,0.09,1.36,0.06,1.00,0.40,0.52,0.22,0.78,0.0028,0.0036,     0,0,0,0.09,0.08,-2147483648,0.00,0.00,N/A,143.57,105.59,209.81,1.36,33.99,0.09,2.16,9.64,9.13,  7%,  7%,11.00,10.72,  8%,  8%,20.33,19.62, 16%, 16%,17.90,17.96, 14%, 14%,6.28,93.72,0.00,100.00,0.00,0.00,6.34,93.66,0.00,100.00,0.00,0.00,0.00,0.00,0.00 ,0.00 ,-nan ,-nan ,0.24,0.26,0.01,0.20,0.06,1.00,0.01,0.01,0.34,0.83,0.0020,0.0032,     0,0,0,6.02,93.98,0.00,N/A,2.56,12.62,209.81,0.20,5.07,0.01,0.31,0.17,1.60,0.11,1.00,0.10,0.13,0.22,0.79,0.0027,0.0035,     0,0,0,10.89,89.11,0.00,N/A,36.67,22.87,209.81,1.60,40.08,0.17,4.37,0.16,1.47,0.11,1.00,0.10,0.13,0.22,0.79,0.0030,0.0040,     0,0,0,10.89,89.11,0.00,N/A,33.60,22.87,209.81,1.47,36.74,0.16,4.00,0.14,1.28,0.11,1.00,0.11,0.14,0.20,0.78,0.0037,0.0047,     0,0,0,10.89,89.11,0.00,N/A,29.31,22.86,209.81,1.28,32.05,0.14,3.49,0.00,0.27,0.00,1.00,0.00,0.00,0.26,0.53,0.0050,0.0083,     0,0,0,0.25,99.75,0.00,N/A,0.14,0.52,209.81,0.27,6.67,0.00,0.02,0.17,1.58,0.11,1.00,0.10,0.13,0.21,0.79,0.0027,0.0035,     0,0,0,10.89,89.11,0.00,N/A,36.07,22.86,209.81,1.58,39.45,0.17,4.29,0.00,0.34,0.00,1.00,0.00,0.00,0.18,0.58,0.0043,0.0067,     0,0,0,0.22,99.78,0.00,N/A,0.16,0.47,209.81,0.34,8.56,0.00,0.02,0.00,0.44,0.00,1.00,0.00,0.00,0.31,0.52,0.0036,0.0073,     0,0,0,0.19,99.81,0.00,N/A,0.17,0.40,209.81,0.44,10.95,0.00,0.02,0.01,0.19,0.06,1.00,0.00,0.01,0.22,0.88,0.0018,0.0024,     0,0,0,6.00,94.00,0.00,N/A,2.39,12.59,209.81,0.19,4.75,0.01,0.29,0.18,1.64,0.11,1.00,0.09,0.12,0.21,0.79,0.0025,0.0033,     0,0,0,10.90,89.10,0.00,N/A,37.43,22.88,209.81,1.64,40.89,0.18,4.46,0.16,1.50,0.11,1.00,0.11,0.14,0.20,0.77,0.0031,0.0040,     0,0,0,10.90,89.10,0.00,N/A,34.36,22.89,209.81,1.50,37.53,0.16,4.09,0.18,1.50,0.12,1.00,0.10,0.13,0.21,0.77,0.0030,0.0039,     0,0,0,11.72,88.28,0.00,N/A,34.36,22.89,209.81,1.50,37.53,0.18,4.40,0.16,1.49,0.11,1.00,0.09,0.12,0.24,0.79,0.0026,0.0035,     0,0,0,10.89,89.11,0.00,N/A,34.06,22.87,209.81,1.49,37.23,0.16,4.05,0.00,0.46,0.00,1.00,0.00,0.00,0.36,0.72,0.0019,0.0041,     0,0,0,0.24,99.76,0.00,N/A,0.24,0.51,209.81,0.46,11.60,0.00,0.03,0.00,0.38,0.00,1.00,0.00,0.00,0.69,0.65,0.0012,0.0055,     0,0,0,0.13,99.87,0.00,N/A,0.10,0.26,209.81,0.38,9.57,0.00,0.01,0.00,0.90,0.00,1.00,0.00,0.00,0.26,0.53,0.0010,0.0016,     0,0,0,0.34,99.66,0.00,N/A,0.63,0.71,209.81,0.90,22.44,0.00,0.08,
2024-03-18,16:02:51.407,0.08,1.27,0.07,1.00,0.87,1.13,0.21,0.79,0.0031,0.0041,0.24,0.20,-2147483648,0.00,0.00,277.91,218.62,210.02,1.27,31.78,0.08,2.07,35.95,0.08,73.94,6.51,93.49,0.00,100.00,0.00,0.00,0.00,0.00,-nan,0.25,0.08,1.24,0.07,1.00,0.43,0.56,0.21,0.79,0.0031,0.0040,     0,0,0,0.13,0.11,-2147483648,0.00,0.00,N/A,138.29,111.21,210.02,1.24,31.09,0.08,2.06,0.08,1.30,0.06,1.00,0.44,0.57,0.21,0.78,0.0032,0.0041,     0,0,0,0.11,0.09,-2147483648,0.00,0.00,N/A,139.62,107.41,210.02,1.30,32.50,0.08,2.08,8.38,8.30,  6%,  6%,9.81,9.46,  7%,  7%,16.42,18.44, 13%, 15%,19.46,19.62, 15%, 15%,6.62,93.38,0.00,100.00,0.00,0.00,6.39,93.61,0.00,100.00,0.00,0.00,0.00,0.00,0.00 ,0.00 ,-nan ,-nan ,0.26,0.24,0.02,0.30,0.07,1.00,0.01,0.01,0.30,0.83,0.0015,0.0022,     0,0,0,6.62,93.38,0.00,N/A,4.12,13.91,210.02,0.30,7.41,0.02,0.49,0.16,1.44,0.11,1.00,0.10,0.13,0.22,0.80,0.0030,0.0040,     0,0,0,10.91,89.09,0.00,N/A,33.05,22.91,210.02,1.44,36.06,0.16,3.93,0.15,1.38,0.11,1.00,0.11,0.14,0.20,0.78,0.0035,0.0044,     0,0,0,10.88,89.12,0.00,N/A,31.53,22.85,210.02,1.38,34.49,0.15,3.75,0.14,1.30,0.11,1.00,0.11,0.14,0.20,0.79,0.0036,0.0046,     0,0,0,10.90,89.10,0.00,N/A,29.72,22.90,210.02,1.30,32.44,0.14,3.54,0.00,0.35,0.00,1.00,0.00,0.00,0.23,0.65,0.0034,,,99.6,     0,0,0,0.24,99.76,0.00,N/A,0.18,0.51,210.02,0.35,8.79,0.00,0.02,0.16,1.45,0.11,1.00,0.10,0.13,0.22,0.80,0.0030,0.0039,     0,0,0,10.90,89.10,0.00,N/A,33.18,22.89,210.02,1.45,36.23,0.16,3.95,0.01,1.11,0.01,1.00,0.00,0.00,0.33,0.89,0.0009,0.0014,     0,0,0,1.25,98.75,0.00,N/A,2.92,2.62,210.02,1.11,27.85,0.01,0.35,0.02,1.38,0.01,1.00,0.00,0.00,0.22,0.69,0.0006,0.0009,     0,0,0,1.24,98.76,0.00,N/A,3.59,2.61,210.02,1.38,34.42,0.02,0.43,0.01,0.23,0.06,1.00,0.00,0.01,0.25,0.87,0.0014,0.0020,     0,0,0,6.42,93.58,0.00,N/A,3.07,13.49,210.02,0.23,5.69,0.01,0.37,0.16,1.47,0.11,1.00,0.11,0.14,0.20,0.78,0.0033,0.0042,     0,0,0,10.90,89.10,0.00,N/A,33.75,22.89,210.02,1.47,36.86,0.16,4.02,0.16,1.45,0.11,1.00,0.11,0.14,0.21,0.77,0.0034,0.0043,     0,0,0,10.89,89.11,0.00,N/A,33.13,22.88,210.02,1.45,36.20,0.16,3.94,0.16,1.45,0.11,1.00,0.11,0.14,0.21,0.77,0.0034,0.0043,     0,0,0,10.89,89.11,0.00,N/A,33.23,22.87,210.02,1.45,36.33,0.16,3.96,0.16,1.50,0.11,1.00,0.10,0.13,0.24,0.78,0.0029,0.0039,     0,0,0,10.89,89.11,0.00,N/A,34.22,22.88,210.02,1.50,37.39,0.16,4.07,0.00,0.61,0.00,1.00,0.00,0.00,0.15,0.61,0.0022,0.0031,     0,0,0,0.30,99.70,0.00,N/A,0.39,0.64,210.02,0.61,15.19,0.00,0.05,0.00,0.35,0.00,1.00,0.00,0.00,0.57,0.67,0.0015,0.0059,     0,0,0,0.12,99.88,0.00,N/A,0.08,0.24,210.02,0.35,8.75,0.00,0.01,0.01,1.14,0.01,1.00,0.00,0.00,0.30,0.71,0.0004,0.0008,     0,0,0,0.73,99.27,0.00,N/A,1.76,1.54,210.02,1.14,28.60,0.01,0.21,
2024-03-18,16:02:51.507,0.08,1.25,0.06,1.00,0.90,1.17,0.21,0.79,0.0033,0.0044,0.20,0.17,-2147483648,0.00,0.00,269.50,216.42,210.29,1.25,31.13,0.08,2.00,36.67,0.10,83.38,6.44,93.56,0.00,100.00,0.00,0.00,0.00,0.00,-nan,0.25,0.08,1.21,0.07,1.00,0.47,0.62,0.21,0.79,0.0035,0.0046,     0,0,0,0.11,0.09,-2147483648,0.00,0.00,N/A,135.01,111.40,210.29,1.21,30.30,0.08,2.01,0.08,1.28,0.06,1.00,0.43,0.56,0.22,0.78,0.0032,0.0041,     0,0,0,0.09,0.08,-2147483648,0.00,0.00,N/A,134.49,105.03,210.29,1.28,32.01,0.08,2.00,9.29,9.33,  7%,  7%,9.16,8.90,  7%,  7%,20.57,18.17, 16%, 14%,22.28,22.37, 17%, 18%,6.63,93.37,0.00,100.00,0.00,0.00,6.25,93.75,0.00,100.00,0.00,0.00,0.00,0.00,0.00 ,0.00 ,-nan ,-nan ,0.24,0.26,0.01,0.20,0.06,1.00,0.00,0.01,0.23,0.87,0.0018,0.0024,     0,0,0,5.90,94.10,0.00,N/A,2.45,12.41,210.29,0.20,4.93,0.01,0.29,0.17,1.42,0.12,1.00,0.12,0.15,0.22,0.79,0.0033,0.0044,     0,0,0,11.87,88.13,0.00,N/A,35.33,24.92,210.29,1.42,35.45,0.17,4.21,0.14,1.31,0.11,1.00,0.11,0.14,0.22,0.79,0.0037,0.0048,     0,0,0,10.90,89.10,0.00,N/A,29.98,22.90,210.29,1.31,32.73,0.14,3.57,0.15,1.26,0.12,1.00,0.12,0.16,0.20,0.79,0.0039,0.0050,     0,0,0,11.87,88.13,0.00,N/A,31.40,24.92,210.29,1.26,31.50,0.15,3.74,0.00,0.61,0.00,1.00,0.00,0.00,0.45,0.57,0.0012,0.0033,     0,0,0,0.29,99.71,0.00,N/A,0.37,0.60,210.29,0.61,15.25,0.00,0.04,0.17,1.41,0.12,1.00,0.12,0.15,0.21,0.79,0.0033,0.0042,     0,0,0,11.86,88.14,0.00,N/A,35.20,24.90,210.29,1.41,35.34,0.17,4.19,0.00,0.45,0.00,1.00,0.00,0.00,0.53,0.68,0.0015,0.0054,     0,0,0,0.18,99.82,0.00,N/A,0.17,0.38,210.29,0.45,11.24,0.00,0.02,0.00,0.32,0.00,1.00,0.00,0.00,0.35,0.63,0.0023,0.0061,     0,0,0,0.17,99.83,0.00,N/A,0.12,0.37,210.29,0.32,7.97,0.00,0.01,0.01,0.19,0.06,1.00,0.00,0.01,0.22,0.88,0.0018,0.0024,     0,0,0,5.90,94.10,0.00,N/A,2.36,12.42,210.29,0.19,4.76,0.01,0.28,0.16,1.50,0.11,1.00,0.10,0.13,0.21,0.79,0.0030,0.0039,     0,0,0,10.89,89.11,0.00,N/A,34.23,22.88,210.29,1.50,37.41,0.16,4.08,0.15,1.33,0.11,1.00,0.12,0.15,0.21,0.77,0.0038,0.0048,     0,0,0,10.91,89.09,0.00,N/A,30.52,22.91,210.29,1.33,33.30,0.15,3.63,0.16,1.49,0.11,1.00,0.11,0.14,0.21,0.77,0.0032,0.0041,     0,0,0,10.89,89.11,0.00,N/A,34.01,22.87,210.29,1.49,37.18,0.16,4.05,0.16,1.44,0.11,1.00,0.10,0.13,0.23,0.79,0.0030,0.0039,     0,0,0,10.89,89.11,0.00,N/A,32.97,22.87,210.29,1.44,36.05,0.16,3.93,0.00,0.32,0.00,1.00,0.00,0.00,0.19,0.69,0.0033,0.0051,     0,0,0,0.17,99.83,0.00,N/A,0.12,0.36,210.29,0.32,8.08,0.00,0.01,0.00,0.36,0.00,1.00,0.00,0.00,0.71,0.64,0.0013,0.0065,     0,0,0,0.13,99.87,0.00,N/A,0.10,0.28,210.29,0.36,8.93,0.00,0.01,0.00,0.39,0.00,1.00,0.00,0.00,0.32,0.55,0.0035,0.0067,     0,0,0,0.21,99.79,0.00,N/A,0.17,0.45,210.29,0.39,9.65,0.00,0.02,
2024-03-18,16:02:51.607,0.08,1.31,0.06,1.00,0.85,1.11,0.22,0.79,0.0030,0.0039,0.25,0.21,-2147483648,0.00,0.00,284.23,217.15,209.71,1.31,32.72,0.08,2.12,31.85,0.07,87.77,6.47,93.53,0.00,100.00,0.00,0.00,0.00,0.00,-nan,0.25,0.09,1.33,0.06,1.00,0.41,0.54,0.22,0.79,0.0028,0.0037,     0,0,0,0.13,0.12,-2147483648,0.00,0.00,N/A,144.61,108.95,209.71,1.33,33.18,0.09,2.15,0.08,1.29,0.06,1.00,0.44,0.57,0.22,0.78,0.0032,0.0041,     0,0,0,0.11,0.09,-2147483648,0.00,0.00,N/A,139.62,108.20,209.71,1.29,32.26,0.08,2.08,8.09,7.28,  6%,  5%,8.38,8.11,  6%,  6%,17.13,19.40, 13%, 15%,25.49,25.75, 20%, 20%,6.49,93.51,0.00,100.00,0.00,0.00,6.44,93.56,0.00,100.00,0.00,0.00,0.00,0.00,0.00 ,0.00 ,-nan ,-nan ,0.26,0.24,0.02,0.28,0.06,1.00,0.01,0.01,0.23,0.86,0.0014,0.0018,     0,0,0,6.36,93.64,0.00,N/A,3.79,13.34,209.71,0.28,7.10,0.02,0.45,0.18,1.62,0.11,1.00,0.09,0.12,0.23,0.80,0.0025,0.0033,     0,0,0,10.89,89.11,0.00,N/A,37.08,22.88,209.71,1.62,40.53,0.18,4.41,0.17,1.44,0.12,1.00,0.11,0.15,0.22,0.79,0.0031,0.0041,     0,0,0,11.86,88.14,0.00,N/A,35.77,24.90,209.71,1.44,35.91,0.17,4.26,0.14,1.33,0.11,1.00,0.10,0.13,0.20,0.79,0.0034,0.0044,     0,0,0,10.88,89.12,0.00,N/A,30.36,22.86,209.71,1.33,33.21,0.14,3.61,0.00,0.78,0.01,1.00,0.00,0.00,0.28,0.60,0.0009,0.0021,     0,0,0,0.54,99.46,0.00,N/A,0.88,1.13,209.71,0.78,19.47,0.00,0.11,0.17,1.59,0.11,1.00,0.09,0.12,0.22,0.80,0.0026,0.0034,     0,0,0,10.89,89.11,0.00,N/A,36.39,22.86,209.71,1.59,39.79,0.17,4.33,0.00,0.32,0.00,1.00,0.00,0.00,0.63,0.62,0.0017,0.0069,     0,0,0,0.14,99.86,0.00,N/A,0.10,0.30,209.71,0.32,7.97,0.00,0.01,0.00,0.35,0.00,1.00,0.00,0.00,0.29,0.56,0.0037,0.0074,     0,0,0,0.32,99.68,0.00,N/A,0.23,0.68,209.71,0.35,8.66,0.00,0.03,0.01,0.19,0.06,1.00,0.00,0.01,0.21,0.87,0.0019,0.0024,     0,0,0,6.07,93.93,0.00,N/A,2.40,12.73,209.71,0.19,4.72,0.01,0.29,0.17,1.54,0.11,1.00,0.10,0.13,0.20,0.78,0.0029,0.0037,     0,0,0,10.90,89.10,0.00,N/A,35.14,22.88,209.71,1.54,38.39,0.17,4.18,0.18,1.48,0.12,1.00,0.12,0.15,0.21,0.77,0.0031,0.0040,     0,0,0,11.87,88.13,0.00,N/A,37.00,24.94,209.71,1.48,37.10,0.18,4.41,0.14,1.28,0.11,1.00,0.12,0.16,0.22,0.77,0.0041,0.0054,     0,0,0,10.89,89.11,0.00,N/A,29.37,22.87,209.71,1.28,32.11,0.14,3.50,0.17,1.52,0.11,1.00,0.09,0.12,0.23,0.79,0.0027,0.0036,     0,0,0,10.90,89.10,0.00,N/A,34.80,22.88,209.71,1.52,38.02,0.17,4.14,0.00,0.58,0.01,1.00,0.00,0.00,0.29,0.66,0.0017,0.0031,     0,0,0,0.56,99.44,0.00,N/A,0.67,1.17,209.71,0.58,14.45,0.00,0.08,0.00,0.31,0.00,1.00,0.00,0.00,0.24,0.64,0.0029,0.0054,     0,0,0,0.18,99.82,0.00,N/A,0.11,0.37,209.71,0.31,7.65,0.00,0.01,0.00,0.33,0.00,1.00,0.00,0.00,0.34,0.67,0.0024,0.0051,     0,0,0,0.17,99.83,0.00,N/A,0.12,0.36,209.71,0.33,8.25,0.00,0.01,
2024-03-18,16:02:51.707,0.09,1.41,0.06,1.00,0.77,1.01,0.22,0.78,0.0026,0.0033,0.20,0.17,-2147483648,0.00,0.00,300.69,213.56,210.11,1.41,35.20,0.09,2.24,26.67,0.07,67.74,6.35,93.65,0.00,100.00,0.00,0.00,0.00,0.00,-nan,0.25,0.09,1.45,0.06,1.00,0.36,0.47,0.22,0.79,0.0023,0.0030,     0,0,0,0.10,0.09,-2147483648,0.00,0.00,N/A,153.95,105.98,210.11,1.45,36.32,0.09,2.29,0.09,1.36,0.06,1.00,0.41,0.54,0.22,0.78,0.0028,0.0037,     0,0,0,0.09,0.08,-2147483648,0.00,0.00,N/A,146.74,107.58,210.11,1.36,34.10,0.09,2.18,6.40,5.47,  5%,  4%,7.53,7.26,  6%,  5%,12.09,13.20,  9%, 10%,21.16,21.30, 17%, 17%,6.31,93.69,0.00,100.00,0.00,0.00,6.40,93.60,0.00,100.00,0.00,0.00,0.00,0.00,0.00 ,0.00 ,-nan ,-nan ,0.24,0.26,0.01,0.22,0.06,1.00,0.01,0.01,0.23,0.85,0.0019,0.0026,     0,0,0,6.33,93.67,0.00,N/A,2.88,13.31,210.11,0.22,5.40,0.01,0.34,0.19,1.71,0.11,1.00,0.08,0.11,0.23,0.79,0.0021,0.0028,     0,0,0,10.90,89.10,0.00,N/A,39.23,22.90,210.11,1.71,42.83,0.19,4.67,0.17,1.53,0.11,1.00,0.10,0.12,0.22,0.79,0.0027,0.0036,     0,0,0,10.89,89.11,0.00,N/A,34.97,22.87,210.11,1.53,38.22,0.17,4.16,0.18,1.62,0.11,1.00,0.09,0.11,0.21,0.79,0.0024,0.0031,     0,0,0,10.90,89.10,0.00,N/A,36.96,22.89,210.11,1.62,40.38,0.18,4.40,0.00,0.35,0.00,1.00,0.00,0.00,0.72,0.67,0.0010,0.0056,     0,0,0,0.11,99.89,0.00,N/A,0.08,0.23,210.11,0.35,8.64,0.00,0.01,0.19,1.72,0.11,1.00,0.08,0.11,0.22,0.79,0.0,0,00.0028,     0,0,0,10.89,89.11,0.00,N/A,39.35,22.88,210.11,1.72,43.00,0.19,4.68,0.00,0.37,0.00,1.00,0.00,0.00,0.52,0.61,0.0019,0.0059,     0,0,0,0.19,99.81,0.00,N/A,0.14,0.39,210.11,0.37,9.26,0.00,0.02,0.00,0.65,0.00,1.00,0.00,0.00,0.43,0.63,0.0011,0.0029,     0,0,0,0.25,99.75,0.00,N/A,0.34,0.52,210.11,0.65,16.36,0.00,0.04,0.01,0.20,0.06,1.00,0.01,0.01,0.26,0.86,0.0020,0.0027,     0,0,0,6.33,93.67,0.00,N/A,2.61,13.30,210.11,0.20,4.91,0.01,0.31,0.16,1.49,0.11,1.00,0.11,0.14,0.19,0.77,0.0031,0.0040,     0,0,0,10.91,89.09,0.00,N/A,34.18,22.91,210.11,1.49,37.29,0.16,4.07,0.18,1.61,0.11,1.00,0.10,0.13,0.22,0.78,0.0027,0.0035,     0,0,0,10.90,89.10,0.00,N/A,36.90,22.89,210.11,1.61,40.29,0.18,4.39,0.16,1.48,0.11,1.00,0.11,0.14,0.21,0.78,0.0033,0.0042,     0,0,0,10.89,89.11,0.00,N/A,33.87,22.88,210.11,1.48,37.01,0.16,4.03,0.17,1.60,0.11,1.00,0.09,0.12,0.24,0.78,0.0025,0.0033,     0,0,0,10.91,89.09,0.00,N/A,36.57,22.91,210.11,1.60,39.90,0.17,4.35,0.00,0.63,0.00,1.00,0.00,0.00,0.40,0.60,0.0012,0.0029,     0,0,0,0.26,99.74,0.00,N/A,0.34,0.55,210.11,0.63,15.64,0.00,0.04,0.00,0.85,0.00,1.00,0.00,0.00,0.40,0.62,0.0009,0.0023,     0,0,0,0.33,99.67,0.00,N/A,0.59,0.69,210.11,0.85,21.29,0.00,0.07,0.01,1.17,0.01,1.00,0.00,0.00,0.32,0.58,0.0006,0.0011,     0,0,0,0.69,99.31,0.00,N/A,1.69,1.45,210.11,1.17,29.19,0.01,0.20,
2024-03-18,16:02:51.807,0.08,1.22,0.06,1.00,0.90,1.17,0.22,0.79,0.0034,0.0044,0.25,0.22,-2147483648,0.00,0.00,266.41,217.98,210.09,1.22,30.55,0.08,1.98,33.51,0.07,76.59,6.49,93.51,0.00,100.00,0.00,0.00,0.00,0.00,-nan,0.25,0.08,1.22,0.06,1.00,0.43,0.56,0.22,0.79,0.0033,0.0043,     0,0,0,0.14,0.13,-2147483648,0.00,0.00,N/A,129.81,106.48,210.09,1.22,30.48,0.08,1.93,0.08,1.23,0.07,1.00,0.47,0.61,0.22,0.78,0.0034,0.0045,     0,0,0,0.12,0.09,-2147483648,0.00,0.00,N/A,136.60,111.50,210.09,1.23,30.63,0.08,2.03,9.23,9.20,  7%,  7%,7.68,7.40,  6%,  5%,20.26,17.85, 16%, 14%,19.16,19.32, 15%, 15%,6.34,93.66,0.00,100.00,0.00,0.00,6.64,93.36,0.00,100.00,0.00,0.00,0.00,0.00,0.00 ,0.00 ,-nan ,-nan ,0.26,0.24,0.01,0.20,0.07,1.00,0.01,0.01,0.26,0.84,0.0021,0.0030,     0,0,0,6.56,93.44,0.00,N/A,2.79,13.79,210.09,0.20,5.07,0.01,0.33,0.16,1.47,0.11,1.00,0.10,0.13,0.22,0.79,0.0030,0.0040,     0,0,0,10.89,89.11,0.00,N/A,33.56,22.87,210.09,1.47,36.69,0.16,4.00,0.14,1.30,0.11,1.00,0.11,0.14,0.22,0.79,0.0037,0.0049,     0,0,0,10.89,89.11,0.00,N/A,29.65,22.86,210.09,1.30,32.43,0.14,3.53,0.14,1.32,0.11,1.00,0.11,0.14,0.21,0.79,0.0036,0.0047,     0,0,0,10.89,89.11,0.00,N/A,30.08,22.86,210.09,1.32,32.89,0.14,3.58,0.00,0.40,0.00,1.00,0.00,0.00,0.75,0.75,0.0007,0.0042,     0,0,0,0.08,99.92,0.00,N/A,0.07,0.17,210.09,0.40,10.02,0.00,0.01,0.16,1.46,0.11,1.00,0.10,0.13,0.22,0.80,0.0030,0.0039,     0,0,0,10.89,89.11,0.00,N/A,33.29,22.86,210.09,1.46,36.40,0.16,3.96,0.00,0.38,0.00,1.00,0.00,0.00,0.77,0.64,0.0009,0.0063,     0,0,0,0.11,99.89,0.00,N/A,0.09,0.23,210.09,0.38,9.44,0.00,0.01,0.00,0.33,0.00,1.00,0.00,0.00,0.28,0.51,0.0039,0.0076,     0,0,0,0.40,99.60,0.00,N/A,0.28,0.84,210.09,0.33,8.33,0.00,0.03,0.01,0.19,0.06,1.00,0.00,0.01,0.26,0.87,0.0018,0.0025,     0,0,0,6.43,93.57,0.00,N/A,2.60,13.51,210.09,0.19,4.81,0.01,0.31,0.17,1.45,0.12,1.00,0.12,0.16,0.20,0.78,0.0034,0.0043,     0,0,0,11.87,88.13,0.00,N/A,36.15,24.93,210.09,1.45,36.25,0.17,4.30,0.15,1.33,0.11,1.00,0.11,0.15,0.22,0.78,0.0037,0.0048,     0,0,0,10.89,89.11,0.00,N/A,30.50,22.88,210.09,1.33,33.32,0.15,3.63,0.14,1.32,0.11,1.00,0.12,0.15,0.21,0.78,0.0038,0.0050,     0,0,0,10.89,89.11,0.00,N/A,30.30,22.87,210.09,1.32,33.12,0.14,3.61,0.17,1.45,0.12,1.00,0.11,0.14,0.23,0.78,0.0030,0.0039,     0,0,0,11.87,88.13,0.00,N/A,36.20,24.93,210.09,1.45,36.30,0.17,4.31,0.00,0.23,0.00,1.00,0.00,0.00,0.23,0.53,0.0053,0.0093,     0,0,0,0.35,99.65,0.00,N/A,0.17,0.74,210.09,0.23,5.79,0.00,0.02,0.00,0.31,0.00,1.00,0.00,0.00,0.36,0.57,0.0044,0.0085,     0,0,0,0.31,99.69,0.00,N/A,0.21,0.66,210.09,0.31,7.85,0.00,0.02,0.00,0.49,0.00,1.00,0.00,0.00,0.28,0.54,0.0035,0.0062,     0,0,0,0.46,99.54,0.00,N/A,0.48,0.97,210.09,0.49,12.24,0.00,0.06,
2024-03-18,16:02:51.907,0.08,1.36,0.06,1.00,0.80,1.04,0.21,0.79,0.0028,0.0037,0.17,0.14,-2147483648,0.00,0.00,284.50,209.63,209.92,1.36,33.93,0.08,2.12,35.21,0.11,89.95,6.24,93.76,0.00,100.00,0.00,0.00,0.00,0.00,-nan,0.25,0.08,1.33,0.06,1.00,0.40,0.51,0.21,0.79,0.0028,0.0037,     0,0,0,0.09,0.08,-2147483648,0.00,0.00,N/A,139.54,104.63,209.92,1.33,33.34,0.08,2.08,0.09,1.38,0.06,1.00,0.41,0.53,0.22,0.78,0.0028,0.0037,     0,0,0,0.08,0.07,-2147483648,0.00,0.00,N/A,144.96,104.99,209.92,1.38,34.52,0.09,2.16,10.70,10.62,  8%,  8%,7.07,6.82,  5%,  5%,23.54,23.42, 19%, 19%,21.42,21.57, 17%, 17%,6.23,93.77,0.00,100.00,0.00,0.00,6.25,93.75,0.00,100.00,0.00,0.00,0.00,0.00,0.00 ,0.00 ,-nan ,-nan ,0.24,0.26,0.01,0.20,0.06,1.00,0.00,0.01,0.18,0.87,0.0019,0.0024,     0,0,0,5.91,94.09,0.00,N/A,2.51,12.40,209.92,0.20,5.07,0.01,0.30,0.17,1.60,0.11,1.00,0.09,0.12,0.22,0.79,0.0025,0.0034,     0,0,0,10.90,89.10,0.00,N/A,36.57,22.88,209.92,1.60,39.95,0.17,4.35,0.16,1.49,0.11,1.00,0.10,0.13,0.22,0.79,0.0029,0.0038,     0,0,0,10.89,89.11,0.00,N/A,34.05,22.86,209.92,1.49,37.23,0.16,4.05,0.16,1.46,0.11,1.00,0.10,0.13,0.20,0.79,0.0030,0.0038,     0,0,0,10.90,89.10,0.00,N/A,33.34,22.89,209.92,1.46,36.42,0.16,3.97,0.00,0.39,0.00,1.00,0.00,0.00,0.84,0.80,0.0003,0.0029,     0,0,0,0.07,99.93,0.00,N/A,0.05,0.14,209.92,0.39,9.73,0.00,0.01,0.16,1.44,0.11,1.00,0.10,0.13,0.19,0.79,0.0030,0.0038,     0,0,0,10.88,89.12,0.00,N/A,32.82,22.86,209.92,1.44,35.90,0.16,3.91,0.00,0.21,0.00,1.00,0.00,0.00,0.23,0.66,0.0044,0.0065,     0,0,0,0.15,99.85,0.00,N/A,0.07,0.32,209.92,0.21,5.31,0.00,0.01,0.00,0.44,0.00,1.00,0.00,0.00,0.45,0.59,0.0021,0.0061,     0,0,0,0.14,99.86,0.00,N/A,0.13,0.29,209.92,0.44,11.09,0.00,0.02,0.01,0.19,0.06,1.00,0.00,0.01,0.22,0.88,0.0018,0.0023,     0,0,0,6.00,94.00,0.00,N/A,2.42,12.59,209.92,0.19,4.80,0.01,0.29,0.18,1.61,0.11,1.00,0.10,0.13,0.21,0.79,0.0027,0.0034,     0,0,0,10.90,89.10,0.00,N/A,36.82,22.90,209.92,1.61,40.20,0.18,4.38,0.16,1.50,0.11,1.00,0.10,0.13,0.21,0.78,0.0030,0.0039,     0,0,0,10.90,89.10,0.00,N/A,34.28,22.89,209.92,1.50,37.44,0.16,4.08,0.16,1.50,0.11,1.00,0.11,0.14,0.22,0.77,0.0032,0.0041,     0,0,0,10.89,89.11,0.00,N/A,34.20,22.87,209.92,1.50,37.39,0.16,4.07,0.18,1.62,0.11,1.00,0.09,0.12,0.24,0.79,0.0025,0.0033,     0,0,0,10.90,89.10,0.00,N/A,36.96,22.88,209.92,1.62,40.38,0.18,4.40,0.00,0.35,0.00,1.00,0.00,0.00,0.67,0.69,0.0014,0.0053,     0,0,0,0.14,99.86,0.00,N/A,0.10,0.29,209.92,0.35,8.75,0.00,0.01,0.00,0.31,0.00,1.00,0.00,0.00,0.39,0.61,0.0026,0.0070,     0,0,0,0.14,99.86,0.00,N/A,0.09,0.28,209.92,0.31,7.86,0.00,0.01,0.00,0.32,0.00,1.00,0.00,0.00,0.38,0.65,0.0029,0.0062,     0,0,0,0.14,99.86,0.00,N/A,0.09,0.29,209.92,0.32,8.09,0.00,0.01,
2024-03-18,16:02:52.008,0.08,1.22,0.06,1.00,0.90,1.16,0.21,0.79,0.0034,0.0044,0.25,0.22,-2147483648,0.00,0.00,263.47,215.40,211.96,1.22,30.58,0.08,1.94,31.70,0.07,75.31,6.35,93.65,0.00,100.00,0.00,0.00,0.00,0.00,-nan,0.24,0.08,1.20,0.06,1.00,0.44,0.58,0.21,0.79,0.0035,0.0045,     0,0,0,0.14,0.12,-2147483648,0.00,0.00,N/A,128.38,106.99,211.96,1.20,30.00,0.08,1.89,0.08,1.25,0.06,1.00,0.45,0.59,0.22,0.78,0.0034,0.0043,     0,0,0,0.11,0.09,-2147483648,0.00,0.00,N/A,135.08,108.41,211.96,1.25,31.15,0.08,1.99,9.40,8.73,  7%,  7%,6.94,6.63,  5%,  5%,21.44,21.31, 17%, 17%,16.28,16.28, 13%, 13%,6.31,93.69,0.00,100.00,0.00,0.00,6.39,93.61,0.00,100.00,0.00,0.00,0.00,0.00,0.00 ,0.00 ,-nan ,-nan ,0.25,0.24,0.01,0.19,0.06,1.00,0.00,0.01,0.20,0.88,0.0018,0.0023,     0,0,0,5.88,94.12,0.00,N/A,2.43,12.47,211.96,0.19,4.87,0.01,0.29,0.16,1.46,0.11,1.00,0.10,0.14,0.22,0.79,0.0031,0.0041,     0,0,0,10.78,89.22,0.00,N/A,33.34,22.87,211.96,1.46,36.43,0.16,3.93,0.14,1.29,0.11,1.00,0.11,0.15,0.21,0.79,0.0038,0.0049,     0,0,0,10.78,89.22,0.00,N/A,29.47,22.86,211.96,1.29,32.22,0.14,3.47,0.14,1.29,0.11,1.00,0.11,0.14,0.21,0.79,0.0038,0.0049,     0,0,0,10.78,89.22,0.00,N/A,29.50,22.87,211.96,1.29,32.24,0.14,3.48,0.00,0.30,0.00,1.00,0.00,0.00,0.60,0.57,0.0018,0.0076,     0,0,0,0.23,99.77,0.00,N/A,0.15,0.49,211.96,0.30,7.60,0.00,0.02,0.16,1.45,0.11,1.00,0.10,0.13,0.21,0.80,0.0031,0.0040,     0,0,0,10.78,89.22,0.00,N/A,33.17,22.86,211.96,1.45,36.28,0.16,3.91,0.00,0.11,0.01,1.00,0.01,0.01,0.02  ,0.,0.0348,0.0364,     0,0,0,1.09,98.91,0.00,N/A,0.24,2.32,211.96,0.11,2.63,0.00,0.03,0.00,0.37,0.00,1.00,0.00,0.00,0.58,0.71,0.0013,0.0046,     0,0,0,0.11,99.89,0.00,N/A,0.09,0.24,211.96,0.37,9.14,0.00,0.01,0.01,0.19,0.06,1.00,0.00,0.01,0.19,0.88,0.0018,0.0023,     0,0,0,6.05,93.95,0.00,N/A,2.39,12.82,211.96,0.19,4.66,0.01,0.28,0.16,1.52,0.11,1.00,0.11,0.14,0.21,0.79,0.0031,0.0040,     0,0,0,10.79,89.21,0.00,N/A,34.74,22.88,211.96,1.52,37.96,0.16,4.09,0.14,1.32,0.11,1.00,0.12,0.15,0.20,0.77,0.0039,0.0050,     0,0,0,10.79,89.21,0.00,N/A,30.22,22.88,211.96,1.32,33.02,0.14,3.56,0.16,1.34,0.12,1.00,0.13,0.16,0.21,0.78,0.0038,0.0049,     0,0,0,11.76,88.24,0.00,N/A,33.30,24.94,211.96,1.34,33.38,0.16,3.92,0.15,1.43,0.11,1.00,0.10,0.13,0.25,0.78,0.0029,0.0039,     0,0,0,10.78,89.22,0.00,N/A,32.72,22.86,211.96,1.43,35.79,0.15,3.86,0.00,0.39,0.00,1.00,0.00,0.00,0.58,0.74,0.0013,0.0047,     0,0,0,0.10,99.90,0.00,N/A,0.08,0.21,211.96,0.39,9.68,0.00,0.01,0.00,0.65,0.00,1.00,0.00,0.00,0.48,0.65,0.0010,0.0031,     0,0,0,0.28,99.72,0.00,N/A,0.38,0.58,211.96,0.65,16.17,0.00,0.04,0.01,1.01,0.01,1.00,0.00,0.00,0.29,0.58,0.0009,0.0016,     0,0,0,0.58,99.42,0.00,N/A,1.25,1.24,211.96,1.01,25.36,0.01,0.15,
2024-03-18,16:02:52.108,0.08,1.25,0.06,1.00,0.75,0.99,0.22,0.79,0.0029,0.0038,0.20,0.17,-2147483648,0.00,0.00,263.09,210.71,210.24,1.25,31.21,0.08,1.96,30.45,0.08,71.15,6.27,93.73,0.00,100.00,0.00,0.00,0.00,0.00,-nan,0.25,0.08,1.21,0.06,1.00,0.39,0.51,0.22,0.79,0.0030,0.0040,     0,0,0,0.11,0.09,-2147483648,0.00,0.00,N/A,128.56,106.29,210.24,1.21,30.24,0.08,1.91,0.08,1.29,0.06,1.00,0.36,0.48,0.22,0.78,0.0027,0.0035,     0,0,0,0.08,0.08,-2147483648,0.00,0.00,N/A,134.53,104.43,210.24,1.29,32.21,0.08,2.00,7.81,6.74,  6%,  5%,8.11,7.78,  6%,  6%,15.86,16.49, 12%, 13%,19.35,19.45, 15%, 15%,6.32,93.68,0.00,100.00,0.00,0.00,6.21,93.79,0.00,100.00,0.00,0.00,0.00,0.00,0.00 ,0.00 ,-nan ,-nan ,0.25,0.26,0.02,0.28,0.06,1.00,0.00,0.01,0.21,0.88,0.0012,0.0015,     0,0,0,6.12,93.88,0.00,N/A,3.64,12.86,210.24,0.28,7.08,0.02,0.43,0.15,1.42,0.11,1.00,0.09,0.13,0.22,0.79,0.0029,0.0039,     0,0,0,10.89,89.11,0.00,N/A,32.37,22.86,210.24,1.42,35.40,0.15,3.85,0.14,1.27,0.11,1.00,0.10,0.13,0.22,0.79,0.0033,0.0044,     0,0,0,10.88,89.12,0.00,N/A,29.06,22.86,210.24,1.27,31.78,0.14,3.46,0.14,1.29,0.11,1.00,0.10,0.13,0.21,0.79,0.0034,0.0044,     0,0,0,10.88,89.12,0.00,N/A,29.37,22.86,210.24,1.29,32.13,0.14,3.50,0.01,1.04,0.01,1.00,0.00,0.00,0.27,0.70,0.0005,0.0010,     0,0,0,0.74,99.26,0.00,N/A,1.61,1.55,210.24,1.04,26.09,0.01,0.19,0.15,1.42,0.11,1.00,0.09,0.12,0.21,0.80,0.0029,0.0038,     0,0,0,10.88,89.12,0.00,N/A,32.32,22.84,210.24,1.42,35.38,0.15,3.85,0.00,0.37,0.00,1.00,0.00,0.00,0.53,0.65,0.0018,0.0059,     0,0,0,0.15,99.85,0.00,N/A,0.12,0.31,210.24,0.37,9.37,0.00,0.01,0.00,0.41,0.00,1.00,0.00,0.00,0.84,0.77,0.0003,0.0037,     0,0,0,0.07,99.93,0.00,N/A,0.06,0.15,210.24,0.41,10.29,0.00,0.01,0.01,0.19,0.06,1.00,0.00,0.01,0.19,0.89,0.0017,0.0022,     0,0,0,5.81,94.19,0.00,N/A,2.36,12.21,210.24,0.19,4.83,0.01,0.28,0.18,1.64,0.11,1.00,0.08,0.10,0.21,0.79,0.0021,0.0027,     0,0,0,10.89,89.11,0.00,N/A,37.41,22.87,210.24,1.64,40.90,0.18,4.45,0.14,1.27,0.11,1.00,0.10,0.13,0.21,0.77,0.0035,0.0046,     0,0,0,10.89,89.11,0.00,N/A,29.09,22.88,210.24,1.27,31.80,0.14,3.46,0.14,1.32,0.11,1.00,0.10,0.14,0.22,0.77,0.0034,0.0045,     0,0,0,10.89,89.11,0.00,N/A,30.08,22.87,210.24,1.32,32.88,0.14,3.58,0.17,1.54,0.11,1.00,0.07,0.10,0.25,0.78,0.0021,0.0029,     0,0,0,10.89,89.11,0.00,N/A,35.27,22.87,210.24,1.54,38.55,0.17,4.20,0.00,0.40,0.00,1.00,0.00,0.00,0.65,0.79,0.0008,0.0035,     0,0,0,0.09,99.91,0.00,N/A,0.07,0.18,210.24,0.40,9.95,0.00,0.01,0.00,0.42,0.00,1.00,0.00,0.00,0.69,0.73,0.0011,0.0043,     0,0,0,0.10,99.90,0.00,N/A,0.08,0.20,210.24,0.42,10.38,0.00,0.01,0.00,0.46,0.00,1.00,0.00,0.00,0.28,0.66,0.0031,0.0053,     0,0,0,0.16,99.84,0.00,N/A,0.16,0.34,210.24,0.46,11.42,0.00,0.02,
2024-03-18,16:02:52.212,0.05,0.81,0.07,1.00,0.11,0.24,0.33,0.68,0.0006,0.0013,0.17,0.17,-2147483648,0.00,0.00,183.77,226.00,211.84,0.81,20.33,0.05,1.35,71.24,0.21,148.58,6.65,93.35,0.00,100.00,0.00,0.00,0.00,0.00,-nan,0.25,0.06,0.88,0.07,1.00,0.06,0.11,0.25,0.73,0.0006,0.0010,     0,0,0,0.11,0.10,-2147483648,0.00,0.00,N/A,105.83,119.91,211.84,0.88,22.06,0.06,1.55,0.05,0.73,0.06,1.00,0.04,0.13,0.42,0.62,0.0006,0.0017,     0,0,0,0.06,0.07,-2147483648,0.00,0.00,N/A,77.94,106.09,211.84,0.73,18.37,0.05,1.15,12.75,12.59, 10%, 10%,23.21,22.69, 18%, 18%,41.21,40.80, 33%, 32%,33.10,33.47, 26%, 26%,7.04,92.96,0.00,100.00,0.00,0.00,6.26,93.74,0.00,100.00,0.00,0.00,0.00,0.00,0.00 ,0.00 ,-nan ,-nan ,0.26,0.24,0.01,0.23,0.06,1.00,0.01,0.01,0.37,0.82,0.0017,0.0031,     0,0,0,6.30,93.70,0.00,N/A,3.08,13.35,211.84,0.23,5.77,0.01,0.36,0.11,0.90,0.12,1.00,0.01,0.02,0.24,0.67,0.0005,0.0011,     0,0,0,11.77,88.23,0.00,N/A,22.56,24.96,211.84,0.90,22.59,0.11,2.66,0.13,1.19,0.11,1.00,0.01,0.01,0.30,0.82,0.0003,0.0005,     0,0,0,10.78,89.22,0.00,N/A,27.23,22.87,211.84,1.19,29.76,0.13,3.21,0.07,0.57,0.12,1.00,0.02,0.03,0.16,0.54,0.0012,0.0020,     0,0,0,11.78,88.22,0.00,N/A,14.32,24.98,211.84,0.57,14.33,0.07,1.69,0.01,0.93,0.01,1.00,0.00,0.00,0.33,0.58,0.0008,0.0015,     0,0,0,0.77,99.23,0.00,N/A,1.52,1.63,211.84,0.93,23.23,0.01,0.18,0.14,1.19,0.12,1.00,0.01,0.02,0.32,0.80,0.0003,0.0005,     0,0,0,11.76,88.24,0.00,N/A,29.68,24.94,211.84,1.19,29.75,0.14,3.50,0.01,0.78,0.01,1.00,0.00,0.00,0.39,0.66,0.0011,0.0021,     0,0,0,1.07,98.93,0.00,N/A,1.77,2.26,211.84,0.78,19.57,0.01,0.21,0.03,1.16,0.02,1.00,0.01,0.01,0.14,0.73,0.0011,0.0015,     0,0,0,2.24,97.76,0.00,N/A,5.68,4.91,211.84,1.16,28.92,0.03,0.65,0.01,0.19,0.06,1.00,0.00,0.01,0.21,0.89,0.0017,0.0022,     0,0,0,5.81,94.19,0.00,N/A,2.35,12.31,211.84,0.19,4.77,0.01,0.28,0.15,1.35,0.11,1.00,0.01,0.01,0.26,0.84,0.0003,0.0004,     0,0,0,10.78,89.22,0.00,N/A,30.96,22.87,211.84,1.35,33.84,0.15,3.65,0.07,0.62,0.11,1.00,0.01,0.04,0.48,0.46,0.0007,0.0027,     0,0,0,10.81,89.19,0.00,N/A,14.13,22.94,211.84,0.62,15.40,0.07,1.67,0.07,0.62,0.11,1.00,0.01,0.04,0.49,0.48,0.0007,0.0027,     0,0,0,10.80,89.20,0.00,N/A,14.24,22.90,211.84,0.62,15.54,0.07,1.68,0.07,0.62,0.11,1.00,0.01,0.04,0.46,0.48,0.0007,0.0026,     0,0,0,10.79,89.21,0.00,N/A,14.20,22.89,211.84,0.62,15.51,0.07,1.67,0.00,0.69,0.00,1.00,0.00,0.00,0.61,0.83,0.0006,0.0018,     0,0,0,0.16,99.84,0.00,N/A,0.24,0.34,211.84,0.69,17.36,0.00,0.03,0.00,0.55,0.00,1.00,0.00,0.00,0.46,0.59,0.0010,0.0030,     0,0,0,0.36,99.64,0.00,N/A,0.42,0.76,211.84,0.55,13.67,0.00,0.05,0.01,1.30,0.01,1.00,0.00,0.00,0.37,0.78,0.0002,0.0004,     0,0,0,0.51,99.49,0.00,N/A,1.41,1.08,211.84,1.30,32.62,0.01,0.17,
2024-03-18,16:02:52.309,0.05,0.72,0.07,1.00,0.11,0.27,0.33,0.64,0.0007,0.0017,0.14,0.13,-2147483648,0.00,0.00,159.74,223.32,210.40,0.72,17.88,0.05,1.19,77.58,0.28,221.19,6.65,93.35,0.00,100.00,0.00,0.00,0.00,0.00,-nan,0.24,0.05,0.78,0.07,1.00,0.06,0.12,0.27,0.68,0.0007,0.0014,     0,0,0,0.09,0.08,-2147483648,0.00,0.00,N/A,89.55,115.00,210.40,0.78,19.47,0.05,1.34,0.04,0.65,0.06,1.00,0.05,0.14,0.40,0.59,0.0007,0.0020,     0,0,0,0.05,0.05,-2147483648,0.00,0.00,N/A,70.19,108.32,210.40,0.65,16.20,0.04,1.04,18.21,18.32, 14%, 14%,20.73,20.32, 16%, 16%,52.12,51.06, 42%, 41%,58.59,59.43, 47%, 48%,6.87,93.13,0.00,100.00,0.00,0.00,6.44,93.56,0.00,100.00,0.00,0.00,0.00,0.00,0.00 ,0.00 ,-nan ,-nan ,0.24,0.25,0.01,0.21,0.06,1.00,0.01,0.01,0.33,0.83,0.0020,0.0032,     0,0,0,6.10,93.90,0.00,N/A,2.68,12.82,210.40,0.21,5.23,0.01,0.32,0.06,0.50,0.11,1.00,0.01,0.03,0.18,0.45,0.0012,0.0029,     0,0,0,10.92,89.08,0.00,N/A,11.56,22.92,210.40,0.50,12.61,0.06,1.38,0.14,1.19,0.12,1.00,0.01,0.02,0.35,0.79,0.0003,0.0006,     0,0,0,11.86,88.14,0.00,N/A,29.68,24.91,210.40,1.19,29.79,0.14,3.53,0.05,0.50,0.11,1.00,0.01,0.03,0.18,0.45,0.0012,0.0028,     0,0,0,10.91,89.09,0.00,N/A,11.48,22.92,210.40,0.50,12.52,0.05,1.37,0.00,0.43,0.00,1.00,0.00,0.00,0.32,0.60,0.0027,0.0064,     0,0,0,0.33,99.67,0.00,N/A,0.30,0.70,210.40,0.43,10.70,0.00,0.04,0.13,1.19,0.11,1.00,0.01,0.01,0.34,0.79,0.0003,0.0005,     0,0,0,10.89,89.11,0.00,N/A,27.19,22.86,210.40,1.19,29.74,0.13,3.24,0.01,0.73,0.01,1.00,0.00,0.01,0.34,0.66,0.0017,0.0030,     0,0,0,1.33,98.67,0.00,N/A,2.05,2.80,210.40,0.73,18.24,0.01,0.24,0.02,0.91,0.02,1.0.10.01,0.01,0.26,0.76,0.0014,0.0023,     0,0,0,2.50,97.50,0.00,N/A,4.61,5.06,210.40,0.91,22.75,0.02,0.57,0.01,0.20,0.06,1.00,0.00,0.01,0.24,0.86,0.0019,0.0027,     0,0,0,6.15,93.85,0.00,N/A,2.54,12.94,210.40,0.20,4.90,0.01,0.30,0.13,1.19,0.11,1.00,0.01,0.02,0.35,0.80,0.0003,0.0006,     0,0,0,10.89,89.11,0.00,N/A,27.32,22.87,210.40,1.19,29.86,0.13,3.25,0.07,0.56,0.12,1.00,0.01,0.04,0.41,0.44,0.0009,0.0029,     0,0,0,11.89,88.11,0.00,N/A,13.96,24.97,210.40,0.56,13.98,0.07,1.66,0.06,0.56,0.11,1.00,0.01,0.04,0.44,0.46,0.0009,0.0029,     0,0,0,10.91,89.09,0.00,N/A,12.88,22.91,210.40,0.56,14.06,0.06,1.53,0.06,0.56,0.11,1.00,0.01,0.04,0.45,0.44,0.0009,0.0030,     0,0,0,10.90,89.10,0.00,N/A,12.78,22.90,210.40,0.56,13.95,0.06,1.52,0.00,0.50,0.00,1.00,0.00,0.00,0.18,0.70,0.0035,0.0051,     0,0,0,0.33,99.67,0.00,N/A,0.34,0.69,210.40,0.50,12.54,0.00,0.04,0.00,0.31,0.00,1.00,0.00,0.00,0.34,0.59,0.0056,0.0091,     0,0,0,0.22,99.78,0.00,N/A,0.14,0.46,210.40,0.31,7.65,0.00,0.02,0.00,0.40,0.00,1.00,0.00,0.00,0.30,0.64,0.0032,0.0054,     0,0,0,0.28,99.72,0.00,N/A,0.24,0.59,210.40,0.40,10.02,0.00,0.03,
2024-03-18,16:02:52.413,0.05,0.77,0.07,1.00,0.12,0.27,0.35,0.68,0.0006,0.0015,0.17,0.17,-2147483648,0.00,0.00,179.58,233.26,209.71,0.77,19.25,0.05,1.33,71.12,0.21,188.50,6.93,93.07,0.00,100.00,0.00,0.00,0.00,0.00,-nan,0.24,0.06,0.80,0.07,1.00,0.06,0.13,0.31,0.71,0.0006,0.0013,     0,0,0,0.09,0.09,-2147483648,0.00,0.00,N/A,94.57,118.36,209.71,0.80,19.98,0.06,1.40,0.05,0.74,0.07,1.00,0.05,0.15,0.40,0.66,0.0006,0.0017,     0,0,0,0.08,0.08,-2147483648,0.00,0.00,N/A,85.01,114.90,209.71,0.74,18.50,0.05,1.27,16.39,16.46, 13%, 13%,19.30,18.97, 15%, 15%,48.09,47.44, 39%, 38%,46.15,46.82, 37%, 37%,7.01,92.99,0.00,100.00,0.00,0.00,6.84,93.16,0.00,100.00,0.00,0.00,0.00,0.00,0.00 ,0.00 ,-nan ,-nan ,0.24,0.25,0.02,0.29,0.07,1.00,0.01,0.01,0.42,0.76,0.0018,0.0032,     0,0,0,7.22,92.78,0.00,N/A,4.45,15.14,209.71,0.29,7.35,0.02,0.53,0.05,0.50,0.11,1.00,0.01,0.03,0.17,0.44,0.0012,0.0028,     0,0,0,10.92,89.08,0.00,N/A,11.47,22.92,209.71,0.50,12.51,0.05,1.37,0.13,1.20,0.11,1.00,0.01,0.01,0.33,0.83,0.0003,0.0005,     0,0,0,10.89,89.11,0.00,N/A,27.37,22.86,209.71,1.20,29.93,0.13,3.26,0.05,0.50,0.11,1.00,0.01,0.03,0.18,0.43,0.0012,0.0029,     0,0,0,10.91,89.09,0.00,N/A,11.45,22.92,209.71,0.50,12.49,0.05,1.36,0.02,1.03,0.02,1.00,0.00,0.01,0.46,0.65,0.0009,0.0019,     0,0,0,1.82,98.18,0.00,N/A,3.95,3.82,209.71,1.03,25.85,0.02,0.47,0.13,1.20,0.11,1.00,0.01,0.01,0.32,0.80,0.0003,0.0005,     0,0,0,10.89,89.11,0.00,N/A,27.35,22.86,209.71,1.20,29.92,0.13,3.26,0.03,1.22,0.02,1.00,0.00,0.01,0.58,0.91,0.0004,0.0010,     0,0,0,2.06,97.94,0.00,N/A,5.51,4.51,209.71,1.22,30.52,0.03,0.63,0.01,0.91,0.02,1.00,0.00,0.00,0.39,0.67,0.0007,0.0015,     0,0,0,1.58,98.42,0.00,N/A,3.02,3.32,209.71,0.91,22.72,0.01,0.36,0.01,0.21,0.06,1.00,0.01,0.01,0.31,0.83,0.0019,0.0029,     0,0,0,6.50,93.50,0.00,N/A,2.92,13.62,209.71,0.21,5.35,0.01,0.35,0.16,1.47,0.11,1.00,0.01,0.01,0.28,0.85,0.0003,0.0004,     0,0,0,10.92,89.08,0.00,N/A,33.80,22.92,209.71,1.47,36.86,0.16,4.02,0.06,0.56,0.11,1.00,0.01,0.04,0.43,0.43,0.0009,0.0029,     0,0,0,10.92,89.08,0.00,N/A,12.90,22.92,209.71,0.56,14.07,0.06,1.54,0.06,0.57,0.11,1.00,0.01,0.04,0.42,0.46,0.0009,0.0028,     0,0,0,10.91,89.09,0.00,N/A,12.97,22.91,209.71,0.57,14.15,0.06,1.54,0.06,0.56,0.11,1.00,0.01,0.04,0.45,0.45,0.0009,0.0029,     0,0,0,10.93,89.07,0.00,N/A,12.95,22.95,209.71,0.56,14.10,0.06,1.54,0.01,0.88,0.01,1.00,0.00,0.00,0.46,0.81,0.0007,0.0015,     0,0,0,1.43,98.57,0.00,N/A,2.65,3.00,209.71,0.88,22.08,0.01,0.32,0.02,0.92,0.02,1.00,0.00,0.01,0.25,0.85,0.0011,0.0015,     0,0,0,2.03,97.97,0.00,N/A,3.91,4.25,209.71,0.92,23.00,0.02,0.47,0.01,1.26,0.01,1.00,0.00,0.00,0.66,0.87,0.0003,0.0009,     0,0,0,1.11,98.89,0.00,N/A,2.93,2.32,209.71,1.26,31.56,0.01,0.35,
2024-03-18,16:02:52.509,0.05,0.78,0.07,1.00,0.14,0.29,0.29,0.67,0.0007,0.0016,0.16,0.14,-2147483648,0.00,0.00,183.00,233.33,210.44,0.78,19.61,0.05,1.36,77.84,0.25,195.61,6.96,93.04,0.00,100.00,0.00,0.00,0.00,0.00,-nan,0.25,0.05,0.78,0.07,1.00,0.06,0.12,0.23,0.69,0.0007,0.0013,     0,0,0,0.10,0.08,-2147483648,0.00,0.00,N/A,88.76,114.28,210.44,0.78,19.42,0.05,1.33,0.06,0.79,0.07,1.00,0.07,0.17,0.33,0.65,0.0008,0.0018,     0,0,0,0.07,0.06,-2147483648,0.00,0.00,N/A,94.23,119.05,210.44,0.79,19.79,0.06,1.40,17.84,17.94, 14%, 14%,21.20,20.85, 17%, 16%,49.47,48.58, 40%, 39%,48.41,49.15, 39%, 39%,6.83,93.17,0.00,100.00,0.00,0.00,7.08,92.92,0.00,100.00,0.00,0.00,0.00,0.00,0.00 ,0.00 ,-nan ,-nan ,0.26,0.25,0.02,0.28,0.07,1.00,0.01,0.01,0.25,0.85,0.0014,0.0019,     0,0,0,6.72,93.28,0.00,N/A,4.00,14.15,210.44,0.28,7.08,0.02,0.48,0.05,0.50,0.11,1.00,0.01,0.03,0.17,0.43,0.0012,0.0029,     0,0,0,10.92,89.08,0.00,N/A,11.44,22.92,210.44,0.50,12.48,0.05,1.36,0.13,1.21,0.11,1.00,0.02,0.02,0.19,0.74,0.0006,0.0008,     0,0,0,10.89,89.11,0.00,N/A,27.58,22.86,210.44,1.21,30.17,0.13,3.28,0.05,0.50,0.11,1.00,0.01,0.03,0.16,0.45,0.0012,0.0028,     0,0,0,10.92,89.08,0.00,N/A,11.42,22.93,210.44,0.50,12.45,0.05,1.36,0.00,0.72,0.00,1.00,0.00,0.00,0.49,0.74,0.0010,0.0024,     0,0,0,0.31,99.69,0.00,N/A,0.47,0.65,210.44,0.72,18.06,0.00,0.06,0.13,1.20,0.11,1.00,0.01,0.01,0.32,0.80,0.0003,0.0005,     0,0,0,10.88,89.12,0.00,N/A,27.38,22.85,210.44,1.20,29.96,0.13,3.26,0.03,0.89,0.03,1.00,0.00,0.01,0.50,0.84,0.0005,0.0012,     0,0,0,3.45,96.55,0.00,N/A,6.16,6.93,210.44,0.89,22.24,0.03,0.77,0.00,0.30,0.00,1.00,0.00,0.00,0.29,0.62,0.0018,0.0046,     0,0,0,0.48,99.52,0.00,N/A,0.30,1.01,210.44,0.30,7.56,0.00,0.04,0.02,0.31,0.07,1.00,0.01,0.01,0.40,0.87,0.0013,0.0022,     0,0,0,7.14,92.86,0.00,N/A,4.60,15.03,210.44,0.31,7.65,0.02,0.55,0.20,1.72,0.12,1.00,0.03,0.03,0.05,0.76,0.0006,0.0006,     0,0,0,11.88,88.12,0.00,N/A,42.80,24.95,210.44,1.72,42.89,0.20,5.10,0.06,0.56,0.11,1.00,0.01,0.04,0.41,0.43,0.0009,0.0029,     0,0,0,10.91,89.09,0.00,N/A,12.88,22.91,210.44,0.56,14.05,0.06,1.53,0.06,0.56,0.11,1.00,0.01,0.04,0.42,0.46,0.0009,0.0029,     0,0,0,10.91,89.09,0.00,N/A,12.84,22.90,210.44,0.56,14.01,0.06,1.53,0.07,0.56,0.12,1.00,0.01,0.04,0.43,0.44,0.0009,0.0030,     0,0,0,11.89,88.11,0.00,N/A,13.91,24.96,210.44,0.56,13.93,0.07,1.66,0.00,0.62,0.01,1.00,0.00,0.00,0.53,0.59,0.0015,0.0037,     0,0,0,0.51,99.49,0.00,N/A,0.67,1.08,210.44,0.62,15.47,0.00,0.08,0.01,0.88,0.01,1.00,0.00,0.00,0.40,0.83,0.0010,0.0017,     0,0,0,1.39,98.61,0.00,N/A,2.57,2.93,210.44,0.88,21.93,0.01,0.31,0.02,0.93,0.02,1.00,0.00,0.01,0.40,0.87,0.0009,0.0017,     0,0,0,2.04,97.96,0.00,N/A,3.97,4.28,210.44,0.93,23.15,0.02,0.47,
2024-03-18,16:02:52.609,0.05,0.78,0.06,1.00,0.10,0.23,0.30,0.66,0.0006,0.0014,0.17,0.17,-2147483648,0.00,0.00,167.61,213.60,209.55,0.78,19.62,0.05,1.25,79.10,0.23,198.81,6.36,93.64,0.00,100.00,0.00,0.00,0.00,0.00,-nan,0.24,0.05,0.77,0.06,1.00,0.05,0.10,0.25,0.68,0.0006,0.0013,     0,0,0,0.09,0.09,-2147483648,0.00,0.00,N/A,82.57,106.83,209.55,0.77,19.32,0.05,1.23,0.05,0.80,0.06,1.00,0.05,0.13,0.35,0.64,0.0006,0.0015,     0,0,0,0.09,0.08,-2147483648,0.00,0.00,N/A,85.04,106.77,209.55,0.80,19.91,0.05,1.27,20.34,19.13, 16%, 15%,20.03,19.61, 16%, 15%,55.48,51.07, 45%, 41%,45.78,46.49, 37%, 37%,6.37,93.63,0.00,100.00,0.00,0.00,6.36,93.64,0.00,100.00,0.00,0.00,0.00,0.00,0.00 ,0.00 ,-nan ,-nan ,0.24,0.25,0.01,0.20,0.06,1.00,0.00,0.01,0.16,0.89,0.0017,0.0021,     0,0,0,5.88,94.12,0.00,N/A,2.43,12.33,209.55,0.20,4.93,0.01,0.29,0.05,0.50,0.11,1.00,0.01,0.03,0.17,0.44,0.0012,0.0029,     0,0,0,10.92,89.08,0.00,N/A,11.44,22.92,209.55,0.50,12.48,0.05,1.36,0.13,1.20,0.11,1.00,0.01,0.01,0.32,0.82,0.0003,0.0005,     0,0,0,10.89,89.11,0.00,N/A,27.47,22.87,209.55,1.20,30.04,0.13,3.27,0.05,0.49,0.11,1.00,0.01,0.03,0.18,0.45,0.0012,0.0029,     0,0,0,10.91,89.09,0.00,N/A,11.32,22.91,209.55,0.49,12.35,0.05,1.35,0.01,0.96,0.01,1.00,0.00,0.00,0.45,0.61,0.0006,0.0017,     0,0,0,0.60,99.40,0.00,N/A,1.21,1.27,209.55,0.96,23.88,0.01,0.14,0.13,1.19,0.11,1.00,0.01,0.01,0.35,0.79,0.0003,0.0006,     0,0,0,10.88,89.12,0.00,N/A,27.18,22.85,209.55,1.19,29.73,0.13,3.24,0.01,0.96,0.01,1.00,0.00,0.00,0.52,0.69,0.0003,0.0009,     0,0,0,0.71,99.29,0.00,N/A,1.43,1.49,209.55,0.96,24.05,0.01,0.17,0.00,0.41,0.00,1.00,0.00,0.00,0.55,0.81,0.0008,0.0026,     0,0,0,0.09,99.91,0.00,N/A,0.08,0.18,209.55,0.41,10.32,0.00,,,0.,0.01,0.19,0.06,1.00,0.00,0.01,0.16,0.89,0.0017,0.0021,     0,0,0,6.01,93.99,0.00,N/A,2.38,12.59,209.55,0.19,4.73,0.01,0.28,0.20,1.83,0.11,1.00,0.01,0.01,0.11,0.90,0.0002,0.0002,     0,0,0,10.91,89.09,0.00,N/A,41.81,22.91,209.55,1.83,45.63,0.20,4.98,0.06,0.56,0.11,1.00,0.01,0.04,0.41,0.44,0.0009,0.0029,     0,0,0,10.91,89.09,0.00,N/A,12.79,22.92,209.55,0.56,13.95,0.06,1.52,0.06,0.57,0.11,1.00,0.01,0.04,0.38,0.47,0.0009,0.0028,     0,0,0,10.91,89.09,0.00,N/A,13.13,22.91,209.55,0.57,14.33,0.06,1.56,0.06,0.56,0.11,1.00,0.01,0.04,0.43,0.45,0.0009,0.0029,     0,0,0,10.91,89.09,0.00,N/A,12.89,22.91,209.55,0.56,14.07,0.06,1.53,0.00,0.43,0.00,1.00,0.00,0.00,0.60,0.84,0.0008,0.0027,     0,0,0,0.06,99.94,0.00,N/A,0.06,0.13,209.55,0.43,10.74,0.00,0.01,0.00,0.41,0.00,1.00,0.00,0.00,0.55,0.66,0.0018,0.0063,     0,0,0,0.15,99.85,0.00,N/A,0.13,0.32,209.55,0.41,10.34,0.00,0.02,0.01,0.88,0.01,1.00,0.00,0.00,0.25,0.55,0.0009,0.0016,     0,0,0,1.00,99.00,0.00,N/A,1.84,2.09,209.55,0.88,22.04,0.01,0.22,
2024-03-18,16:02:52.709,0.05,0.80,0.06,1.00,0.10,0.24,0.29,0.66,0.0006,0.0014,0.16,0.14,-2147483648,0.00,0.00,169.40,212.26,209.92,0.80,19.95,0.05,1.26,76.08,0.25,204.41,6.32,93.68,0.00,100.00,0.00,0.00,0.00,0.00,-nan,0.25,0.05,0.81,0.06,1.00,0.05,0.10,0.22,0.70,0.0006,0.0012,     0,0,0,0.09,0.08,-2147483648,0.00,0.00,N/A,85.24,105.18,209.92,0.81,20.26,0.05,1.27,0.05,0.79,0.06,1.00,0.05,0.14,0.36,0.63,0.0006,0.0016,     0,0,0,0.06,0.06,-2147483648,0.00,0.00,N/A,84.16,107.08,209.92,0.79,19.65,0.05,1.25,18.08,19.26, 14%, 15%,19.53,19.20, 15%, 15%,54.51,56.99, 44%, 46%,46.09,46.83, 37%, 37%,6.26,93.74,0.00,100.00,0.00,0.00,6.37,93.63,0.00,100.00,0.00,0.00,0.00,0.00,0.00 ,0.00 ,-nan ,-nan ,0.26,0.25,0.01,0.20,0.06,1.00,0.01,0.01,0.25,0.86,0.0020,0.0027,     0,0,0,6.01,93.99,0.00,N/A,2.50,12.62,209.92,0.20,4.96,0.01,0.30,0.05,0.50,0.11,1.00,0.01,0.03,0.15,0.43,0.0012,0.0029,     0,0,0,10.92,89.08,0.00,N/A,11.36,22.94,209.92,0.50,12.38,0.05,1.35,0.13,1.19,0.11,1.00,0.01,0.01,0.33,0.82,0.0003,0.0005,     0,0,0,10.89,89.11,0.00,N/A,27.24,22.86,209.92,1.19,29.80,0.13,3.24,0.05,0.49,0.11,1.00,0.01,0.03,0.14,0.44,0.0012,0.0029,     0,0,0,10.92,89.08,0.00,N/A,11.32,22.93,209.92,0.49,12.34,0.05,1.35,0.00,0.44,0.00,1.00,0.00,0.00,0.45,0.75,0.0015,0.0043,     0,0,0,0.11,99.89,0.00,N/A,0.11,0.24,209.92,0.44,11.03,0.00,0.01,0.15,1.42,0.11,1.00,0.01,0.01,0.26,0.84,0.0003,0.0004,     0,0,0,10.89,89.11,0.00,N/A,32.49,22.88,209.92,1.42,35.50,0.15,3.87,0.00,0.42,0.00,1.00,0.00,0.00,0.69,0.74,0.0009,0.0047,     0,0,0,0.10,99.90,0.00,N/A,0.09,0.20,209.92,0.42,10.56,0.00,0.01,0.00,0.26,0.00,1.00,0.00,0.00,0.18,0.57,0.0055,0.0076,     0,0,0,0.24,99.76,0.00,N/A,0.14,0.51,209.92,0.26,6.57,0.00,0.02,0.01,0.20,0.06,1.00,0.01,0.01,0.29,0.84,0.0022,0.0032,     0,0,0,6.41,93.59,0.00,N/A,2.68,13.46,209.92,0.20,4.97,0.01,0.32,0.20,1.84,0.11,1.00,0.01,0.01,0.10,0.91,0.0002,0.0002,     0,0,0,10.91,89.09,0.00,N/A,42.10,22.92,209.92,1.84,45.93,0.20,5.01,0.06,0.56,0.11,1.00,0.01,0.04,0.41,0.43,0.0009,0.0030,     0,0,0,10.92,89.08,0.00,N/A,12.73,22.92,209.92,0.56,13.88,0.06,1.52,0.06,0.55,0.11,1.00,0.01,0.04,0.42,0.45,0.0009,0.0030,     0,0,0,10.92,89.08,0.00,N/A,12.72,22.94,209.92,0.55,13.86,0.06,1.51,0.06,0.56,0.11,1.00,0.01,0.04,0.41,0.44,0.0009,0.0030,     0,0,0,10.91,89.09,0.00,N/A,12.85,22.92,209.92,0.56,14.02,0.06,1.53,0.00,0.76,0.00,1.00,0.00,0.00,0.20,0.64,0.0013,0.0019,     0,0,0,0.33,99.67,0.00,N/A,0.52,0.69,209.92,0.76,19.05,0.00,0.06,0.00,0.56,0.00,1.00,0.00,0.00,0.49,0.72,0.0016,0.0041,     0,0,0,0.27,99.73,0.00,N/A,0.31,0.56,209.92,0.56,13.88,0.00,0.04,0.00,0.39,0.00,1.00,0.00,0.00,0.33,0.60,0.0034,0.0067,     0,0,0,0.32,99.68,0.00,N/A,0.26,0.67,209.92,0.39,9.65,0.00,0.03,
2024-03-18,16:02:52.813,0.05,0.82,0.07,1.00,0.12,0.26,0.28,0.66,0.0006,0.0014,0.19,0.18,-2147483648,0.00,0.00,187.42,227.86,212.01,0.82,20.56,0.05,1.36,74.03,0.20,190.39,6.63,93.37,0.00,100.00,0.00,0.00,0.00,0.00,-nan,0.24,0.06,0.91,0.07,1.00,0.07,0.12,0.17,0.71,0.0006,0.0011,     0,0,0,0.11,0.10,-2147483648,0.00,0.00,N/A,108.10,118.47,212.01,0.91,22.81,0.06,1.58,0.05,0.73,0.06,1.00,0.05,0.14,0.38,0.61,0.0006,0.0018,     0,0,0,0.08,0.08,-2147483648,0.00,0.00,N/A,79.32,109.38,212.01,0.73,18.13,0.05,1.15,17.00,17.08, 13%, 13%,20.14,19.81, 15%, 15%,48.82,48.40, 38%, 38%,46.18,46.99, 36%, 37%,6.91,93.09,0.00,100.00,0.00,0.00,6.35,93.65,0.00,100.00,0.00,0.00,0.00,0.00,0.00 ,0.00 ,-nan ,-nan ,0.23,0.25,0.01,0.21,0.06,1.00,0.01,0.01,0.24,0.85,0.0019,0.0028,     0,0,0,6.16,93.84,0.00,N/A,2.70,13.06,212.01,0.21,5.17,0.01,0.32,0.05,0.51,0.11,1.00,0.01,0.03,0.15,0.44,0.0012,0.0028,     0,0,0,10.81,89.19,0.00,N/A,11.58,22.92,212.01,0.51,12.63,0.05,1.36,0.14,1.20,0.11,1.00,0.01,0.02,0.28,0.83,0.0003,0.0005,     0,0,0,11.42,88.58,0.00,N/A,29.98,24.94,212.01,1.20,30.05,0.14,3.43,0.06,0.50,0.11,1.00,0.02,0.04,0.15,0.44,0.0012,0.0028,     0,0,0,11.45,88.55,0.00,N/A,12.48,25.00,212.01,0.50,12.48,0.06,1.43,0.01,1.38,0.01,1.00,0.00,0.00,0.25,0.66,0.0003,0.0004,     0,0,0,0.98,99.02,0.00,N/A,2.85,2.07,212.01,1.38,34.39,0.01,0.34,0.21,1.80,0.11,1.00,0.01,0.01,0.14,0.90,0.0002,0.0003,     0,0,0,11.44,88.56,0.00,N/A,44.91,24.98,212.01,1.80,44.94,0.21,5.14,0.00,0.60,0.00,1.00,0.00,0.00,0.13,0.52,0.0039,0.0049,     0,0,0,0.37,99.63,0.00,N/A,0.46,0.77,212.01,0.60,14.94,0.00,0.05,0.01,0.66,0.02,1.00,0.01,0.01,0.10,0.48,0.0035,0.0043,     0,0,0,2.23,97.77,0.00,N/A,3.14,4.73,212.01,0.66,16.62,0.01,0.37,0.01,0.20,0.06,1.00,0.00,0.01,0.21,0.88,0.0018,0.0024,     0,0,0,5.96,94.04,0.00,N/A,2.47,12.63,212.01,0.20,4.89,0.01,0.29,0.16,1.55,0.10,1.00,0.01,0.01,0.26,0.87,0.0002,0.0003,     0,0,0,10.48,89.52,0.00,N/A,35.47,22.90,212.01,1.55,38.73,0.16,4.06,0.06,0.56,0.11,1.00,0.01,0.04,0.42,0.43,0.0009,0.0029,     0,0,0,11.45,88.55,0.00,N/A,14.11,25.00,212.01,0.56,14.11,0.06,1.62,0.06,0.56,0.11,1.00,0.01,0.04,0.43,0.45,0.0009,0.0030,     0,0,0,11.44,88.56,0.00,N/A,13.92,24.97,212.01,0.56,13.94,0.06,1.59,0.06,0.56,0.10,1.00,0.01,0.04,0.42,0.44,0.0009,0.0029,     0,0,0,10.50,89.50,0.00,N/A,12.93,22.92,212.01,0.56,14.10,0.06,1.48,0.00,0.47,0.00,1.00,0.00,0.00,0.37,0.67,0.0020,0.0045,     0,0,0,0.28,99.72,0.00,N/A,0.28,0.60,212.01,0.47,11.79,0.00,0.03,0.00,0.43,0.00,1.00,0.00,0.00,0.78,0.82,0.0004,0.0028,     0,0,0,0.06,99.94,0.00,N/A,0.06,0.14,212.01,0.43,10.81,0.00,0.01,0.00,0.35,0.00,1.00,0.00,0.00,0.33,0.69,0.0032,0.0056,     0,0,0,0.11,99.89,0.00,N/A,0.08,0.22,212.01,0.35,8.78,0.00,0.01,
2024-03-18,16:02:52.910,0.05,0.77,0.07,1.00,0.10,0.27,0.36,0.69,0.0006,0.0016,0.17,0.15,-2147483648,0.00,0.00,167.63,219.02,209.97,0.77,19.13,0.05,1.26,80.22,0.25,191.77,6.61,93.39,0.00,100.00,0.00,0.00,0.00,0.00,-nan,0.25,0.06,0.89,0.06,1.00,0.05,0.10,0.19,0.74,0.0005,0.0010,     0,0,0,0.12,0.10,-2147483648,0.00,0.00,N/A,92.87,104.10,209.97,0.89,22.30,0.06,1.40,0.05,0.65,0.07,1.00,0.05,0.17,0.47,0.64,0.0007,0.0023,     0,0,0,0.04,0.05,-2147483648,0.00,0.00,N/A,74.76,114.92,209.97,0.65,16.26,0.05,1.13,17.06,16.85, 14%, 13%,23.37,22.94, 19%, 18%,49.54,48.65, 40%, 40%,46.40,47.18, 37%, 38%,6.27,93.73,0.00,100.00,0.00,0.00,6.94,93.06,0.00,100.00,0.00,0.00,0.00,0.00,0.00 ,0.00 ,-nan ,-nan ,0.26,0.24,0.01,0.20,0.06,1.00,0.00,0.01,0.23,0.87,0.0018,0.0024,     0,0,0,5.81,94.19,0.00,N/A,2.47,12.20,209.97,0.20,5.05,0.01,0.29,0.05,0.49,0.11,1.00,0.01,0.03,0.15,0.45,0.0012,0.0028,     0,0,0,10.93,89.07,0.00,N/A,11.28,22.95,209.97,0.49,12.29,0.05,1.34,0.12,1.20,0.10,1.00,0.01,0.01,0.28,0.80,0.0003,0.0005,     0,0,0,10.21,89.79,0.00,N/A,24.94,20.79,209.97,1.20,29.99,0.12,3.06,0.05,0.49,0.10,1.00,0.01,0.03,0.14,0.43,0.0012,0.0029,     0,0,0,10.24,89.76,0.00,N/A,10.16,20.86,209.97,0.49,12.17,0.05,1.25,0.01,0.85,0.01,1.00,0.00,0.00,0.34,0.68,0.0010,0.0021,     0,0,0,1.24,98.76,0.00,N/A,2.22,2.60,209.97,0.85,21.34,0.01,0.26,0.18,1.80,0.10,1.00,0.01,0.01,0.13,0.90,0.0002,0.0003,     0,0,0,10.23,89.77,0.00,N/A,37.53,20.84,209.97,1.80,45.02,0.18,4.61,0.00,0.51,0.00,1.00,0.00,0.00,0.59,0.77,0.0008,0.0035,     0,0,0,0.26,99.74,0.00,N/A,0.28,0.55,209.97,0.51,12.64,0.00,0.03,0.02,1.21,0.02,1.00,0.00,0.00,0.33,0.95,0.0002,0.0005,     0,0,0,1.57,98.43,0.00,N/A,3.99,3.29,209.97,1.21,30.30,0.02,0.47,0.02,0.29,0.07,1.00,0.00,0.01,0.53,0.83,0.0011,0.0031,     0,0,0,6.74,93.26,0.00,N/A,4.06,14.15,,6.88,,0.29,7.17,0.02,0.48,0.12,1.03,0.11,1.00,0.01,0.02,0.44,0.72,0.0004,0.0009,     0,0,0,11.23,88.77,0.00,N/A,23.57,22.88,209.97,1.03,25.76,0.12,2.89,0.06,0.56,0.10,1.00,0.01,0.03,0.48,0.42,0.0008,0.0030,     0,0,0,10.23,89.77,0.00,N/A,11.77,20.83,209.97,0.56,14.12,0.06,1.44,0.06,0.57,0.11,1.00,0.01,0.04,0.46,0.45,0.0008,0.0029,     0,0,0,11.25,88.75,0.00,N/A,12.95,22.91,209.97,0.57,14.13,0.06,1.59,0.06,0.57,0.11,1.00,0.01,0.04,0.48,0.44,0.0008,0.0030,     0,0,0,11.25,88.75,0.00,N/A,13.05,22.91,209.97,0.57,14.24,0.06,1.60,0.01,0.69,0.02,1.00,0.00,0.01,0.22,0.72,0.0017,0.0041,     0,0,0,1.88,98.12,0.00,N/A,2.71,3.95,209.97,0.69,17.14,0.01,0.32,0.01,0.72,0.01,1.00,0.00,0.01,0.72,0.80,0.0003,0.0033,     0,0,0,1.45,98.55,0.00,N/A,2.20,3.04,209.97,0.72,18.03,0.01,0.26,0.02,1.05,0.02,1.00,0.00,0.01,0.59,0.87,0.0002,0.0015,     0,0,0,2.02,97.98,0.00,N/A,4.47,4.24,209.97,1.05,26.32,0.02,0.53,
2024-03-18,16:02:53.010,0.05,0.77,0.07,1.00,0.13,0.29,0.31,0.63,0.0007,0.0016,0.17,0.17,-2147483648,0.00,0.00,174.83,225.84,210.33,0.77,19.35,0.05,1.30,86.54,0.26,203.51,6.72,93.28,0.00,100.00,0.00,0.00,0.00,0.00,-nan,0.25,0.06,0.90,0.07,1.00,0.08,0.13,0.16,0.69,0.0007,0.0012,     0,0,0,0.10,0.10,-2147483648,0.00,0.00,N/A,105.91,117.31,210.33,0.90,22.57,0.06,1.57,0.04,0.64,0.06,1.00,0.05,0.16,0.47,0.57,0.0007,0.0023,     0,0,0,0.06,0.07,-2147483648,0.00,0.00,N/A,68.92,108.53,210.33,0.64,15.88,0.04,1.02,18.00,17.63, 14%, 14%,25.69,25.21, 20%, 20%,52.49,51.95, 42%, 42%,49.17,49.89, 39%, 40%,6.97,93.03,0.00,100.00,0.00,0.00,6.46,93.54,0.00,100.00,0.00,0.00,0.00,0.00,0.00 ,0.00 ,-nan ,-nan ,0.24,0.26,0.01,0.20,0.06,1.00,0.00,0.01,0.26,0.87,0.0017,0.0024,     0,0,0,5.88,94.12,0.00,N/A,2.47,12.38,210.33,0.20,4.99,0.01,0.29,0.06,0.48,0.12,1.00,0.02,0.03,0.13,0.45,0.0013,0.0028,     0,0,0,11.90,88.10,0.00,N/A,12.10,24.99,210.33,0.48,12.11,0.06,1.44,0.13,1.19,0.11,1.00,0.01,0.01,0.30,0.82,0.0003,0.0005,     0,0,0,10.90,89.10,0.00,N/A,27.26,22.90,210.33,1.19,29.76,0.13,3.25,0.06,0.51,0.12,1.00,0.03,0.05,0.07,0.35,0.0022,0.0036,     0,0,0,11.89,88.11,0.00,N/A,12.72,24.97,210.33,0.51,12.74,0.06,1.51,0.03,1.08,0.02,1.00,0.01,0.01,0.17,0.55,0.0018,0.0025,     0,0,0,2.33,97.67,0.00,N/A,5.33,4.92,210.33,1.08,27.10,0.03,0.63,0.21,1.80,0.12,1.00,0.01,0.01,0.11,0.90,0.0002,0.0002,     0,0,0,11.89,88.11,0.00,N/A,45.01,24.96,210.33,1.80,45.08,0.21,5.36,0.00,0.39,0.00,1.00,0.00,0.00,0.40,0.69,0.0022,0.0050,     0,0,0,0.22,99.78,0.00,N/A,0.18,0.46,210.33,0.39,9.63,0.00,0.02,0.00,0.48,0.01,1.00,0.00,0.00,0.39,0.64,0.0024,0.0044,     0,0,0,0.83,99.17,0.00,N/A,0.84,1.74,210.33,0.48,12.01,0.00,0.10,0.01,0.19,0.06,1.00,0.00,0.01,0.20,0.88,0.0018,0.0023,     0,0,0,6.05,93.95,0.00,N/A,2.41,12.74,210.33,0.19,4.72,0.01,0.29,0.12,1.08,0.11,1.00,0.01,0.03,0.47,0.68,0.0004,0.0011,     0,0,0,10.91,89.09,0.00,N/A,24.79,22.91,210.33,1.08,27.05,0.12,2.95,0.06,0.56,0.11,1.00,0.01,0.04,0.53,0.41,0.0008,0.0031,     0,0,0,10.93,89.07,0.00,N/A,12.91,22.96,210.33,0.56,14.05,0.06,1.54,0.06,0.56,0.11,1.00,0.01,0.04,0.50,0.44,0.0008,0.0030,     0,0,0,10.91,89.09,0.00,N/A,12.78,22.91,210.33,0.56,13.95,0.06,1.52,0.06,0.56,0.11,1.00,0.01,0.04,0.48,0.44,0.0008,0.0030,     0,0,0,10.91,89.09,0.00,N/A,12.85,22.91,210.33,0.56,14.02,0.06,1.53,0.01,0.94,0.01,1.00,0.00,0.00,0.28,0.74,0.0008,0.0013,     0,0,0,1.07,98.93,0.00,N/A,2.12,2.25,210.33,0.94,23.48,0.01,0.25,0.00,0.65,0.01,1.00,0.00,0.00,0.32,0.74,0.0020,0.0033,     0,0,0,0.64,99.36,0.00,N/A,0.88,1.36,210.33,0.65,16.13,0.00,0.10,0.00,0.41,0.00,1.00,0.00,0.00,0.43,0.67,0.0028,0.0062,     0,0,0,0.23,99.77,0.00,N/A,0.20,0.49,210.33,0.41,10.19,0.00,0.02,
2024-03-18,16:02:53.114,0.04,0.66,0.07,1.00,0.11,0.30,0.40,0.59,0.0008,0.0021,0.14,0.14,-2147483648,0.00,0.00,146.25,223.03,209.78,0.66,16.39,0.04,1.08,91.96,0.32,248.45,6.58,93.42,0.00,100.00,0.00,0.00,0.00,0.00,-nan,0.25,0.05,0.72,0.07,1.00,0.06,0.13,0.34,0.64,0.0007,0.0017,     0,0,0,0.10,0.09,-2147483648,0.00,0.00,N/A,80.91,112.50,209.78,0.72,17.98,0.05,1.18,0.04,0.59,0.07,1.00,0.05,0.17,0.45,0.55,0.0008,0.0025,     0,0,0,0.04,0.05,-2147483648,0.00,0.00,N/A,65.35,110.53,209.78,0.59,14.78,0.04,0.97,22.45,22.76, 18%, 18%,23.59,23.16, 18%, 18%,59.88,58.50, 48%, 47%,64.56,65.50, 51%, 52%,6.57,93.43,0.00,100.00,0.00,0.00,6.58,93.42,0.00,100.00,0.00,0.00,0.00,0.00,0.00 ,0.00 ,-nan ,-nan ,0.25,0.24,0.01,0.21,0.06,1.00,0.01,0.01,0.33,0.81,0.0023,0.0036,     0,0,0,6.11,93.89,0.00,N/A,2.70,12.82,209.78,0.21,5.26,0.01,0.32,0.05,0.47,0.10,1.00,0.01,0.03,0.32,0.40,0.0012,0.0033,     0,0,0,10.49,89.51,0.00,N/A,10.75,22.92,209.78,0.47,11.72,0.05,1.23,0.14,1.19,0.11,1.00,0.01,0.02,0.33,0.82,0.0003,0.0006,     0,0,0,11.41,88.59,0.00,N/A,29.69,24.92,209.78,1.19,29.79,0.14,3.40,0.05,0.47,0.10,1.00,0.01,0.03,0.32,0.40,0.0012,0.0033,     0,0,0,10.50,89.50,0.00,N/A,10.66,22.92,209.78,0.47,11.63,0.05,1.22,0.01,1.16,0.01,1.00,0.00,0.00,0.18,0.74,0.0011,0.0016,     0,0,0,1.11,98.89,0.00,N/A,2.71,2.32,209.78,1.16,29.11,0.01,0.32,0.10,0.94,0.10,1.00,0.01,0.03,0.33,0.64,0.0005,0.0012,     0,0,0,10.49,89.51,0.00,N/A,21.52,22.90,209.78,0.94,23.49,0.10,2.46,0.01,0.83,0.01,1.00,0.00,0.00,0.72,0.67,0.0005,0.0024,     0,0,0,1.07,98.93,0.00,N/A,1.86,2.24,209.78,0.83,20.76,0.01,0.22,0.00,0.70,0.01,1.00,0.00,0.00,0.41,0.59,0.0018,0.0039,     0,0,0,0.70,99.30,0.00,N/A,1.03,1.47,209.78,0.70,17.60,0.00,0.12,0.01,0.20,0.06,1.00,0.01,0.01,0.36,0.81,0.0022,0.0038,     0,0,0,6.46,93.54,0.00,N/A,2.71,13.56,209.78,0.20,5.01,0.01,0.32,0.07,1.79,0.04,1.00,0.00,0.00,0.14,0.89,0.0002,0.0003,     0,0,0,4.10,95.90,0.00,N/A,15.34,8.57,209.78,1.79,44.75,0.07,1.83,0.06,0.52,0.12,1.00,0.01,0.04,0.47,0.40,0.0009,0.0032,     0,0,0,11.89,88.11,0.00,N/A,13.06,24.98,209.78,0.52,13.07,0.06,1.55,0.06,0.53,0.11,1.00,0.01,0.04,0.45,0.43,0.0009,0.0032,     0,0,0,10.91,89.09,0.00,N/A,12.18,22.92,209.78,0.53,13.28,0.06,1.45,0.06,0.53,0.11,1.00,0.01,0.04,0.49,0.41,0.0009,0.0032,     0,0,0,10.91,89.09,0.00,N/A,12.11,22.92,209.78,0.53,13.21,0.06,1.44,0.04,0.54,0.07,1.00,0.01,0.03,0.47,0.49,0.0011,0.0033,     0,0,0,7.10,92.90,0.00,N/A,8.11,14.95,209.78,0.54,13.56,0.04,0.96,0.01,0.88,0.01,1.00,0.00,0.00,0.66,0.79,0.0007,0.0023,     0,0,0,0.63,99.37,0.00,N/A,1.16,1.31,209.78,0.88,22.10,0.01,0.14,0.00,0.51,0.01,1.00,0.00,0.00,0.33,0.68,0.0024,0.0039,     0,0,0,0.63,99.37,0.00,N/A,0.68,1.33,209.78,0.51,12.76,0.00,0.08,
2024-03-18,16:02:53.214,0.03,0.53,0.07,1.00,0.11,0.32,0.44,0.52,0.0009,0.0027,0.13,0.16,-2147483648,0.00,0.00,118.25,222.96,210.06,0.53,13.26,0.03,0.87,96.35,0.34,236.18,6.57,93.43,0.00,100.00,0.00,0.00,0.00,0.00,-nan,0.25,0.04,0.58,0.06,1.00,0.05,0.14,0.40,0.57,0.0008,0.0022,     0,0,0,0.07,0.08,-2147483648,0.00,0.00,N/A,63.28,108.60,210.06,0.58,14.57,0.04,0.94,0.03,0.48,0.07,1.00,0.05,0.18,0.48,0.48,0.0010,0.0033,     0,0,0,0.05,0.07,-2147483648,0.00,0.00,N/A,54.97,114.36,210.06,0.48,12.02,0.03,0.80,23.44,23.52, 18%, 18%,24.91,24.49, 19%, 19%,61.96,60.89, 50%, 49%,56.26,57.07, 44%, 45%,6.46,93.54,0.00,100.00,0.00,0.00,6.67,93.33,0.00,100.00,0.00,0.00,0.00,0.00,0.00 ,0.00 ,-nan ,-nan ,0.24,0.25,0.01,0.21,0.07,1.00,0.01,0.01,0.42,0.80,0.0021,0.0038,     0,0,0,6.56,93.44,0.00,N/A,2.87,13.78,210.06,0.21,5.21,0.01,0.34,0.05,0.45,0.11,1.00,0.01,0.04,0.39,0.38,0.0012,0.0035,     0,0,0,10.92,89.08,0.00,N/A,10.40,22.94,210.06,0.45,11.33,0.05,1.24,0.13,1.19,0.11,1.00,0.01,0.02,0.35,0.79,0.0003,0.0006,     0,0,0,10.89,89.11,0.00,N/A,27.19,22.86,210.06,1.19,29.73,0.13,3.24,0.05,0.45,0.11,1.00,0.01,0.04,0.37,0.39,0.0012,0.0034,     0,0,0,10.92,89.08,0.00,N/A,10.37,22.93,210.06,0.45,11.31,0.05,1.23,0.00,0.68,0.00,1.00,0.00,0.00,0.49,0.66,0.0010,0.0035,     0,0,0,0.35,99.65,0.00,N/A,0.50,0.74,210.06,0.68,17.01,0.00,0.06,0.05,0.45,0.11,1.00,0.01,0.04,0.38,0.37,0.0012,0.0034,     0,0,0,10.92,89.08,0.00,N/A,10.40,22.93,210.06,0.45,11.35,0.05,1.24,0.01,0.70,0.01,1.00,0.00,0.00,0.72,0.70,0.0007,0.0031,     0,0,0,0.82,99.18,0.00,N/A,1.20,1.72,210.06,0.70,17.45,0.01,0.14,0.00,0.49,0.00,1.00,0.00,0.00,0.50,0.69,0.0016,0.0050,     0,0,0,0.34,99.66,0.00,N/A,0.34,0.71,210.06,0.49,12.16,0.00,0.04,0.01,0.19,0.06,1.00,0.00,0.01,0.20,0.88,0.0018,0.0024,     0,0,0,6.09,93.91,0.00,N/A,2.46,12.79,210.06,0.19,4.81,0.01,0.29,0.01,0.78,0.01,1.00,0.00,0.00,0.42,0.64,0.0010,0.0023,     0,0,0,0.80,99,,0.15,0,N/A,1.32,1.70,210.06,0.78,19.45,0.01,0.16,0.05,0.51,0.10,1.00,0.01,0.04,0.51,0.38,0.0009,0.0034,     0,0,0,10.50,89.50,0.00,N/A,11.74,22.92,210.06,0.51,12.81,0.05,1.34,0.06,0.51,0.11,1.00,0.01,0.04,0.51,0.41,0.0009,0.0034,     0,0,0,11.44,88.56,0.00,N/A,12.75,24.99,210.06,0.51,12.75,0.06,1.46,0.06,0.51,0.11,1.00,0.01,0.04,0.51,0.40,0.0009,0.0034,     0,0,0,11.45,88.55,0.00,N/A,12.68,25.01,210.06,0.51,12.68,0.06,1.45,0.06,0.51,0.11,1.00,0.01,0.04,0.51,0.40,0.0009,0.0034,     0,0,0,11.43,88.57,0.00,N/A,12.75,24.96,210.06,0.51,12.77,0.06,1.46,0.00,0.45,0.00,1.00,0.00,0.00,0.53,0.73,0.0017,0.0049,     0,0,0,0.15,99.85,0.00,N/A,0.14,0.31,210.06,0.45,11.21,0.00,0.02,0.01,0.67,0.01,1.00,0.00,0.00,0.15,0.62,0.0023,0.0030,     0,0,0,0.80,99.20,0.00,N/A,1.13,1.69,210.06,0.67,16.75,0.01,0.13,
2024-03-18,16:02:53.314,0.04,0.55,0.07,1.00,0.12,0.33,0.41,0.53,0.0010,0.0027,0.12,0.13,-2147483648,0.00,0.00,122.31,222.58,209.89,0.55,13.74,0.04,0.91,99.23,0.40,234.37,6.63,93.37,0.00,100.00,0.00,0.00,0.00,0.00,-nan,0.25,0.04,0.59,0.06,1.00,0.06,0.14,0.32,0.56,0.0010,0.0022,     0,0,0,0.08,0.08,-2147483648,0.00,0.00,N/A,63.91,107.78,209.89,0.59,14.82,0.04,0.95,0.03,0.51,0.07,1.00,0.06,0.19,0.49,0.51,0.0010,0.0032,     0,0,0,0.04,0.05,-2147483648,0.00,0.00,N/A,58.40,114.81,209.89,0.51,12.72,0.03,0.87,25.00,24.16, 20%, 19%,25.23,24.83, 20%, 20%,63.11,61.97, 51%, 50%,54.20,55.10, 43%, 44%,6.42,93.58,0.00,100.00,0.00,0.00,6.84,93.16,0.00,100.00,0.00,0.00,0.00,0.00,0.00 ,0.00 ,-nan ,-nan ,0.26,0.24,0.02,0.22,0.07,1.00,0.01,0.01,0.23,0.83,0.0021,0.0029,     0,0,0,6.78,93.22,0.00,N/A,3.20,14.23,209.89,0.22,5.62,0.02,0.38,0.05,0.45,0.11,1.00,0.01,0.03,0.37,0.39,0.0012,0.0034,     0,0,0,10.92,89.08,0.00,N/A,10.40,22.93,209.89,0.45,11.33,0.05,1.24,0.13,1.19,0.11,1.00,0.01,0.02,0.35,0.81,0.0003,0.0006,     0,0,0,10.89,89.11,0.00,N/A,27.15,22.87,209.89,1.19,29.68,0.13,3.23,0.05,0.45,0.11,1.00,0.01,0.04,0.39,0.38,0.0011,0.0034,     0,0,0,10.92,89.08,0.00,N/A,10.37,22.93,209.89,0.45,11.30,0.05,1.23,0.00,0.53,0.01,1.00,0.00,0.00,0.55,0.60,0.0013,0.0044,     0,0,0,0.65,99.35,0.00,N/A,0.72,1.36,209.89,0.53,13.19,0.00,0.09,0.06,0.52,0.11,1.00,0.02,0.04,0.24,0.30,0.0018,0.0036,     0,0,0,10.91,89.09,0.00,N/A,11.84,22.92,209.89,0.52,12.91,0.06,1.41,0.00,0.38,0.00,1.00,0.00,0.00,0.67,0.69,0.0012,0.0056,     0,0,0,0.12,99.88,0.00,N/A,0.10,0.26,209.89,0.38,9.61,0.00,0.01,0.00,0.50,0.00,1.00,0.00,0.00,0.39,0.66,0.0021,0.0056,     0,0,0,0.13,99.87,0.00,N/A,0.14,0.28,209.89,0.50,12.54,0.00,0.02,0.01,0.22,0.07,1.00,0.01,0.01,0.45,0.81,0.0017,0.0033,     0,0,0,6.78,93.22,0.00,N/A,3.09,14.22,209.89,0.22,5.44,0.01,0.37,0.00,0.37,0.01,1.00,0.00,0.00,0.37,0.57,0.0033,0.0065,     0,0,0,0.54,99.46,0.00,N/A,0.42,1.13,209.89,0.37,9.28,0.00,0.05,0.06,0.51,0.11,1.00,0.01,0.04,0.51,0.39,0.0009,0.0033,     0,0,0,10.91,89.09,0.00,N/A,11.77,22.91,209.89,0.51,12.84,0.06,1.40,0.06,0.51,0.11,1.00,0.01,0.04,0.51,0.41,0.0009,0.0034,     0,0,0,10.91,89.09,0.00,N/A,11.73,22.91,209.89,0.51,12.80,0.06,1.40,0.06,0.52,0.11,1.00,0.01,0.04,0.55,0.39,0.0008,0.0034,     0,0,0,10.91,89.09,0.00,N/A,11.82,22.91,209.89,0.52,12.90,0.06,1.41,0.06,0.52,0.11,1.00,0.01,0.04,0.52,0.41,0.0009,0.0033,     0,0,0,10.92,89.08,0.00,N/A,11.82,22.92,209.89,0.52,12.89,0.06,1.41,0.03,1.03,0.03,1.00,0.01,0.01,0.26,0.74,0.0012,0.0018,     0,0,0,3.22,96.78,0.00,N/A,6.99,6.76,209.89,1.03,25.85,0.03,0.83,0.00,0.73,0.00,1.00,0.00,0.00,0.62,0.69,0.0008,0.0027,     0,0,0,0.49,99.51,0.00,N/A,0.76,1.04,209.89,0.73,18.27,0.00,0.09,
2024-03-18,16:02:53.410,0.04,0.55,0.07,1.00,0.11,0.31,0.43,0.52,0.0009,0.0026,0.13,0.15,-2147483648,0.00,0.00,117.74,214.87,210.09,0.55,13.70,0.04,0.89,109.94,0.39,267.08,6.52,93.48,0.00,100.00,0.00,0.00,0.00,0.00,-nan,0.25,0.04,0.62,0.07,1.00,0.06,0.15,0.36,0.56,0.0009,0.0021,     0,0,0,0.08,0.08,-2147483648,0.00,0.00,N/A,68.50,110.50,210.09,0.62,15.50,0.04,1.04,0.03,0.47,0.06,1.00,0.05,0.17,0.49,0.48,0.0010,0.0034,     0,0,0,0.05,0.07,-2147483648,0.00,0.00,N/A,49.23,104.37,210.09,0.47,11.79,0.03,0.75,30.62,29.96, 25%, 24%,24.92,24.45, 20%, 20%,79.23,71.96, 65%, 59%,57.55,58.34, 47%, 48%,6.71,93.29,0.00,100.00,0.00,0.00,6.34,93.66,0.00,100.00,0.00,0.00,0.00,0.00,0.00 ,0.00 ,-nan ,-nan ,0.24,0.26,0.02,0.25,0.07,1.00,0.01,0.01,0.40,0.81,0.0017,0.0032,     0,0,0,6.56,93.44,0.00,N/A,3.42,13.78,210.09,0.25,6.21,0.02,0.41,0.05,0.45,0.11,1.00,0.01,0.04,0.40,0.37,0.0012,0.0035,     0,0,0,11.37,88.63,0.00,N/A,10.25,22.93,210.09,0.45,11.17,0.05,1.27,0.14,1.21,0.11,1.00,0.01,0.02,0.23,0.75,0.0005,0.0007,     0,0,0,11.34,88.66,0.00,N/A,27.74,22.85,210.09,1.21,30.35,0.14,3.44,0.05,0.45,0.11,1.00,0.01,0.04,0.40,0.38,0.0011,0.0034,     0,0,0,11.38,88.62,0.00,N/A,10.42,22.93,210.09,0.45,11.36,0.05,1.29,0.01,0.86,0.01,1.00,0.00,0.00,0.43,0.62,0.0010,0.0024,     0,0,0,0.67,99.33,0.00,N/A,1.22,1.41,210.09,0.86,21.57,0.01,0.15,0.05,0.45,0.11,1.00,0.01,0.04,0.37,0.38,0.0012,0.0034,     0,0,0,11.37,88.63,0.00,N/A,10.27,22.92,210.09,0.45,11.21,0.05,1.27,0.00,0.59,0.01,1.00,0.00,0.00,0.40,0.58,0.0015,0.0035,     0,0,0,0.50,99.50,0.00,N/A,0.62,1.06,210.09,0.59,14.63,0.00,0.07,0.02,1.74,0.01,1.00,0.00,0.00,0.42,0.80,0.0002,0.0004,     0,0,0,1.25,98.75,0.00,N/A,4.56,2.62,210.09,1.74,43.52,0.02,0.54,0.01,0.19,0.06,1.00,0.00,0.01,0.21,0.86,0.0019,0.0027,     0,0,0,6.31,93.69,0.00,N/A,2.54,13.26,210.09,0.19,4.78,0.01,0.30,0.00,0.42,0.00,1.00,0.00,0.00,0.46,0.74,0.0013,0.0041,     0,0,0,0.11,99.89,0.00,N/A,0.10,0.23,210.09,0.42,10.56,0.00,0.01,0.06,0.51,0.11,1.00,0.01,0.04,0.52,0.38,0.0009,0.0034,     0,0,0,11.37,88.63,0.00,N/A,11.69,22.92,210.09,0.51,12.75,0.06,1.45,0.05,0.51,0.10,1.00,0.01,0.04,0.53,0.40,0.0009,0.0034,     0,0,0,10.33,89.67,0.00,N/A,10.57,20.83,210.09,0.51,12.68,0.05,1.31,0.06,0.51,0.11,1.00,0.01,0.04,0.48,0.40,0.0010,0.0034,     0,0,0,11.37,88.63,0.00,N/A,11.78,22.92,210.09,0.51,12.85,0.06,1.46,0.06,0.51,0.11,1.00,0.01,0.04,0.51,0.41,0.0009,0.0034,     0,0,0,11.37,88.63,0.00,N/A,11.72,22.92,210.09,0.51,12.79,0.06,1.45,0.00,0.74,0.00,1.00,0.00,0.00,0.56,0.75,0.0009,0.0023,     0,0,0,0.38,99.62,0.00,N/A,0.59,0.79,210.09,0.74,18.57,0.00,0.07,0.00,0.49,0.00,1.00,0.00,0.00,0.34,0.64,0.0031,0.0057,     0,0,0,0.24,99.76,0.00,N/A,0.25,0.50,210.09,0.49,12.28,0.00,0.03,
2024-03-18,16:02:53.518,0.04,0.60,0.07,1.00,0.11,0.30,0.40,0.56,0.0008,0.0022,0.13,0.14,-2147483648,0.00,0.00,137.01,226.54,212.00,0.60,15.12,0.04,0.99,93.11,0.34,235.06,6.55,93.45,0.00,100.00,0.00,0.00,0.00,0.00,-nan,0.24,0.04,0.60,0.07,1.00,0.05,0.14,0.38,0.58,0.0008,0.0021,     0,0,0,0.08,0.08,-2147483648,0.00,0.00,N/A,69.23,114.72,212.00,0.60,15.09,0.04,0.99,0.04,0.61,0.07,1.00,0.05,0.16,0.41,0.55,0.0008,0.0023,     0,0,0,0.05,0.06,-2147483648,0.00,0.00,N/A,67.78,111.81,212.00,0.61,15.15,0.04,0.99,21.83,23.12, 17%, 18%,24.26,23.89, 19%, 18%,59.44,63.51, 47%, 50%,55.58,56.53, 43%, 44%,6.56,93.44,0.00,100.00,0.00,0.00,6.53,93.47,0.00,100.00,0.00,0.00,0.00,0.00,0.00 ,0.00 ,-nan ,-nan ,0.25,0.23,0.01,0.20,0.06,1.00,0.00,0.01,0.20,0.88,0.0018,0.0023,     0,0,0,5.79,94.21,0.00,N/A,2.45,12.28,212.00,0.20,4.98,0.01,0.29,0.05,0.47,0.11,1.00,0.01,0.04,0.38,0.40,0.0011,0.0033,     0,0,0,11.13,88.87,0.00,N/A,11.63,25.01,212.00,0.47,11.63,0.05,1.29,0.13,1.19,0.11,1.00,0.01,0.02,0.35,0.81,0.0003,0.0006,     0,0,0,11.10,88.90,0.00,N/A,29.73,24.95,212.00,1.19,29.79,0.13,3.31,0.05,0.47,0.11,1.00,0.01,0.04,0.42,0.38,0.0011,0.0034,     0,0,0,11.03,88.97,0.00,N/A,11.71,25.01,212.00,0.47,11.70,0.05,1.29,0.01,0.99,0.01,1.00,0.00,0.00,0.43,0.64,0.0005,0.0015,     0,0,0,0.63,99.37,0.00,N/A,1.32,1.34,212.00,0.99,24.72,0.01,0.16,0.05,0.47,0.11,1.00,0.01,0.04,0.39,0.39,0.0011,0.0034,     0,0,0,11.13,88.87,0.00,N/A,11.65,25.01,212.00,0.47,11.65,0.05,1.30,0.00,0.55,0.00,1.00,0.00,0.00,0.66,0.70,0.0006,0.0036,     0,0,0,0.36,99.64,0.00,N/A,0.42,0.76,212.00,0.55,13.73,0.00,0.05,0.00,0.88,0.00,1.00,0.00,0.00,0.66,0.72,0.0005,0.0018,     0,0,0,0.17,99.83,0.00,N/A,0.32,0.36,212.00,0.88,22.10,0.00,0.04,0.02,0.28,0.06,1.00,0.00,0.01,0.20,0.88,0.0012,0.0015,     0,0,0,6.19,93.81,0.00,N/A,3.61,13.12,212.00,0.28,6.89,0.02,0.43,0.00,0.40,0.00,1.00,0.00,0.00,0.29,0.72,0.0023,0.0044,     0,0,0,0.17,99.83,0.00,N/A,0.14,0.35,212.00,0.40,9.95,0.00,0.02,0.06,0.51,0.11,1.00,0.01,0.04,0.43,0.40,0.0010,0,N/A,0,0,10.,0,0,11.02,88.98,0.00,N/A,12.84,25.00,212.00,0.51,12.84,0.06,1.42,0.02,0.51,0.04,1.00,0.00,0.02,0.48,0.42,0.0010,0.0034,     0,0,0,4.15,95.85,0.00,N/A,4.50,8.78,212.00,0.51,12.81,0.02,0.53,0.06,0.51,0.11,1.00,0.01,0.04,0.47,0.40,0.0009,0.0033,     0,0,0,10.81,89.19,0.00,N/A,11.71,22.93,212.00,0.51,12.77,0.06,1.38,0.12,1.11,0.11,1.00,0.01,0.03,0.38,0.69,0.0004,0.0010,     0,0,0,10.80,89.20,0.00,N/A,25.54,22.91,212.00,1.11,27.87,0.12,3.01,0.04,0.51,0.08,1.00,0.01,0.03,0.43,0.44,0.0010,0.0032,     0,0,0,7.91,92.09,0.00,N/A,8.59,16.82,212.00,0.51,12.77,0.04,1.01,0.00,0.44,0.01,1.00,0.00,0.00,0.21,0.64,0.0033,0.0051,     0,0,0,0.90,99.10,0.00,N/A,0.84,1.90,212.00,0.44,11.07,0.00,0.10,
2024-03-18,16:02:53.618,0.04,0.55,0.07,1.00,0.12,0.32,0.40,0.52,0.0010,0.0026,0.13,0.15,-2147483648,0.00,0.00,121.81,221.86,210.03,0.55,13.73,0.04,0.89,93.25,0.33,231.81,6.50,93.50,0.00,100.00,0.00,0.00,0.00,0.00,-nan,0.24,0.04,0.57,0.06,1.00,0.05,0.14,0.39,0.55,0.0008,0.0022,     0,0,0,0.06,0.07,-2147483648,0.00,0.00,N/A,61.17,107.47,210.03,0.57,14.23,0.04,0.91,0.04,0.53,0.07,1.00,0.07,0.18,0.41,0.50,0.0011,0.0030,     0,0,0,0.07,0.08,-2147483648,0.00,0.00,N/A,60.65,114.38,210.03,0.53,13.25,0.04,0.88,23.29,23.55, 18%, 18%,23.43,22.98, 18%, 18%,61.84,60.40, 49%, 48%,54.35,55.21, 43%, 43%,6.37,93.63,0.00,100.00,0.00,0.00,6.63,93.37,0.00,100.00,0.00,0.00,0.00,0.00,0.00 ,0.00 ,-nan ,-nan ,0.24,0.25,0.02,0.28,0.06,1.00,0.01,0.01,0.20,0.86,0.0013,0.0017,     0,0,0,6.46,93.54,0.00,N/A,3.86,13.57,210.03,0.28,7.10,0.02,0.46,0.05,0.45,0.11,1.00,0.01,0.04,0.40,0.39,0.0011,0.0034,     0,0,0,10.81,89.19,0.00,N/A,10.42,22.92,210.03,0.45,11.36,0.05,1.23,0.11,1.06,0.11,1.00,0.01,0.02,0.38,0.73,0.0004,0.0008,     0,0,0,10.79,89.21,0.00,N/A,24.14,22.88,210.03,1.06,26.38,0.11,2.85,0.05,0.46,0.11,1.00,0.01,0.04,0.40,0.39,0.0011,0.0034,     0,0,0,10.91,89.09,0.00,N/A,10.45,22.92,210.03,0.46,11.39,0.05,1.24,0.00,0.94,0.00,1.00,0.00,0.00,0.27,0.59,0.0008,0.0016,     0,0,0,0.35,99.65,0.00,N/A,0.70,0.74,210.03,0.94,23.48,0.00,0.08,0.05,0.46,0.11,1.00,0.01,0.04,0.43,0.37,0.0011,0.0034,     0,0,0,10.81,89.19,0.00,N/A,10.51,22.92,210.03,0.46,11.46,0.05,1.24,0.00,1.33,0.00,1.00,0.00,0.00,0.58,0.79,0.0001,0.0005,     0,0,0,0.25,99.75,0.00,N/A,0.69,0.52,210.03,1.33,33.15,0.00,0.08,0.00,0.41,0.00,1.00,0.00,0.00,0.29,0.61,0.0026,0.0049,     0,0,0,0.48,99.52,0.00,N/A,0.41,1.00,210.03,0.41,10.22,0.00,0.05,0.01,0.20,0.06,1.00,0.00,0.01,0.20,0.87,0.0018,0.0025,     0,0,0,6.10,93.90,0.00,N/A,2.50,12.81,210.03,0.20,4.88,0.01,0.30,0.01,0.47,0.01,1.00,0.00,0.01,0.40,0.44,0.0014,0.0040,     0,0,0,1.28,98.72,0.00,N/A,1.34,2.88,210.03,0.47,11.63,0.01,0.15,0.05,0.51,0.11,1.00,0.01,0.04,0.52,0.38,0.0009,0.0034,     0,0,0,10.71,89.29,0.00,N/A,10.60,20.84,210.03,0.51,12.71,0.05,1.36,0.00,0.50,0.00,1.00,0.00,0.00,0.52,0.72,0.0013,0.0045,     0,0,0,0.17,99.83,0.00,N/A,0.18,0.36,210.03,0.50,12.58,0.00,0.02,0.06,0.56,0.11,1.00,0.02,0.05,0.32,0.34,0.0017,0.0036,     0,0,0,11.13,88.87,0.00,N/A,13.91,25.00,210.03,0.56,13.91,0.06,1.55,0.08,0.73,0.11,1.00,0.01,0.04,0.44,0.53,0.0007,0.0020,     0,0,0,11.13,88.87,0.00,N/A,18.13,25.00,210.03,0.73,18.13,0.08,2.02,0.06,0.50,0.11,1.00,0.01,0.04,0.48,0.41,0.0010,0.0033,     0,0,0,11.13,88.87,0.00,N/A,12.46,25.01,210.03,0.50,12.45,0.06,1.39,0.01,0.62,0.01,1.00,0.00,0.00,0.31,0.71,0.0019,0.0032,     0,0,0,1.18,98.82,0.00,N/A,1.53,2.48,210.03,0.62,15.40,0.01,0.18,
2024-03-18,16:02:53.718,0.04,0.56,0.06,1.00,0.11,0.31,0.40,0.52,0.0010,0.0026,0.14,0.14,-2147483648,0.00,0.00,118.29,211.53,211.98,0.56,13.98,0.04,0.88,118.61,0.42,244.43,6.27,93.73,0.00,100.00,0.00,0.00,0.00,0.00,-nan,0.25,0.04,0.61,0.06,1.00,0.05,0.14,0.39,0.57,0.0008,0.0021,     0,0,0,0.09,0.09,-2147483648,0.00,0.00,N/A,64.40,105.47,211.98,0.61,15.27,0.04,0.95,0.03,0.51,0.06,1.00,0.06,0.17,0.40,0.46,0.0012,0.0032,     0,0,0,0.06,0.05,-2147483648,0.00,0.00,N/A,53.89,106.06,211.98,0.51,12.70,0.03,0.80,24.61,24.68, 19%, 20%,34.92,34.41, 28%, 27%,63.77,63.03, 51%, 51%,58.36,59.27, 46%, 47%,6.25,93.75,0.00,100.00,0.00,0.00,6.28,93.72,0.00,100.00,0.00,0.00,0.00,0.00,0.00 ,0.00 ,-nan ,-nan ,0.26,0.24,0.01,0.21,0.06,1.00,0.00,0.01,0.25,0.88,0.0016,0.0022,     0,0,0,5.80,94.20,0.00,N/A,2.64,12.30,211.98,0.21,5.37,0.01,0.31,0.05,0.45,0.11,1.00,0.01,0.04,0.42,0.37,0.0011,0.0035,     0,0,0,10.92,89.08,0.00,N/A,10.41,22.93,211.98,0.45,11.35,0.05,1.24,0.05,0.44,0.11,1.00,0.01,0.04,0.41,0.38,0.0011,0.0035,     0,0,0,10.91,89.09,0.00,N/A,10.19,22.92,211.98,0.44,11.11,0.05,1.21,0.05,0.45,0.11,1.00,0.01,0.04,0.41,0.38,0.0011,0.0035,     0,0,0,10.92,89.08,0.00,N/A,10.27,22.93,211.98,0.45,11.19,0.05,1.22,0.00,0.38,0.00,1.00,0.00,0.00,0.54,0.78,0.0011,0.0035,     0,0,0,0.08,99.92,0.00,N/A,0.07,0.17,211.98,0.38,9.50,0.00,0.01,0.14,1.32,0.11,1.00,0.01,0.02,0.32,0.77,0.0003,0.0007,     0,0,0,10.90,89.10,0.00,N/A,30.15,22.90,211.98,1.32,32.92,0.14,3.59,0.00,0.45,0.00,1.00,0.00,0.00,0.76,0.75,0.0006,0.0043,     0,0,0,0.09,99.91,0.00,N/A,0.09,0.19,211.98,0.45,11.34,0.00,0.01,0.00,0.53,0.01,1.00,0.00,0.00,0.52,0.66,0.0022,0.0047,     0,0,0,0.53,99.47,0.00,N/A,0.60,1.13,211.98,0.53,13.17,0.00,0.07,0.01,0.19,0.06,1.00,0.00,0.01,0.22,0.88,0.0017,0.0023,     0,0,0,5.85,94.15,0.00,N/A,2.38,12.40,211.98,0.19,4.79,0.01,0.28,0.05,0.50,0.11,1.00,0.01,0.04,0.46,0.39,0.0010,0.0034,     0,0,0,10.92,89.08,0.00,N/A,11.35,22.93,211.98,0.50,12.38,0.05,1.35,0.00,0.39,0.00,1.00,0.00,0.00,0.44,0.72,0.0017,0.0046,     0,0,0,0.10,99.90,0.00,N/A,0.09,0.22,211.98,0.39,9.65,0.00,0.01,0.00,0.51,0.00,1.00,0.00,0.00,0.28,0.73,0.0022,0.0039,     0,0,0,0.26,99.74,0.00,N/A,0.28,0.56,211.98,0.51,12.69,0.00,0.03,0.05,0.50,0.11,1.00,0.01,0.04,0.48,0.40,0.0010,0.0034,     0,0,0,10.92,89.08,0.00,N/A,11.36,22.92,211.98,0.50,12.38,0.05,1.35,0.08,0.72,0.11,1.00,0.02,0.05,0.28,0.34,0.0014,0.0028,     0,0,0,10.91,89.09,0.00,N/A,16.56,22.92,211.98,0.72,18.06,0.08,1.97,0.05,0.49,0.11,1.00,0.01,0.04,0.49,0.40,0.0010,0.0034,     0,0,0,10.91,89.09,0.00,N/A,11.29,22.91,211.98,0.49,12.32,0.05,1.34,0.00,0.49,0.01,1.00,0.00,0.00,0.24,0.58,0.0029,0.0048,     0,0,0,0.57,99.43,0.00,N/A,0.59,1.20,211.98,0.49,12.21,0.00,0.07,
2024-03-18,16:02:53.818,0.03,0.46,0.07,1.00,0.12,0.35,0.42,0.49,0.0012,0.0034,0.12,0.15,-2147483648,0.00,0.00,103.14,224.92,207.96,0.46,11.46,0.03,0.77,113.09,0.42,284.24,6.73,93.27,0.00,100.00,0.00,0.00,0.00,0.00,-nan,0.25,0.03,0.47,0.07,1.00,0.07,0.18,0.42,0.49,0.0012,0.0033,     0,0,0,0.06,0.07,-2147483648,0.00,0.00,N/A,56.13,118.27,207.96,0.47,11.86,0.03,0.84,0.03,0.44,0.06,1.00,0.06,0.17,0.42,0.48,0.0012,0.0035,     0,0,0,0.06,0.08,-2147483648,0.00,0.00,N/A,47.01,106.65,207.96,0.44,11.02,0.03,0.70,27.80,27.97, 22%, 22%,28.87,28.45, 23%, 23%,67.66,66.04, 55%, 54%,74.73,75.80, 60%, 61%,7.07,92.93,0.00,100.00,0.00,0.00,6.38,93.62,0.00,100.00,0.00,0.00,0.00,0.00,0.00 ,0.00 ,-nan ,-nan ,0.24,0.26,0.01,0.20,0.06,1.00,0.01,0.01,0.21,0.86,0.0019,0.0026,     0,0,0,6.15,93.85,0.00,N/A,2.61,12.79,207.96,0.20,5.10,0.01,0.31,0.05,0.44,0.11,1.00,0.01,0.04,0.47,0.37,0.0011,0.0038,     0,0,0,10.92,89.08,0.00,N/A,10.01,22.93,207.96,0.44,10.92,0.05,1.19,0.05,0.44,0.11,1.00,0.01,0.04,0.49,0.37,0.0011,0.0037,     0,0,0,10.91,89.09,0.00,N/A,10.02,22.92,207.96,0.44,10.93,0.05,1.19,0.05,0.44,0.11,1.00,0.01,0.04,0.50,0.36,0.0011,0.0038,     0,0,0,10.92,89.08,0.00,N/A,10.08,22.93,207.96,0.44,10.99,0.05,1.20,0.01,1.23,0.01,1.00,0.00,0.00,0.32,0.62,0.0004,0.0009,     0,0,0,1.19,98.81,0.00,N/A,3.05,2.48,207.96,1.23,30.79,0.01,0.37,0.05,0.44,0.11,1.00,0.01,0.04,0.51,0.35,0.0010,0.0037,     0,0,0,10.92,89.08,0.00,N/A,10.00,22.92,207.96,0.44,10.90,0.05,1.19,0.00,0.44,0.00,1.00,0.00,0.00,0.40,0.76,0.0014,0.0034,     0,0,0,0.34,99.66,0.00,N/A,0.31,0.70,207.96,0.44,10.96,0.00,0.04,0.05,0.95,0.05,1.00,0.02,0.02,0.17,0.66,0.0016,0.0023,     0,0,0,5.10,94.90,0.00,N/A,10.05,10.61,207.96,0.95,23.68,0.05,1.21,0.01,0.19,0.06,1.00,0.00,0.01,0.19,0.88,0.0018,0.0023,     0,0,0,6.22,93.78,0.00,N/A,2.45,12.94,207.96,0.19,4.74,0.01,0.29,0.05,0.47,0.11,1.00,0.01,0.04,0.47,0.36,0.0011,0.0036,     0,0,0,10.92,89.08,0.00,N/A,10.80,22.93,207.96,0.47,11.78,0.05,1.29,0.00,0.44,0.00,1.00,0.00,0.00,0.64,0.83,0.0007,0.0025,     0,0,0,0.07,99.93,0.00,N/A,0.07,0.15,207.96,0.44,11.02,0.00,0.01,0.00,0.74,0.00,1.00,,1,0.70,0.0021,0.69,0.0011,0.0026,     0,0,0,0.26,99.74,0.00,N/A,0.40,0.54,207.96,0.74,18.46,0.00,0.05,0.05,0.47,0.11,1.00,0.01,0.04,0.45,0.38,0.0011,0.0035,     0,0,0,10.92,89.08,0.00,N/A,10.87,22.93,207.96,0.47,11.85,0.05,1.29,0.05,0.47,0.11,1.00,0.01,0.04,0.44,0.40,0.0011,0.0036,     0,0,0,10.91,89.09,0.00,N/A,10.75,22.92,207.96,0.47,11.73,0.05,1.28,0.05,0.47,0.11,1.00,0.01,0.04,0.46,0.40,0.0011,0.0035,     0,0,0,10.91,89.09,0.00,N/A,10.81,22.91,207.96,0.47,11.80,0.05,1.29,0.00,0.64,0.01,1.00,0.00,0.00,0.09,0.64,0.0046,0.0057,     0,0,0,0.64,99.36,0.00,N/A,0.86,1.33,207.96,0.64,16.10,0.00,0.10,
2024-03-18,16:02:53.918,0.03,0.55,0.06,1.00,0.10,0.29,0.43,0.53,0.0008,0.0025,0.13,0.15,-2147483648,0.00,0.00,116.66,210.85,212.17,0.55,13.83,0.03,0.86,95.55,0.35,264.15,6.24,93.76,0.00,100.00,0.00,0.00,0.00,0.00,-nan,0.25,0.03,0.49,0.06,1.00,0.05,0.15,0.46,0.50,0.0009,0.0029,     0,0,0,0.07,0.08,-2147483648,0.00,0.00,N/A,51.63,105.45,212.17,0.49,12.24,0.03,0.76,0.04,0.62,0.06,1.00,0.05,0.14,0.39,0.56,0.0008,0.0022,     0,0,0,0.06,0.06,-2147483648,0.00,0.00,N/A,65.03,105.40,212.17,0.62,15.42,0.04,0.96,23.46,22.78, 19%, 18%,24.83,24.48, 19%, 19%,58.26,56.41, 47%, 45%,74.18,75.31, 59%, 60%,6.25,93.75,0.00,100.00,0.00,0.00,6.24,93.76,0.00,100.00,0.00,0.00,0.00,0.00,0.00 ,0.00 ,-nan ,-nan ,0.26,0.24,0.01,0.20,0.06,1.00,0.00,0.01,0.17,0.87,0.0019,0.0024,     0,0,0,6.00,94.00,0.00,N/A,2.57,12.73,212.17,0.20,5.06,0.01,0.30,0.05,0.46,0.11,1.00,0.01,0.04,0.47,0.38,0.0010,0.0035,     0,0,0,10.93,89.07,0.00,N/A,10.63,22.96,212.17,0.46,11.57,0.05,1.27,0.05,0.47,0.11,1.00,0.01,0.04,0.51,0.38,0.0010,0.0035,     0,0,0,10.92,89.08,0.00,N/A,10.74,22.92,212.17,0.47,11.72,0.05,1.28,0.05,0.47,0.11,1.00,0.01,0.04,0.47,0.38,0.0010,0.0035,     0,0,0,10.93,89.07,0.00,N/A,10.76,22.95,212.17,0.47,11.72,0.05,1.28,0.00,0.42,0.00,1.00,0.00,0.00,0.60,0.68,0.0012,0.0052,     0,0,0,0.14,99.86,0.00,N/A,0.12,0.29,212.17,0.42,10.41,0.00,0.01,0.08,0.72,0.11,1.00,0.01,0.03,0.47,0.53,0.0006,0.0018,     0,0,0,10.92,89.08,0.00,N/A,16.52,22.93,212.17,0.72,18.02,0.08,1.97,0.00,0.44,0.00,1.00,0.00,0.00,0.74,0.73,0.0006,0.0044,     0,0,0,0.12,99.88,0.00,N/A,0.12,0.26,212.17,0.44,11.01,0.00,0.01,0.00,0.41,0.00,1.00,0.00,0.00,0.46,0.68,0.0015,0.0050,     0,0,0,0.19,99.81,0.00,N/A,0.17,0.41,212.17,0.41,10.22,0.00,0.02,0.01,0.19,0.06,1.00,0.00,0.01,0.19,0.89,0.0017,0.0022,     0,0,0,5.93,94.07,0.00,N/A,2.45,12.58,212.17,0.19,4.87,0.01,0.29,0.05,0.49,0.11,1.00,0.01,0.04,0.42,0.38,0.0010,0.0034,     0,0,0,10.91,89.09,0.00,N/A,11.20,22.92,212.17,0.49,12.22,0.05,1.33,0.00,0.45,0.00,1.00,0.00,0.00,0.35,0.74,0.0018,0.0042,     0,0,0,0.13,99.87,0.00,N/A,0.12,0.27,212.17,0.45,11.19,0.00,0.01,0.00,1.28,0.00,1.00,0.00,0.00,0.43,0.73,0.0003,0.0006,     0,0,0,0.33,99.67,0.00,N/A,0.91,0.71,212.17,1.28,32.02,0.00,0.11,0.05,0.49,0.11,1.00,0.01,0.04,0.40,0.40,0.0011,0.0033,     0,0,0,10.92,89.08,0.00,N/A,11.22,22.93,212.17,0.49,12.23,0.05,1.34,0.13,1.22,0.11,1.00,0.01,0.02,0.36,0.73,0.0003,0.0008,     0,0,0,10.92,89.08,0.00,N/A,27.93,22.92,212.17,1.22,30.46,0.13,3.33,0.05,0.49,0.11,1.00,0.01,0.04,0.44,0.41,0.0010,0.0033,     0,0,0,10.91,89.09,0.00,N/A,11.13,22.92,212.17,0.49,12.14,0.05,1.32,0.00,0.41,0.00,1.00,0.00,0.00,0.74,0.82,0.0006,0.0029,     0,0,0,0.07,99.93,0.00,N/A,0.06,0.15,212.17,0.41,10.20,0.00,0.01,
2024-03-18,16:02:54.018,0.04,0.59,0.07,1.00,0.11,0.31,0.41,0.55,0.0008,0.0024,0.15,0.16,-2147483648,0.00,0.00,130.89,223.22,209.91,0.59,14.66,0.04,0.97,98.64,0.32,236.67,6.64,93.36,0.00,100.00,0.00,0.00,0.00,0.00,-nan,0.25,0.03,0.46,0.07,1.00,0.05,0.18,0.49,0.47,0.0010,0.0034,     0,0,0,0.04,0.06,-2147483648,0.00,0.00,N/A,53.35,116.54,209.91,0.46,11.44,0.03,0.79,0.05,0.73,0.06,1.00,0.06,0.13,0.29,0.63,0.0007,0.0017,     0,0,0,0.11,0.11,-2147483648,0.00,0.00,N/A,77.54,106.68,209.91,0.73,18.17,0.05,1.15,25.43,25.39, 20%, 20%,24.12,23.70, 19%, 19%,60.01,58.49, 48%, 47%,58.70,59.47, 47%, 48%,6.94,93.06,0.00,100.00,0.00,0.00,6.35,93.65,0.00,100.00,0.00,0.00,0.00,0.00,0.00 ,0.00 ,-nan ,-nan ,0.24,0.26,0.02,0.28,0.07,1.00,0.01,0.01,0.21,0.86,0.0013,0.0018,     0,0,0,6.76,93.24,0.00,N/A,3.97,14.20,209.91,0.28,6.98,0.02,0.47,0.06,0.47,0.12,1.00,0.01,0.04,0.52,0.37,0.0010,0.0036,     0,0,0,11.90,88.10,0.00,N/A,11.84,24.98,209.91,0.47,11.85,0.06,1.41,0.05,0.47,0.11,1.00,0.01,0.04,0.52,0.38,0.0009,0.0036,     0,0,0,10.93,89.07,0.00,N/A,10.89,22.95,209.91,0.47,11.86,0.05,1.30,0.06,0.47,0.12,1.00,0.01,0.04,0.52,0.38,0.0009,0.0036,     0,0,0,11.89,88.11,0.00,N/A,11.74,24.97,209.91,0.47,11.75,0.06,1.40,0.01,1.06,0.01,1.00,0.00,0.00,0.33,0.61,0.0005,0.0012,     0,0,0,0.67,99.33,0.00,N/A,1.49,1.41,209.91,1.06,26.46,0.01,0.18,0.06,0.47,0.12,1.00,0.01,0.04,0.52,0.37,0.0010,0.0035,     0,0,0,11.89,88.11,0.00,N/A,11.86,24.97,209.91,0.47,11.87,0.06,1.41,0.00,0.37,0.00,1.00,0.00,0.00,0.39,0.60,0.0031,0.0072,     0,0,0,0.34,99.66,0.00,N/A,0.26,0.70,209.91,0.37,9.21,0.00,0.03,0.01,0.56,0.01,1.00,0.00,0.01,0.40,0.73,0.0021,0.0041,     0,0,0,1.12,98.88,0.00,N/A,1.30,2.35,209.91,0.56,13.89,0.01,0.16,0.01,0.19,0.06,1.00,0.00,0.01,0.26,0.87,0.0017,0.0025,     0,0,0,6.47,93.53,0.00,N/A,2.62,13.58,209.91,0.19,4.83,0.01,0.31,0.05,0.47,0.11,1.00,0.01,0.04,0.34,0.38,0.0012,0.0034,     0,0,0,10.92,89.08,0.00,N/A,10.88,22.93,209.91,0.47,11.87,0.05,1.30,0.00,0.40,0.00,1.00,0.00,0.00,0.25,0.62,0.0034,0.0062,     0,0,0,0.21,99.79,0.00,N/A,0.18,0.45,209.91,0.40,9.95,0.00,0.02,0.00,0.46,0.00,1.00,0.00,0.00,0.31,0.59,0.0037,0.0070,     0,0,0,0.15,99.85,0.00,N/A,0.15,0.32,209.91,0.46,11.61,0.00,0.02,0.05,0.48,0.11,1.00,0.01,0.04,0.31,0.41,0.0013,0.0034,     0,0,0,10.92,89.08,0.00,N/A,10.90,22.93,209.91,0.48,11.88,0.05,1.30,0.20,1.82,0.11,1.00,0.01,0.01,0.13,0.90,0.0002,0.0002,     0,0,0,10.91,89.09,0.00,N/A,41.73,22.91,209.91,1.82,45.53,0.20,4.97,0.05,0.47,0.11,1.00,0.01,0.04,0.32,0.41,0.0013,0.0033,     0,0,0,10.91,89.09,0.00,N/A,10.78,22.91,209.91,0.47,11.77,0.05,1.28,0.00,0.44,0.00,1.00,0.00,0.00,0.41,0.61,0.0025,0.0065,     0,0,0,0.31,99.69,0.00,N/A,0.29,0.66,209.91,0.44,11.12,0.00,0.03,
2024-03-18,16:02:54.118,0.04,0.63,0.06,1.00,0.10,0.29,0.42,0.54,0.0007,0.0022,0.13,0.15,-2147483648,0.00,0.00,135.17,213.99,210.11,0.63,15.79,0.04,1.01,101.87,0.37,240.51,6.38,93.62,0.00,100.00,0.00,0.00,0.00,0.00,-nan,0.25,0.03,0.47,0.06,1.00,0.05,0.17,0.50,0.47,0.0010,0.0033,     0,0,0,0.07,0.08,-2147483648,0.00,0.00,N/A,50.41,108.28,210.11,0.47,11.64,0.03,0.75,0.05,0.80,0.06,1.00,0.05,0.12,0.32,0.60,0.0006,0.0015,     0,0,0,0.06,0.06,-2147483648,0.00,0.00,N/A,84.75,105.71,210.11,0.80,20.04,0.05,1.26,29.28,27.17, 23%, 22%,22.92,22.50, 18%, 18%,64.13,57.81, 52%, 47%,58.89,59.69, 47%, 48%,6.46,93.54,0.00,100.00,0.00,0.00,6.29,93.71,0.00,100.00,0.00,0.00,0.00,0.00,0.00 ,0.00 ,-nan ,-nan ,0.27,0.24,0.01,0.22,0.06,1.00,0.01,0.01,0.26,0.83,0.0019,0.0029,     0,0,0,6.29,93.71,0.00,N/A,2.96,13.22,210.11,0.22,5.61,0.01,0.35,0.05,0.48,0.10,1.00,0.01,0.03,0.53,0.37,0.0009,0.0035,     0,0,0,9.70,90.30,0.00,N/A,9.20,19.07,210.11,0.48,12.07,0.05,1.17,0.06,0.48,0.12,1.00,0.01,0.04,0.49,0.39,0.0010,0.0034,     0,0,0,11.89,88.11,0.00,N/A,11.87,24.97,210.11,0.48,11.88,0.06,1.41,0.05,0.48,0.10,1.00,0.01,0.04,0.55,0.37,0.0009,0.0036,     0,0,0,10.14,89.86,0.00,N/A,9.96,20.88,210.11,0.48,11.93,0.05,1.21,0.01,1.01,0.01,1.00,0.00,0.00,0.61,0.62,0.0003,0.0011,     0,0,0,0.87,99.13,0.00,N/A,1.85,1.82,210.11,1.01,25.30,0.01,0.22,0.05,0.48,0.11,1.00,0.01,0.04,0.51,0.38,0.0009,0.0034,     0,0,0,10.91,89.09,0.00,N/A,10.97,22.92,210.11,0.48,11.96,0.05,1.31,0.01,0.76,0.01,1.00,0.00,0.00,0.78,0.63,0.0004,0.0030,     0,0,0,0.84,99.16,0.00,N/A,1.33,1.76,210.11,0.76,18.90,0.01,0.16,0.01,0.62,0.02,1.00,0.00,0.01,0.45,0.53,0.0010,0.0030,     0,0,0,1.63,98.37,0.00,N/A,2.27,3.63,210.11,0.62,15.58,0.01,0.25,0.01,0.19,0.06,1.00,0.00,0.01,0.21,0.87,0.0018,0.0024,     0,0,0,6.12,93.88,0.00,N/A,2.47,12.86,210.11,0.19,4.79,0.01,0.29,0.05,0.48,0.11,1.00,0.01,0.04,0.37,0.38,0.0011,0.0034,     0,0,0,10.91,89.09,0.00,N/A,10.98,22.92,210.11,0.48,11.98,0.05,1.31,0.00,0.44,0.00,1.00,0.00,0.00,0.46,0.70,0.0018,0.0050,     0,0,0,0.13,99.87,0.00,N/A,0.12,0.28,210.11,0.44,10.99,0.00,0.01,0.00,0.39,0.00,1.00,0.00,0.00,0.34,0.74,0.0017,0.0036,     0,0,0,0.15,99.85,0.00,N/A,0.12,0.32,210.11,0.39,9.65,0.00,0.01,00.70,1.00,0.0,1.00,0.01,0.04,0.34,0.42,0.0012,0.0033,     0,0,0,10.91,89.09,0.00,N/A,10.95,22.92,210.11,0.48,11.95,0.05,1.30,0.23,2.12,0.11,1.00,0.01,0.01,0.13,0.90,0.0001,0.0002,     0,0,0,10.93,89.07,0.00,N/A,48.68,22.96,210.11,2.12,53.02,0.23,5.80,0.05,0.48,0.11,1.00,0.01,0.04,0.34,0.42,0.0012,0.0033,     0,0,0,10.91,89.09,0.00,N/A,11.06,22.91,210.11,0.48,12.07,0.05,1.32,0.00,0.68,0.00,1.00,0.00,0.00,0.53,0.68,0.0009,0.0024,     0,0,0,0.26,99.74,0.00,N/A,0.37,0.54,210.11,0.68,17.10,0.00,0.04,
2024-03-18,16:02:54.219,0.05,0.71,0.06,1.00,0.11,0.30,0.38,0.47,0.0007,0.0019,0.10,0.12,-2147483648,0.00,0.00,156.48,218.92,210.21,0.71,17.87,0.05,1.16,106.97,0.48,268.38,6.49,93.51,0.00,100.00,0.00,0.00,0.00,0.00,-nan,0.24,0.03,0.47,0.07,1.00,0.06,0.18,0.42,0.44,0.0012,0.0034,     0,0,0,0.04,0.05,-2147483648,0.00,0.00,N/A,52.04,110.42,210.21,0.47,11.78,0.03,0.77,0.06,0.96,0.06,1.00,0.05,0.12,0.32,0.50,0.0005,0.0012,     0,0,0,0.06,0.07,-2147483648,0.00,0.00,N/A,104.44,108.50,210.21,0.96,24.06,0.06,1.55,29.28,31.12, 23%, 25%,23.48,23.09, 18%, 18%,72.89,76.08, 59%, 61%,59.31,60.10, 47%, 48%,6.54,93.46,0.00,100.00,0.00,0.00,6.44,93.56,0.00,100.00,0.00,0.00,0.00,0.00,0.00 ,0.00 ,-nan ,-nan ,0.23,0.26,0.02,0.30,0.06,1.00,0.01,0.01,0.27,0.85,0.0013,0.0018,     0,0,0,6.47,93.53,0.00,N/A,4.05,13.60,210.21,0.30,7.45,0.02,0.48,0.01,1.16,0.01,1.00,0.00,0.00,0.18,0.63,0.0005,0.0009,     0,0,0,0.50,99.50,0.00,N/A,1.23,1.06,210.21,1.16,29.05,0.01,0.15,0.05,0.48,0.11,1.00,0.01,0.04,0.51,0.39,0.0009,0.0035,     0,0,0,10.81,89.19,0.00,N/A,10.98,22.92,210.21,0.48,11.97,0.05,1.29,0.06,0.51,0.12,1.00,0.03,0.05,0.31,0.30,0.0020,0.0043,     0,0,0,11.88,88.12,0.00,N/A,12.62,24.95,210.21,0.51,12.65,0.06,1.50,0.01,0.74,0.01,1.00,0.00,0.00,0.48,0.48,0.0005,0.0018,     0,0,0,1.38,98.62,0.00,N/A,2.32,3.12,210.21,0.74,18.60,0.01,0.26,0.05,0.48,0.11,1.00,0.01,0.04,0.50,0.38,0.0009,0.0034,     0,0,0,10.81,89.19,0.00,N/A,10.94,22.92,210.21,0.48,11.93,0.05,1.29,0.00,0.28,0.00,1.00,0.00,0.00,0.16,0.61,0.0048,0.0069,     0,0,0,0.20,99.80,0.00,N/A,0.12,0.42,210.21,0.28,7.06,0.00,0.01,0.05,0.46,0.11,1.00,0.01,0.03,0.50,0.38,0.0010,0.0035,     0,0,0,10.89,89.11,0.00,N/A,9.78,21.44,210.21,0.46,11.40,0.05,1.24,0.01,0.19,0.06,1.00,0.00,0.01,0.20,0.89,0.0017,0.0022,     0,0,0,5.99,94.01,0.00,N/A,2.41,12.60,210.21,0.19,4.78,0.01,0.29,0.06,0.48,0.12,1.00,0.01,0.04,0.33,0.39,0.0012,0.0033,     0,0,0,11.79,88.21,0.00,N/A,11.88,25.01,210.21,0.48,11.88,0.06,1.40,0.01,0.47,0.01,1.00,0.00,0.00,0.37,0.47,0.0012,0.0036,     0,0,0,1.11,98.89,0.00,N/A,1.18,2.49,210.21,0.47,11.83,0.01,0.13,0.00,0.42,0.00,1.00,0.00,0.00,0.61,0.74,0.0012,0.0044,     0,0,0,0.09,99.91,0.00,N/A,0.08,0.19,210.21,0.42,10.57,0.00,0.01,0.05,0.48,0.11,1.00,0.01,0.03,0.33,0.41,0.0012,0.0033,     0,0,0,10.59,89.41,0.00,N/A,9.93,20.86,210.21,0.48,11.90,0.05,1.26,0.32,2.93,0.11,1.00,0.00,0.00,0.57,0.80,0.0000,0.0000,     0,0,0,11.05,88.95,0.00,N/A,67.36,22.97,210.21,2.93,73.32,0.32,8.10,0.05,0.47,0.11,1.00,0.01,0.04,0.35,0.41,0.0012,0.0033,     0,0,0,10.82,89.18,0.00,N/A,10.82,22.96,210.21,0.47,11.78,0.05,1.27,0.00,0.55,0.01,1.00,0.00,0.00,0.18,0.52,0.0030,0.0043,     0,0,0,0.68,99.32,0.00,N/A,0.79,1.43,210.21,0.55,13.73,0.00,0.09,
2024-03-18,16:02:54.318,0.05,0.71,0.06,1.00,0.10,0.29,0.44,0.48,0.0006,0.0019,0.10,0.13,-2147483648,0.00,0.00,153.69,216.32,209.73,0.71,17.76,0.05,1.15,96.65,0.43,236.46,6.45,93.55,0.00,100.00,0.00,0.00,0.00,0.00,-nan,0.24,0.03,0.46,0.07,1.00,0.05,0.17,0.50,0.46,0.0010,0.0034,     0,0,0,0.06,0.08,-2147483648,0.00,0.00,N/A,50.25,110.00,209.73,0.46,11.42,0.03,0.75,0.06,0.97,0.06,1.00,0.05,0.12,0.34,0.50,0.0005,0.0012,     0,0,0,0.04,0.05,-2147483648,0.00,0.00,N/A,103.43,106.32,209.73,0.97,24.32,0.06,1.54,25.53,25.81, 20%, 21%,22.85,22.46, 18%, 18%,59.78,58.59, 48%, 47%,58.64,59.45, 47%, 48%,6.56,93.44,0.00,100.00,0.00,0.00,6.35,93.65,0.00,100.00,0.00,0.00,0.00,0.00,0.00 ,0.00 ,-nan ,-nan ,0.25,0.24,0.01,0.22,0.06,1.00,0.01,0.01,0.31,0.82,0.0020,0.0032,     0,0,0,6.37,93.63,0.00,N/A,2.91,13.37,209.73,0.22,5.45,0.01,0.35,0.01,0.92,0.01,1.00,0.00,0.00,0.53,0.57,0.0005,0.0020,     0,0,0,0.72,99.28,0.00,N/A,1.40,1.52,209.73,0.92,23.05,0.01,0.17,0.05,0.48,0.11,1.00,0.01,0.04,0.51,0.39,0.0010,0.0034,     0,0,0,11.02,88.98,0.00,N/A,10.89,22.91,209.73,0.48,11.88,0.05,1.31,0.01,1.24,0.00,1.00,0.00,0.00,0.36,0.59,0.0003,0.0007,     0,0,0,0.44,99.56,0.00,N/A,1.09,0.88,209.73,1.24,30.89,0.01,0.14,0.05,0.48,0.11,1.00,0.01,0.04,0.52,0.38,0.0009,0.0035,     0,0,0,11.02,88.98,0.00,N/A,11.01,22.92,209.73,0.48,12.01,0.05,1.32,0.05,0.48,0.11,1.00,0.01,0.04,0.53,0.37,0.0009,0.0035,     0,0,0,11.03,88.97,0.00,N/A,11.00,22.93,209.73,0.48,11.99,0.05,1.32,0.05,0.47,0.11,1.00,0.01,0.04,0.53,0.37,0.0009,0.0035,     0,0,0,11.20,88.80,0.00,N/A,11.70,24.99,209.73,0.47,11.71,0.05,1.31,0.00,0.52,0.00,1.00,0.00,0.00,0.39,0.66,0.0024,0.0058,     0,0,0,0.23,99.77,0.00,N/A,0.26,0.49,209.73,0.52,13.08,0.00,0.03,0.01,0.20,0.06,1.00,0.01,0.01,0.34,0.83,0.0021,0.0032,     0,0,0,6.20,93.80,0.00,N/A,2.63,13.00,209.73,0.20,5.06,0.01,0.31,0.05,0.48,0.11,1.00,0.01,0.04,0.33,0.39,0.0012,0.0033,     0,0,0,11.03,88.97,0.00,N/A,10.96,22.93,209.73,0.48,11.95,0.05,1.32,0.05,0.48,0.11,1.00,0.01,0.04,0.34,0.40,0.0012,0.0033,     0,0,0,11.02,88.98,0.00,N/A,10.90,22.91,209.73,0.48,11.90,0.05,1.31,0.30,2.93,0.10,1.00,0.00,0.00,0.51,0.81,0.0000,0.0000,     0,0,0,10.29,89.71,0.00,N/A,67.34,22.96,209.73,2.93,73.32,0.30,7.55,0.00,0.42,0.00,1.00,0.00,0.00,0.58,0.67,0.0014,0.0048,     0,0,0,0.15,99.85,0.00,N/A,0.14,0.32,209.73,0.42,10.59,0.00,0.02,0.00,0.43,0.00,1.00,0.00,0.00,0.63,0.65,0.0018,0.0059,     0,0,0,0.12,99.88,0.00,N/A,0.11,0.24,209.73,0.43,10.85,0.00,0.01,0.05,0.48,0.11,1.00,0.01,0.04,0.35,0.42,0.0012,0.0033,     0,0,0,11.03,88.97,0.00,N/A,11.05,22.93,209.73,0.48,12.05,0.05,1.33,0.00,0.30,0.00,1.00,0.00,0.00,0.26,0.54,0.0054,0.0085,     0,0,0,0.49,99.51,0.00,N/A,0.30,1.02,209.73,0.30,7.47,0.00,0.04,
2024-03-18,16:02:54.414,0.05,0.74,0.06,1.00,0.10,0.27,0.38,0.48,0.0007,0.0018,0.10,0.13,-2147483648,0.00,0.00,150.42,203.49,209.92,0.74,18.48,0.05,1.14,94.32,0.41,232.14,6.18,93.82,0.00,100.00,0.00,0.00,0.00,0.00,-nan,0.26,0.03,0.48,0.06,1.00,0.06,0.16,0.40,0.45,0.0012,0.0033,     0,0,0,0.05,0.06,-2147483648,0.00,0.00,N/A,48.65,101.95,209.92,0.48,11.93,0.03,0.74,0.06,1.00,0.06,1.00,0.04,0.11,0.33,0.52,0.0004,0.0011,     0,0,0,0.06,0.07,-2147483648,0.00,0.00,N/A,101.77,101.54,209.92,1.00,25.06,0.06,1.55,23.35,23.52, 19%, 19%,23.94,23.51, 19%, 19%,56.15,54.63, 46%, 45%,60.24,61.13, 49%, 50%,6.19,93.81,0.00,100.00,0.00,0.00,6.17,93.83,0.00,100.00,0.00,0.00,0.00,0.00,0.00 ,0.00 ,-nan ,-nan ,0.25,0.26,0.01,0.20,0.06,1.00,0.01,0.01,0.24,0.84,0.0022,0.0031,     0,0,0,6.18,93.82,0.00,N/A,2.65,12.97,209.92,0.20,5.11,0.01,0.32,0.00,0.41,0.00,1.00,0.00,0.00,0.67,0.67,0.0010,0.0053,     0,0,0,0.19,99.81,0.00,N/A,0.17,0.40,209.92,0.41,10.36,0.00,0.02,0.07,0.63,0.10,1.00,0.02,0.04,0.28,0.31,0.0016,0.0032,     0,0,0,10.35,89.65,0.00,N/A,13.19,20.86,209.92,0.63,15.81,0.07,1.64,0.00,0.48,0.00,1.00,0.00,0.00,0.44,0.68,0.0012,0.0052,     0,0,0,0.17,99.83,0.00,N/A,0.17,0.36,209.92,0.48,11.94,0.00,0.02,0.05,0.48,0.11,1.00,0.01,0.04,0.49,0.39,0.0010,0.0034,     0,0,0,11.37,88.63,0.00,N/A,11.06,22.92,209.92,0.48,12.06,0.05,1.37,0.05,0.48,0.11,1.00,0.01,0.04,0.48,0.38,0.0010,0.0034,     0,0,0,11.37,88.63,0.00,N/A,11.00,22.92,209.92,0.48,11.99,0.05,1.36,0.05,0.47,0.10,1.00,0.01,0.03,0.48,0.39,0.0010,0.0034,     0,0,0,10.35,89.65,0.00,N/A,9.89,20.86,209.92,0.47,11.86,0.05,1.23,0.00,0.78,0.00,1.00,0.00,0.00,0.36,0.65,0.0014,0.0033,     0,0,0,0.31,99.69,0.00,N/A,0.52,0.66,209.92,0.78,19.61,0.00,0.06,0.01,0.19,0.06,1.00,0.00,0.01,0.15,0.89,0.0018,0.0022,     0,0,0,6.14,93.86,0.00,N/A,2.47,12.90,209.92,0.19,4.79,0.01,0.29,0.05,0.49,0.10,1.00,0.01,0.03,0.34,0.40,0.0012,0.0032,     0,0,0,10.33,89.67,0.00,N/A,10.18,20.83,209.92,0.49,12.21,0.05,1.26,0.05,0.49,0.10,1.00,0.01,0.03,0.35,0.40,0.0011,0.0032,     0,0,0,10.35,89.65,0.00,N/A,10.20,20.87,209.92,0.49,12.22,0.05,1.26,0.33,2.94,0.11,1.00,0.00,0.00,0.62,0.84,0.0000,0.0000,     0,0,0,11.38,88.62,0.00,N/A,67.43,22.94,209.92,2.94,73.50,0.33,8.36,0.00,0.44,0.00,1.00,0.00,0.00,0.46,0.65,0.0013,0.0048,     0,0,0,0.19,99.81,0.00,N/A,0.18,0,0.73,0.,0.00,0,11.06,0.00,0.02,0.00,0.49,0.00,1.00,0.00,0.00,0.72,0.71,0.0009,0.0047,     0,0,0,0.12,99.88,0.00,N/A,0.12,0.24,209.92,0.49,12.16,0.00,0.01,0.05,0.48,0.11,1.00,0.01,0.04,0.35,0.42,0.0011,0.0033,     0,0,0,11.35,88.65,0.00,N/A,11.00,22.88,209.92,0.48,12.02,0.05,1.36,0.00,0.41,0.00,1.00,0.00,0.00,0.29,0.60,0.0040,0.0067,     0,0,0,0.23,99.77,0.00,N/A,0.19,0.48,209.92,0.41,10.17,0.00,0.02,
2024-03-18,16:02:54.514,0.05,0.71,0.06,1.00,0.09,0.28,0.42,0.48,0.0006,0.0018,0.10,0.13,-2147483648,0.00,0.00,153.47,216.93,210.14,0.71,17.69,0.05,1.14,111.69,0.49,235.66,6.45,93.55,0.00,100.00,0.00,0.00,0.00,0.00,-nan,0.25,0.03,0.45,0.07,1.00,0.05,0.17,0.49,0.46,0.0010,0.0033,     0,0,0,0.06,0.08,-2147483648,0.00,0.00,N/A,50.57,111.27,210.14,0.45,11.36,0.03,0.75,0.06,0.97,0.06,1.00,0.05,0.12,0.31,0.51,0.0004,0.0011,     0,0,0,0.04,0.05,-2147483648,0.00,0.00,N/A,102.90,105.66,210.14,0.97,24.35,0.06,1.53,25.61,25.85, 20%, 21%,30.40,29.83, 24%, 24%,60.13,58.49, 49%, 47%,58.14,58.90, 46%, 47%,6.62,93.38,0.00,100.00,0.00,0.00,6.29,93.71,0.00,100.00,0.00,0.00,0.00,0.00,0.00 ,0.00 ,-nan ,-nan ,0.25,0.26,0.01,0.20,0.06,1.00,0.00,0.01,0.14,0.89,0.0018,0.0022,     0,0,0,5.94,94.06,0.00,N/A,2.48,12.49,210.14,0.20,4.97,0.01,0.30,0.01,1.10,0.01,1.00,0.00,0.00,0.26,0.64,0.0005,0.0009,     0,0,0,0.61,99.39,0.00,N/A,1.42,1.28,210.14,1.10,27.62,0.01,0.17,0.06,0.47,0.12,1.00,0.01,0.04,0.52,0.38,0.0009,0.0036,     0,0,0,11.89,88.11,0.00,N/A,11.69,24.96,210.14,0.47,11.70,0.06,1.39,0.01,1.06,0.01,1.00,0.00,0.00,0.25,0.61,0.0006,0.0010,     0,0,0,0.64,99.36,0.00,N/A,1.43,1.35,210.14,1.06,26.44,0.01,0.17,0.05,0.47,0.11,1.00,0.01,0.04,0.51,0.38,0.0010,0.0035,     0,0,0,10.91,89.09,0.00,N/A,10.87,22.92,210.14,0.47,11.86,0.05,1.29,0.05,0.47,0.11,1.00,0.01,0.04,0.53,0.37,0.0009,0.0036,     0,0,0,10.91,89.09,0.00,N/A,10.75,22.92,210.14,0.47,11.73,0.05,1.28,0.06,0.47,0.12,1.00,0.01,0.04,0.51,0.38,0.0010,0.0035,     0,0,0,11.89,88.11,0.00,N/A,11.68,24.96,210.14,0.47,11.70,0.06,1.39,0.00,0.63,0.00,1.00,0.00,0.00,0.27,0.82,0.0013,0.0020,     0,0,0,0.19,99.81,0.00,N/A,0.25,0.39,210.14,0.63,15.75,0.00,0.03,0.01,0.19,0.06,1.00,0.00,0.00,0.16,0.89,0.0017,0.0021,     0,0,0,5.91,94.09,0.00,N/A,2.38,12.45,210.14,0.19,4.77,0.01,0.28,0.05,0.48,0.11,1.00,0.01,0.04,0.32,0.39,0.0013,0.0033,     0,0,0,10.92,89.08,0.00,N/A,10.94,22.93,210.14,0.48,11.92,0.05,1.30,0.05,0.48,0.10,1.00,0.01,0.03,0.33,0.40,0.0012,0.0033,     0,0,0,10.16,89.84,0.00,N/A,9.93,20.83,210.14,0.48,11.92,0.05,1.21,0.32,2.93,0.11,1.00,0.00,0.00,0.53,0.83,0.0000,0.0000,     0,0,0,10.93,89.07,0.00,N/A,67.17,22.94,210.14,2.93,73.18,0.32,8.00,0.00,0.45,0.00,1.00,0.00,0.00,0.33,0.73,0.0019,0.0045,     0,0,0,0.12,99.88,0.00,N/A,0.11,0.25,210.14,0.45,11.30,0.00,0.01,0.00,0.47,0.00,1.00,0.00,0.00,0.58,0.83,0.0006,0.0024,     0,0,0,0.06,99.94,0.00,N/A,0.06,0.12,210.14,0.47,11.81,0.00,0.01,0.05,0.48,0.11,1.00,0.01,0.04,0.33,0.41,0.0012,0.0033,     0,0,0,10.91,89.09,0.00,N/A,10.92,22.92,210.14,0.48,11.91,0.05,1.30,0.01,0.44,0.01,1.00,0.00,0.01,0.28,0.54,0.0017,0.0037,     0,0,0,1.50,98.50,0.00,N/A,1.41,3.22,210.14,0.44,10.96,0.01,0.16,
2024-03-18,16:02:54.617,0.05,0.72,0.07,1.00,0.10,0.29,0.43,0.50,0.0006,0.0019,0.10,0.13,-2147483648,0.00,0.00,157.75,220.44,210.17,0.72,17.89,0.05,1.17,103.66,0.44,269.69,6.54,93.46,0.00,100.00,0.00,0.00,0.00,0.00,-nan,0.25,0.03,0.47,0.07,1.00,0.05,0.17,0.50,0.48,0.0010,0.0033,     0,0,0,0.04,0.06,-2147483648,0.00,0.00,N/A,51.83,110.40,210.17,0.47,11.74,0.03,0.77,0.06,0.96,0.07,1.00,0.05,0.12,0.34,0.53,0.0005,0.0012,     0,0,0,0.06,0.07,-2147483648,0.00,0.00,N/A,105.91,110.04,210.17,0.96,24.06,0.06,1.58,26.61,26.61, 21%, 21%,25.44,25.00, 20%, 20%,61.64,59.81, 50%, 48%,73.58,74.66, 59%, 60%,6.52,93.48,0.00,100.00,0.00,0.00,6.55,93.45,0.00,100.00,0.00,0.00,0.00,0.00,0.00 ,0.00 ,-nan ,-nan ,0.26,0.24,0.02,0.26,0.07,1.00,0.01,0.01,0.35,0.80,0.0018,0.0028,     0,0,0,6.76,93.24,0.00,N/A,3.72,14.21,210.17,0.26,6.54,0.02,0.44,0.01,1.24,0.01,1.00,0.00,0.00,0.28,0.71,0.0003,0.0005,     0,0,0,0.52,99.48,0.00,N/A,1.35,1.09,210.17,1.24,31.11,0.01,0.16,0.05,0.47,0.11,1.00,0.01,0.04,0.51,0.39,0.0010,0.0035,     0,0,0,10.91,89.09,0.00,N/A,10.87,22.92,210.17,0.47,11.86,0.05,1.29,0.00,0.63,0.00,1.00,0.00,0.00,0.65,0.63,0.0010,0.0034,     0,0,0,0.34,99.66,0.00,N/A,0.45,0.71,210.17,0.63,15.85,0.00,0.05,0.05,0.48,0.11,1.00,0.01,0.04,0.54,0.38,0.0009,0.0035,     0,0,0,10.91,89.09,0.00,N/A,11.00,22.92,210.17,0.48,12.00,0.05,1.31,0.05,0.47,0.11,1.00,0.01,0.04,0.52,0.37,0.0009,0.0035,     0,0,0,10.92,89.08,0.00,N/A,10.84,22.93,210.17,0.47,11.81,0.05,1.29,0.05,0.47,0.11,1.00,0.01,0.04,0.51,0.39,0.0010,0.0035,     0,0,0,10.91,89.09,0.00,N/A,10.87,22.91,210.17,0.47,11.86,0.05,1.29,0.01,1.01,0.01,1.00,0.00,0.00,0.40,0.84,0.0008,0.0015,     0,0,0,1.22,98.78,0.00,N/A,2.74,2.72,210.17,1.01,25.13,0.01,0.31,0.01,0.22,0.06,1.00,0.00,0.01,0.39,0.85,0.0015,0.0025,     0,0,0,6.12,93.88,0.00,N/A,2.80,12.83,210.17,0.22,5.46,0.01,0.33,0.05,0.47,0.11,1.00,0.01,0.04,0.34,0.38,0.0012,0.0034,     0,0,0,10.93,89.07,0.00,N/A,10.84,22.95,210.17,0.47,11.80,0.05,1.29,0.00,0.41,0.00,1.00,0.00,0.00,0.58,0.70,0.0014,0.0046,     0,0,0,0.10,99.90,0.00,N/A,0.08,0.20,210.17,0.41,10.31,0.00,0.01,0.32,2.93,0.11,1.00,0.00,0.00,0.48,0.83,0.0000,0.0000,     0,0,0,10.93,89.07,0.00,N/A,67.13,22.95,210.17,2.93,73.14,0.32,7.99,0.01,0.50,0.02,1.00,0.00,0.01,0.34,0.56,0.0017,0.0037,     0,0,0,1.56,98.44,0.00,N/A,1.66,3.34,210.17,0.50,12.45,0.01,0.19,0.01,0.63,0.01,1.00,0.00,0.00,0.15,0.68,0.0018,0.0024,     0,0,0,0.92,99.08,0.00,N/A,1.21,1.94,210.17,0.63,15.63,0.01,0.14,0.05,0.47,0.11,1.00,0.01,0.04,0.32,0.42,0.0012,0.0033,     0,0,0,10.91,89.09,0.00,N/A,10.77,22.92,210.17,0.47,11.75,0.05,1.28,0.06,0.50,0.11,1.00,0.01,0.03,0.35,0.49,0.0011,0.0030,     0,0,0,11.16,88.84,0.00,N/A,11.41,22.91,210.17,0.50,12.45,0.06,1.39,
2024-03-18,16:02:54.714,0.05,0.76,0.07,1.00,0.12,0.33,0.41,0.54,0.0007,0.0018,0.11,0.13,-2147483648,0.00,0.00,183.57,240.70,209.75,0.76,19.07,0.05,1.37,98.28,0.41,256.99,7.19,92.81,0.00,100.00,0.00,0.00,0.00,0.00,-nan,0.24,0.04,0.54,0.07,1.00,0.06,0.19,0.50,0.55,0.0009,0.0029,     0,0,0,0.07,0.08,-2147483648,0.00,0.00,N/A,66.01,123.32,209.75,0.54,13.38,0.04,0.99,0.07,1.00,0.07,1.00,0.06,0.14,0.29,0.53,0.0005,0.0012,     0,0,0,0.04,0.05,-2147483648,0.00,0.00,N/A,117.56,117.38,209.75,1.00,25.04,0.07,1.75,24.71,24.84, 20%, 20%,24.55,24.18, 19%, 19%,59.39,58.22, 48%, 47%,69.23,70.15, 56%, 56%,7.38,92.62,0.00,100.00,0.00,0.00,7.01,92.99,0.00,100.00,0.00,0.00,0.00,0.00,0.00 ,0.00 ,-nan ,-nan ,0.24,0.24,0.02,0.24,0.06,1.00,0.01,0.01,0.31,0.82,0.0018,0.0029,     0,0,0,6.35,93.65,0.00,N/A,3.17,13.31,209.75,0.24,5.95,0.02,0.38,0.03,0.96,0.03,1.00,0.00,0.01,0.47,0.76,0.0004,0.0009,     0,0,0,3.42,96.58,0.00,N/A,6.99,7.30,209.75,0.96,23.93,0.03,0.82,0.05,0.48,0.11,1.00,0.01,0.04,0.54,0.38,0.0009,0.0035,     0,0,0,10.91,89.09,0.00,N/A,11.00,22.91,209.75,0.48,12.00,0.05,1.31,0.02,1.04,0.02,1.00,0.00,0.01,0.54,0.80,0.0006,0.0016,     0,0,0,2.10,97.90,0.00,N/A,4.58,4.40,209.75,1.04,26.06,0.02,0.55,0.06,0.55,0.11,1.00,0.01,0.04,0.52,0.37,0.0008,0.0030,     0,0,0,10.91,89.09,0.00,N/A,12.70,22.91,209.75,0.55,13.85,0.06,1.51,0.05,0.47,0.11,1.00,0.01,0.04,0.52,0.37,0.0009,0.0035,     0,0,0,10.91,89.09,0.00,N/A,10.85,22.92,209.75,0.47,11.83,0.05,1.29,0.05,0.47,0.11,1.00,0.01,0.04,0.54,0.38,0.0009,0.0035,     0,0,0,10.91,89.09,0.00,N/A,10.86,22.91,209.75,0.47,11.85,0.05,1.29,0.03,0.88,0.03,1.00,0.01,0.01,0.37,0.76,0.0012,0.0022,     0,0,0,3.37,96.63,0.00,N/A,5.87,6.66,209.75,0.88,22.05,0.03,0.74,0.02,0.31,0.07,1.00,0.00,0.01,0.48,0.85,0.0011,0.0023,     0,0,0,6.79,93.21,0.00,N/A,4.37,14.24,209.75,0.31,7.67,0.02,0.52,0.06,0.53,0.12,1.00,0.03,0.05,0.21,0.33,0.0019,0.0037,     0,0,0,11.89,88.11,0.00,N/A,13.17,24.97,209.75,0.53,13.19,0.06,1.57,0.06,2.38,0.03,1.00,0.00,0.00,0.44,0.67,0.0001,0.0002,     0,0,0,2.60,97.40,0.00,N/A,13.02,5.47,209.75,2.38,59.49,0.06,1.55,0.30,2.93,0.10,1.00,0.00,0.00,0.40,0.86,0.0000,0.0000,     0,0,0,10.18,89.82,0.00,N/A,61.16,20.87,209.75,2.93,73.27,0.30,7.46,0.06,0.48,0.12,1.00,0.01,0.04,0.31,0.40,0.0012,0.0033,     0,0,0,11.89,88.11,0.00,N/A,11.93,24.97,209.75,0.48,11.94,0.06,1.42,0.01,0.77,0.02,1.00,0.00,0.01,0.28,0.81,0.0013,0.0019,     0,0,98,12,3.63,3,0.00,N/A,2.88,3.76,209.75,0.77,19.19,0.01,0.34,0.05,0.48,0.11,1.00,0.01,0.04,0.32,0.41,0.0012,0.0033,     0,0,0,10.93,89.07,0.00,N/A,10.96,22.95,209.75,0.48,11.94,0.05,1.30,0.00,0.39,0.00,1.00,0.00,0.00,0.50,0.76,0.0015,0.0041,     0,0,0,0.08,99.92,0.00,N/A,0.06,0.16,209.75,0.39,9.75,0.00,0.01,
2024-03-18,16:02:54.814,0.04,0.68,0.07,1.00,0.11,0.30,0.40,0.51,0.0007,0.0020,0.11,0.13,-2147483648,0.00,0.00,151.32,221.11,211.87,0.68,17.11,0.04,1.12,99.16,0.41,241.57,6.55,93.45,0.00,100.00,0.00,0.00,0.00,0.00,-nan,0.26,0.03,0.46,0.07,1.00,0.05,0.17,0.50,0.50,0.0010,0.0033,     0,0,0,0.04,0.05,-2147483648,0.00,0.00,N/A,50.47,109.76,211.87,0.46,11.50,0.03,0.75,0.06,0.91,0.07,1.00,0.06,0.14,0.28,0.52,0.0006,0.0014,     0,0,0,0.07,0.07,-2147483648,0.00,0.00,N/A,100.85,111.35,211.87,0.91,22.64,0.06,1.49,25.59,25.57, 20%, 20%,24.21,23.79, 19%, 19%,61.21,60.02, 49%, 48%,59.77,60.57, 48%, 48%,6.52,93.48,0.00,100.00,0.00,0.00,6.58,93.42,0.00,100.00,0.00,0.00,0.00,0.00,0.00 ,0.00 ,-nan ,-nan ,0.26,0.26,0.01,0.20,0.06,1.00,0.01,0.01,0.33,0.85,0.0018,0.0029,     0,0,0,6.48,93.52,0.00,N/A,2.77,13.72,211.87,0.20,5.04,0.01,0.33,0.02,0.78,0.03,1.00,0.00,0.01,0.37,0.74,0.0008,0.0018,     0,0,0,2.64,97.36,0.00,N/A,4.34,5.58,211.87,0.78,19.46,0.02,0.51,0.05,0.48,0.10,1.00,0.01,0.03,0.53,0.38,0.0009,0.0035,     0,0,0,10.07,89.93,0.00,N/A,9.96,20.84,211.87,0.48,11.95,0.05,1.20,0.00,0.87,0.00,1.00,0.00,0.00,0.66,0.87,0.0003,0.0016,     0,0,0,0.18,99.82,0.00,N/A,0.33,0.38,211.87,0.87,21.87,0.00,0.04,0.05,0.48,0.11,1.00,0.01,0.04,0.52,0.38,0.0009,0.0035,     0,0,0,10.91,89.09,0.00,N/A,10.90,22.92,211.87,0.48,11.89,0.05,1.30,0.05,0.48,0.11,1.00,0.01,0.04,0.53,0.37,0.0009,0.0035,     0,0,0,10.91,89.09,0.00,N/A,11.02,22.91,211.87,0.48,12.03,0.05,1.31,0.05,0.48,0.11,1.00,0.01,0.04,0.53,0.38,0.0009,0.0035,     0,0,0,10.91,89.09,0.00,N/A,10.95,22.91,211.87,0.48,11.95,0.05,1.30,0.00,0.39,0.00,1.00,0.00,0.00,0.39,0.81,0.0008,0.0020,     0,0,0,0.24,99.76,0.00,N/A,0.20,0.50,211.87,0.39,9.84,0.00,0.02,0.01,0.19,0.07,1.00,0.00,0.01,0.17,0.89,0.0017,0.0022,     0,0,0,6.52,93.48,0.00,N/A,2.60,13.82,211.87,0.19,4.71,0.01,0.31,0.05,0.48,0.11,1.00,0.01,0.04,0.33,0.39,0.0012,0.0033,     0,0,0,10.91,89.09,0.00,N/A,11.04,22.92,211.87,0.48,12.04,0.05,1.31,0.28,2.64,0.11,1.00,0.01,0.01,0.02,0.12,0.0002,0.0002,     0,0,0,10.71,89.29,0.00,N/A,60.50,22.94,211.87,2.64,65.94,0.28,7.06,0.01,0.78,0.02,1.00,0.00,0.01,0.46,0.75,0.0009,0.0022,     0,0,0,1.53,98.47,0.00,N/A,2.54,3.24,211.87,0.78,19.59,0.01,0.30,0.04,0.48,0.09,1.00,0.01,0.03,0.34,0.40,0.0012,0.0033,     0,0,0,9.19,90.81,0.00,N/A,9.13,19.01,211.87,0.48,12.00,0.04,1.10,0.01,0.74,0.02,1.00,0.00,0.01,0.39,0.68,0.0008,0.0019,     0,0,0,2.01,97.99,0.00,N/A,3.21,4.32,211.87,0.74,18.62,0.01,0.37,0.06,0.47,0.12,1.00,0.01,0.04,0.33,0.41,0.0012,0.0033,     0,0,0,11.89,88.11,0.00,N/A,11.77,24.97,211.87,0.47,11.79,0.06,1.40,0.00,0.43,0.00,1.00,0.00,0.00,0.60,0.82,0.0007,0.0028,     0,0,0,0.07,99.93,0.00,N/A,0.06,0.14,211.87,0.43,10.79,0.00,0.01,
2024-03-18,16:02:54.914,0.04,0.71,0.06,1.00,0.09,0.28,0.42,0.48,0.0006,0.0018,0.10,0.13,-2147483648,0.00,0.00,150.58,211.53,210.25,0.71,17.80,0.04,1.12,112.27,0.49,258.68,6.29,93.71,0.00,100.00,0.00,0.00,0.00,0.00,-nan,0.24,0.03,0.45,0.06,1.00,0.05,0.16,0.49,0.46,0.0010,0.0034,     0,0,0,0.06,0.08,-2147483648,0.00,0.00,N/A,47.67,106.20,210.25,0.45,11.22,0.03,0.71,0.06,0.98,0.06,1.00,0.05,0.12,0.32,0.51,0.0004,0.0011,     0,0,0,0.04,0.05,-2147483648,0.00,0.00,N/A,102.92,105.33,210.25,0.98,24.43,0.06,1.53,33.58,30.99, 27%, 25%,24.04,23.67, 19%, 19%,72.07,65.30, 58%, 53%,60.25,61.07, 48%, 49%,6.32,93.68,0.00,100.00,0.00,0.00,6.27,93.73,0.00,100.00,0.00,0.00,0.00,0.00,0.00 ,0.00 ,-nan ,-nan ,0.24,0.25,0.01,0.20,0.06,1.00,0.00,0.01,0.18,0.87,0.0019,0.0025,     0,0,0,6.00,94.00,0.00,N/A,2.53,12.62,210.25,0.20,5.02,0.01,0.30,0.05,0.47,0.11,1.00,0.01,0.04,0.50,0.39,0.0010,0.0035,     0,0,0,10.92,89.08,0.00,N/A,10.75,22.92,210.25,0.47,11.72,0.05,1.28,0.01,1.30,0.01,1.00,0.00,0.00,0.43,0.68,0.0002,0.0006,     0,0,0,0.50,99.50,0.00,N/A,1.37,1.06,210.25,1.30,32.41,0.01,0.16,0.00,0.47,0.00,1.00,0.00,0.00,0.33,0.64,0.0024,0.0056,     0,0,0,0.26,99.74,0.00,N/A,0.26,0.54,210.25,0.47,11.86,0.00,0.03,0.05,0.48,0.11,1.00,0.01,0.04,0.51,0.38,0.0009,0.0035,     0,0,0,10.91,89.09,0.00,N/A,10.91,22.92,210.25,0.48,11.90,0.05,1.30,0.05,0.47,0.11,1.00,0.01,0.04,0.53,0.36,0.0009,0.0035,     0,0,0,10.91,89.09,0.00,N/A,10.84,22.92,210.25,0.47,11.83,0.05,1.29,0.05,0.47,0.11,1.00,0.01,0.04,0.52,0.38,0.0009,0.0035,     0,0,0,10.91,89.09,0.00,N/A,10.86,22.91,210.25,0.47,11.84,0.05,1.29,0.00,0.48,0.00,1.00,0.00,0.00,0.47,0.64,0.0023,0.0067,     0,0,0,0.15,99.85,0.00,N/A,0.15,0.31,210.25,0.48,12.01,0.00,0.02,0.01,0.19,0.06,1.00,0.00,0.01,0.18,0.88,0.0018,0.0024,     0,0,0,6.04,93.96,0.00,N/A,2.45,12.70,210.25,0.19,4.83,0.01,0.29,0.05,0.48,0.11,1.00,0.01,0.04,0.32,0.39,0.0013,0.0034,     0,0,0,10.92,89.08,0.00,N/A,10.91,22.93,210.25,0.48,11.89,0.05,1.30,0.32,2.94,0.11,1.00,0.00,0.00,0.56,0.82,0.0000,0.0000,     0,0,0,10.93,89.07,0.00,N/A,67.35,22.94,210.25,2.94,73.39,0.32,8.02,0.00,0.42,0.00,1.00,0.00,0.00,0.62,0.85,0.0007,0.0022,     0,0,0,0.06,99.94,0.00,N/A,0.05,0.12,210.25,0.42,10.44,0.00,0.01,0.00,0.44,0.00,1.00,0.00,0.00,0.58,0.76,0.0008,0.0037,     0,0,0,0.09,99.91,0.00,N/A,0.08,0.19,210.25,0.44,11.08,0.00,0.01,0.05,0.47,0.11,1.00,0.01,0.04,0.34,0.40,0.0012,0.0034,     0,0,0,10.92,89.08,0.00,N/A,10.86,22.93,210.25,0.47,11.84,0.05,1.29,0.05,0.47,0.11,1.00,0.01,0.04,0.33,0.42,0.0012,0.0033,     0,0,0,10.91,89.09,0.00,N/A,10.81,22.92,210.25,0.47,11.79,0.05,1.29,0.00,0.67,0.00,1.00,0.00,0.00,0.31,0.65,0.0019,0.0032,     0,0,0,0.29,99.71,0.00,N/A,0.41,0.61,210.25,0.67,16.85,0.00,0.05,
2024-03-18,16:02:55.014,0.04,0.71,0.06,1.00,0.09,0.28,0.41,0.48,0.0006,0.0019,0.09,0.12,-2147483648,0.00,0.00,150.01,212.23,210.04,0.71,17.67,0.04,1.12,105.18,0.48,265.75,6.32,93.68,0.00,100.00,0.00,0.00,0.00,0.00,-nan,0.25,0.03,0.44,0.06,1.00,0.05,0.17,0.48,0.46,0.0010,0.0035,     0,0,0,0.04,0.05,-2147483648,0.00,0.00,N/A,47.15,106.69,210.04,0.44,11.05,0.03,0.70,0.06,0.97,0.06,1.00,0.05,0.12,0.32,0.50,0.0004,0.0011,     0,0,0,0.06,0.07,-2147483648,0.00,0.00,N/A,102.86,105.55,210.04,0.97,24.36,0.06,1.53,28.20,30.23, 23%, 24%,23.57,23.18, 19%, 18%,70.61,74.12, 57%, 60%,60.08,60.94, 48%, 49%,6.35,93.65,0.00,100.00,0.00,0.00,6.28,93.72,0.00,100.00,0.00,0.00,0.00,0.00,0.00 ,0.00 ,-nan ,-nan ,0.26,0.25,0.01,0.22,0.06,1.00,0.01,0.01,0.23,0.85,0.0019,0.0027,     0,0,0,6.18,93.82,0.00,N/A,2.87,12.99,210.04,0.22,5.53,0.01,0.34,0.05,0.48,0.11,1.00,0.01,0.04,0.51,0.40,0.0010,0.0035,     0,0,0,10.92,89.08,0.00,N/A,10.91,22.93,210.04,0.48,11.90,0.05,1.30,0.00,0.44,0.00,1.00,0.00,0.00,0.35,0.63,0.0021,0.0058,     0,0,0,0.34,99.66,0.00,N/A,0.32,0.72,210.04,0.44,11.12,0.00,0.04,0.00,0.48,0.00,1.00,0.00,0.00,0.34,0.68,0.0023,0.0041,     0,0,0,0.21,99.79,0.00,N/A,0.22,0.45,210.04,0.48,12.03,0.00,0.03,0.05,0.47,0.11,1.00,0.01,0.04,0.48,0.37,0.0010,0.0035,     0,0,0,10.92,89.08,0.00,N/A,10.75,22.92,210.04,0.47,11.72,0.05,1.28,0.05,0.46,0.11,1.00,0.01,0.04,0.51,0.36,0.0010,0.0036,     0,0,0,10.92,89.08,0.00,N/A,10.66,22.93,210.04,0.46,11.62,0.05,1.27,0.05,0.47,0.11,1.00,0.01,0.04,0.53,0.36,0.0009,0.0036,     0,0,0,10.91,89.09,0.00,N/A,10.71,22.92,210.04,0.47,11.69,0.05,1.28,0.00,0.85,0.00,1.00,0.00,0.00,0.32,0.59,0.0014,0.0030,     0,0,0,0.40,99.60,0.00,N/A,0.71,0.83,210.04,0.85,21.15,0.00,0.08,0.01,0.19,0.06,1.00,0.00,0.01,0.21,0.88,0.0018,0.0024,     0,0,0,6.03,93.97,0.00,N/A,2.45,12.66,210.04,0.19,4.84,0.01,0.29,0.05,0.47,0.11,1.00,0.01,0.04,0.32,0.38,0.0012,0.0034,     0,0,0,10.92,89.08,0.00,N/A,10.80,22.93,210.04,0.47,11.78,0.05,1.29,0.32,2.93,0.11,1.00,0.00,0.00,0.36,0.88,0.0000,0.0000,     0,0,0,10.93,89.07,0.00,N/A,67.29,22.95,210.04,2.93,73.29,0.32,8.01,0.00,0.40,0.00,1.00,0.00,0.00,0.44,0.78,0.0016,0.0036,     0,0,0,0.11,99.89,0.00,N/A,0.10,0.24,210.04,0.40,9.96,0.00,0.01,0.00,0.45,0.00,1.00,0.00,0.00,0.74,0.72,0.0007,0.0051,     0,0,0,0.10,99.90,0.00,N/A,0.09,0.21,210.04,0.45,11.22,0.00,0.01,0.05,0.48,0.11,1.00,0.01,0.04,0.34,0.40,0.0012,0.0033,     0,0,0,10.91,89.09,0.00,N/A,10.98,22.92,210.04,0.48,11.98,0.05,1.31,0.05,0.46,0.11,1.00,0.01,0.04,0.32,0.40,N/A     0,0,0,     0,0,0,10.91,89.09,0.00,N/A,10.60,22.92,210.04,0.46,11.56,0.05,1.26,0.00,0.77,0.00,1.00,0.00,0.00,0.30,0.66,0.0013,0.0025,     0,0,0,0.34,99.66,0.00,N/A,0.56,0.72,210.04,0.77,19.25,0.00,0.07,
2024-03-18,16:02:55.114,0.05,0.73,0.06,1.00,0.10,0.28,0.37,0.48,0.0007,0.0018,0.10,0.13,-2147483648,0.00,0.00,153.01,210.24,209.93,0.73,18.19,0.05,1.14,94.98,0.42,236.14,6.26,93.74,0.00,100.00,0.00,0.00,0.00,0.00,-nan,0.24,0.03,0.47,0.06,1.00,0.06,0.17,0.40,0.45,0.0012,0.0034,     0,0,0,0.07,0.08,-2147483648,0.00,0.00,N/A,49.74,105.41,209.93,0.47,11.80,0.03,0.74,0.06,0.99,0.06,1.00,0.04,0.11,0.32,0.51,0.0004,0.0011,     0,0,0,0.03,0.04,-2147483648,0.00,0.00,N/A,103.27,104.83,209.93,0.99,24.63,0.06,1.54,24.49,24.36, 19%, 19%,23.28,22.85, 18%, 18%,58.51,57.48, 47%, 46%,59.71,60.43, 48%, 48%,6.28,93.72,0.00,100.00,0.00,0.00,6.24,93.76,0.00,100.00,0.00,0.00,0.00,0.00,0.00 ,0.00 ,-nan ,-nan ,0.24,0.25,0.01,0.21,0.06,1.00,0.01,0.01,0.18,0.86,0.0020,0.0026,     0,0,0,6.00,94.00,0.00,N/A,2.59,12.60,209.93,0.21,5.13,0.01,0.31,0.05,0.47,0.11,1.00,0.01,0.04,0.49,0.39,0.0010,0.0035,     0,0,0,10.92,89.08,0.00,N/A,10.86,22.93,209.93,0.47,11.84,0.05,1.29,0.00,0.48,0.00,1.00,0.00,0.00,0.40,0.62,0.0019,0.0060,     0,0,0,0.29,99.71,0.00,N/A,0.29,0.60,209.93,0.48,12.03,0.00,0.03,0.00,0.45,0.00,1.00,0.00,0.00,0.54,0.72,0.0010,0.0047,     0,0,0,0.11,99.89,0.00,N/A,0.10,0.23,209.93,0.45,11.26,0.00,0.01,0.05,0.47,0.11,1.00,0.01,0.04,0.49,0.38,0.0010,0.0035,     0,0,0,10.92,89.08,0.00,N/A,10.85,22.92,209.93,0.47,11.83,0.05,1.29,0.07,0.62,0.11,1.00,0.02,0.05,0.27,0.30,0.0016,0.0032,     0,0,0,10.91,89.09,0.00,N/A,14.10,22.91,209.93,0.62,15.39,0.07,1.68,0.05,0.47,0.11,1.00,0.01,0.04,0.50,0.39,0.0009,0.0034,     0,0,0,10.91,89.09,0.00,N/A,10.80,22.92,209.93,0.47,11.79,0.05,1.29,0.00,0.50,0.00,1.00,0.00,0.00,0.48,0.66,0.0019,0.0056,     0,0,0,0.15,99.85,0.00,N/A,0.15,0.31,209.93,0.50,12.53,0.00,0.02,0.01,0.19,0.06,1.00,0.00,0.01,0.19,0.89,0.0017,0.0022,     0,0,0,5.83,94.17,0.00,N/A,2.37,12.24,209.93,0.19,4.83,0.01,0.28,0.05,0.48,0.11,1.00,0.01,0.04,0.34,0.39,0.0012,0.0033,     0,0,0,10.92,89.08,0.00,N/A,10.93,22.93,209.93,0.48,11.91,0.05,1.30,0.32,2.95,0.11,1.00,0.00,0.00,0.51,0.87,0.0000,0.0000,     0,0,0,10.93,89.07,0.00,N/A,67.64,22.95,209.93,2.95,73.68,0.32,8.05,0.00,0.37,0.00,1.00,0.00,0.00,0.39,0.72,0.0023,0.0054,     0,0,0,0.14,99.86,0.00,N/A,0.11,0.28,209.93,0.37,9.33,0.00,0.01,0.00,0.43,0.00,1.00,0.00,0.00,0.60,0.69,0.0015,0.0054,     0,0,0,0.13,99.87,0.00,N/A,0.12,0.28,209.93,0.43,10.68,0.00,0.01,0.05,0.48,0.11,1.00,0.01,0.04,0.34,0.40,0.0012,0.0033,     0,0,0,10.92,89.08,0.00,N/A,10.99,22.92,209.93,0.48,11.98,0.05,1.31,0.05,0.48,0.11,1.00,0.01,0.04,0.32,0.42,0.0012,0.0032,     0,0,0,10.91,89.09,0.00,N/A,10.98,22.91,209.93,0.48,11.98,0.05,1.31,0.00,0.45,0.00,1.00,0.00,0.00,0.40,0.64,0.0028,0.0060,     0,0,0,0.15,99.85,0.00,N/A,0.14,0.31,209.93,0.45,11.34,0.00,0.02,
2024-03-18,16:02:55.214,0.05,0.73,0.06,1.00,0.09,0.28,0.42,0.48,0.0006,0.0018,0.09,0.12,-2147483648,0.00,0.00,154.11,211.78,210.09,0.73,18.19,0.05,1.15,100.05,0.47,237.43,6.30,93.70,0.00,100.00,0.00,0.00,0.00,0.00,-nan,0.25,0.03,0.48,0.06,1.00,0.05,0.16,0.50,0.46,0.0009,0.0031,     0,0,0,0.04,0.05,-2147483648,0.00,0.00,N/A,51.20,105.84,210.09,0.48,12.09,0.03,0.76,0.06,0.97,0.06,1.00,0.05,0.12,0.32,0.50,0.0004,0.0011,     0,0,0,0.06,0.07,-2147483648,0.00,0.00,N/A,102.91,105.94,210.09,0.97,24.29,0.06,1.53,26.14,26.14, 21%, 21%,24.10,23.67, 19%, 19%,60.65,58.53, 49%, 47%,58.74,59.51, 47%, 48%,6.30,93.70,0.00,100.00,0.00,0.00,6.30,93.70,0.00,100.00,0.00,0.00,0.00,0.00,0.00 ,0.00 ,-nan ,-nan ,0.26,0.25,0.01,0.21,0.06,1.00,0.01,0.01,0.36,0.82,0.0020,0.0034,     0,0,0,6.16,93.84,0.00,N/A,2.68,12.94,210.09,0.21,5.19,0.01,0.32,0.05,0.47,0.11,1.00,0.01,0.04,0.51,0.38,0.0010,0.0035,     0,0,0,10.93,89.07,0.00,N/A,10.76,22.96,210.09,0.47,11.71,0.05,1.28,0.00,0.45,0.00,1.00,0.00,0.00,0.37,0.67,0.0023,0.0052,     0,0,0,0.20,99.80,0.00,N/A,0.19,0.42,210.09,0.45,11.29,0.00,0.02,0.00,0.35,0.00,1.00,0.00,0.00,0.51,0.61,0.0018,0.0060,     0,0,0,0.15,99.85,0.00,N/A,0.11,0.30,210.09,0.35,8.76,0.00,0.01,0.05,0.47,0.11,1.00,0.01,0.04,0.51,0.38,0.0010,0.0035,     0,0,0,10.93,89.07,0.00,N/A,10.83,22.95,210.09,0.47,11.80,0.05,1.29,0.05,0.47,0.11,1.00,0.01,0.04,0.52,0.37,0.0009,0.0035,     0,0,0,10.93,89.07,0.00,N/A,10.70,22.94,210.09,0.47,11.66,0.05,1.27,0.07,0.69,0.11,1.00,0.01,0.03,0.52,0.37,0.0006,0.0022,     0,0,0,10.91,89.09,0.00,N/A,15.74,22.92,210.09,0.69,17.17,0.07,1.87,0.00,0.47,0.00,1.00,0.00,0.00,0.25,0.59,0.0039,0.0073,     0,0,0,0.19,99.81,0.00,N/A,0.19,0.41,210.09,0.47,11.85,0.00,0.02,0.01,0.19,0.06,1.00,0.00,0.01,0.21,0.87,0.0019,0.0026,     0,0,0,6.26,93.74,0.00,N/A,2.48,13.15,210.09,0.19,4.71,0.01,0.29,0.05,0.48,0.11,1.00,0.01,0.04,0.32,0.38,0.0012,0.0034,     0,0,0,10.92,89.08,0.00,N/A,10.92,22.93,210.09,0.48,11.90,0.05,1.30,0.32,2.94,0.11,1.00,0.00,0.00,0.48,0.89,0.0000,0.0000,     0,0,0,10.93,89.07,0.00,N/A,67.42,22.95,210.09,2.94,73.44,0.32,8.03,0.00,0.44,0.00,1.00,0.00,0.00,0.46,0.75,0.0016,0.0042,     0,0,0,0.09,99.91,0.00,N/A,0.08,0.19,210.09,0.44,10.95,0.00,0.01,0.00,0.48,0.00,1.00,0.00,0.00,0.42,0.73,0.0018,0.0044,     0,0,0,0.21,99.79,0.00,N/A,0.21,0.44,210.09,0.48,12.02,0.00,0.03,0.05,0.48,0.11,1.00,0.01,0.04,0.32,0.40,0.0012,0.0033,     0,0,0,10.92,89.08,0.00,N/A,10.92,22.93,210.09,0.48,11.91,0.05,1.30,0.05,0.47,0.11,1.00,0.01,0.04,0.34,0.40,0.0012,0.0034,     0,0,0,10.91,89.09,0.00,N/A,10.67,22.92,210.09,0.47,11.64,0.05,1.27,0.00,0.49,0.00,1.00,0.00,0.00,0.38,0.60,0.0026,0.0061,     0,0,0,0.20,99.80,0.00,N/A,0.21,0.43,210.09,0.49,12.14,0.00,0.02,
2024-03-18,16:02:55.314,0.05,0.76,0.07,1.00,0.13,0.32,0.36,0.49,0.0007,0.0019,0.10,0.13,-2147483648,0.00,0.00,170.57,225.76,209.96,0.76,18.89,0.05,1.27,111.58,0.49,237.96,6.72,93.28,0.00,100.00,0.00,0.00,0.00,0.00,-nan,0.24,0.04,0.52,0.07,1.00,0.06,0.19,0.44,0.49,0.0010,0.0030,     0,0,0,0.06,0.08,-2147483648,0.00,0.00,N/A,62.33,120.00,209.96,0.52,12.98,0.04,0.93,0.06,1.02,0.06,1.00,0.06,0.13,0.24,0.48,0.0006,0.0012,     0,0,0,0.04,0.05,-2147483648,0.00,0.00,N/A,108.25,105.75,209.96,1.02,25.59,0.06,1.61,25.37,24.91, 20%, 20%,30.90,30.39, 24%, 24%,57.69,56.67, 47%, 46%,61.35,62.24, 49%, 50%,7.14,92.86,0.00,100.00,0.00,0.00,6.30,93.70,0.00,100.00,0.00,0.00,0.00,0.00,0.00 ,0.00 ,-nan ,-nan ,0.24,0.25,0.02,0.27,0.06,1.00,0.00,0.01,0.20,0.87,0.0013,0.0017,     0,0,0,6.28,93.72,0.00,N/A,3.54,13.19,209.96,0.27,6.71,0.02,0.42,0.06,0.48,0.12,1.00,0.01,0.04,0.52,0.39,0.0009,0.0035,     0,0,0,11.89,88.11,0.00,N/A,12.04,24.97,209.96,0.48,12.05,0.06,1.43,0.00,0.41,0.00,1.00,0.00,0.00,0.50,0.78,0.0011,0.0034,     0,0,0,0.13,99.87,0.00,N/A,0.11,0.28,209.96,0.41,10.17,0.00,0.01,0.00,0.77,0.00,1.00,0.00,0.00,0.56,0.72,0.0006,0.0020,     0,0,0,0.23,99.77,0.00,N/A,0.37,0.49,209.96,0.77,19.21,0.00,0.04,0.06,0.49,0.12,1.00,0.01,0.04,0.52,0.38,0.0009,0.0035,     0,0,0,11.89,88.11,0.00,N/A,12.18,24.97,209.96,0.49,12.19,0.06,1.45,0.07,0.59,0.12,1.00,0.01,0.04,0.49,0.44,0.0008,0.0027,     0,0,0,11.89,88.11,0.00,N/A,14.76,24.96,209.96,0.59,14.78,0.07,1.76,0.05,0.48,0.11,1.00,0.01,0.04,0.51,0.38,0.0009,0.0035,     0,0,0,10.93,89.07,0.00,N/A,11.00,22.95,209.96,0.48,11.98,0.05,1.31,0.04,1.02,0.04,1.00,0.01,0.02,0.14,0.61,0.0017,0.0023,     0,0,0,3.90,96.10,0.00,N/A,8.33,8.20,209.96,1.02,25.41,0.04,0.99,0.01,0.19,0.06,1.00,0.00,0.00,0.13,0.90,0.0017,0.0020,     0,0,0,5.87,94.13,0.00,N/A,2.37,12.33,209.96,0.19,4.80,0.01,0.28,0.05,0.48,0.11,1.00,0.01,0.04,0.30,0.39,0.0012,0.0032,     0,0,0,10.92,89.08,0.00,N/A,10.99,22.93,209.96,0.48,11.98,0.05,1.31,0.32,2.93,0.11,1.00,0.00,0.00,0.51,0.85,0.0000,0.0000,     0,0,0,10.93,89.07,0.00,N/A,67.25,22.96,209.96,2.93,73.24,0.32,8.01,0.00,0.45,0.00,1.00,0.00,0.00,0.55,0.71,0.0012,0.0050,     0,0,0,0.16,99.84,0.00,N/A,0.15,0.33,209.96,0.45,11.13,0.00,0.02,0.00,0.68,0.00,1.00,0.00,0.00,0.47,0.68,0.0010,0.0029,     0,0,0,0.34,99.66,0.00,N/A,0.49,0.72,209.96,0.68,16.90,0.00,0.06,0.07,0.68,0.11,1.00,0.03,0.05,0.17,0.29,0.0020,0.0032,     0,0,0,10.92,89.08,0.00,N/A,15.61,22.92,209.96,0.68,17.03,0.07,1.86,0.05,0.48,0.11,1.00,0.01,0.04,0.32,0.42,0.0012,0.0032,     0,0,0,10.91,89.09,0.00,N/A,11.10,22.92,209.96,0.48,12.11,0.05,1.32,0.00,0.4,  ,0.00,0,0,0.16,,0.0015,0.0027,     0,0,0,0.24,99.76,0.00,N/A,0.39,0.51,210.11,0.76,19.11,0.00,0.05,
2024-03-18,16:02:55.403,0.05,0.75,0.07,1.00,0.10,0.30,0.42,0.51,0.0006,0.0018,0.09,0.12,-2147483648,0.00,0.00,165.96,222.05,208.46,0.75,18.68,0.05,1.24,98.53,0.49,240.62,6.66,93.34,0.00,100.00,0.00,0.00,0.00,0.00,-nan,0.25,0.04,0.53,0.07,1.00,0.05,0.17,0.47,0.51,0.0009,0.0028,     0,0,0,0.04,0.06,-2147483648,0.00,0.00,N/A,59.05,110.96,208.46,0.53,13.30,0.04,0.89,0.06,0.96,0.07,1.00,0.05,0.13,0.37,0.51,0.0005,0.0012,     0,0,0,0.04,0.06,-2147483648,0.00,0.00,N/A,106.91,111.09,208.46,0.96,24.06,0.06,1.60,25.25,25.59, 16%, 17%,24.04,23.65, 19%, 19%,60.98,59.58, 40%, 39%,59.65,60.41, 49%, 49%,6.69,93.31,0.00,100.00,0.00,0.00,6.64,93.36,0.00,100.00,0.00,0.00,0.00,0.00,0.00 ,0.00 ,-nan ,-nan ,0.24,0.26,0.02,0.27,0.06,1.00,0.01,0.01,0.40,0.80,0.0018,0.0031,     0,0,0,6.40,93.60,0.00,N/A,3.54,13.35,208.46,0.27,6.63,0.02,0.42,0.05,0.48,0.11,1.00,0.01,0.04,0.50,0.40,0.0009,0.0034,     0,0,0,10.92,89.08,0.00,N/A,10.97,22.93,208.46,0.48,11.96,0.05,1.31,0.00,0.66,0.01,1.00,0.00,0.00,0.24,0.68,0.0017,0.0030,     0,0,0,0.74,99.26,0.00,N/A,1.02,1.55,208.46,0.66,16.40,0.00,0.12,0.01,1.18,0.01,1.00,0.00,0.00,0.37,0.65,0.0005,0.0008,     0,0,0,0.77,99.23,0.00,N/A,1.89,1.60,208.46,1.18,29.52,0.01,0.23,0.05,0.47,0.11,1.00,0.01,0.04,0.49,0.38,0.0010,0.0035,     0,0,0,10.92,89.08,0.00,N/A,10.86,22.93,208.46,0.47,11.84,0.05,1.29,0.08,0.71,0.11,1.00,0.01,0.03,0.48,0.52,0.0006,0.0020,     0,0,0,10.91,89.09,0.00,N/A,16.27,22.92,208.46,0.71,17.75,0.08,1.94,0.05,0.47,0.11,1.00,0.01,0.04,0.49,0.39,0.0010,0.0034,     0,0,0,10.91,89.09,0.00,N/A,10.84,22.92,208.46,0.47,11.83,0.05,1.29,0.02,1.32,0.01,1.00,0.00,0.00,0.32,0.71,0.0006,0.0012,     0,0,0,1.43,98.57,0.00,N/A,3.67,2.78,208.46,1.32,33.03,0.02,0.47,0.02,0.28,0.07,1.00,0.01,0.01,0.53,0.75,0.0016,0.0035,     0,0,0,7.18,92.82,0.00,N/A,4.20,14.97,208.46,0.28,7.01,0.02,0.50,0.05,0.48,0.11,1.00,0.01,0.04,0.33,0.39,0.0012,0.0033,     0,0,0,10.92,89.08,0.00,N/A,10.98,22.93,208.46,0.48,11.98,0.05,1.31,0.32,2.93,0.11,1.00,0.00,0.00,0.49,0.87,0.0000,0.0000,     0,0,0,10.92,89.08,0.00,N/A,67.16,22.94,208.46,2.93,73.19,0.32,8.00,0.00,0.36,0.00,1.00,0.00,0.00,0.30,0.69,0.0032,0.0058,     0,0,0,0.14,99.86,0.00,N/A,0.11,0.29,208.46,0.36,9.10,0.00,0.01,0.00,0.45,0.00,1.00,0.00,0.00,0.53,0.62,0.0016,0.0054,     0,0,0,0.20,99.80,0.00,N/A,0.19,0.41,208.46,0.45,11.20,0.00,0.02,0.05,0.48,0.11,1.00,0.01,0.04,0.33,0.39,0.0012,0.0033,     0,0,0,10.91,89.09,0.00,N/A,11.02,22.92,208.46,0.48,12.02,0.05,1.31,0.05,0.48,0.11,1.00,0.01,0.04,0.33,0.41,0.0012,0.0033,     0,0,0,10.91,89.09,0.00,N/A,10.91,22.92,208.46,0.48,11.91,0.05,1.30,0.01,0.63,0.02,1.00,0.00,0.01,0.32,0.73,0.0018,0.0031,     0,0,0,1.78,98.22,0.00,N/A,2.34,3.70,208.46,0.63,15.78,0.01,0.28,
2024-03-18,16:02:55.503,0.04,0.71,0.06,1.00,0.09,0.28,0.42,0.49,0.0006,0.0019,0.11,0.14,-2147483648,0.00,0.00,150.88,213.94,211.48,0.71,17.63,0.04,1.12,94.48,0.38,233.20,6.34,93.66,0.00,100.00,0.00,0.00,0.00,0.00,-nan,0.24,0.03,0.44,0.06,1.00,0.05,0.16,0.48,0.47,0.0010,0.0034,     0,0,0,0.06,0.08,-2147483648,0.00,0.00,N/A,47.09,106.26,211.48,0.44,11.08,0.03,0.70,0.06,0.96,0.06,1.00,0.05,0.12,0.33,0.52,0.0004,0.0012,     0,0,0,0.05,0.06,-2147483648,0.00,0.00,N/A,103.80,107.68,211.48,0.96,24.10,0.06,1.54,24.35,24.16, 16%, 15%,23.18,22.78, 18%, 18%,57.98,57.31, 38%, 37%,58.55,59.35, 47%, 48%,6.30,93.70,0.00,100.00,0.00,0.00,6.39,93.61,0.00,100.00,0.00,0.00,0.00,0.00,0.00 ,0.00 ,-nan ,-nan ,0.24,0.24,0.01,0.20,0.06,1.00,0.00,0.01,0.15,0.89,0.0018,0.0021,     0,0,0,6.21,93.79,0.00,N/A,2.61,13.13,211.48,0.20,4.98,0.01,0.31,0.05,0.48,0.11,1.00,0.01,0.04,0.49,0.40,0.0010,0.0034,     0,0,0,10.91,89.09,0.00,N/A,11.00,22.92,211.48,0.48,11.99,0.05,1.31,0.00,0.67,0.00,1.00,0.00,0.00,0.15,0.69,0.0032,0.0042,     0,0,0,0.30,99.70,0.00,N/A,0.43,0.63,211.48,0.67,16.79,0.00,0.05,0.00,0.43,0.00,1.00,0.00,0.00,0.56,0.74,0.0011,0.0041,     0,0,0,0.11,99.89,0.00,N/A,0.10,0.22,211.48,0.43,10.87,0.00,0.01,0.05,0.48,0.11,1.00,0.01,0.04,0.52,0.38,0.0009,0.0034,     0,0,0,10.92,89.08,0.00,N/A,11.03,22.93,211.48,0.48,12.03,0.05,1.31,0.05,0.47,0.11,1.00,0.01,0.04,0.54,0.36,0.0009,0.0036,     0,0,0,10.95,89.05,0.00,N/A,10.82,22.99,211.48,0.47,11.76,0.05,1.29,0.05,0.48,0.11,1.00,0.01,0.04,0.50,0.38,0.0009,0.0034,     0,0,0,10.91,89.09,0.00,N/A,10.94,22.91,211.48,0.48,11.94,0.05,1.30,0.00,0.31,0.00,1.00,0.00,0.00,0.29,0.59,0.0045,0.0075,     0,0,0,0.25,99.75,0.00,N/A,0.17,0.53,211.48,0.31,7.79,0.00,0.02,0.01,0.19,0.07,1.00,0.01,0.01,0.26,0.86,0.0019,0.0027,     0,0,0,6.61,93.39,0.00,N/A,2.70,13.99,211.48,0.19,4.83,0.01,0.32,0.05,0.47,0.11,1.00,0.01,0.04,0.35,0.39,0.0012,0.0033,     0,0,0,10.95,89.05,0.00,N/A,10.92,23.01,211.48,0.47,11.86,0.05,1.30,0.32,2.93,0.11,1.00,0.00,0.00,0.61,0.86,0.0000,0.0000,     0,0,0,10.93,89.07,0.00,N/A,67.16,22.95,211.48,2.93,73.16,0.32,8.00,0.00,0.39,0.00,1.00,0.00,0.00,0.33,0.76,0.0021,0.0039,     0,0,0,0.09,99.91,0.00,N/A,0.08,0.20,211.48,0.39,9.76,0.00,0.01,0.00,0.90,0.00,1.00,0.00,0.00,0.56,0.80,0.0005,0.0017,     0,0,0,0.32,99.68,0.00,N/A,0.60,0.67,211.48,0.90,22.49,0.00,0.07,0.05,0.48,0.11,1.00,0.01,0.04,0.35,0.39,0.0011,0.0033,     0,0,0,10.92,89.08,0.00,N/A,11.01,22.92,211.48,0.48,12.01,0.05,1.31,0.05,0.47,0.11,1.00,0.01,0.04,0.32,0.42,0.0012,0.0032,     0,0,0,10.91,89.09,0.00,N/A,10.87,22.92,211.48,0.47,11.86,0.05,1.29,0.00,0.44,0.00,1.00,0.00,0.00,0.28,0.70,0.0035,0.0060,     0,0,0,0.49,99.51,0.00,N/A,0.46,1.03,211.48,0.44,11.10,0.00,0.05,
2024-03-18,16:02:55.603,0.05,0.71,0.06,1.00,0.09,0.28,0.43,0.49,0.0006,0.0018,0.08,0.11,-2147483648,0.00,0.00,154.59,217.46,209.94,0.71,17.77,0.05,1.15,102.60,0.53,239.50,6.47,93.53,0.00,100.00,0.00,0.00,0.00,0.00,-nan,0.26,0.03,0.47,0.07,1.00,0.05,0.16,0.50,0.47,0.0009,0.0032,     0,0,0,0.04,0.05,-2147483648,0.00,0.00,N/A,51.09,109.66,209.94,0.47,11.65,0.03,0.76,0.06,0.96,0.06,1.00,0.05,0.12,0.33,0.51,0.0004,0.0011,     0,0,0,0.05,0.06,-2147483648,0.00,0.00,N/A,103.50,107.80,209.94,0.96,24.00,0.06,1.54,30.10,28.21, 19%, 18%,22.36,21.93, 18%, 17%,65.68,59.73, 43%, 39%,56.66,57.42, 46%, 46%,6.53,93.47,0.00,100.00,0.00,0.00,6.42,93.58,0.00,100.00,0.00,0.00,0.00,0.00,0.00 ,0.00 ,-nan ,-nan ,0.26,0.26,0.01,0.20,0.06,1.00,0.00,0.01,0.18,0.87,0.0018,0.0024,     0,0,0,6.03,93.97,0.00,N/A,2.56,12.66,209.94,0.20,5.05,0.01,0.30,0.05,0.48,0.11,1.00,0.01,0.04,0.53,0.39,0.0009,0.0035,     0,0,0,10.95,89.05,0.00,N/A,11.12,22.99,209.94,0.48,12.09,0.05,1.32,0.00,1.06,0.00,1.00,0.00,0.00,0.43,0.66,0.0004,0.0010,     0,0,0,0.37,99.63,0.00,N/A,0.82,0.78,209.94,1.06,26.38,0.00,0.10,0.01,1.37,0.01,1.00,0.00,0.00,0.41,0.64,0.0003,0.0007,     0,0,0,0.72,99.28,0.00,N/A,2.08,1.52,209.94,1.37,34.21,0.01,0.25,0.05,0.48,0.11,1.00,0.01,0.04,0.50,0.39,0.0010,0.0034,     0,0,0,10.95,89.05,0.00,N/A,11.14,22.99,209.94,0.48,12.11,0.05,1.33,0.06,0.47,0.12,1.00,0.01,0.04,0.53,0.37,0.0009,0.0035,     0,0,0,11.87,88.13,0.00,N/A,11.80,24.93,209.94,0.47,11.83,0.06,1.41,0.05,0.48,0.11,1.00,0.01,0.04,0.52,0.39,0.0009,0.0034,     0,0,0,10.95,89.05,0.00,N/A,10.96,22.98,209.94,0.48,11.92,0.05,1.30,0.00,0.77,0.00,1.00,0.00,0.00,0.30,0.58,0.0011,0.0023,     0,0,0,0.38,99.62,0.00,N/A,0.62,0.81,209.94,0.77,19.18,0.00,0.07,0.01,0.20,0.06,1.00,0.00,0.01,0.19,0.88,0.0017,0.0023,     0,0,0,5.96,94.04,0.00,N/A,2.45,12.51,209.94,0.20,4.90,0.01,0.29,0.06,0.48,0.12,1.00,0.01,0.04,0.33,0.40,0.0012,0.0033,     0,0,0,11.87,88.13,0.00,N/A,11.87,24.94,209.94,0.48,11.90,0.06,1.41,0.32,2.91,0.11,1.00,0.00,0.00,0.56,0.80,0.0000,0.0000,     0,0,0,10.94,89.06,0.00,N/A,66.95,22.97,209.94,2.91,72.86,0.32,7.97,0.00,0.38,0.00,1.00,0.00,0.00,0.34,0.71,0.0019,0.0052,     0,0,0,0.15,99.85,0.00,N/A,0.12,0.31,209.94,0.38,9.60,0.00,0.01,0.00,0.45,0.00,1.00,0.00,0.00,0.29,0.63,0.0022,0.0046,     0,0,0,0.23,99.77,0.00,N/A,0.22,0.49,209.94,0.45,11.14,0.00,0.03,0.05,0.47,0.11,1.00,0.01,0.04,0.34,0.40,0.0012,0.0033,     0,0,0,10.92,89.08,0.00,N/A,10.87,22.93,209.94,0.47,11.85,0.05,1.29,0.05,0.47,0.11,1.00,0.01,0.04,0.36,0.41,0.0011,0.0033,     0,0,0,10.92,89.08,0.00,N/A,10.81,22.92,209.94,0.47,11.78,0.05,1.29,0.00,0.30,0.00,1.00,0.00,0.00,0.14,0.71,0.0026,0.0041,     0,0,0,0.35,99.65,0.00,N/A,0.22,0.73,209.94,0.30,7.43,0.00,00,0.0,
2024-03-18,,
2024-03-18,16:02:55.714,0.05,0.71,0.06,1.00,0.09,0.28,0.42,0.49,0.0006,0.0018,0.10,0.13,-2147483648,0.00,0.00,153.32,215.20,209.91,0.71,17.81,0.05,1.14,111.00,0.49,256.92,6.41,93.59,0.00,100.00,0.00,0.00,0.00,0.00,-nan,0.24,0.03,0.45,0.06,1.00,0.05,0.16,0.50,0.47,0.0010,0.0034,     0,0,0,0.06,0.08,-2147483648,0.00,0.00,N/A,47.94,106.42,209.91,0.45,11.26,0.03,0.71,0.06,0.97,0.06,1.00,0.05,0.12,0.33,0.51,0.0004,0.0011,     0,0,0,0.04,0.05,-2147483648,0.00,0.00,N/A,105.39,108.79,209.91,0.97,24.22,0.06,1.57,32.97,30.99, 26%, 25%,23.73,23.31, 19%, 18%,72.18,65.56, 58%, 53%,59.22,59.96, 47%, 48%,6.34,93.66,0.00,100.00,0.00,0.00,6.48,93.52,0.00,100.00,0.00,0.00,0.00,0.00,0.00 ,0.00 ,-nan ,-nan ,0.24,0.25,0.01,0.20,0.06,1.00,0.00,0.01,0.18,0.88,0.0017,0.0022,     0,0,0,6.21,93.79,0.00,N/A,2.61,13.04,209.91,0.20,5.01,0.01,0.31,0.05,0.48,0.11,1.00,0.01,0.04,0.53,0.38,0.0009,0.0035,     0,0,0,10.92,89.08,0.00,N/A,11.07,22.92,209.91,0.48,12.08,0.05,1.32,0.01,1.15,0.01,1.00,0.00,0.00,0.38,0.63,0.0004,0.0009,     0,0,0,0.58,99.42,0.00,N/A,1.40,1.22,209.91,1.15,28.75,0.01,0.17,0.00,0.43,0.00,1.00,0.00,0.00,0.67,0.74,0.0008,0.0045,     0,0,0,0.10,99.90,0.00,N/A,0.09,0.21,209.91,0.43,10.69,0.00,0.01,0.05,0.48,0.11,1.00,0.01,0.04,0.51,0.38,0.0009,0.0035,     0,0,0,10.91,89.09,0.00,N/A,10.96,22.92,209.91,0.48,11.96,0.05,1.30,0.05,0.48,0.11,1.00,0.01,0.04,0.51,0.37,0.0009,0.0035,     0,0,0,10.91,89.09,0.00,N/A,10.89,22.92,209.91,0.48,11.88,0.05,1.30,0.05,0.47,0.11,1.00,0.01,0.04,0.51,0.39,0.0009,0.0035,     0,0,0,10.91,89.09,0.00,N/A,10.77,22.92,209.91,0.47,11.75,0.05,1.28,0.00,0.50,0.00,1.00,0.00,0.00,0.44,0.64,0.0021,0.0058,     0,0,0,0.13,99.87,0.00,N/A,0.14,0.28,209.91,0.50,12.38,0.00,0.02,0.02,0.27,0.07,1.00,0.00,0.01,0.21,0.88,0.0012,0.0016,     0,0,0,6.75,93.25,0.00,N/A,3.83,14.16,209.91,0.27,6.76,0.02,0.46,0.05,0.47,0.11,1.00,0.01,0.04,0.34,0.38,0.0012,0.0034,     0,0,0,10.92,89.08,0.00,N/A,10.82,22.93,209.91,0.47,11.80,0.05,1.29,0.32,2.95,0.11,1.00,0.00,0.00,0.58,0.84,0.0000,0.0000,     0,0,0,10.93,89.07,0.00,N/A,67.75,22.95,209.91,2.95,73.82,0.32,8.07,0.00,0.44,0.00,1.00,0.00,0.00,0.58,0.81,0.0008,0.0027,     0,0,0,0.10,99.90,0.00,N/A,0.09,0.20,209.91,0.44,10.99,0.00,0.01,0.00,0.29,0.00,1.00,0.00,0.00,0.28,0.67,0.0037,0.0062,     0,0,0,0.25,99.75,0.00,N/A,0.15,0.52,209.91,0.29,7.29,0.00,0.02,0.05,0.47,0.11,1.00,0.01,0.04,0.32,0.40,0.0012,0.0033,     0,0,0,10.91,89.09,0.00,N/A,10.86,22.92,209.91,0.47,11.84,0.05,1.29,0.06,0.47,0.12,1.00,0.01,0.04,0.34,0.41,0.0012,0.0033,     0,0,0,11.89,88.11,0.00,N/A,11.82,24.97,209.91,0.47,11.84,0.06,1.41,0.00,0.42,0.00,1.00,0.00,0.00,0.80,0.79,0.0004,0.0036,     0,0,0,0.06,99.94,0.00,N/A,0.06,0.13,209.91,0.42,10.56,0.00,0.01,
2024-03-18,16:02:55.814,0.05,0.72,0.06,1.00,0.09,0.28,0.43,0.48,0.0006,0.0019,0.10,0.13,-2147483648,0.00,0.00,152.90,213.72,210.08,0.72,17.89,0.05,1.14,101.61,0.46,256.81,6.36,93.64,0.00,100.00,0.00,0.00,0.00,0.00,-nan,0.25,0.03,0.46,0.06,1.00,0.05,0.17,0.50,0.47,0.0010,0.0033,     0,0,0,0.04,0.05,-2147483648,0.00,0.00,N/A,50.29,108.64,210.08,0.46,11.57,0.03,0.75,0.06,0.98,0.06,1.00,0.04,0.12,0.33,0.50,0.0004,0.0011,     0,0,0,0.06,0.07,-2147483648,0.00,0.00,N/A,102.61,105.09,210.08,0.98,24.41,0.06,1.53,27.08,29.15, 22%, 23%,22.90,22.48, 18%, 18%,68.03,71.06, 55%, 57%,58.53,59.20, 47%, 47%,6.47,93.53,0.00,100.00,0.00,0.00,6.25,93.75,0.00,100.00,0.00,0.00,0.00,0.00,0.00 ,0.00 ,-nan ,-nan ,0.26,0.25,0.01,0.20,0.06,1.00,0.00,0.01,0.28,0.86,0.0017,0.0026,     0,0,0,5.91,94.09,0.00,N/A,2.50,12.42,210.08,0.20,5.03,0.01,0.30,0.05,0.48,0.11,1.00,0.01,0.04,0.53,0.38,0.0009,0.0035,     0,0,0,10.92,89.08,0.00,N/A,10.89,22.93,210.08,0.48,11.88,0.05,1.30,0.01,0.88,0.01,1.00,0.00,0.00,0.22,0.57,0.0009,0.0017,     0,0,0,0.91,99.09,0.00,N/A,1.67,1.90,210.08,0.88,21.95,0.01,0.20,0.00,0.37,0.00,1.00,0.00,0.00,0.36,0.63,0.0032,0.0072,     0,0,0,0.18,99.82,0.00,N/A,0.14,0.37,210.08,0.37,9.23,0.00,0.02,0.05,0.47,0.11,1.00,0.01,0.04,0.52,0.38,0.0009,0.0034,     0,0,0,10.92,89.08,0.00,N/A,10.86,22.92,210.08,0.47,11.85,0.05,1.29,0.05,0.47,0.11,1.00,0.01,0.04,0.53,0.37,0.0009,0.0035,     0,0,0,10.92,89.08,0.00,N/A,10.85,22.92,210.08,0.47,11.83,0.05,1.29,0.05,0.47,0.11,1.00,0.01,0.04,0.54,0.38,0.0009,0.0035,     0,0,0,10.91,89.09,0.00,N/A,10.88,22.92,210.08,0.47,11.87,0.05,1.30,0.01,1.11,0.01,1.00,0.00,0.01,0.25,0.68,0.0012,0.0020,     0,0,0,1.07,98.93,0.00,N/A,2.50,2.25,210.08,1.11,27.77,0.01,0.30,0.01,0.19,0.06,1.00,0.00,0.01,0.21,0.88,0.0017,0.0023,     0,0,0,5.99,94.01,0.00,N/A,2.41,12.59,210.08,0.19,4.78,0.01,0.29,0.05,0.48,0.11,1.00,0.01,0.04,0.34,0.38,0.0012,0.0033,     0,0,0,10.92,89.08,0.00,N/A,10.94,22.93,210.08,0.48,11.93,0.05,1.30,0.32,2.94,0.11,1.00,0.00,0.00,0.49,0.84,0.0000,0.0000,     0,0,0,10.92,89.08,0.00,N/A,67.39,22.94,210.08,2.94,73.44,0.32,8.02,0.00,0.36,0.00,1.00,0.00,0.00,0.57,0.76,0.0013,0.0036,     0,0,0,0.07,99.93,0.00,N/A,0.05,0.15,210.08,0.36,9.01,0.00,0.01,0.00,0.39,0.00,1.00,0.00,0.00,0.46,0.69,0.0017,0.0053,     0,0,0,0.14,99.86,0.00,N/A,0.11,0.29,210.08,0.39,9.78,0.00,0.01,0.05,0.47,0.11,1.00,0.01,0.04,0.34,0.39,0.0012,0.0034,     0,0,0,10.92,89.08,0.00,N/A,10.79,22.92,210.08,0.47,11.77,0.05,1.28,0.05,0.47,0.11,1.00,0.01,0.04,0.34,0.40,0.0012,0.0034,     0,0,0,10.91,89.09,0.00,N/A,10.75,22.92,210.08,0.47,11.72,0.05,1.28,0.00,0.47,0.00,1.00,0.00,0.00,0.39,0.70,0.0027,0.0054,     0,0,0,0.17,99.83,0.00,N/A,0.17,0.36,210.08,0.47,11.77,0.00,0.02,
2024-03-18,16:02:55.914,0.05,0.73,0.07,1.00,0.13,0.33,0.37,0.57,0.0007,0.0019,0.11,0.13,-2147483648,0.00,0.00,169.15,230.15,209.93,0.73,18.37,0.05,1.26,98.05,0.40,243.34,6.85,93.15,0.00,100.00,0.00,0.00,0.00,0.00,-nan,0.24,0.03,0.51,0.07,1.00,0.07,0.19,0.39,0.54,0.0012,0.0032,     0,0,0,0.07,0.08,-2147483648,0.00,0.00,N/A,58.18,113.84,209.93,0.51,12.78,0.03,0.87,0.07,0.95,0.07,1.00,0.05,0.14,0.35,0.59,0.0005,0.0013,     0,0,0,0.04,0.05,-2147483648,0.00,0.00,N/A,110.97,116.30,209.93,0.95,23.85,0.07,1.65,25.13,25.30, 20%, 20%,23.99,23.62, 19%, 19%,60.25,59.41, 49%, 48%,61.33,62.35, 49%, 50%,6.78,93.22,0.00,100.00,0.00,0.00,6.92,93.08,0.00,100.00,0.00,0.00,0.00,0.00,0.00 ,0.00 ,-nan ,-nan ,0.24,0.25,0.01,0.21,0.06,1.00,0.01,0.01,0.36,0.78,0.0023,0.0039,     0,0,0,6.47,93.53,0.00,N/A,2.91,13.58,209.93,0.21,5.36,0.01,0.35,0.07,0.62,0.11,1.00,0.03,0.05,0.25,0.29,0.0020,0.0036,     0,0,0,10.92,89.08,0.00,N/A,14.12,22.93,209.93,0.62,15.39,0.07,1.68,0.03,1.45,0.02,1.00,0.00,0.00,0.32,0.96,0.0002,0.0003,     0,0,0,1.80,98.20,0.00,N/A,5.48,3.79,209.93,1.45,36.19,0.03,0.65,0.01,0.62,0.01,1.00,0.00,0.01,0.18,0.86,0.0021,0.0032,     0,0,0,1.20,98.80,0.00,N/A,1.58,2.52,209.93,0.62,15.62,0.01,0.19,0.05,0.48,0.11,1.00,0.01,0.04,0.50,0.38,0.0010,0.0034,     0,0,0,10.92,89.08,0.00,N/A,11.10,22.93,209.93,0.48,12.10,0.05,1.32,0.05,0.47,0.11,1.00,0.01,0.04,0.49,0.37,0.0010,0.0034,     0,0,0,10.92,89.08,0.00,N/A,10.85,22.92,209.93,0.47,11.84,0.05,1.29,0.05,0.48,0.11,1.00,0.01,0.04,0.51,0.38,0.0009,0.0035,     0,0,0,10.91,89.09,0.00,N/A,10.90,22.91,209.93,0.48,11.89,0.05,1.30,0.01,0.55,0.01,1.00,0.00,0.01,0.27,0.74,0.0020,0.0047,     0,0,0,1.07,98.93,0.00,N/A,1.23,2.25,209.93,0.55,13.68,0.01,0.15,0.02,0.28,0.07,1.00,0.01,0.01,0.41,0.81,0.0014,0.0026,     0,0,0,6.84,93.16,0.00,N/A,4.00,14.36,209.93,0.28,6.96,0.02,0.48,0.05,0.48,0.11,1.00,0.01,0.04,0.34,0.38,0.0012,0.0033,     0,0,0,10.92,89.08,0.00,N/A,11.12,22.92,209.93,0.48,12.12,0.05,1.32,0.32,2.93,0.11,1.00,0.00,0.00,0.35,0.87,0.0000,0.0000,     0,0,0,10.93,89.07,0.00,N/A,67.30,22.94,209.93,2.93,73.33,0.32,8.01,0.00,0.54,0.00,1.00,0.00,0.00,0.45,0.79,0.0021,0.0045,     0,0,0,0.39,99.61,0.00,N/A,0.45,0.82,209.93,0.54,13.53,0.00,0.05,0.01,0.70,0.02,1.00,0.00,0.01,0.24,0.84,0.0011,0.0024,     0,0,0,1.79,98.21,0.00,N/A,2.64,3.77,209.93,0.70,17.53,0.01,0.31,0.05,0.48,0.11,1.00,0.01,0.04,0.34,0.40,0.0012,0.0034,     0,0,0,10.92,89.08,0.00,N/A,10.98,22.93,209.93,0.48,11.98,0.05,1.31,0.05,0.48,0.11,1.00,0.01,0.04,0.34,0.41,0.0012,0.0033,     0,0,0,10.92,89.08,0.00,N/A,10.89,22.92,209.93,0.48,11.88,0.05,1.30,0.02,0.64,0.03,1.00,0.00,0.01,0.35,0.79,0.0013,0.0036,     0,0,0,2.68,97.32,0.00,N/A,3.59,5.63,209.93,0.64,15.96,0.02,0.43,
2024-03-18,16:02:56.014,0.06,0.88,0.06,1.00,0.09,0.26,0.38,0.52,0.0005,0.0010.04,
2024-03,0.00,0.00,0.00,0.00,190.08,215.23,210.07,0.88,22.08,0.06,1.41,98.27,0.46,230.17,6.40,93.60,0.00,100.00,0.00,0.00,0.00,0.00,-nan,0.25,0.05,0.78,0.06,1.00,0.04,0.13,0.41,0.51,0.0005,0.0016,     0,0,0,0.04,0.05,-2147483648,0.00,0.00,N/A,83.42,106.89,210.07,0.78,19.51,0.05,1.24,0.06,0.98,0.06,1.00,0.05,0.13,0.34,0.53,0.0005,0.0012,     0,0,0,0.05,0.07,-2147483648,0.00,0.00,N/A,106.65,108.34,210.07,0.98,24.61,0.06,1.59,24.17,24.40, 19%, 19%,25.01,24.69, 20%, 19%,59.45,57.36, 48%, 46%,56.28,57.08, 45%, 46%,6.36,93.64,0.00,100.00,0.00,0.00,6.45,93.55,0.00,100.00,0.00,0.00,0.00,0.00,0.00 ,0.00 ,-nan ,-nan ,0.26,0.25,0.01,0.20,0.06,1.00,0.00,0.01,0.15,0.89,0.0017,0.0021,     0,0,0,5.86,94.14,0.00,N/A,2.41,12.31,210.07,0.20,4.89,0.01,0.29,0.05,0.48,0.11,1.00,0.01,0.04,0.45,0.39,0.0010,0.0033,     0,0,0,10.92,89.08,0.00,N/A,11.04,22.92,210.07,0.48,12.04,0.05,1.31,0.00,0.63,0.00,1.00,0.00,0.00,0.38,0.73,0.0016,0.0034,     0,0,0,0.33,99.67,0.00,N/A,0.44,0.70,210.07,0.63,15.85,0.00,0.05,0.01,0.65,0.01,1.00,0.00,0.00,0.12,0.77,0.0020,0.0029,     0,0,0,0.87,99.13,0.00,N/A,1.20,1.83,210.07,0.65,16.36,0.01,0.14,0.05,0.48,0.11,1.00,0.01,0.04,0.42,0.39,0.0010,0.0033,     0,0,0,10.91,89.09,0.00,N/A,11.05,22.92,210.07,0.48,12.06,0.05,1.32,0.22,2.02,0.11,1.00,0.00,0.01,0.49,0.37,0.0001,0.0003,     0,0,0,10.91,89.09,0.00,N/A,46.20,22.92,210.07,2.02,50.40,0.22,5.50,0.05,0.48,0.11,1.00,0.01,0.04,0.43,0.39,0.0010,0.0034,     0,0,0,10.91,89.09,0.00,N/A,10.90,22.92,210.07,0.48,11.88,0.05,1.30,0.00,0.51,0.00,1.00,0.00,0.00,0.63,0.76,0.0006,0.0039,     0,0,0,0.18,99.82,0.00,N/A,0.19,0.38,210.07,0.51,12.85,0.00,0.02,0.01,0.19,0.06,1.00,0.01,0.01,0.33,0.82,0.0022,0.0035,     0,0,0,6.27,93.73,0.00,N/A,2.56,13.17,210.07,0.19,4.87,0.01,0.31,0.05,0.50,0.11,1.00,0.01,0.04,0.34,0.39,0.0012,0.0032,     0,0,0,10.92,89.08,0.00,N/A,11.39,22.93,210.07,0.50,12.42,0.05,1.36,0.32,2.96,0.11,1.00,0.00,0.00,0.46,0.87,0.0000,0.0000,     0,0,0,10.93,89.07,0.00,N/A,67.92,22.95,210.07,2.96,73.98,0.32,8.09,0.01,0.84,0.01,1.00,0.00,0.00,0.16,0.82,0.0018,0.0025,     0,0,0,0.84,99.16,0.00,N/A,1.47,1.76,210.07,0.84,20.88,0.01,0.17,0.00,0.41,0.00,1.00,0.00,0.00,0.54,0.65,0.0020,0.0065,     0,0,0,0.23,99.77,0.00,N/A,0.20,0.49,210.07,0.41,10.17,0.00,0.02,0.05,0.49,0.11,1.00,0.01,0.04,0.33,0.40,0.0012,0.0033,     0,0,0,10.91,89.09,0.00,N/A,11.31,22.92,210.07,0.49,12.34,0.05,1.35,0.05,0.49,0.11,1.00,0.01,0.04,0.36,0.42,0.0011,0.0033,     0,0,0,10.91,89.09,0.00,N/A,11.27,22.92,210.07,0.49,12.30,0.05,1.34,0.00,0.44,0.01,1.00,0.00,0.00,0.41,0.65,0.0029,0.0057,     0,0,0,0.58,99.42,0.00,N/A,0.53,1.21,210.07,0.44,11.03,0.00,0.06,
2024-03-18,16:02:56.114,0.06,1.00,0.06,1.00,0.08,0.24,0.35,0.51,0.0004,0.0011,0.09,0.12,-2147483648,0.00,0.00,209.76,210.58,209.96,1.00,24.90,0.06,1.56,102.72,0.49,220.02,6.27,93.73,0.00,100.00,0.00,0.00,0.00,0.00,-nan,0.24,0.06,0.99,0.06,1.00,0.04,0.12,0.36,0.50,0.0004,0.0011,     0,0,0,0.06,0.08,-2147483648,0.00,0.00,N/A,104.13,105.17,209.96,0.99,24.75,0.06,1.55,0.06,1.00,0.06,1.00,0.04,0.12,0.34,0.52,0.0004,0.0011,     0,0,0,0.03,0.04,-2147483648,0.00,0.00,N/A,105.63,105.41,209.96,1.00,25.05,0.06,1.57,22.19,22.22, 18%, 18%,29.40,28.91, 23%, 23%,56.02,55.16, 45%, 45%,54.05,54.78, 43%, 44%,6.26,93.74,0.00,100.00,0.00,0.00,6.28,93.72,0.00,100.00,0.00,0.00,0.00,0.00,0.00 ,0.00 ,-nan ,-nan ,0.24,0.25,0.01,0.20,0.06,1.00,0.00,0.01,0.19,0.87,0.0018,0.0025,     0,0,0,5.93,94.07,0.00,N/A,2.55,12.44,209.96,0.20,5.12,0.01,0.30,0.05,0.48,0.11,1.00,0.01,0.04,0.39,0.40,0.0010,0.0033,     0,0,0,10.93,89.07,0.00,N/A,11.09,22.96,209.96,0.48,12.08,0.05,1.32,0.00,0.46,0.00,1.00,0.00,0.00,0.77,0.71,0.0004,0.0043,     0,0,0,0.17,99.83,0.00,N/A,0.17,0.36,209.96,0.46,11.49,0.00,0.02,0.00,0.41,0.00,1.00,0.00,0.00,0.72,0.84,0.0006,0.0025,     0,0,0,0.06,99.94,0.00,N/A,0.06,0.14,209.96,0.41,10.33,0.00,0.01,0.05,0.49,0.11,1.00,0.01,0.04,0.38,0.39,0.0011,0.0033,     0,0,0,10.93,89.07,0.00,N/A,11.14,22.96,209.96,0.49,12.13,0.05,1.33,0.32,2.96,0.11,1.00,0.00,0.00,0.87,0.86,0.0000,0.0000,     0,0,0,10.93,89.07,0.00,N/A,67.89,22.96,209.96,2.96,73.93,0.32,8.08,0.05,0.48,0.11,1.00,0.01,0.04,0.36,0.40,0.0011,0.0032,     0,0,0,10.91,89.09,0.00,N/A,11.03,22.92,209.96,0.48,12.03,0.05,1.31,0.00,0.49,0.00,1.00,0.00,0.00,0.32,0.68,0.0023,0.0050,     0,0,0,0.21,99.79,0.00,N/A,0.21,0.44,209.96,0.49,12.26,0.00,0.03,0.01,0.20,0.06,1.00,0.00,0.01,0.17,0.89,0.0017,0.0022,     0,0,0,5.83,94.17,0.00,N/A,2.40,12.24,209.96,0.20,4.90,0.01,0.29,0.06,0.51,0.11,1.00,0.01,0.04,0.35,0.40,0.0011,0.0032,     0,0,0,10.91,89.09,0.00,N/A,11.68,22.92,209.96,0.51,12.74,0.06,1.39,0.32,2.93,0.11,1.00,0.00,0.00,0.64,0.89,0.0000,0.0000,     0,0,0,10.93,89.07,0.00,N/A,67.35,22.95,209.96,2.93,73.37,0.32,8.02,0.00,0.36,0.00,1.00,0.00,0.00,0.33,0.70,0.0028,0.0055,     0,0,0,0.18,99.82,0.00,N/A,0.14,0.38,209.96,0.36,9.07,0.00,0.02,0.00,0.94,0.00,1.00,0.00,0.00,0.71,0.83,0.0004,0.0016,     0,0,0,0.29,99.71,0.00,N/A,0.58,0.62,209.96,0.94,23.45,0.00,0.07,0.06,0.51,0.11,1.00,0.01,0.04,0.35,0.41,0.0011,0.0032,     0,0,0,10.92,89.08,0.00,N/A,11.60,22.93,209.96,0.51,12.64,0.06,1.38,0.06,0.51,0.11,1.00,0.01,0.04,0.36,0.42,0.0011,0.0032,     0,0,0,10.92,89.08,0.00,N/A,11.66,22.92,209.96,0.51,12.71,0.06,1.39,0.00,0.52,0.00,1.00,0.00,0.00,0.38,0.64,0.0027,0.0058,     0,0,0,0.21,99.79,0.00,N/A,0.23,0.45,209.96,0.52,12.91,0.00,0.03,
2024-03-18,16:02:56.214,0.07,0.98,0.07,1.00,0.11,0.29,0.37,0.53,0.0005,0.0013,0.09,0.11,-2147483648,0.00,0.00,232.85,236.72,210.03,0.98,24.59,0.07,1.73,88.58,0.45,251.45,7.04,92.96,0.00,100.00,0.00,0.00,0.00,0.00,-nan,0.25,0.07,1.00,0.07,1.00,0.05,0.13,0.39,0.55,0.0004,0.0011,     0,0,0,0.04,0.05,-2147483648,0.00,0.00,N/A,116.95,117.32,210.03,1.00,24.92,0.07,1.74,0.07,0.97,0.07,1.00,0.07,0.16,0.35,0.52,0.0006,0.0014,     0,0,0,0.05,0.06,-2147483648,0.00,0.00,N/A,115.90,119.39,210.03,0.97,24.27,0.07,1.72,22.03,22.10, 17%, 18%,22.43,22.01, 18%, 17%,56.13,54.85, 45%, 44%,69.69,70.78, 56%, 57%,6.98,93.02,0.00,100.00,0.00,0.00,7.11,92.89,0.00,100.00,0.00,0.00,0.00,0.00,0.00 ,0.00 ,-nan ,-nan ,0.26,0.25,0.01,0.20,0.06,1.00,0.00,0.01,0.31,0.87,0.0017,0.0025,     0,0,0,5.82,94.18,0.00,N/A,2.42,12.23,210.03,0.20,4.95,0.01,0.29,0.06,0.49,0.12,1.00,0.01,0.04,0.39,0.42,0.0010,0.0031,     0,0,0,11.89,88.11,0.00,N/A,12.13,24.96,210.03,0.49,12.15,0.06,1.44,0.01,1.03,0.01,1.00,0.00,0.00,0.48,0.70,0.0005,0.0011,     0,0,0,0.80,99.20,0.00,N/A,1.73,1.69,210.03,1.03,25.71,0.01,0.21,0.02,0.80,0.02,1.00,0.00,0.01,0.39,0.78,0.0011,0.0020,     0,0,0,2.28,97.72,0.00,N/A,3.83,4.79,210.03,0.80,19.99,0.02,0.46,0.06,0.49,0.12,1.00,0.01,0.04,0.40,0.41,0.0010,0.0032,     0,0,0,11.90,88.10,0.00,N/A,12.13,24.98,210.03,0.49,12.14,0.06,1.44,0.35,2.92,0.12,1.00,0.00,0.00,0.74,0.81,0.0000,0.0000,     0,0,0,11.91,88.09,0.00,N/A,72.96,25.02,210.03,2.92,72.92,0.35,8.69,0.05,0.49,0.11,1.00,0.01,0.03,0.38,0.41,0.0010,0.0031,     0,0,0,10.93,89.07,0.00,N/A,11.18,22.95,210.03,0.49,12.18,0.05,1.33,0.00,0.79,0.00,1.00,0.00,0.00,0.69,0.87,0.0005,0.0017,     0,0,0,0.34,99.66,0.00,N/A,0.56,0.71,210.03,0.79,19.83,0.00,0.07,0.02,0.24,0.07,1.00,0.01,0.01,0.40,0.78,0.0019,0.0036,     0,0,0,7.01,92.99,0.00,N/A,3.59,14.72,210.03,0.24,6.10,0.02,0.43,0.06,0.52,0.11,1.00,0.01,0.04,0.37,0.41,0.0010,0.0030,     0,0,0,10.92,89.08,0.00,N/A,11.99,22.93,210.03,0.52,13.07,0.06,1.43,0.31,2.79,0.11,1.00,0.01,0.01,0.03,0.22,0.0001,0.0001,     0,0,0,10.93,89.07,0.00,N/A,64.12,22.95,210.03,2.79,69.85,0.31,7.63,0.03,1.21,0.03,1.00,0.01,0.01,0.27,0.72,0.0008,0.0015,     0,0,0,2.78,97.22,0.00,N/A,7.08,5.83,210.03,1.21,30.34,0.03,0.84,0.02,0.67,0.02,1.00,0.01,0.01,0.33,0.42,0.0025,0.0042,     0,0,0,2.34,97.66,0.00,N/A,3.29,4.92,210.03,0.67,16.69,0.02,0.39,0.06,0.52,0.11,1.00,0.01,0.04,0.39,0.41,0.0010,0.0031,     0,0,0,10.91,89.09,0.00,N/A,11.86,22.92,210.03,0.52,12.94,0.06,1.41,0.06,0.51,0.11,1.00,0.01,0.04,0.36,0.43,0.0010,0.0030,     0,0,0,10.91,89.09,0.00,N/A,11.77,22.92,210.03,0.51,12.84,0.06,1.40,0.01,1.00,0.01,1.00,0.01,0.01,0.38,0.48,0.0034,0.0057,     0,0,0,1.05,98.95,0.00,N/A,2.21,2.20,210.03,1.00,25.02,0.01,0.26,
2024-03-18,16:02:56.314,0.07,1.03,0.06,1.00,0.10,0.25,0.32,0.50,0.0004,0.0011,0.08,0.11,-2147483648,0.00,0.00,223.82,216.77,209.91,1.03,25.81,0.07,1.67,83.28,0.45,209.2,-2147483648,0.,0.00,0.0,0.00,0.00,0.00,0.00,-nan,0.24,0.06,0.99,0.06,1.00,0.04,0.12,0.39,0.52,0.0004,0.0011,     0,0,0,0.05,0.06,-2147483648,0.00,0.00,N/A,107.81,109.13,209.91,0.99,24.70,0.06,1.60,0.07,1.08,0.06,1.00,0.06,0.13,0.26,0.49,0.0005,0.0011,     0,0,0,0.03,0.04,-2147483648,0.00,0.00,N/A,116.01,107.64,209.91,1.08,26.94,0.07,1.73,20.26,20.11, 16%, 16%,21.63,21.27, 17%, 17%,50.80,49.76, 41%, 40%,53.94,54.71, 43%, 44%,6.50,93.50,0.00,100.00,0.00,0.00,6.41,93.59,0.00,100.00,0.00,0.00,0.00,0.00,0.00 ,0.00 ,-nan ,-nan ,0.24,0.25,0.01,0.20,0.06,1.00,0.00,0.01,0.19,0.88,0.0017,0.0022,     0,0,0,5.86,94.14,0.00,N/A,2.46,12.31,209.91,0.20,4.99,0.01,0.29,0.05,0.49,0.11,1.00,0.01,0.04,0.39,0.43,0.0011,0.0032,     0,0,0,10.92,89.08,0.00,N/A,11.25,22.93,209.91,0.49,12.27,0.05,1.34,0.01,1.36,0.00,1.00,0.00,0.00,0.34,0.77,0.0002,0.0004,     0,0,0,0.47,99.53,0.00,N/A,1.33,0.98,209.91,1.36,33.97,0.01,0.16,0.01,1.11,0.01,1.00,0.00,0.00,0.46,0.67,0.0004,0.0011,     0,0,0,0.87,99.13,0.00,N/A,2.03,1.82,209.91,1.11,27.84,0.01,0.24,0.05,0.49,0.11,1.00,0.01,0.04,0.41,0.41,0.0010,0.0032,     0,0,0,10.92,89.08,0.00,N/A,11.31,22.92,209.91,0.49,12.34,0.05,1.35,0.32,2.92,0.11,1.00,0.00,0.00,0.73,0.75,0.0000,0.0000,     0,0,0,10.92,89.08,0.00,N/A,66.90,22.94,209.91,2.92,72.92,0.32,7.96,0.06,0.50,0.12,1.00,0.01,0.04,0.41,0.41,0.0010,0.0031,     0,0,0,11.89,88.11,0.00,N/A,12.42,24.96,209.91,0.50,12.44,0.06,1.48,0.00,0.38,0.00,1.00,0.00,0.00,0.62,0.65,0.0011,0.0054,     0,0,0,0.13,99.87,0.00,N/A,0.10,0.27,209.91,0.38,9.58,0.00,0.01,0.01,0.21,0.06,1.00,0.00,0.01,0.19,0.89,0.0016,0.0020,     0,0,0,6.06,93.94,0.00,N/A,2.61,12.71,209.91,0.21,5.13,0.01,0.31,0.06,0.52,0.11,1.00,0.01,0.04,0.32,0.41,0.0011,0.0030,     0,0,0,10.92,89.08,0.00,N/A,11.81,22.92,209.91,0.52,12.88,0.06,1.41,0.35,2.95,0.12,1.00,0.00,0.00,0.44,0.87,0.0000,0.0000,     0,0,0,11.91,88.09,0.00,N/A,73.73,25.00,209.91,2.95,73.73,0.35,8.78,0.00,0.40,0.00,1.00,0.00,0.00,0.49,0.72,0.0015,0.0050,     0,0,0,0.18,99.82,0.00,N/A,0.15,0.38,209.91,0.40,9.98,0.00,0.02,0.00,0.97,0.00,1.00,0.00,0.00,0.30,0.75,0.0007,0.0014,     0,0,0,0.29,99.71,0.00,N/A,0.59,0.61,209.91,0.97,24.34,0.00,0.07,0.06,0.51,0.11,1.00,0.01,0.04,0.32,0.42,0.0011,0.0031,     0,0,0,10.93,89.07,0.00,N/A,11.82,22.96,209.91,0.51,12.87,0.06,1.41,0.07,0.66,0.11,1.00,0.03,0.05,0.21,0.33,0.0017,0.0032,     0,0,0,10.91,89.09,0.00,N/A,15.23,22.92,209.91,0.66,16.61,0.07,1.81,0.00,0.42,0.00,1.00,0.00,0.00,0.73,0.82,0.0005,0.0028,     0,0,0,0.06,99.94,0.00,N/A,0.06,0.14,209.91,0.42,10.42,0.00,0.01,
2024-03-18,16:02:56.414,0.06,0.99,0.06,1.00,0.08,0.23,0.37,0.52,0.0004,0.0011,0.08,0.11,-2147483648,0.00,0.00,214.19,216.44,210.14,0.99,24.74,0.06,1.59,83.46,0.44,206.42,6.44,93.56,0.00,100.00,0.00,0.00,0.00,0.00,-nan,0.25,0.06,1.00,0.06,1.00,0.04,0.11,0.38,0.52,0.0004,0.0010,     0,0,0,0.03,0.05,-2147483648,0.00,0.00,N/A,107.36,107.60,210.14,1.00,24.95,0.06,1.60,0.06,0.98,0.06,1.00,0.04,0.12,0.35,0.52,0.0004,0.0011,     0,0,0,0.05,0.06,-2147483648,0.00,0.00,N/A,106.83,108.85,210.14,0.98,24.54,0.06,1.59,20.70,20.73, 16%, 16%,21.23,20.80, 17%, 16%,52.30,51.64, 42%, 42%,50.91,51.57, 41%, 41%,6.40,93.60,0.00,100.00,0.00,0.00,6.48,93.52,0.00,100.00,0.00,0.00,0.00,0.00,0.00 ,0.00 ,-nan ,-nan ,0.26,0.25,0.01,0.20,0.06,1.00,0.00,0.01,0.19,0.89,0.0017,0.0022,     0,0,0,5.86,94.14,0.00,N/A,2.43,12.32,210.14,0.20,4.93,0.01,0.29,0.05,0.48,0.11,1.00,0.01,0.03,0.40,0.41,0.0010,0.0031,     0,0,0,10.92,89.08,0.00,N/A,11.01,22.92,210.14,0.48,12.01,0.05,1.31,0.02,1.40,0.01,1.00,0.00,0.00,0.32,0.66,0.0002,0.0005,     0,0,0,1.36,98.64,0.00,N/A,3.99,2.85,210.14,1.40,34.97,0.02,0.47,0.00,0.44,0.00,1.00,0.00,0.00,0.46,0.69,0.0016,0.0056,     0,0,0,0.16,99.84,0.00,N/A,0.15,0.34,210.14,0.44,11.06,0.00,0.02,0.05,0.49,0.11,1.00,0.01,0.03,0.39,0.41,0.0010,0.0030,     0,0,0,10.92,89.08,0.00,N/A,11.26,22.93,210.14,0.49,12.28,0.05,1.34,0.32,2.92,0.11,1.00,0.00,0.00,0.63,0.87,0.0000,0.0000,     0,0,0,10.93,89.07,0.00,N/A,67.02,22.94,210.14,2.92,73.03,0.32,7.98,0.05,0.49,0.11,1.00,0.01,0.04,0.41,0.41,0.0010,0.0031,     0,0,0,10.91,89.09,0.00,N/A,11.16,22.92,210.14,0.49,12.18,0.05,1.33,0.00,0.91,0.00,1.00,0.00,0.00,0.72,0.75,0.0003,0.0018,     0,0,0,0.17,99.83,0.00,N/A,0.33,0.36,210.14,0.91,22.84,0.00,0.04,0.01,0.19,0.06,1.00,0.00,0.01,0.21,0.89,0.0017,0.0022,     0,0,0,5.96,94.04,0.00,N/A,2.42,12.52,210.14,0.19,4.83,0.01,0.29,0.06,0.51,0.11,1.00,0.01,0.04,0.36,0.42,0.0010,0.0030,     0,0,0,10.93,89.07,0.00,N/A,11.81,22.95,210.14,0.51,12.86,0.06,1.41,0.32,2.91,0.11,1.00,0.00,0.00,0.68,0.77,0.0000,0.0000,     0,0,0,10.93,89.07,0.00,N/A,66.72,22.95,210.14,2.91,72.67,0.32,7.94,0.00,0.45,0.00,1.00,0.00,0.00,0.78,0.80,0.0005,0.0034,     0,0,0,0.06,99.94,0.00,N/A,0.06,0.13,210.14,0.45,11.18,0.00,0.01,0.00,0.58,0.00,1.00,0.00,0.00,0.16,0.61,0.0024,0.0031,     0,0,0,0.50,99.50,0.00,N/A,0.60,1.04,210.14,0.58,14.49,0.00,0.07,0.06,0.52,0.12,1.00,0.01,0.04,0.39,0.41,0.0010,0.0030,     0,0,0,11.89,88.11,0.00,N/A,12.94,24.97,210.14,0.52,12.96,0.06,1.54,0.06,0.51,0.11,1.00,0.01,0.04,0.37,0.44,0.0010,0.0030,     0,0,0,10.91,89.09,0.00,N/A,11.73,22.92,210.14,0.51,12.79,0.06,1.40,0.00,0.40,0.01,1.00,0.00,0.00,0.19,0.65,0.0036,0.0048,     0,0,0,0.65,99.35,0.00,N/A,0.55,1.37,210.14,0.40,10.10,0.00,0.07,
2024-03-18,16:02:56.514,0.06,0.99,0.06,1.00,0.09,0.25,0.39,0.50,0.0004,0.0012,0.09,0.11,-2147483648,0.00,0.00,213.62,216.32,209.88,0.99,24.69,0.06,1.59,97.82,0.48,231.27,6.44,93.56,0.00,100.00,0.00,0.00,0.00,0.00,-nan,0.24,0.06,0.98,0.06,1.00,0.04,0.13,0.41,0.49,0.0004,0.0012,     0,0,0,0.06,0.07,-2147483648,0.00,0.00,N/A,105.89,107.80,209.88,0.98,24.55,0.06,1.58,0.06,0.99,0.06,1.00,0.04,0.12,0.37,0.51,0.0004,0.0012,     0,0,0,0.03,0.04,-2147483648,0.00,0.00,N/A,107.73,108.51,209.88,0.99,24.82,0.06,1.60,27.53,25.57, 22%, 20%,22.57,22.15, 18%, 17%,64.66,58.61, 52%, 47%,53.67,54.33, 43%, 43%,6.42,93.58,0.00,100.00,0.00,0.00,6.46,93.54,0.00,100.00,0.00,0.00,0.00,0.00,0.00 ,0.00 ,-nan ,-nan ,0.24,0.25,0.02,0.29,0.07,1.00,0.01,0.01,0.55,0.76,0.0014,0.0032,     0,0,0,6.77,93.23,0.00,N/A,4.16,14.20,209.88,0.29,7.33,0.02,0.50,0.05,0.48,0.11,1.00,0.01,0.04,0.38,0.40,0.0011,0.0033,     0,0,0,10.92,89.08,0.00,N/A,11.07,22.93,209.88,0.48,12.07,0.05,1.32,0.00,0.42,0.00,1.00,0.00,0.00,0.42,0.60,0.0022,0.0063,     0,0,0,0.26,99.74,0.00,N/A,0.23,0.54,209.88,0.42,10.43,0.00,0.03,0.00,0.44,0.00,1.00,0.00,0.00,0.56,0.71,0.0016,0.0051,     0,0,0,0.31,99.69,0.00,N/A,0.29,0.66,209.88,0.44,10.91,0.00,0.03,0.05,0.48,0.11,1.00,0.01,0.04,0.38,0.39,0.0011,0.0033,     0,0,0,10.92,89.08,0.00,N/A,11.11,22.93,209.88,0.48,12.11,0.05,1.32,0.32,2.94,0.11,1.00,0.00,0.00,0.65,0.80,0.0000,0.0000,     0,0,0,10.93,89.07,0.00,N/A,67.42,22.95,209.88,2.94,73.44,0.32,8.03,0.05,0.49,0.11,1.00,0.01,0.04,0.38,0.40,0.0011,0.0032,     0,0,0,10.91,89.09,0.00,N/A,11.18,22.92,209.88,0.49,12.20,0.05,1.33,0.00,0.64,0.00,1.00,0.00,0.00,0.30,0.61,0.0019,0.0035,     0,0,0,0.32,99.68,0.00,N/A,0.43,0.68,209.88,0.64,15.93,0.00,0.05,0.02,0.28,0.06,1.00,0.00,0.01,0.28,0.85,0.0013,0.0019,     0,0,0,6.42,93.58,0.00,N/A,3.74,13.48,209.88,0.28,6.94,0.02,0.45,0.06,0.51,0.12,1.00,0.01,0.04,0.33,0.41,0.0011,0.0031,     0,0,0,11.89,88.11,0.00,N/A,12.67,24.97,209.88,0.51,12.69,0.06,1.51,0.32,2.95,0.11,1.00,0.00,0.00,0.46,0.85,0.0000,0.0000,     0,0,0,10.93,89.07,0.00,N/A,67.59,22.94,209.88,2.95,73.65,0.32,8.05,0.00,0.46,0.00,1.00,0.00,0.00,0.75,0.84,0.0004,0.0025,     0,0,0,0.06,99.94,0.00,N/A,0.06,0.12,209.88,0.46,11.57,0.00,0.01,0.00,0.47,0.00,1.00,0.00,0.00,0.35,0.73,0.0021,0.0043,     0,0,0,0.10,99.90,0.00,N/A,0.10,0.20,209.88,0.47,11.73,0.00,0.01,0.06,0.51,0.11,1.00,0.01,0.04,0.39,0.41,0.0011,0.0032,     0,0,0,10.91,89.09,0.00,N/A,11.62,22.92,209.88,0.51,12.68,0.06,1.38,0.06,0.51,0.11,1.00,0.01,0.04,0.39,0.41,0.0010,0.0033,     0,0,0,10.93,89.07,0.00,N/A,11.60,22.96,209.88,0.51,12.63,0.06,1.38,0.00,0.39,0.00,1.00,0.00,0.00,0.53,0.63,0.0028,0.0065,     0,0,0,0.43,99.57,0.00,N/A,0.36,0.91,209.88,0.39,9.75,0.00,0.04,
2024-03-18,16:02:56.614,0.06,1.00,0.06,1.00,0.11,0.26,0.30,0.49,0.0005,0.0012,0.08,0.11,-2147483648,0.00,0.00,215.53,215.65,210.08,1.00,24.99,0.06,1.60,88.17,0.48,223.37,6.42,93.58,0.00,100.00,0.00,0.00,0.00,0.00,-nan,0.25,0.06,1.00,0.06,1.00,0.07,0.14,0.25,0.46,,0.00,100.00,0,0,0.04,00,0.03,0.05,-2147483648,0.00,0.00,N/A,106.92,106.62,210.08,1.00,25.07,0.06,1.59,0.06,1.00,0.06,1.00,0.04,0.12,0.36,0.53,0.0004,0.0011,     0,0,0,0.04,0.06,-2147483648,0.00,0.00,N/A,108.61,109.03,210.08,1.00,24.90,0.06,1.62,22.44,24.35, 18%, 19%,20.93,20.45, 16%, 16%,60.94,64.14, 49%, 52%,48.81,49.48, 39%, 39%,6.35,93.65,0.00,100.00,0.00,0.00,6.49,93.51,0.00,100.00,0.00,0.00,0.00,0.00,0.00 ,0.00 ,-nan ,-nan ,0.26,0.25,0.01,0.20,0.06,1.00,0.01,0.01,0.50,0.80,0.0018,0.0038,     0,0,0,6.40,93.60,0.00,N/A,2.76,13.45,210.08,0.20,5.12,0.01,0.33,0.05,0.50,0.11,1.00,0.01,0.03,0.32,0.43,0.0011,0.0030,     0,0,0,10.91,89.09,0.00,N/A,11.34,22.92,210.08,0.50,12.38,0.05,1.35,0.00,0.46,0.00,1.00,0.00,0.00,0.39,0.67,0.0015,0.0046,     0,0,0,0.26,99.74,0.00,N/A,0.25,0.55,210.08,0.46,11.58,0.00,0.03,0.00,0.51,0.00,1.00,0.00,0.00,0.45,0.75,0.0013,0.0038,     0,0,0,0.15,99.85,0.00,N/A,0.16,0.32,210.08,0.51,12.70,0.00,0.02,0.05,0.50,0.11,1.00,0.01,0.03,0.33,0.41,0.0010,0.0030,     0,0,0,10.92,89.08,0.00,N/A,11.36,22.93,210.08,0.50,12.39,0.05,1.35,0.32,2.93,0.11,1.00,0.00,0.00,0.69,0.88,0.0000,0.0000,     0,0,0,10.92,89.08,0.00,N/A,67.12,22.93,210.08,2.93,73.18,0.32,7.99,0.06,0.59,0.11,1.00,0.04,0.06,0.13,0.26,0.0030,0.0045,     0,0,0,10.91,89.09,0.00,N/A,13.47,22.91,210.08,0.59,14.69,0.06,1.60,0.00,0.74,0.00,1.00,0.00,0.00,0.42,0.60,0.0014,0.0038,     0,0,0,0.30,99.70,0.00,N/A,0.46,0.62,210.08,0.74,18.41,0.00,0.05,0.01,0.20,0.07,1.00,0.00,0.01,0.27,0.86,0.0018,0.0026,     0,0,0,6.58,93.42,0.00,N/A,2.70,13.82,210.08,0.20,4.89,0.01,0.32,0.06,0.52,0.11,1.00,0.01,0.04,0.38,0.41,0.0010,0.0031,     0,0,0,10.92,89.08,0.00,N/A,12.03,22.93,210.08,0.52,13.11,0.06,1.43,0.32,2.95,0.11,1.00,0.00,0.00,0.53,0.83,0.0000,0.0000,     0,0,0,10.93,89.07,0.00,N/A,67.71,22.95,210.08,2.95,73.75,0.32,8.06,0.00,0.98,0.00,1.00,0.00,0.00,0.59,0.84,0.0003,0.0011,     0,0,0,0.17,99.83,0.00,N/A,0.35,0.35,210.08,0.98,24.60,0.00,0.04,0.00,0.88,0.00,1.00,0.00,0.00,0.53,0.68,0.0008,0.0022,     0,0,0,0.36,99.64,0.00,N/A,0.67,0.76,210.08,0.88,22.00,0.00,0.08,0.06,0.53,0.11,1.00,0.01,0.04,0.37,0.43,0.0010,0.0030,     0,0,0,10.92,89.08,0.00,N/A,12.09,22.92,210.08,0.53,13.18,0.06,1.44,0.06,0.52,0.12,1.00,0.01,0.04,0.36,0.45,0.0010,0.0030,     0,0,0,11.88,88.12,0.00,N/A,12.93,24.96,210.08,0.52,12.95,0.06,1.54,0.00,0.42,0.00,1.00,0.00,0.00,0.42,0.74,0.0015,0.0039,     0,0,0,0.16,99.84,0.00,N/A,0.15,0.35,210.08,0.42,10.54,0.00,0.02,
2024-03-18,16:02:56.714,0.06,0.99,0.06,1.00,0.08,0.24,0.35,0.51,0.0004,0.0011,0.09,0.12,-2147483648,0.00,0.00,209.65,212.03,209.90,0.99,24.72,0.06,1.56,87.77,0.42,215.65,6.31,93.69,0.00,100.00,0.00,0.00,0.00,0.00,-nan,0.24,0.06,0.98,0.06,1.00,0.04,0.12,0.36,0.51,0.0004,0.0011,     0,0,0,0.06,0.07,-2147483648,0.00,0.00,N/A,104.26,106.48,209.90,0.98,24.48,0.06,1.55,0.06,1.00,0.06,1.00,0.04,0.12,0.35,0.52,0.0004,0.0011,     0,0,0,0.03,0.04,-2147483648,0.00,0.00,N/A,105.39,105.55,209.90,1.00,24.96,0.06,1.57,21.41,21.37, 17%, 17%,22.67,22.32, 18%, 18%,53.78,52.94, 43%, 43%,54.09,54.84, 43%, 44%,6.34,93.66,0.00,100.00,0.00,0.00,6.28,93.72,0.00,100.00,0.00,0.00,0.00,0.00,0.00 ,0.00 ,-nan ,-nan ,0.24,0.25,0.01,0.20,0.06,1.00,0.00,0.01,0.18,0.88,0.0018,0.0024,     0,0,0,5.98,94.02,0.00,N/A,2.52,12.56,209.90,0.20,5.02,0.01,0.30,0.05,0.48,0.11,1.00,0.01,0.04,0.37,0.41,0.0011,0.0032,     0,0,0,10.91,89.09,0.00,N/A,11.10,22.92,209.90,0.48,12.11,0.05,1.32,0.00,0.54,0.01,1.00,0.00,0.00,0.19,0.70,0.0018,0.0033,     0,0,0,0.74,99.26,0.00,N/A,0.83,1.54,209.90,0.54,13.42,0.00,0.10,0.00,0.46,0.00,1.00,0.00,0.00,0.44,0.86,0.0012,0.0025,     0,0,0,0.13,99.87,0.00,N/A,0.13,0.28,209.90,0.46,11.55,0.00,0.02,0.05,0.49,0.11,1.00,0.01,0.04,0.38,0.40,0.0010,0.0032,     0,0,0,10.92,89.08,0.00,N/A,11.18,22.93,209.90,0.49,12.19,0.05,1.33,0.32,2.93,0.11,1.00,0.00,0.00,0.64,0.91,0.0000,0.0000,     0,0,0,10.93,89.07,0.00,N/A,67.28,22.95,209.90,2.93,73.28,0.32,8.01,0.05,0.48,0.11,1.00,0.01,0.04,0.39,0.39,0.0010,0.0033,     0,0,0,10.91,89.09,0.00,N/A,11.04,22.92,209.90,0.48,12.04,0.05,1.31,0.00,0.47,0.00,1.00,0.00,0.00,0.39,0.64,0.0026,0.0064,     0,0,0,0.18,99.82,0.00,N/A,0.17,0.37,209.90,0.47,11.77,0.00,0.02,0.01,0.19,0.06,1.00,0.00,0.01,0.15,0.89,0.0017,0.0022,     0,0,0,5.97,94.03,0.00,N/A,2.42,12.53,209.90,0.19,4.83,0.01,0.29,0.06,0.51,0.11,1.00,0.01,0.04,0.34,0.40,0.0011,0.0031,     0,0,0,10.91,89.09,0.00,N/A,11.69,22.92,209.90,0.51,12.75,0.06,1.39,0.32,2.92,0.11,1.00,0.00,0.00,0.40,0.88,0.0000,0.0000,     0,0,0,10.93,89.07,0.00,N/A,67.02,22.94,209.90,2.92,73.02,0.32,7.98,0.00,0.46,0.00,1.00,0.00,0.00,0.78,0.79,0.0005,0.0036,     0,0,0,0.07,99.93,0.00,N/A,0.07,0.15,209.90,0.46,11.39,0.00,0.01,0.00,0.90,0.00,1.00,0.00,0.00,0.72,0.78,0.0004,0.0019,     0,0,0,0.23,99.77,0.00,N/A,0.43,0.48,209.90,0.90,22.49,0.00,0.05,0.06,0.51,0.11,1.00,0.01,0.04,0.37,0.41,0.0010,0.0032,     0,0,0,10.92,89.08,0.00,N/A,11.77,22.92,209.90,0.51,12.84,0.06,1.40,0.06,0.51,0.11,1.00,0.01,0.04,0.37,0.43,0.0011,0.0032,     0,0,0,10.92,89.08,0.00,N/A,11.79,22.92,209.90,0.51,12.85,0.06,1.40,0.00,0.30,0.00,1.00,0.00,0.00,0.26,0.59,0.0045,0.0074,     0,0,0,0.32,99.68,0.00,N/A,0.20,0.67,209.90,0.30,7.59,0.00,0.02,
2024-03-18,16:02:56.836,0.08,1.25,0.07,1.00,0.10,0.23,0.31,0.61,0.0003,0.0007,0.08,0.10,-2147483648,0.00,0.00,323.16,258.16,243.63,1.25,31.29,0.08,2.07,80.02,0.43,207.15,6.63,93.37,0.00,100.00,0.00,0.00,0.00,0.00,-nan,0.25,0.10,1.43,0.07,1.00,0.05,0.10,0.25,0.62,0.0003,0.0005,     0,0,0,0.05,0.05,-2147483648,0.00,0.00,N/A,186.52,130.80,243.63,1.43,35.65,0.10,2.40,0.07,1.07,0.07,1.00,0.05,0.13,0.36,0.60,0.0004,0.0010,     0,0,0,0.04,0.06,-2147483648,0.00,0.00,N/A,136.63,127.37,243.63,1.07,26.82,0.07,1.75,14.97,15.01, 10%, 10%,25.25,24.79, 17%, 17%,45.82,44.19, 32%, 31%,58.13,59.03, 40%, 41%,6.74,93.26,0.00,100.00,0.00,0.00,6.51,93.49,0.00,100.00,0.00,0.00,0.00,0.00,0.00 ,0.00 ,-nan ,-nan ,0.26,0.25,0.02,0.28,0.07,1.00,0.01,0.02,0.35,0.80,0.0020,0.0032,     0,0,0,7.19,92.81,0.00,N/A,4.85,17.52,243.63,0.28,6.92,0.02,0.50,0.27,2.37,0.11,1.00,0.00,0.01,0.38,0.43,0.0000,0.0001,     0,0,0,11.23,88.77,0.00,N/A,64.36,27.11,243.63,2.37,59.35,0.27,6.66,0.00,0.42,0.00,1.00,0.00,0.00,0.53,0.61,0.0018,0.0060,     0,0,0,0.15,99.85,0.00,N/A,0.15,0.36,243.63,0.42,10.40,0.00,0.02,0.01,0.96,0.01,1.00,0.00,0.00,0.51,0.71,0.0005,0.0014,     0,0,0,0.74,99.26,0.00,N/A,1.74,1.80,243.63,0.96,24.10,0.01,0.18,0.08,0.72,0.11,1.00,0.01,0.03,0.18,0.57,0.0007,0.0016,     0,0,0,11.21,88.79,0.00,N/A,19.35,27.06,243.63,0.72,17.88,0.08,2.00,0.33,2.95,0.11,1.00,0.00,0.00,0.59,0.90,0.0000,0.0000,     0,0,0,11.23,88.77,0.00,N/A,79.92,27.12,243.63,2.95,73.67,0.33,8.27,0.06,0.51,0.11,1.00,0.02,0.03,0.13,0.46,0.0012,0.0025,     0,0,0,11.22,88.78,0.00,N/A,13.93,27.08,243.63,0.51,12.85,0.06,1.44,0.01,0.82,0.01,1.00,0.00,0.00,0.45,0.76,0.0009,0.0020,     0,0,0,1.12,98.88,0.00,N/A,2.23,2.73,243.63,0.82,20.38,0.01,0.23,0.01,0.19,0.06,1.00,0.00,0.01,0.15,0.90,0.0017,0.0021,     0,0,0,5.92,94.08,0.00,N/A,2.80,14.43,243.63,0.19,4.85,0.01,0.29,0.08,0.71,0.11,1.00,0.01,0.04,0.38,0.52,0.0007,0.0020,     0,0,0,11.22,88.78,0.00,N/A,19.15,27.09,243.63,0.71,17.67,0.08,1.98,0.33,2.96,0.11,1.00,0.00,0.00,0.37,0.87,0.0000,0.0000,     0,0,0,11.23,88.77,0.00,N/A,80.22,27.13,243.63,2.96,73.94,0.33,8.30,0.00,0.54,0.00,1.00,0.00,0.00,0.65,0.69,0.0005,0.0024,     0,0,0,0.18,99.82,0.00,N/A,0.23,0.44,243.63,0.54,13.38,0.00,0.02,0.01,0.79,0.01,1.00,0.00,0.00,0.24,0.86,0.0012,0.0017,     0,0,0,0.91,99.09,0.00,N/A,1.87,2.36,243.63,0.79,19.84,0.01,0.18,0.06,0.57,0.11,1.00,0.01,0.04,0.37,0.45,0.0009,0.0028,     0,0,0,11.22,88.78,0.00,N/A,15.53,27.08,243.63,0.57,14.33,0.06,1.61,0.06,0.57,0.10,1.00,0.01,0.04,0.37,0.46,0.0009,0.0028,     0,0,0,10.36,89.64,0.00,N/A,14.19,25.02,243.63,0.57,14.18,0.06,1.47,0.01,0.69,0.02,1.00,0.00,0.00,0.49,0.79,0.0008,0.0018,     0,0,0,1.57,98.43,0.00,N/A,2.64,3.82,243.63,0.69,17.25,0.01,0.27,
2024-03-18,16:02:56.929,0.10,1.40,0.07,1.00,0.09,0.16,0.26,0.74,0.0003,0.0005,0.11,0.11,-2147483648,0.00,0.00,337.70,240.96,210.39,1.40,35.04,0.10,2.52,56.17,0.26,147.13,7.20,92.80,0.00,100.00,0.00,0.00,0.00,0.00,-nan,0.24,0.11,1.61,0.07,1.00,0.04,0.06,0.27,0.74,0.0002,0.0003,     0,0,0,0.06,0.05,-2147483648,0.00,0.00,N/A,193.37,120.40,210.39,1.61,40.15,0.1,     0,0,0.07,1,0.12,1.00,0.05,0.10,0.26,0.74,0.0003,0.0007,     0,0,0,0.05,0.05,-2147483648,0.00,0.00,N/A,144.33,120.55,210.39,1.20,29.93,0.09,2.17,13.54,12.72, 11%, 10%,15.13,14.79, 12%, 11%,43.45,39.42, 35%, 32%,31.93,32.32, 25%, 26%,7.16,92.84,0.00,100.00,0.00,0.00,7.23,92.77,0.00,100.00,0.00,0.00,0.00,0.00,0.00 ,0.00 ,-nan ,-nan ,0.24,0.25,0.01,0.23,0.06,1.00,0.00,0.01,0.52,0.80,0.0017,0.0036,     0,0,0,6.21,93.79,0.00,N/A,2.97,13.06,210.39,0.23,5.69,0.01,0.35,0.32,2.94,0.11,1.00,0.00,0.00,0.89,0.85,0.0000,0.0000,     0,0,0,10.93,89.07,0.00,N/A,67.52,22.95,210.39,2.94,73.57,0.32,8.04,0.00,0.71,0.01,1.00,0.00,0.00,0.44,0.59,0.0010,0.0025,     0,0,0,0.50,99.50,0.00,N/A,0.76,1.06,210.39,0.71,17.85,0.00,0.09,0.03,0.96,0.03,1.00,0.00,0.01,0.46,0.73,0.0004,0.0009,     0,0,0,3.24,96.76,0.00,N/A,6.52,6.81,210.39,0.96,23.92,0.03,0.77,0.13,1.21,0.11,1.00,0.01,0.01,0.14,0.83,0.0003,0.0004,     0,0,0,10.89,89.11,0.00,N/A,27.71,22.87,210.39,1.21,30.30,0.13,3.30,0.32,2.94,0.11,1.00,0.00,0.00,0.42,0.77,0.0000,0.0000,     0,0,0,10.93,89.07,0.00,N/A,67.42,22.95,210.39,2.94,73.43,0.32,8.03,0.06,0.57,0.11,1.00,0.02,0.02,0.04,0.58,0.0014,0.0017,     0,0,0,10.92,89.08,0.00,N/A,13.01,22.92,210.39,0.57,14.19,0.06,1.55,0.04,0.96,0.04,1.00,0.00,0.01,0.47,0.75,0.0005,0.0011,     0,0,0,3.70,96.30,0.00,N/A,7.46,7.78,210.39,0.96,23.96,0.04,0.89,0.01,0.19,0.06,1.00,0.00,0.01,0.18,0.88,0.0018,0.0023,     0,0,0,6.05,93.95,0.00,N/A,2.41,12.73,210.39,0.19,4.74,0.01,0.29,0.13,1.23,0.11,1.00,0.01,0.01,0.28,0.82,0.0003,0.0004,     0,0,0,10.89,89.11,0.00,N/A,28.20,22.87,210.39,1.23,30.84,0.13,3.36,0.32,2.93,0.11,1.00,0.00,0.00,0.57,0.87,0.0000,0.0000,     0,0,0,10.92,89.08,0.00,N/A,67.14,22.94,210.39,2.93,73.17,0.32,7.99,0.01,1.06,0.01,1.00,0.00,0.00,0.57,0.86,0.0005,0.0012,     0,0,0,1.16,98.84,0.00,N/A,2.61,2.46,210.39,1.06,26.56,0.01,0.31,0.05,1.40,0.04,1.00,0.00,0.01,0.54,0.90,0.0004,0.0010,     0,0,0,3.52,96.48,0.00,N/A,9.62,6.85,210.39,1.40,35.10,0.05,1.23,0.07,0.63,0.11,1.00,0.01,0.03,0.14,0.51,0.0008,0.0023,     0,0,0,10.91,89.09,0.00,N/A,14.52,22.91,210.39,0.63,15.84,0.07,1.73,0.08,0.63,0.12,1.00,0.01,0.03,0.13,0.54,0.0009,0.0022,     0,0,0,11.88,88.12,0.00,N/A,15.83,24.95,210.39,0.63,15.86,0.08,1.88,0.02,0.82,0.02,1.00,0.00,0.01,0.42,0.73,0.0007,0.0014,     0,0,0,2.31,97.69,0.00,N/A,3.99,4.85,210.39,0.82,20.55,0.02,0.47,
2024-03-18,16:02:57.029,0.09,1.43,0.06,1.00,0.08,0.14,0.17,0.71,0.0002,0.0004,0.09,0.08,-2147483648,0.00,0.00,309.05,215.59,209.62,1.43,35.84,0.09,2.30,49.00,0.29,133.50,6.42,93.58,0.00,100.00,0.00,0.00,0.00,0.00,-nan,0.25,0.11,1.68,0.06,1.00,0.03,0.04,0.11,0.76,0.0002,0.0002,     0,0,0,0.05,0.04,-2147483648,0.00,0.00,N/A,180.01,107.36,209.62,1.68,41.92,0.11,2.68,0.08,1.19,0.06,1.00,0.04,0.09,0.22,0.67,0.0003,0.0007,     0,0,0,0.04,0.04,-2147483648,0.00,0.00,N/A,129.03,108.23,209.62,1.19,29.81,0.08,1.92,10.10,10.99,  8%,  8%,14.11,13.79, 11%, 11%,35.65,38.90, 29%, 31%,29.27,29.69, 23%, 24%,6.40,93.60,0.00,100.00,0.00,0.00,6.45,93.55,0.00,100.00,0.00,0.00,0.00,0.00,0.00 ,0.00 ,-nan ,-nan ,0.26,0.24,0.01,0.20,0.06,1.00,0.00,0.01,0.18,0.87,0.0019,0.0024,     0,0,0,5.92,94.08,0.00,N/A,2.53,12.40,209.62,0.20,5.10,0.01,0.30,0.32,2.93,0.11,1.00,0.00,0.00,0.87,0.87,0.0000,0.0000,     0,0,0,10.93,89.07,0.00,N/A,67.23,22.95,209.62,2.93,73.24,0.32,8.00,0.11,1.22,0.09,1.00,0.01,0.01,0.14,0.83,0.0003,0.0004,     0,0,0,8.90,91.10,0.00,N/A,22.78,18.72,209.62,1.22,30.42,0.11,2.71,0.00,0.44,0.00,1.00,0.00,0.00,0.46,0.78,0.0011,0.0033,     0,0,0,0.14,99.86,0.00,N/A,0.12,0.28,209.62,0.44,10.91,0.00,0.01,0.04,1.18,0.03,1.00,0.00,0.00,0.18,0.81,0.0003,0.0005,     0,0,0,3.03,96.97,0.00,N/A,7.50,6.34,209.62,1.18,29.59,0.04,0.90,0.32,2.91,0.11,1.00,0.00,0.00,0.64,0.85,0.0000,0.0000,     0,0,0,10.92,89.08,0.00,N/A,66.84,22.93,209.62,2.91,72.86,0.32,7.96,0.06,0.55,0.11,1.00,0.02,0.02,0.04,0.56,0.0015,0.0018,     0,0,0,10.92,89.08,0.00,N/A,12.67,22.93,209.62,0.55,13.81,0.06,1.51,0.00,0.41,0.00,1.00,0.00,0.00,0.45,0.70,0.0013,0.0032,     0,0,0,0.38,99.62,0.00,N/A,0.33,0.80,209.62,0.41,10.35,0.00,0.04,0.01,0.19,0.06,1.00,0.00,0.01,0.19,0.87,0.0019,0.0024,     0,0,0,6.14,93.86,0.00,N/A,2.48,12.87,209.62,0.19,4.82,0.01,0.30,0.13,1.19,0.11,1.00,0.01,0.01,0.31,0.80,0.0003,0.0005,     0,0,0,10.89,89.11,0.00,N/A,27.12,22.87,209.62,1.19,29.65,0.13,3.23,0.32,2.93,0.11,1.00,0.00,0.00,0.55,0.83,0.0000,0.0000,     0,0,0,10.93,89.07,0.00,N/A,67.16,22.95,209.62,2.93,73.15,0.32,8.00,0.01,1.02,0.01,1.00,0.00,0.00,0.37,0.83,0.0007,0.0012,     0,0,0,1.13,98.87,0.00,N/A,2.42,2.36,209.62,1.02,25.57,0.01,0.29,0.00,0.41,0.00,1.00,0.00,0.00,0.68,0.82,0.0005,0.0029,     0,0,0,0.08,99.92,0.00,N/A,0.07,0.18,209.62,0.41,10.19,0.00,0.01,0.07,0.63,0.11,1.00,0.01,0.03,0.16,0.52,0.0009,0.0023,     0,0,0,10.91,89.09,0.00,N/A,14.52,22.91,209.62,0.63,15.85,0.07,1.73,0.07,0.63,0.11,1.00,0.01,0.03,0.14,0.52,0.0009,0.0023,     0,0,0,10.90,89.10,0.00,N/A,14.49,22.90,209.62,0.63,15.83,0.07,1.73,0.00,0.64,0.01,1.00,0.00,0.00,0.38,0.59,0.0021,0.0042,     0,0,0,0.57,99.43,0.00,N/A,0.77,1.20,209.62,0.64,16.01,0.00,0.09,
2024-03-18,16:02:57.129,0.08,1.34,0.06,1.00,0.07,0.17,0.28,0.61,0.0002,0.0006,0.09,0.10,-2147483648,0.00,0.00,285.39,212.25,210.07,1.34,33.61,0.08,2.12,60.34,0.32,157.72,6.32,93.68,0.00,100.00,0.00,0.00,0.00,0.00,-nan,0.24,0.10,1.62,0.06,1.00,0.03,0.06,0.11,0.69,0.0002,0.0003,     0,0,0,0.05,0.05,-2147483648,0.00,0.00,N/A,173.01,107.12,210.07,1.62,40.38,0.10,2.57,0.07,1.07,0.06,1.00,0.04,0.11,0.39,0.56,0.0003,0.0010,     0,0,0,0.04,0.05,-2147483648,0.00,0.00,N/A,112.38,105.13,210.07,1.07,26.72,0.07,1.67,14.58,14.28, 11%, 11%,15.90,15.58, 12%, 12%,43.71,42.95, 35%, 35%,35.25,35.80, 28%, 28%,6.38,93.62,0.00,100.00,0.00,0.00,6.26,93.74,0.00,100.00,0.00,0.00,0.00,0.00,0.00 ,0.00 ,-nan ,-nan ,0.24,0.25,0.02,0.28,0.06,1.00,0.00,0.01,0.23,0.87,0.0012,0.0016,     0,0,0,6.30,93.70,0.00,N/A,3.74,13.23,210.07,0.28,7.06,0.02,0.44,0.32,2.94,0.11,1.00,0.00,0.00,0.87,0.87,0.0000,0.0000,     0,0,0,10.92,89.08,0.00,N/A,67.37,22.93,210.07,2.94,73.44,0.32,8.02,0.05,0.84,0.06,1.00,0.01,0.01,0.10,0.68,0.0006,0.0012,     0,0,0,6.30,93.70,0.00,N/A,11.06,13.23,210.07,0.84,20.90,0.05,1.32,0.05,0.96,0.05,1.00,0.01,0.01,0.11,0.69,0.0005,0.0009,     0,0,0,5.42,94.58,0.00,N/A,10.96,11.38,210.07,0.96,24.06,0.05,1.30,0.00,0.52,0.00,1.00,0.00,0.00,0.35,0.83,0.0014,0.0029,     0,0,0,0.16,99.84,0.00,N/A,0.17,0.33,210.07,0.52,12.99,0.00,0.02,0.32,2.95,0.11,1.00,0.00,0.00,0.73,0.86,0.0000,0.0000,     0,0,0,10.92,89.08,0.00,N/A,67.67,22.94,210.07,2.95,73.74,0.32,8.06,0.04,0.53,0.08,1.00,0.01,0.02,0.04,0.52,0.0013,0.0020,     0,0,0,7.98,92.02,0.00,N/A,8.87,16.70,210.07,0.53,13.27,0.04,1.06,0.02,0.50,0.03,1.00,0.00,0.01,0.07,0.46,0.0011,0.0027,     0,0,0,3.03,96.97,0.00,N/A,3.19,6.38,210.07,0.50,12.48,0.02,0.38,0.01,0.19,0.06,1.00,0.00,0.01,0.17,0.89,0.0017,0.0021,     0,0,0,5.97,94.03,0.00,N/A,2.40,12.53,210.07,0.19,4.78,0.01,0.29,0.07,0.68,0.11,1.00,0.01,0.03,0.43,0.50,0.0007,0.0022,     0,0,0,10.91,89.09,0.00,N/A,15.58,22.91,210.07,0.68,17.01,0.07,1.86,0.32,2.92,0.11,1.00,0.00,0.00,0.49,0.85,0.0000,0.0000,     0,0,0,10.92,89.08,0.00,N/A,67.02,22.94,210.07,2.92,73.03,0.32,7.98,0.00,0.36,0.00,1.00,0.00,0.00,0.33,0.71,0.0024,0.0053,     0,0,0,0.15,99.85,0.00,N/A,0.11,0.31,210.07,0.36,9.08,0.00,0.01,0.00,0.74,0.00,1.00,0.00,0.00,0.56,0.83,0.0007,0.0021,     0,0,0,0.14,99.86,0.00,N/A,0.22,0.30,210.07,0.74,18.48,0.00,0.03,0.06,0.59,0.11,1.00,0.01,0.04,0.39,0.46,0.0008,0.0028,     0,0,0,10.91,89.09,0.00,N/A,13.45,22.92,210.07,0.59,14.67,0.06,1.60,0.06,0.59,0.11,1.00,0.01,0.04,0.41,0.47,0.0008,0.0027,     0,0,0,10.91,89.09,0.00,N/A,13.44,22.90,210.07,0.59,14.67,0.06,1.60,0.00,0.48,0.00,1.00,0.00,0.00,0.36,0.69,0.0027,0.0055,     0,0,0,0.15,99.85,0.00,N/A,0.15,0.32,210.07,0.48,12.11,0.00,0.02,
2024-03-18,16:02:57.234,0.08,1.25,0.06,1.00,0.09,0.21,0.26,0.53,0.0003,0.0008,0.08,0.09,-2147483648,0.00,0.00,268.60,214.45,210.29,1.25,31.31,0.08,1.99,73.51,0.44,180.94,6.36,93.64,0.00,100.00,0.00,0.00,0.00,0.00,-nan,0.25,0.09,1.46,0.06,1.00,0.05,0.09,0.09,0.53,0.0003,0.0006,     0,0,0,0.05,0.05,-2147483648,0.00,0.00,N/A,159.25,109.18,210.29,1.46,36.46,0.09,2.35,0.07,1.04,0.06,1.00,0.04,0.12,0.40,0.53,0.0004,0.0011,     0,0,0,0.03,0.04,-2147483648,0,0.06,1.00,0.,1208.2105.27,210.29,1.04,25.97,0.07,1.63,16.50,16.55, 13%, 13%,20.41,20.06, 16%, 16%,47.64,47.23, 38%, 38%,42.68,43.38, 34%, 34%,6.45,93.55,0.00,100.00,0.00,0.00,6.26,93.74,0.00,100.00,0.00,0.00,0.00,0.00,0.00 ,0.00 ,-nan ,-nan ,0.26,0.25,0.01,0.20,0.06,1.00,0.00,0.01,0.19,0.87,0.0019,0.0024,     0,0,0,5.89,94.11,0.00,N/A,2.53,12.38,210.29,0.20,5.10,0.01,0.30,0.32,2.91,0.11,1.00,0.00,0.00,0.77,0.76,0.0000,0.0000,     0,0,0,10.93,89.07,0.00,N/A,66.88,22.95,210.29,2.91,72.86,0.32,7.96,0.04,0.50,0.08,1.00,0.01,0.02,0.07,0.45,0.0011,0.0027,     0,0,0,7.98,92.02,0.00,N/A,8.38,16.71,210.29,0.50,12.54,0.04,1.00,0.03,0.60,0.04,1.00,0.01,0.01,0.09,0.49,0.0010,0.0021,     0,0,0,4.26,95.74,0.00,N/A,5.69,9.43,210.29,0.60,15.09,0.03,0.64,0.01,1.19,0.01,1.00,0.00,0.00,0.58,0.63,0.0003,0.0010,     0,0,0,0.70,99.30,0.00,N/A,1.74,1.46,210.29,1.19,29.74,0.01,0.21,0.30,2.71,0.11,1.00,0.02,0.02,0.03,0.11,0.0002,0.0003,     0,0,0,10.92,89.08,0.00,N/A,62.21,22.94,210.29,2.71,67.79,0.30,7.41,0.00,0.81,0.00,1.00,0.00,0.00,0.67,0.66,0.0004,0.0021,     0,0,0,0.18,99.82,0.00,N/A,0.31,0.38,210.29,0.81,20.29,0.00,0.04,0.05,0.50,0.11,1.00,0.01,0.03,0.05,0.44,0.0012,0.0027,     0,0,0,10.91,89.09,0.00,N/A,11.50,22.92,210.29,0.50,12.55,0.05,1.37,0.01,0.20,0.06,1.00,0.00,0.01,0.22,0.87,0.0018,0.0024,     0,0,0,5.92,94.08,0.00,N/A,2.44,12.45,210.29,0.20,4.90,0.01,0.29,0.06,0.56,0.11,1.00,0.01,0.04,0.42,0.43,0.0009,0.0029,     0,0,0,10.91,89.09,0.00,N/A,12.92,22.92,210.29,0.56,14.09,0.06,1.54,0.32,2.95,0.11,1.00,0.00,0.00,0.61,0.84,0.0000,0.0000,     0,0,0,10.92,89.08,0.00,N/A,67.58,22.94,210.29,2.95,73.64,0.32,8.05,0.00,0.42,0.00,1.00,0.00,0.00,0.53,0.71,0.0016,0.0057,     0,0,0,0.16,99.84,0.00,N/A,0.14,0.33,210.29,0.42,10.42,0.00,0.02,0.00,0.61,0.00,1.00,0.00,0.00,0.44,0.79,0.0011,0.0029,     0,0,0,0.23,99.77,0.00,N/A,0.29,0.47,210.29,0.61,15.26,0.00,0.03,0.06,0.57,0.11,1.00,0.01,0.04,0.42,0.43,0.0008,0.0029,     0,0,0,10.91,89.09,0.00,N/A,12.96,22.91,210.29,0.57,14.14,0.06,1.54,0.06,0.56,0.11,1.00,0.01,0.04,0.40,0.46,0.0009,0.0028,     0,0,0,10.91,89.09,0.00,N/A,12.93,22.92,210.29,0.56,14.10,0.06,1.54,0.00,0.33,0.00,1.00,0.00,0.00,0.32,0.69,0.0033,0.0056,     0,0,0,0.15,99.85,0.00,N/A,0.10,0.32,210.29,0.33,8.14,0.00,0.01,
2024-03-18,16:02:57.329,0.08,1.29,0.06,1.00,0.08,0.20,0.27,0.55,0.0003,0.0007,0.09,0.10,-2147483648,0.00,0.00,274.13,212.70,209.77,1.29,32.22,0.08,2.05,81.52,0.42,179.16,6.35,93.65,0.00,100.00,0.00,0.00,0.00,0.00,-nan,0.25,0.10,1.56,0.06,1.00,0.03,0.07,0.13,0.59,0.0002,0.0004,     0,0,0,0.04,0.05,-2147483648,0.00,0.00,N/A,167.83,107.28,209.77,1.56,39.11,0.10,2.51,0.06,1.01,0.06,1.00,0.05,0.13,0.35,0.52,0.0004,0.0012,     0,0,0,0.05,0.06,-2147483648,0.00,0.00,N/A,106.30,105.43,209.77,1.01,25.21,0.06,1.58,16.31,16.34, 13%, 13%,24.71,24.16, 20%, 19%,46.82,46.32, 38%, 37%,42.68,43.34, 34%, 35%,6.43,93.57,0.00,100.00,0.00,0.00,6.28,93.72,0.00,100.00,0.00,0.00,0.00,0.00,0.00 ,0.00 ,-nan ,-nan ,0.24,0.25,0.02,0.28,0.06,1.00,0.00,0.01,0.21,0.88,0.0012,0.0015,     0,0,0,6.27,93.73,0.00,N/A,3.71,13.14,209.77,0.28,7.05,0.02,0.44,0.26,2.86,0.09,1.00,0.00,0.00,0.47,0.61,0.0000,0.0000,     0,0,0,8.96,91.04,0.00,N/A,53.63,18.76,209.77,2.86,71.49,0.26,6.40,0.02,0.61,0.03,1.00,0.00,0.01,0.07,0.48,0.0009,0.0021,     0,0,0,3.47,96.53,0.00,N/A,4.47,7.30,209.77,0.61,15.29,0.02,0.53,0.05,0.55,0.08,1.00,0.01,0.02,0.09,0.45,0.0011,0.0024,     0,0,0,8.39,91.61,0.00,N/A,9.15,16.69,209.77,0.55,13.71,0.05,1.15,0.01,0.51,0.03,1.00,0.00,0.01,0.13,0.50,0.0013,0.0029,     0,0,0,2.53,97.47,0.00,N/A,2.70,5.32,209.77,0.51,12.66,0.01,0.32,0.32,2.94,0.11,1.00,0.00,0.00,0.84,0.78,0.0000,0.0000,     0,0,0,10.93,89.07,0.00,N/A,67.43,22.95,209.77,2.94,73.45,0.32,8.03,0.09,2.88,0.03,1.00,0.00,0.00,0.74,0.73,0.0000,0.0000,     0,0,0,3.05,96.95,0.00,N/A,18.45,6.41,209.77,2.88,71.93,0.09,2.19,0.04,0.50,0.08,1.00,0.01,0.02,0.07,0.45,0.0011,0.0027,     0,0,0,7.97,92.03,0.00,N/A,8.30,16.70,209.77,0.50,12.42,0.04,0.99,0.01,0.19,0.06,1.00,0.00,0.00,0.13,0.89,0.0017,0.0021,     0,0,0,6.03,93.97,0.00,N/A,2.38,12.65,209.77,0.19,4.71,0.01,0.28,0.05,0.57,0.08,1.00,0.01,0.03,0.41,0.45,0.0008,0.0027,     0,0,0,7.98,92.02,0.00,N/A,9.54,16.71,209.77,0.57,14.28,0.05,1.14,0.31,2.81,0.11,1.00,0.01,0.01,0.03,0.16,0.0001,0.0001,     0,0,0,10.92,89.08,0.00,N/A,64.41,22.93,209.77,2.81,70.21,0.31,7.67,0.02,0.56,0.03,1.00,0.00,0.01,0.37,0.47,0.0010,0.0030,     0,0,0,3.09,96.91,0.00,N/A,3.62,6.49,209.77,0.56,13.94,0.02,0.43,0.02,0.54,0.03,1.00,0.00,0.01,0.38,0.47,0.0011,0.0031,     0,0,0,3.18,96.82,0.00,N/A,3.60,6.70,209.77,0.54,13.42,0.02,0.43,0.05,0.57,0.08,1.00,0.01,0.03,0.46,0.44,0.0008,0.0029,     0,0,0,7.97,92.03,0.00,N/A,9.52,16.70,209.77,0.57,14.25,0.05,1.14,0.05,0.57,0.08,1.00,0.01,0.03,0.41,0.48,0.0008,0.0027,     0,0,0,7.97,92.03,0.00,N/A,9.52,16.70,209.77,0.57,14.25,0.05,1.14,0.02,0.57,0.03,1.00,0.00,0.01,0.39,0.43,0.0009,0.0030,     0,0,0,3.11,96.89,0.00,N/A,3.71,6.55,209.77,0.57,14.16,0.02,0.44,
2024-03-18,16:02:57.434,0.09,1.28,0.07,1.00,0.08,0.21,0.28,0.58,0.0003,0.0007,0.07,0.09,-2147483648,0.00,0.00,290.67,226.51,210.13,1.28,32.08,0.09,2.15,68.44,0.44,208.10,6.70,93.30,0.00,100.00,0.00,0.00,0.00,0.00,-nan,0.25,0.10,1.52,0.07,1.00,0.04,0.08,0.14,0.59,0.0002,0.0005,     0,0,0,0.04,0.04,-2147483648,0.00,0.00,N/A,174.48,114.66,210.13,1.52,38.04,0.10,2.60,0.07,1.04,0.07,1.00,0.05,0.13,0.36,0.57,0.0004,0.0011,     0,0,0,0.03,0.04,-2147483648,0.00,0.00,N/A,116.19,111.86,210.13,1.04,25.97,0.07,1.71,15.83,15.64, 12%, 12%,18.69,18.28, 15%, 14%,46.04,45.26, 37%, 36%,57.91,58.89, 46%, 47%,6.82,93.18,0.00,100.00,0.00,0.00,6.57,93.43,0.00,100.00,0.00,0.00,0.00,0.00,0.00 ,0.00 ,-nan ,-nan ,0.26,0.24,0.01,0.22,0.06,1.00,0.01,0.01,0.23,0.85,0.0019,0.0028,     0,0,0,6.09,93.91,0.00,N/A,2.85,12.80,210.13,0.22,5.56,0.01,0.34,0.01,0.90,0.02,1.00,0.00,0.00,0.26,0.68,0.0009,0.0016,     0,0,0,1.61,98.39,0.00,N/A,3.05,3.37,210.13,0.90,22.60,0.01,0.36,0.06,0.51,0.11,1.00,0.01,0.03,0.06,0.47,0.0012,0.0026,     0,0,0,10.92,89.08,0.00,N/A,11.68,22.94,210.13,0.51,12.73,0.06,1.39,0.01,1.09,0.01,1.00,0.00,0.00,0.47,0.60,0.0003,0.0009,     0,0,0,1.00,99.00,0.00,N/A,2.30,2.10,210.13,1.09,27.36,0.01,0.27,0.06,0.51,0.12,1.00,0.01,0.03,0.08,0.45,0.0011,0.0027,     0,0,0,11.89,88.11,0.00,N/A,12.79,24.97,210.13,0.51,12.80,0.06,1.52,0.35,2.95,0.12,1.00,0.00,0.00,0.88,0.80,0.0000,0.0000,     0,0,0,11.92,88.08,0.00,N/A,73.80,25.03,210.13,2.95,73.70,0.35,8.79,0.32,2.95,0.11,1.00,0.00,0.00,0.74,0.85,0.0000,0.0000,     0,0,0,10.93,89.07,0.00,N/A,67.78,22.96,210.13,2.95,73.82,0.32,8.07,0.00,0.49,0.00,1.00,0.00,0.00,0.32,0.60,0.0027,0.0064,     0,0,0,0.23,99.77,0.00,N/A,0.24,0.48,210.13,0.49,12.23,0.00,0.03,0.01,0.19,0.06,1.00,0.00,0.01,0.23,0.87,0.0018,0.0025,     0,0,0,6.01,93.99,0.00,N/A,2.45,12.62,210.13,0.19,4.85,0.01,0.29,0.03,0.75,0.04,1.00,0.00,0.01,0.35,0.79,0.0007,0.0018,     0,0,0,3.81,96.19,0.00,N/A,6.35,8.42,210.13,0.75,18.86,0.03,0.72,0.22,2.69,0.08,1.00,0.01,0.01,0.07,0.22,0.0001,0.0002,     0,0,0,8.24,91.76,0.00,N/A,46.40,17.26,210.13,2.69,67.21,0.22,5.54,0.05,0.56,0.09,1.00,0.01,0.03,0.41,0.44,0.0009,0.0029,     0,0,0,8.96,91.04,0.00,N/A,10.57,18.77,210.13,0.56,14.07,0.05,1.26,0.06,0.56,0.11,1.00,0.01,0.04,0.41,0.46,0.0008,0.0028,     0,0,0,10.91,89.09,0.00,N/A,12.92,22.91,210.13,0.56,14.09,0.06,1.54,0.02,0.57,0.03,1.00,0.00,0.01,0.44,0.48,0.0008,0.0028,     0,0,0,3.04,96.96,0.00,N/A,3.66,6.41,210.13,0.57,14.27,0.02,0.43,0.11,2.88,0.04,1.00,0.00,0.00,0.62,0.70,0.0000,0.0000,     0,0,0,3.84,96.16,0.00,N/A,24.48,8.49,210.13,2.88,72.05,0.11,2.77,0.04,0.55,0.08,1.00,0.01,0.03,0.40,0.45,0.0009,0.0029,     0,0,0,8.10,91.90,0.00,N/A,9.37,16.97,210.13,0.55,13.81,0.04,1.12,
2024-03-18,16:02:57.529,0.08,1.28,0.07,1.00,0.10,0.22,0.23,0.58,0.0004,0.0008,0.10,0.11,-2147483648,0.00,0.00,282.90,221.51,209.79,1.28,31.93,0.08,2.12,70.26,0.33,177.61,6.64,93.36,0.00,100.00,0.00,0.00,0.00,0.00,-nan,0.24,0.11,1.50,0.07,1.00,0.06,0.09,0.10,0.62,0.0003,0.0005,     0,0,0,0.07,0.06,-2147483648,0.00,0.00,N/A,178.31,118.82,209.79,1.50,37.52,0.11,2.65,0.06,1.02,0.06,1.00,0.04,0.12,0.37,0.55,0.0004,0.0012,     0,0,0,0.03,0.05,-2147483648,0.00,0.00,N/A,104.59,102.69,209.79,1.02,25.46,0.06,1.58,16.14,16.05, 13%, 13%,19.20,18.86, 15%, 15%,47.28,46.75,0.99,24.66,%, 3542.09, 33%, 34%,7.08,92.92,0.00,100.00,0.00,0.00,6.19,93.81,0.00,100.00,0.00,0.00,0.00,0.00,0.00 ,0.00 ,-nan ,-nan ,0.24,0.25,0.01,0.20,0.06,1.00,0.00,0.01,0.26,0.86,0.0019,0.0027,     0,0,0,6.05,93.95,0.00,N/A,2.54,12.70,209.79,0.20,5.00,0.01,0.30,0.00,0.32,0.00,1.00,0.00,0.00,0.52,0.59,0.0008,0.0038,     0,0,0,0.49,99.51,0.00,N/A,0.33,1.03,209.79,0.32,7.96,0.00,0.04,0.06,0.51,0.12,1.00,0.02,0.03,0.07,0.48,0.0014,0.0024,     0,0,0,11.89,88.11,0.00,N/A,12.74,24.97,209.79,0.51,12.76,0.06,1.52,0.05,1.09,0.04,1.00,0.01,0.02,0.10,0.67,0.0014,0.0018,     0,0,0,4.25,95.75,0.00,N/A,9.70,8.92,209.79,1.09,27.19,0.05,1.16,0.09,0.83,0.11,1.00,0.01,0.02,0.10,0.63,0.0006,0.0012,     0,0,0,10.90,89.10,0.00,N/A,18.98,22.90,209.79,0.83,20.73,0.09,2.26,0.32,2.96,0.11,1.00,0.00,0.00,0.58,0.82,0.0000,0.0000,     0,0,0,10.92,89.08,0.00,N/A,67.95,22.94,209.79,2.96,74.07,0.32,8.09,0.31,2.64,0.12,1.00,0.01,0.01,0.03,0.12,0.0002,0.0002,     0,0,0,11.90,88.10,0.00,N/A,65.89,24.99,209.79,2.64,65.91,0.31,7.84,0.00,0.48,0.00,1.00,0.00,0.00,0.40,0.71,0.0022,0.0052,     0,0,0,0.18,99.82,0.00,N/A,0.18,0.38,209.79,0.48,11.89,0.00,0.02,0.01,0.20,0.06,1.00,0.00,0.01,0.23,0.88,0.0018,0.0024,     0,0,0,5.98,94.02,0.00,N/A,2.45,12.54,209.79,0.20,4.88,0.01,0.29,0.06,0.59,0.10,1.00,0.01,0.03,0.39,0.46,0.0009,0.0029,     0,0,0,10.44,89.56,0.00,N/A,12.21,20.84,209.79,0.59,14.65,0.06,1.53,0.00,0.50,0.00,1.00,0.00,0.00,0.20,0.65,0.0020,0.0034,     0,0,0,0.40,99.60,0.00,N/A,0.42,0.83,209.79,0.50,12.61,0.00,0.05,0.00,0.36,0.01,1.00,0.00,0.00,0.31,0.66,0.0032,0.0061,     0,0,0,0.64,99.36,0.00,N/A,0.48,1.34,209.79,0.36,9.01,0.00,0.06,0.06,0.58,0.11,1.00,0.01,0.04,0.37,0.47,0.0009,0.0028,     0,0,0,10.91,89.09,0.00,N/A,13.39,22.92,209.79,0.58,14.61,0.06,1.59,0.07,0.63,0.11,1.00,0.01,0.04,0.43,0.46,0.0007,0.0025,     0,0,0,10.92,89.08,0.00,N/A,14.56,22.94,209.79,0.63,15.87,0.07,1.73,0.31,2.92,0.10,1.00,0.00,0.00,0.31,0.84,0.0000,0.0000,     0,0,0,10.45,89.55,0.00,N/A,60.89,20.85,209.79,2.92,72.99,0.31,7.63,0.00,0.44,0.00,1.00,0.00,0.00,0.30,0.64,0.0026,0.0058,     0,0,0,0.21,99.79,0.00,N/A,0.19,0.44,209.79,0.44,10.97,0.00,0.02,
2024-03-18,16:02:57.635,0.09,1.35,0.06,1.00,0.07,0.18,0.32,0.62,0.0002,0.0006,0.08,0.08,-2147483648,0.00,0.00,295.26,218.75,209.98,1.35,33.74,0.09,2.19,53.27,0.34,139.34,6.49,93.51,0.00,100.00,0.00,0.00,0.00,0.00,-nan,0.26,0.11,1.69,0.06,1.00,0.03,0.04,0.11,0.75,0.0002,0.0002,     0,0,0,0.06,0.05,-2147483648,0.00,0.00,N/A,178.42,105.43,209.98,1.69,42.31,0.11,2.66,0.07,1.03,0.07,1.00,0.04,0.14,0.43,0.54,0.0003,0.0012,     0,0,0,0.02,0.03,-2147483648,0.00,0.00,N/A,116.84,113.32,209.98,1.03,25.78,0.07,1.73,10.50,10.37,  8%,  8%,16.37,16.04, 13%, 12%,37.56,36.78, 30%, 29%,32.20,32.80, 25%, 26%,6.28,93.72,0.00,100.00,0.00,0.00,6.70,93.30,0.00,100.00,0.00,0.00,0.00,0.00,0.00 ,0.00 ,-nan ,-nan ,0.26,0.27,0.01,0.20,0.06,1.00,0.00,0.01,0.18,0.87,0.0019,0.0025,     0,0,0,6.13,93.87,0.00,N/A,2.64,12.86,209.98,0.20,5.12,0.01,0.31,0.04,1.20,0.03,1.00,0.00,0.00,0.18,0.81,0.0003,0.0005,     0,0,0,3.05,96.95,0.00,N/A,7.69,6.43,209.98,1.20,29.90,0.04,0.91,0.04,0.53,0.08,1.00,0.01,0.02,0.04,0.55,0.0015,0.0019,     0,0,0,7.99,92.01,0.00,N/A,8.78,16.72,209.98,0.53,13.13,0.04,1.05,0.02,0.54,0.03,1.00,0.00,0.01,0.07,0.57,0.0014,0.0018,     0,0,0,3.04,96.96,0.00,N/A,3.46,6.40,209.98,0.54,13.52,0.02,0.41,0.10,1.21,0.08,1.00,0.01,0.01,0.13,0.82,0.0003,0.0004,     0,0,0,7.96,92.04,0.00,N/A,20.10,16.66,209.98,1.21,30.16,0.10,2.40,0.32,2.95,0.11,1.00,0.00,0.00,0.84,0.88,0.0000,0.0000,     0,0,0,10.92,89.08,0.00,N/A,67.61,22.94,209.98,2.95,73.69,0.32,8.05,0.32,2.95,0.11,1.00,0.00,0.00,0.65,0.91,0.0000,0.0000,     0,0,0,10.93,89.07,0.00,N/A,67.72,22.95,209.98,2.95,73.78,0.32,8.06,0.00,0.88,0.00,1.00,0.00,0.00,0.48,0.67,0.0010,0.0027,     0,0,0,0.23,99.77,0.00,N/A,0.42,0.48,209.98,0.88,21.96,0.00,0.05,0.01,0.19,0.06,1.00,0.00,0.01,0.17,0.88,0.0018,0.0023,     0,0,0,6.04,93.96,0.00,N/A,2.43,12.68,209.98,0.19,4.78,0.01,0.29,0.06,0.63,0.09,1.00,0.01,0.03,0.47,0.47,0.0007,0.0027,     0,0,0,8.96,91.04,0.00,N/A,11.74,18.76,209.98,0.63,15.65,0.06,1.40,0.02,0.58,0.03,1.00,0.00,0.01,0.41,0.49,0.0009,0.0030,     0,0,0,3.25,96.75,0.00,N/A,4.01,6.85,209.98,0.58,14.62,0.02,0.48,0.02,0.61,0.03,1.00,0.00,0.01,0.43,0.48,0.0009,0.0029,     0,0,0,3.30,96.70,0.00,N/A,4.22,6.95,209.98,0.61,15.16,0.02,0.50,0.06,0.63,0.09,1.00,0.01,0.03,0.48,0.48,0.0007,0.0027,     0,0,0,8.96,91.04,0.00,N/A,11.75,18.76,209.98,0.63,15.66,0.06,1.40,0.06,0.63,0.09,1.00,0.01,0.03,0.43,0.47,0.0007,0.0026,     0,0,0,8.97,91.03,0.00,N/A,11.78,18.77,209.98,0.63,15.68,0.06,1.41,0.32,2.89,0.11,1.00,0.00,0.00,0.55,0.71,0.0000,0.0000,     0,0,0,10.93,89.07,0.00,N/A,66.40,22.94,209.98,2.89,72.34,0.32,7.90,0.02,0.60,0.03,1.00,0.00,0.01,0.45,0.50,0.0009,0.0030,     0,0,0,3.40,96.60,0.00,N/A,4.52,7.58,209.98,0.60,14.91,0.02,0.51,
2024-03-18,16:02:57.729,0.08,1.30,0.06,1.00,0.07,0.19,0.29,0.57,0.0003,0.0007,0.08,0.10,-2147483648,0.00,0.00,272.57,210.23,210.19,1.30,32.41,0.08,2.04,74.65,0.42,193.86,6.28,93.72,0.00,100.00,0.00,0.00,0.00,0.00,-nan,0.24,0.10,1.54,0.06,1.00,0.03,0.07,0.11,0.61,0.0002,0.0004,     0,0,0,0.04,0.05,-2147483648,0.00,0.00,N/A,163.80,106.11,210.19,1.54,38.59,0.10,2.44,0.07,1.04,0.06,1.00,0.04,0.12,0.39,0.54,0.0003,0.0011,     0,0,0,0.03,0.05,-2147483648,0.00,0.00,N/A,108.78,104.12,210.19,1.04,26.12,0.07,1.63,19.33,17.85, 15%, 14%,18.91,18.57, 15%, 15%,54.00,49.27, 44%, 40%,44.86,45.73, 36%, 37%,6.31,93.69,0.00,100.00,0.00,0.00,6.24,93.76,0.00,100.00,0.00,0.00,0.00,0.00,0.00 ,0.00 ,-nan ,-nan ,0.24,0.23,0.01,0.20,0.06,1.00,0.01,0.01,0.22,0.86,0.0018,0.0026,     0,0,0,6.44,93.56,0.00,N/A,2.77,13.54,210.19,0.20,5.11,0.01,0.33,0.07,0.63,0.11,1.00,0.01,0.03,0.07,0.52,0.0009,0.0019,     0,0,0,10.91,89.09,0.00,N/A,14.50,22.92,210.19,0.63,15.82,0.07,1.73,0.04,0.50,0.09,1.00,0.01,0.03,0.06,0.44,0.0012,0.0028,     0,0,0,8.92,91.08,0.00,N/A,9.37,18.80,210.19,0.50,12.46,0.04,1.11,0.01,0.52,0.02,1.00,0.00,0.00,0.11,0.55,0.0015,0.0021,     0,0,0,2.08,97.92,0.00,N/A,2.27,4.35,210.19,0.52,13.03,0.01,0.27,0.00,0.43,0.00,1.00,0.00,0.00,0.89,0.81,0.0002,0.0026,     0,0,0,0.06,99.94,0.00,N/A,0.05,0.13,210.19,0.43,10.71,0.00,0.01,0.32,2.92,0.11,1.00,0.00,0.00,0.75,0.87,0.0000,0.0000,     0,0,0,10.93,89.07,0.00,N/A,66.94,22.95,210.19,2.92,72.92,0.32,7.97,0.32,2.95,0.11,1.00,0.00,0.00,0.70,0.87,0.0000,0.0000,     0,0,0,10.92,89.08,0.00,N/A,67.65,22.94,210.19,2.95,73.73,0.32,8.05,0.00,0.49,0.00,1.00,0.00,0.00,0.41,0.57,0.0023,0.0064,     0,0,0,0.23,99.77,0.00,N/A,0.24,0.48,210.19,0.49,12.28,0.00,0.03,0.01,0.19,0.07,1.00,0.00,0.01,0.19,0.88,0.0018,0.0024,     0,0,0,6.60,93.40,0.00,N/A,2.64,13.87,210.19,0.19,4.77,0.01,0.31,0.00,0.40,0.00,1.00,0.00,0.00,0.59,0.74,0.0013,0.0044,     0,0,0,0.09,99.91,0.00,N/A,0.07,0.18,210.19,0.40,9.98,0.00,0.01,0.06,0.58,0.11,1.00,0.01,0.04,0.40,0.46,0.0009,0.0029,     0,0,0,10.91,89.09,0.00,N/A,13.19,22.91,210.19,0.58,14.39,0.06,1.57,0.06,0.57,0.11,1.00,0.01,0.04,0.41,0.44,0.0009,0.0029,     0,0,0,10.91,89.09,0.00,N/A,13.07,22.91,210.19,0.57,14.26,0.06,1.56,0.00,0.38,0.00,1.00,0.00,0.00,0.66,0.72,0.0013,0.0049,     0,0,0,0.10,99.90,0.00,N/A,0.08,0.20,210.19,0.38,9.41,0.00,0.01,0.00,0.48,0.00,1.00,0.00,0.00,0.74,0.71,0.0010,0.0051,     0,0,0,0.12,99.88,0.00,N/A,0.12,0.25,210.19,0.48,11.95,0.00,0.01,0.32,2.96,0.11,1.00,0.00,0.00,0.58,0.85,0.0000,0.0000,     0,0,0,10.93,89.07,0.00,N/A,67.83,22.94,210.19,2.96,73.90,0.32,8.07,0.06,0.56,0.11,1.00,0.01,0.03,0.42,0.44,0.0008,0.0029,     0,0,0,10.57,89.43,0.00,N/A,11.78,20.86,210.19,0.56,14.12,0.06,1.49,
2024-03-18,16:02:57.829,0.08,1.28,0.07,1.00,0.08,0.21,0.30,0.55,0.0003,0.0007,0.07,0.08,-2147483648,0.00,0.00,278.64,218.48,209.97,1.28,31.88,0.08,2.07,76.85,0.50,201.03,6.50,93.50,0.00,100.00,0.00,0.00,0.00,0.00,-nan,0.25,0.10,1.50,0.06,1.00,0.04,0.08,0.15,0.58,0.0002,0.0005,     0,0,0,0.04,0.05,-2147483648,0.00,0.00,N/A,162.37,108.43,209.97,1.50,37.44,0.10,2.42,0.07,1.06,0.07,1.00,0.04,0.13,0.39,0.52,0.0004,0.0011,     0,0,0,0.03,0.04,-2147483648,0.00,0.00,N/A,116.27,110.04,209.97,1.06,26.41,0.07,1.73,17.87,19.08, 14%, 15%,20.13,19.77, 16%, 15%,53.97,56.84, 44%, 46%,44.66,45.56, 36%, 36%,6.45,93.55,0.00,100.00,0.00,0.00,6.55,93.45,0.00,100.00,0.00,0.00,0.00 35%, 35%,6.3,0.00-nan ,-nan ,0.26,0.24,0.01,0.20,0.06,1.00,0.00,0.01,0.30,0.85,0.0018,0.0029,     0,0,0,6.02,93.98,0.00,N/A,2.58,12.63,209.97,0.20,5.11,0.01,0.31,0.05,0.50,0.09,1.00,0.01,0.03,0.06,0.44,0.0012,0.0028,     0,0,0,9.00,91.00,0.00,N/A,9.47,18.85,209.97,0.50,12.57,0.05,1.13,0.06,0.50,0.11,1.00,0.01,0.03,0.07,0.45,0.0012,0.0027,     0,0,0,10.92,89.08,0.00,N/A,11.56,22.92,209.97,0.50,12.60,0.06,1.38,0.00,0.44,0.00,1.00,0.00,0.00,0.68,0.66,0.0015,0.0069,     0,0,0,0.35,99.65,0.00,N/A,0.32,0.73,209.97,0.44,11.00,0.00,0.04,0.01,0.50,0.02,1.00,0.00,0.01,0.14,0.49,0.0012,0.0030,     0,0,0,2.17,97.83,0.00,N/A,2.30,4.56,209.97,0.50,12.60,0.01,0.27,0.32,2.95,0.11,1.00,0.00,0.00,0.73,0.82,0.0000,0.0000,     0,0,0,10.93,89.07,0.00,N/A,67.80,22.95,209.97,2.95,73.87,0.32,8.07,0.32,2.94,0.11,1.00,0.00,0.00,0.76,0.84,0.0000,0.0000,     0,0,0,10.92,89.08,0.00,N/A,67.39,22.94,209.97,2.94,73.45,0.32,8.02,0.00,0.33,0.01,1.00,0.00,0.00,0.28,0.64,0.0021,0.0041,     0,0,0,1.36,98.64,0.00,N/A,0.94,2.86,209.97,0.33,8.23,0.00,0.11,0.01,0.22,0.06,1.00,0.01,0.01,0.32,0.82,0.0020,0.0031,     0,0,0,6.42,93.58,0.00,N/A,2.93,13.49,209.97,0.22,5.44,0.01,0.35,0.00,0.45,0.00,1.00,0.00,0.00,0.37,0.73,0.0020,0.0043,     0,0,0,0.12,99.88,0.00,N/A,0.11,0.25,209.97,0.45,11.23,0.00,0.01,0.06,0.57,0.11,1.00,0.01,0.04,0.39,0.46,0.0009,0.0028,     0,0,0,10.91,89.09,0.00,N/A,13.05,22.91,209.97,0.57,14.24,0.06,1.55,0.06,0.56,0.11,1.00,0.01,0.04,0.38,0.44,0.0009,0.0028,     0,0,0,10.92,89.08,0.00,N/A,12.93,22.92,209.97,0.56,14.11,0.06,1.54,0.06,2.83,0.02,1.00,0.00,0.00,0.64,0.69,0.0000,0.0001,     0,0,0,2.11,97.89,0.00,N/A,12.58,4.44,209.97,2.83,70.77,0.06,1.49,0.00,0.50,0.00,1.00,0.00,0.00,0.78,0.74,0.0007,0.0046,     0,0,0,0.09,99.91,0.00,N/A,0.09,0.18,209.97,0.50,12.46,0.00,0.01,0.29,2.91,0.10,1.00,0.00,0.00,0.60,0.78,0.0000,0.0000,     0,0,0,9.97,90.03,0.00,N/A,60.83,20.88,209.97,2.91,72.82,0.29,7.26,0.07,0.55,0.12,1.00,0.01,0.04,0.43,0.43,0.0009,0.0030,     0,0,0,11.88,88.12,0.00,N/A,13.73,24.96,209.97,0.55,13.76,0.07,1.64,
2024-03-18,16:02:57.929,0.08,1.29,0.06,1.00,0.07,0.19,0.30,0.55,0.0003,0.0007,0.08,0.10,-2147483648,0.00,0.00,270.86,209.87,209.99,1.29,32.26,0.08,2.02,72.76,0.41,181.50,6.25,93.75,0.00,100.00,0.00,0.00,0.00,0.00,-nan,0.24,0.10,1.53,0.06,1.00,0.03,0.08,0.16,0.58,0.0002,0.0005,     0,0,0,0.04,0.05,-2147483648,0.00,0.00,N/A,163.02,106.61,209.99,1.53,38.23,0.10,2.43,0.06,1.04,0.06,1.00,0.04,0.12,0.39,0.53,0.0004,0.0011,     0,0,0,0.04,0.05,-2147483648,0.00,0.00,N/A,107.84,103.26,209.99,1.04,26.11,0.06,1.60,16.89,16.65, 13%, 13%,19.78,19.43, 15%, 15%,47.94,46.58, 39%, 38%,43.08,43.90, 34%, 35%,6.35,93.65,0.00,100.00,0.00,0.00,6.15,93.85,0.00,100.00,0.00,0.00,0.00,0.00,0.00 ,0.00 ,-nan ,-nan ,0.24,0.25,0.01,0.21,0.06,1.00,0.00,0.01,0.35,0.86,0.0017,0.0027,     0,0,0,5.98,94.02,0.00,N/A,2.60,12.56,209.99,0.21,5.18,0.01,0.31,0.01,1.26,0.01,1.00,0.00,0.00,0.25,0.78,0.0004,0.0006,     0,0,0,0.58,99.42,0.00,N/A,1.53,1.21,209.99,1.26,31.57,0.01,0.18,0.05,0.50,0.11,1.00,0.01,0.03,0.05,0.44,0.0012,0.0028,     0,0,0,10.91,89.09,0.00,N/A,11.52,22.92,209.99,0.50,12.57,0.05,1.37,0.00,0.50,0.00,1.00,0.00,0.00,0.91,0.79,0.0002,0.0032,     0,0,0,0.09,99.91,0.00,N/A,0.09,0.19,209.99,0.50,12.53,0.00,0.01,0.05,0.50,0.11,1.00,0.01,0.03,0.07,0.45,0.0012,0.0028,     0,0,0,10.91,89.09,0.00,N/A,11.54,22.92,209.99,0.50,12.59,0.05,1.37,0.32,2.95,0.11,1.00,0.00,0.00,0.83,0.81,0.0000,0.0000,     0,0,0,10.92,89.08,0.00,N/A,67.75,22.94,209.99,2.95,73.84,0.32,8.07,0.32,2.94,0.11,1.00,0.00,0.00,0.73,0.89,0.0000,0.0000,     0,0,0,10.92,89.08,0.00,N/A,67.45,22.92,209.99,2.94,73.56,0.32,8.03,0.00,0.56,0.00,1.00,0.00,0.00,0.86,0.65,0.0004,0.0051,     0,0,0,0.45,99.55,0.00,N/A,0.53,0.95,209.99,0.56,14.00,0.00,0.06,0.01,0.19,0.06,1.00,0.00,0.01,0.22,0.87,0.0019,0.0026,     0,0,0,6.00,94.00,0.00,N/A,2.42,12.60,209.99,0.19,4.80,0.01,0.29,0.00,0.45,0.00,1.00,0.00,0.00,0.35,0.75,0.0019,0.0037,     0,0,0,0.09,99.91,0.00,N/A,0.09,0.19,209.99,0.45,11.35,0.00,0.01,0.06,0.57,0.11,1.00,0.01,0.04,0.39,0.46,0.0009,0.0028,     0,0,0,10.91,89.09,0.00,N/A,13.16,22.91,209.99,0.57,14.36,0.06,1.57,0.06,0.56,0.11,1.00,0.01,0.04,0.44,0.42,0.0008,0.0030,     0,0,0,10.92,89.08,0.00,N/A,12.76,22.94,209.99,0.56,13.90,0.06,1.52,0.32,2.93,0.11,1.00,0.00,0.00,0.41,0.86,0.0000,0.0000,     0,0,0,10.93,89.07,0.00,N/A,67.13,22.95,209.99,2.93,73.14,0.32,7.99,0.05,0.58,0.08,1.00,0.01,0.03,0.41,0.45,0.0009,0.0029,     0,0,0,7.95,92.05,0.00,N/A,9.67,16.73,209.99,0.58,14.46,0.05,1.15,0.00,0.30,0.00,1.00,0.00,0.00,0.42,0.61,0.0031,0.0070,     0,0,0,0.25,99.75,0.00,N/A,0.16,0.53,209.99,0.30,7.53,0.00,0.02,0.01,0.55,0.02,1.00,0.00,0.01,0.43,0.45,0.0010,0.0032,     0,0,0,2.11,97.89,0.00,N/A,2.44,4.42,209.99,0.55,13.83,0.01,0.29,
2024-03-18,16:02:58.029,0.09,1.30,0.07,1.00,0.12,0.26,0.26,0.54,0.0004,0.0009,0.07,0.08,-2147483648,0.00,0.00,293.18,225.53,209.86,1.30,32.50,0.09,2.18,72.11,0.48,175.58,6.71,93.29,0.00,100.00,0.00,0.00,0.00,0.00,-nan,0.25,0.10,1.54,0.07,1.00,0.07,0.11,0.13,0.50,0.0004,0.0007,     0,0,0,0.05,0.05,-2147483648,0.00,0.00,N/A,169.38,110.25,209.86,1.54,38.41,0.10,2.52,0.07,1.07,0.07,1.00,0.05,0.14,0.39,0.57,0.0004,0.0012,     0,0,0,0.02,0.04,-2147483648,0.00,0.00,N/A,123.79,115.28,209.86,1.07,26.85,0.07,1.84,14.78,15.21, 12%, 12%,21.25,20.88, 17%, 16%,44.88,45.04, 36%, 36%,42.44,43.21, 34%, 34%,6.56,93.44,0.00,100.00,0.00,0.00,6.86,93.14,0.00,100.00,0.00,0.00,0.00,0.00,0.00 ,0.00 ,-nan ,-nan ,0.26,0.25,0.01,0.21,0.06,1.00,0.00,0.01,0.30,0.85,0.0018,0.0028,     0,0,0,5.96,94.04,0.00,N/A,2.58,12.50,209.86,0.21,5.16,0.01,0.31,0.01,1.03,0.01,1.00,0.00,0.00,0.20,0.61,0.0008,0.0015,     0,0,0,0.73,99.27,0.00,N/A,1.57,1.53,209.86,1.03,25.67,0.01,0.19,0.07,0.67,0.11,1.00,0.05,0.06,0.04,0.26,0.0030,0.0040,     0,0,0,10.91,89.09,0.00,N/A,15.38,22.91,209.86,0.67,16.78,0.07,1.83,0.01,0.66,0.01,1.00,0.00,0.00,0.73,0.76,0.0008,0.0034,     0,0,0,0.76,99.24,0.00,N/A,1.05,1.60,209.86,0.66,16.50,0.01,0.13,0.06,0.51,0.11,1.00,0.01,0.03,0.09,0.48,0.0013,0.0025,     0,0,0,10.92,89.08,0.00,N/A,11.70,22.93,209.86,0.51,12.76,0.06,1.39,0.32,2.94,0.11,1.00,0.00,0.00,0.75,0.82,0.0000,0.0000,     0,0,0,10.93,89.07,0.00,N/A,67.55,22.95,209.86,2.94,73.57,0.32,8.04,0.32,2.94,0.11,1.00,0.00,0.00,0.79,0.79,0.0000,0.0000,     0,0,0,10.92,89.08,0.00,N/A,67.56,22.94,209.86,2.94,73.62,0.32,8.04,0.01,0.69,0.01,1.00,0.00,0.01,0.40,0.45,0.0020,0.0039,     0,0,0,1.38,98.62,0.00,N/A,2.00,2.90,209.86,0.69,17.22,0.01,0.24,0.01,0.19,0.06,1.00,0.00,0.01,0.19,0.88,0.0017,0.0023,     0,0,0,5.93,94.07,0.00,N/A,2.42,12.44,209.86,0.19,4.87,0.01,0.29,0.00,0.76,0.00,1.00,0.00,0.00,0.58,0.81,0.0007,0.0024,     0,0,0,0.15,99.85,0.00,N/A,0.23,0.31,209.86,0.76,19.00,0.00,0.03,0.06,0.58,0.11,1.00,0.01,0.04,0.42,0.47,0.0008,0.0028,     0,0,0,10.91,89.09,0.00,N/A,13.38,22.91,209.86,0.58,14.60,0.06,1.59,0.08,0.67,0.12,1.00,0.01,0.04,0.41,0.50,0.0007,0.0022,     0,0,0,11.89,88.11,0.00,N/A,16.81,24.96,209.86,0.67,16.84,0.08,2.00,0.32,2.94,0.11,1.00,0.00,0.00,0.59,0.84,0.0000,0.0000,     0,0,0,10.93,89.07,0.00,N/A,67.49,22.95,209.86,2.94,73.52,0.32,8.03,0.06,0.59,0.11,1.00,0.01,0.04,0.43,0.45,0.0008,0.0028,     0,0,0,10.91,89.09,0.00,N/A,13.49,22.91,209.86,0.59,14.72,0.06,1.61,0.01,1.00,0.01,1.00,0.01,0.01,0.46,0.52,0.0024,0.0046,     0,0,0,1.08,98.92,0.00,N/A,2.25,2.26,209.86,1.00,24.91,0.01,0.27,0.04,1.18,0.03,1.00,0.01,0.01,0.26,0.71,0.0012,0.0019,     0,0,0,3.11,96.89,0.00,N/A,7.71,6.53,209.86,1.18,29.52,0.04,0.92,
2024-03-18,16:02:58.129,0.08,1.32,0.06,1.00,0.07,0.19,0.33,0.59,0.0002,0.0007,0.08,0.10,-2147483648,0.00,0.00,285.45,216.27,209.96,1.32,33.00,0.08,2.12,70.14,0.40,162.30,6.44,93.56,0.00,100.00,0.00,0.00,0.00,0.00,-nan,0.24,0.10,1.58,0.06,1.00,0.04,0.07,0.18,0.66,0.0002,0.0004,     0,0,0,0.05,0.06,-2147483648,0.00,0.00,N/A,172.78,109.18,209.96,1.58,39.56,0.10,2.57,0.07,1.05,0.06,1.00,0.04,0.12,0.43,0.54,0.0003,0.0011,     0,0,0,0.03,0.04,-2147483648,0.00,0.00,N/A,112.67,107.09,209.96,1.05,26.30,0.07,1.68,12.33,12.02, 10%,  9%,23.12,22.68, 18%, 18%,39.82,38.49, 32%, 31%,41.64,42.36, 33%, 34%,6.50,93.50,0.00,100.00,0.00,0.00,6.38,93.62,0.00,100.00,0.00,0.00,0.00,0.00,0.00 ,0.00 ,-nan ,-nan ,0.24,0.25,0.02,0.28,0.06,1.00,0.01,0.01,0.37,0.82,0.0014,0.0024,      ,-nan ,-nan0,0,,0.00,N/A,3.81,13.64,209.96,0.28,6.98,0.02,0.45,0.01,1.11,0.01,1.00,0.00,0.00,0.55,0.79,0.0003,0.0012,     0,0,0,0.85,99.15,0.00,N/A,1.99,1.79,209.96,1.11,27.83,0.01,0.24,0.06,0.51,0.11,1.00,0.02,0.03,0.06,0.50,0.0014,0.0023,     0,0,0,10.92,89.08,0.00,N/A,11.78,22.93,209.96,0.51,12.85,0.06,1.40,0.00,0.47,0.00,1.00,0.00,0.00,0.63,0.64,0.0011,0.0059,     0,0,0,0.36,99.64,0.00,N/A,0.35,0.75,209.96,0.47,11.83,0.00,0.04,0.09,0.83,0.11,1.00,0.01,0.02,0.10,0.64,0.0006,0.0012,     0,0,0,10.90,89.10,0.00,N/A,18.95,22.90,209.96,0.83,20.69,0.09,2.26,0.32,2.93,0.11,1.00,0.00,0.00,0.86,0.85,0.0000,0.0000,     0,0,0,10.92,89.08,0.00,N/A,67.22,22.94,209.96,2.93,73.27,0.32,8.00,0.32,2.96,0.11,1.00,0.00,0.00,0.67,0.80,0.0000,0.0000,     0,0,0,10.93,89.07,0.00,N/A,67.91,22.94,209.96,2.96,74.00,0.32,8.08,0.00,0.58,0.01,1.00,0.00,0.00,0.50,0.63,0.0008,0.0025,     0,0,0,0.62,99.38,0.00,N/A,0.76,1.31,209.96,0.58,14.59,0.00,0.09,0.01,0.19,0.06,1.00,0.00,0.01,0.20,0.88,0.0018,0.0023,     0,0,0,6.03,93.97,0.00,N/A,2.41,12.67,209.96,0.19,4.76,0.01,0.29,0.00,0.40,0.00,1.00,0.00,0.00,0.30,0.73,0.0020,0.0043,     0,0,0,0.11,99.89,0.00,N/A,0.09,0.23,209.96,0.40,9.91,0.00,0.01,0.06,0.60,0.10,1.00,0.01,0.03,0.43,0.48,0.0008,0.0027,     0,0,0,9.96,90.04,0.00,N/A,12.53,20.84,209.96,0.60,15.03,0.06,1.50,0.07,0.60,0.11,1.00,0.01,0.04,0.44,0.44,0.0008,0.0027,     0,0,0,10.91,89.09,0.00,N/A,13.82,22.91,209.96,0.60,15.08,0.07,1.64,0.32,2.94,0.11,1.00,0.00,0.00,0.52,0.83,0.0000,0.0000,     0,0,0,10.92,89.08,0.00,N/A,67.34,22.94,209.96,2.94,73.39,0.32,8.02,0.07,0.60,0.11,1.00,0.01,0.04,0.47,0.45,0.0007,0.0028,     0,0,0,10.91,89.09,0.00,N/A,13.70,22.91,209.96,0.60,14.95,0.07,1.63,0.01,0.61,0.02,1.00,0.00,0.01,0.46,0.51,0.0007,0.0027,     0,0,0,2.12,97.88,0.00,N/A,2.73,4.46,209.96,0.61,15.29,0.01,0.32,0.00,0.41,0.00,1.00,0.00,0.00,0.61,0.82,0.0007,0.0028,     0,0,0,0.06,99.94,0.00,N/A,0.05,0.13,209.96,0.41,10.15,0.00,0.01,
2024-03-18,16:02:58.229,0.08,1.28,0.06,1.00,0.08,0.21,0.31,0.55,0.0003,0.0007,0.07,0.09,-2147483648,0.00,0.00,277.42,216.10,210.02,1.28,32.09,0.08,2.06,75.57,0.49,206.14,6.43,93.57,0.00,100.00,0.00,0.00,0.00,0.00,-nan,0.25,0.10,1.52,0.06,1.00,0.04,0.08,0.17,0.58,0.0002,0.0005,     0,0,0,0.04,0.05,-2147483648,0.00,0.00,N/A,166.17,108.97,210.02,1.52,38.12,0.10,2.47,0.07,1.04,0.06,1.00,0.04,0.13,0.40,0.53,0.0004,0.0011,     0,0,0,0.03,0.04,-2147483648,0.00,0.00,N/A,111.25,107.13,210.02,1.04,25.96,0.07,1.65,17.72,17.56, 14%, 14%,20.35,19.94, 16%, 16%,48.81,47.50, 39%, 38%,54.41,55.41, 43%, 44%,6.49,93.51,0.00,100.00,0.00,0.00,6.37,93.63,0.00,100.00,0.00,0.00,0.00,0.00,0.00 ,0.00 ,-nan ,-nan ,0.26,0.25,0.02,0.23,0.07,1.00,0.01,0.01,0.37,0.76,0.0023,0.0041,     0,0,0,6.59,93.41,0.00,N/A,3.23,13.84,210.02,0.23,5.84,0.02,0.38,0.00,0.90,0.00,1.00,0.00,0.00,0.88,0.89,0.0001,0.0014,     0,0,0,0.13,99.87,0.00,N/A,0.24,0.26,210.02,0.90,22.47,0.00,0.03,0.06,0.51,0.11,1.00,0.01,0.03,0.08,0.47,0.0012,0.0025,     0,0,0,10.91,89.09,0.00,N/A,11.76,22.92,210.02,0.51,12.83,0.06,1.40,0.00,0.81,0.00,1.00,0.00,0.00,0.64,0.66,0.0006,0.0028,     0,0,0,0.34,99.66,0.00,N/A,0.58,0.71,210.02,0.81,20.25,0.00,0.07,0.07,0.64,0.11,1.00,0.01,0.03,0.08,0.52,0.0008,0.0019,     0,0,0,10.93,89.07,0.00,N/A,14.68,22.95,210.02,0.64,16.00,0.07,1.75,0.32,2.92,0.11,1.00,0.00,0.00,0.71,0.85,0.0000,0.0000,     0,0,0,10.94,89.06,0.00,N/A,67.03,22.97,210.02,2.92,72.97,0.32,7.98,0.32,2.92,0.11,1.00,0.00,0.00,0.79,0.77,0.0000,0.0000,     0,0,0,10.92,89.08,0.00,N/A,67.04,22.94,210.02,2.92,73.06,0.32,7.98,0.01,0.68,0.01,1.00,0.00,0.01,0.12,0.39,0.0031,0.0040,     0,0,0,1.13,98.87,0.00,N/A,1.61,2.37,210.02,0.68,16.95,0.01,0.19,0.01,0.23,0.06,1.00,0.00,0.01,0.45,0.83,0.0016,0.0030,     0,0,0,6.17,93.83,0.00,N/A,2.95,12.95,210.02,0.23,5.68,0.01,0.35,0.00,0.46,0.00,1.00,0.00,0.00,0.58,0.87,0.0006,0.0017,     0,0,0,0.06,99.94,0.00,N/A,0.05,0.12,210.02,0.46,11.40,0.00,0.01,0.00,0.43,0.00,1.00,0.00,0.00,0.58,0.69,0.0012,0.0052,     0,0,0,0.10,99.90,0.00,N/A,0.09,0.20,210.02,0.43,10.82,0.00,0.01,0.06,0.57,0.11,1.00,0.01,0.04,0.43,0.43,0.0008,0.0029,     0,0,0,10.91,89.09,0.00,N/A,13.09,22.92,210.02,0.57,14.28,0.06,1.56,0.32,2.92,0.11,1.00,0.00,0.00,0.65,0.81,0.0000,0.0000,     0,0,0,10.93,89.07,0.00,N/A,67.09,22.94,210.02,2.92,73.11,0.32,7.99,0.06,0.57,0.11,1.00,0.01,0.04,0.42,0.45,0.0008,0.0029,     0,0,0,10.91,89.09,0.00,N/A,13.12,22.92,210.02,0.57,14.32,0.06,1.56,0.06,0.57,0.11,1.00,0.01,0.04,0.40,0.46,0.0008,0.0028,     0,0,0,10.91,89.09,0.00,N/A,13.00,22.90,210.02,0.57,14.19,0.06,1.55,0.01,0.85,0.01,1.00,0.00,0.01,0.10,0.58,0.0024,0.0029,     0,0,0,1.04,98.96,0.00,N/A,1.85,2.18,210.02,0.85,21.20,0.01,0.22,
2024-03-18,16:02:58.329,0.08,1.28,0.07,1.00,0.08,0.21,0.30,0.55,0.0003,0.0008,0.08,0.11,-2147483648,0.00,0.00,283.35,221.75,210.02,1.28,31.95,0.08,2.11,74.83,0.40,195.71,6.60,93.40,0.00,100.00,0.00,0.00,0.00,0.00,-nan,0.24,0.10,1.52,0.07,1.00,0.04,0.08,0.15,0.57,0.0002,0.0005,     0,0,0,0.04,0.05,-2147483648,0.00,0.00,N/A,170.37,112.03,210.02,1.52,38.02,0.10,2.54,0.07,1.03,0.07,1.00,0.05,0.13,0.39,0.53,0.0004,0.0012,     0,0,0,0.04,0.05,-2147483648,0.00,0.00,N/A,112.98,109.71,210.02,1.03,25.74,0.07,1.68,17.07,17.15, 13%, 13%,20.47,20.14, 16%, 16%,49.27,48.50, 40%, 39%,48.51,49.42, 39%, 39%,6.67,93.33,0.00,100.00,0.00,0.00,6.53,93.47,0.00,100.00,0.00,0.00,0.00,0.00,0.00 ,0.00 ,-nan ,-nan ,0.24,0.25,0.01,0.21,0.06,1.00,0.01,0.01,0.40,0.82,0.0020,0.0035,     0,0,0,6.17,93.83,0.00,N/A,2.70,12.96,210.02,0.21,5.20,0.01,0.32,0.01,1.25,0.01,1.00,0.00,0.00,0.23,0.64,0.0004,0.0006,     0,0,0,1.02,98.98,0.00,N/A,2.68,2.13,210.02,1.25,31.34,0.01,0.32,0.06,0.51,0.11,1.00,0.01,0.03,0.06,0.44,0.0012,0.0028,     0,0,0,10.93,89.07,0.00,N/A,11.59,22.95,210.02,0.51,12.63,0.06,1.38,0.00,0.72,0.00,1.00,0.00,0.00,0.58,0.87,0.0006,0.0019,     0,0,0,0.16,99.84,0.00,N/A,0.25,0.35,210.02,0.72,18.09,0.00,0.03,0.06,0.50,0.12,1.00,0.02,0.03,0.06,0.44,0.0012,0.0028,     0,0,0,11.90,88.10,0.00,N/A,12.55,24.98,210.02,0.50,12.56,0.06,1.49,0.35,2.94,0.12,1.00,0.00,0.00,0.76,0.82,0.0000,0.0000,     0,0,0,11.91,88.09,0.00,N/A,73.47,25.01,210.02,2.94,73.45,0.35,8.75,0.32,2.91,0.11,1.00,0.00,0.00,0.77,0.86,0.0000,0.0000,     0,0,0,10.93,89.07,0.00,N/A,66.86,22.95,210.02,2.91,72.85,0.32,7.96,0.00,0.39,0.00,1.00,0.00,0.00,0.22,0.53,0.0049,0.0081,     0,0,0,0.34,99.66,0.00,N/A,0.27,0.70,210.02,0.39,9.67,0.00,0.03,0.01,0.19,0.06,1.00,0.00,0.01,0.32,0.86,0.0018,0.0028,     0,0,0,6.09,93.91,0.00,N/A,2.47,12.80,210.02,0.19,4.82,0.01,0.29,0.00,0.52,0.00,1.00,0.00,0.00,0.52,0.60,0.0011,0.0038,     0,0,0,0.36,99.64,0.00,N/A,0.39,0.75,210.02,0.52,13.12,0.00,0.05,0.00,0.43,0.00,1.00,0.00,0.00,0.66,0.84,0.0006,0.0023,     0,0,0,0.06,99.94,0.00,N/A,0.05,0.12,210.02,0.43,10.81,0.00,0.01,0.06,0.57,0.11,1.00,0.01,0.04,0.44,0.42,0.0008,0.0029,     0,0,0,10.91,89.09,0.00,N/A,13.01,22.92,210.02,0.57,14.19,0.06,1.55,0.32,2.93,0.11,1.00,0.00,0.00,0.57,0.81,0.0000,0.0000,     0,0,0,10.92,89.08,0.00,N/A,67.24,22.94,210.02,2.93,73.29,0.32,8.01,0.06,0.57,0.11,1.00,0.01,0.04,0.41,0.44,0.0009,0.0029,     0,0,0,10.91,89.09,0.00,N/A,13.05,22.91,210.02,0.57,14.24,0.06,1.55,0.06,0.56,0.11,1.00,0.01,0.04,0.42,0.46,0.0009,0.0029,     0,0,0,10.91,89.09,0.00,N/A,12.94,22.90,210.02,0.56,14.12,0.06,1.54,0.02,0.87,0.02,1.00,0.01,0.01,0.19,0.62,0.0019,0.0028,     0,0,0,2.09,97.91,0.00,N/A,3.83,4.38,210.02,0.87,21.87,0.02,0.46,
2024-03-18,16:02:58.435,0.08,1.32,0.06,1.00,0.10,0.21,0.21,0.55,0.0003,0.0007,0.08,0.08,-2147483648,0.00,0.00,285.50,216.37,209.97,1.32,32.99,0.08,2.12,69.09,0.42,165.25,6.42,93.58,0.00,100.00,0.00,0.00,0.00,0.00,-nan,0.25,0.10,1.58,0.07,1.00,0.03,0.07,0.11,0.63,0.0002,0.0004,     0,0,0,0.04,0.05,-2147483648,0.00,0.00,N/A,172.51,109.33,209.97,1.58,39.45,0.10,2.57,0.07,1.06,0.06,1.00,0.06,0.14,0.25,0.49,0.0006,0.0012,     0,0,0,0.04,0.04,-2147483648,0.00,0.00,N/A,112.99,107.04,209.97,1.06,26.39,0.07,1.67,16.05,15.98, 13%, 12%,18.71,18.36, 15%, 14%,45.76,44.99, 37%, 36%,36.92,37.58, 29%, 30%,6.51,93.49,0.00,100.00,0.00,0.00,6.32,93.68,0.00,100.00,0.00,0.00,0.00,0.00,0.00 ,0.00 ,-nan ,-nan ,0.26,0.25,0.01,0.20,0.06,1.00,0.00,0.01,0.15,0.89,0.0017,0.0021,     0,0,0,5.78,94.22,0.00,N/A,2.42,12.14,209.97,0.20,4.98,0.01,0.29,0.00,0.49,0.00,1.00,0.00,0.00,0.64,0.00,N/A,0.,0.0061,     0,0,0,0.34,99.66,0.00,N/A,0.35,0.72,209.97,0.49,12.21,0.00,0.04,0.06,0.52,0.12,1.00,0.02,0.03,0.06,0.49,0.0012,0.0024,     0,0,0,11.89,88.11,0.00,N/A,12.98,24.96,209.97,0.52,13.00,0.06,1.55,0.00,0.52,0.00,1.00,0.00,0.00,0.73,0.65,0.0005,0.0054,     0,0,0,0.24,99.76,0.00,N/A,0.26,0.50,209.97,0.52,13.03,0.00,0.03,0.08,0.70,0.11,1.00,0.01,0.03,0.07,0.56,0.0007,0.0016,     0,0,0,10.91,89.09,0.00,N/A,16.15,22.92,209.97,0.70,17.61,0.08,1.92,0.32,2.93,0.11,1.00,0.00,0.00,0.70,0.89,0.0000,0.0000,     0,0,0,10.93,89.07,0.00,N/A,67.24,22.95,209.97,2.93,73.24,0.32,8.00,0.35,2.92,0.12,1.00,0.00,0.00,0.87,0.82,0.0000,0.0000,     0,0,0,11.91,88.09,0.00,N/A,73.06,25.01,209.97,2.92,73.03,0.35,8.70,0.00,0.41,0.00,1.00,0.00,0.00,0.89,0.87,0.0002,0.0020,     0,0,0,0.06,99.94,0.00,N/A,0.05,0.12,209.97,0.41,10.33,0.00,0.01,0.01,0.19,0.06,1.00,0.00,0.00,0.12,0.90,0.0017,0.0020,     0,0,0,5.97,94.03,0.00,N/A,2.38,12.54,209.97,0.19,4.75,0.01,0.28,0.00,0.42,0.00,1.00,0.00,0.00,0.53,0.72,0.0012,0.0046,     0,0,0,0.10,99.90,0.00,N/A,0.09,0.22,209.97,0.42,10.49,0.00,0.01,0.00,0.45,0.00,1.00,0.00,0.00,0.70,0.73,0.0009,0.0050,     0,0,0,0.09,99.91,0.00,N/A,0.08,0.19,209.97,0.45,11.16,0.00,0.01,0.06,0.58,0.11,1.00,0.01,0.04,0.36,0.45,0.0008,0.0027,     0,0,0,10.91,89.09,0.00,N/A,13.24,22.91,209.97,0.58,14.44,0.06,1.58,0.32,2.92,0.11,1.00,0.00,0.00,0.56,0.83,0.0000,0.0000,     0,0,0,10.93,89.07,0.00,N/A,66.99,22.96,209.97,2.92,72.95,0.32,7.98,0.07,0.68,0.11,1.00,0.04,0.06,0.15,0.32,0.0024,0.0037,     0,0,0,10.92,89.08,0.00,N/A,15.57,22.94,209.97,0.68,16.97,0.07,1.85,0.07,0.58,0.11,1.00,0.01,0.04,0.40,0.47,0.0008,0.0028,     0,0,0,11.23,88.77,0.00,N/A,14.49,24.99,209.97,0.58,14.50,0.07,1.63,0.00,0.48,0.00,1.00,0.00,0.00,0.36,0.61,0.0030,0.0061,     0,0,0,0.14,99.86,0.00,N/A,0.14,0.30,209.97,0.48,11.97,0.00,0.02,
2024-03-18,16:02:58.529,0.09,1.40,0.06,1.00,0.07,0.16,0.31,0.63,0.0002,0.0005,0.08,0.10,-2147483648,0.00,0.00,294.04,209.71,210.11,1.40,35.05,0.09,2.20,59.84,0.33,154.54,6.26,93.74,0.00,100.00,0.00,0.00,0.00,0.00,-nan,0.25,0.11,1.67,0.06,1.00,0.03,0.05,0.11,0.74,0.0002,0.0003,     0,0,0,0.06,0.05,-2147483648,0.00,0.00,N/A,177.13,106.32,210.11,1.67,41.65,0.11,2.64,0.07,1.13,0.06,1.00,0.03,0.12,0.44,0.55,0.0003,0.0010,     0,0,0,0.03,0.04,-2147483648,0.00,0.00,N/A,116.91,103.39,210.11,1.13,28.27,0.07,1.75,14.96,13.54, 12%, 11%,15.85,15.50, 12%, 12%,46.46,42.11, 38%, 34%,32.71,33.27, 26%, 26%,6.33,93.67,0.00,100.00,0.00,0.00,6.20,93.80,0.00,100.00,0.00,0.00,0.00,0.00,0.00 ,0.00 ,-nan ,-nan ,0.24,0.25,0.01,0.20,0.06,1.00,0.00,0.01,0.19,0.87,0.0018,0.0024,     0,0,0,6.10,93.90,0.00,N/A,2.56,12.82,210.11,0.20,4.99,0.01,0.30,0.04,1.02,0.03,1.00,0.00,0.01,0.15,0.71,0.0004,0.0008,     0,0,0,3.47,96.53,0.00,N/A,7.45,7.32,210.11,1.02,25.44,0.04,0.88,0.04,0.52,0.08,1.00,0.01,0.02,0.05,0.55,0.0015,0.0018,     0,0,0,7.98,92.02,0.00,N/A,8.76,16.71,210.11,0.52,13.10,0.04,1.05,0.02,0.52,0.03,1.00,0.00,0.01,0.07,0.52,0.0014,0.0022,     0,0,0,3.04,96.96,0.00,N/A,3.30,6.40,210.11,0.52,12.89,0.02,0.39,0.10,1.21,0.08,1.00,0.01,0.01,0.13,0.83,0.0003,0.0004,     0,0,0,7.96,92.04,0.00,N/A,20.11,16.66,210.11,1.21,30.18,0.10,2.40,0.32,2.95,0.11,1.00,0.00,0.00,0.58,0.87,0.0000,0.0000,     0,0,0,10.93,89.07,0.00,N/A,67.74,22.95,210.11,2.95,73.81,0.32,8.06,0.32,2.92,0.11,1.00,0.00,0.00,0.76,0.86,0.0000,0.0000,     0,0,0,10.93,89.07,0.00,N/A,67.03,22.95,210.11,2.92,73.02,0.32,7.98,0.00,0.35,0.00,1.00,0.00,0.00,0.44,0.68,0.0028,0.0063,     0,0,0,0.24,99.76,0.00,N/A,0.18,0.51,210.11,0.35,8.83,0.00,0.02,0.01,0.22,0.06,1.00,0.00,0.01,0.32,0.84,0.0016,0.0026,     0,0,0,6.47,93.53,0.00,N/A,2.95,13.58,210.11,0.22,5.43,0.01,0.35,0.01,0.60,0.02,1.00,0.00,0.01,0.35,0.48,0.0009,0.0026,     0,0,0,2.04,97.96,0.00,N/A,2.57,4.30,210.11,0.60,14.94,0.01,0.31,0.09,2.85,0.03,1.00,0.00,0.00,0.46,0.71,0.0000,0.0000,     0,0,0,3.08,96.92,0.00,N/A,18.46,6.48,210.11,2.85,71.23,0.09,2.19,0.06,0.63,0.09,1.00,0.01,0.03,0.51,0.46,0.0006,0.0027,     0,0,0,8.71,91.29,0.00,N/A,11.55,18.24,210.11,0.63,15.83,0.06,1.38,0.26,2.94,0.09,1.00,0.00,0.00,0.39,0.89,0.0000,0.0000,     0,0,0,8.97,91.03,0.00,N/A,55.25,18.80,210.11,2.94,73.48,0.26,6.59,0.06,0.63,0.09,1.00,0.01,0.03,0.46,0.48,0.0007,0.0026,     0,0,0,8.96,91.04,0.00,N/A,11.84,18.76,210.11,0.63,15.77,0.06,1.41,0.07,0.62,0.11,1.00,0.01,0.03,0.42,0.49,0.0007,0.0026,     0,0,0,10.54,89.46,0.00,N/A,12.99,20.81,210.11,0.62,15.61,0.07,1.65,0.01,0.54,0.01,1.00,0.00,0.00,0.46,0.53,0.0010,0.0032,     0,0,0,1.14,98.86,0.00,N/A,1.29,2.41,210.11,0.54,13.41,0.01,0.15,
2024-03-18,16:02:58.629,0.09,1.34,0.06,1.00,0.08,0.17,0.18,0.62,0.0003,0.0006,0.08,0.09,-2147483648,0.00,0.00,286.72,214.04,210.09,1.34,33.49,0.09,2.13,68.26,0.42,177.73,6.37,93.63,0.00,100.00,0.00,0.00,0.00,0.00,-nan,0.25,0.10,1.54,0.06,1.00,0.03,0.08,0.11,0.59,0.0002,0.0005,     0,0,0,0.04,0.04,-2147483648,0.00,0.00,N/A,163.57,106.38,210.09,1.54,38.44,0.10,2.43,0.07,1.14,0.06,1.00,0.04,0.09,0.22,0.64,0.0003,0.0008,     0,0,0,0.04,0.04,-2147483648,0.00,0.00,N/A,123.15,107.66,210.09,1.14,28.60,0.07,1.83,16.06,17.37, 13%, 14%,17.59,17.24, 14%, 13%,46.49,49.51, 37%, 40%,40.45,41.28, 32%, 33%,6.33,93.67,0.00,100.00,0.00,0.00,6.41,93.59,0.00,100.00,0.00,0.00,0.00,0.00,0.00 ,0.00 ,-nan ,-nan ,0.26,0.24,0.01,0.21,0.06,1.00,0.01,0.01,0.25,0.84,0.0020,0.0029,     0,0,0,6.43,93.57,0.00,N/A,2.80,13.51,210.09,0.21,5.17,0.01,0.33,0.06,0.54,0.11,1.00,0.01,0.03,0.05,0.45,0.0011,0.0026,     0,0,0,10.92,89.08,0.00,N/A,12.34,22.93,210.09,0.54,13.46,0.06,1.47,0.05,0.55,0.09,1.00,0.01,0.03,0.05,0.47,0.0011,0.0025,     0,0,0,8.91,91.09,0.00,N/A,10.38,18.77,210.09,0.55,13.82,0.05,1.23,0.01,0.49,0.02,1.00,0.00,0.01,0.06,0.44,0.0013,0.0029,     0,0,0,2.04,97.96,0.00,N/A,2.08,4.27,210.09,0.49,12.19,0.01,0.25,0.00,0.45,0.00,1.00,0.00,0.00,0.71,0.72,0.0008,0.0044,     0,0,0,0.09,99.91,0.00,N/A,0.08,0.19,210.09,0.45,11.16,0.00,0.01,0.32,2.97,0.11,1.00,0.00,0.00,0.66,0.89,0.0000,0.0000,     0,0,0,10.93,89.07,0.00,N/A,68.11,22.95,210.09,2.97,74.21,0.32,8.11,0.32,2.93,0.11,1.00,0.00,0.00,0.77,0.84,0.0000,0.0000,     0,0,0,10.93,89.07,0.00,N/A,67.32,22.94,210.09,2.93,73.35,0.32,8.01,0.00,0.55,0.00,1.00,0.00,0.00,0.45,0.74,0.0021,0.0056,     0,0,0,0.39,99.61,0.00,N/A,0.45,0.82,210.09,0.55,13.78,0.00,0.05,0.01,0.20,0.06,1.00,0.00,0.01,0.19,0.89,0.0017,0.0022,     0,0,0,6.32,93.68,0.00,N/A,2.59,13.27,210.09,0.20,4.88,0.01,0.31,0.13,1.11,0.12,1.00,0.01,0.02,0.29,0.75,0.0004,0.0007,     0,0,0,11.87,88.13,0.00,N/A,27.64,24.93,210.09,1.11,27.71,0.13,3.29,0.32,2.92,0.11,1.00,0.00,0.00,0.51,0.88,0.0000,0.0000,     0,0,0,10.93,89.07,0.00,N/A,67.07,22.95,210.09,2.92,73.06,0.32,7.98,0.00,0.43,0.00,1.00,0.00,0.00,0.53,0.72,0.0012,0.0041,     0,0,0,0.10,99.90,0.00,N/A,0.09,0.20,210.09,0.43,10.71,0.00,0.01,0.00,0.44,0.00,1.00,0.00,0.00,0.70,0.78,0.0009,0.0039,     0,0,0,0.08,99.92,0.00,N/A,0.07,0.16,210.09,0.44,10.90,0.00,0.01,0.00,0.48,0.00,1.00,0.00,0.00,0.77,0.67,0.0009,0.0055,     0,0,0,0.12,99.88,0.00,N/A,0.12,0.25,210.09,0.48,11.92,0.00,0.01,0.06,0.56,0.11,1.00,0.01,0.03,0.18,0.48,0.0010,0.0026,     0,0,0,10.93,89.07,0.00,N/A,12.83,22.94,210.09,0.56,13.98,0.06,1.53,0.06,0.56,0.11,1.00,0.01,0.03,0.18,0.47,0.0010,0.0026,     0,0,0,10.93,89.07,0.00,N/A,12.75,22.95,210.09,0.56,13.89,0.06,1.52,
2024-03-18,16:02:58.729,0.08,1.31,0.06,1.00,0.08,0.19,0.28,0.59,0.0003,0.0007,0.10,0.10,-2147483648,0.00,0.00,285.06,217.04,209.86,1.31,32.83,0.08,2.12,58.48,0.29,155.94,6.46,93.54,0.00,100.00,0.00,0.00,0.00,0.00,-nan,0.25,0.10,1.60,0.06,1.00,0.03,0.07,0.17,0.64,0.0002,0.0004,     0,0,0,0.04,0.05,-2147483648,0.00,0.00,N/A,172.00,107.79,209.86,1.60,39.89,0.10,2.56,0.07,1.03,0.07,1.00,0.04,0.13,0.35,0.55,0.0004,0.0011,     0,0,0,0.06,0.05,-2147483648,0.00,0.00,N/A,113.06,109.25,209.86,1.03,25.87,0.07,1.68,11.51,11.42,  9%,  9%,17.97,17.58, 14%, 14%,39.60,38.45, 32%, 31%,38.60,39.30, 31%, 31%,6.42,93.58,0.00,100.00,0.00,0.00,6.51,93.49,0.00,100.00,0.00,0.00,0.00,0.00,0.00 ,0.00 ,-nan ,-nan ,0.24,0.25,0.02,0.25,0.06,1.00,0.01,0.01,0.33,0.83,0.0016,0.0026,     0,0,0,6.28,93.72,0.00,N/A,3.23,13.18,209.86,0.25,6.13,0.02,0.39,0.07,0.65,0.11,1.00,0.01,0.03,0.07,0.55,0.0009,0.0018,     0,0,0,10.91,89.09,0.00,N/A,14.85,22.91,209.86,0.65,16.20,0.07,1.77,0.08,0.70,,     0,0,0.01,0.03,0.08,0.56,0.0008,0.0016,     0,0,0,10.91,89.09,0.00,N/A,16.08,22.91,209.86,0.70,17.55,0.08,1.91,0.01,1.13,0.01,1.00,0.00,0.00,0.39,0.63,0.0004,0.0012,     0,0,0,0.63,99.37,0.00,N/A,1.49,1.32,209.86,1.13,28.22,0.01,0.18,0.00,0.92,0.00,1.00,0.00,0.00,0.49,0.65,0.0006,0.0022,     0,0,0,0.34,99.66,0.00,N/A,0.66,0.71,209.86,0.92,23.04,0.00,0.08,0.26,2.93,0.09,1.00,0.00,0.00,0.88,0.83,0.0000,0.0000,     0,0,0,8.98,91.02,0.00,N/A,55.15,18.79,209.86,2.93,73.37,0.26,6.59,0.32,2.95,0.11,1.00,0.00,0.00,0.68,0.80,0.0000,0.0000,     0,0,0,10.92,89.08,0.00,N/A,67.60,22.94,209.86,2.95,73.67,0.32,8.05,0.06,2.57,0.02,1.00,0.00,0.00,0.53,0.62,0.0001,0.0002,     0,0,0,2.39,97.61,0.00,N/A,12.95,5.03,209.86,2.57,64.37,0.06,1.54,0.01,0.19,0.06,1.00,0.00,0.01,0.26,0.87,0.0018,0.0025,     0,0,0,6.09,93.91,0.00,N/A,2.45,12.79,209.86,0.19,4.78,0.01,0.29,0.08,0.72,0.11,1.00,0.01,0.03,0.41,0.52,0.0006,0.0020,     0,0,0,10.90,89.10,0.00,N/A,16.51,22.90,209.86,0.72,18.03,0.08,1.97,0.31,2.81,0.11,1.00,0.01,0.01,0.02,0.25,0.0001,0.0001,     0,0,0,10.92,89.08,0.00,N/A,64.30,22.92,209.86,2.81,70.13,0.31,7.66,0.00,0.43,0.00,1.00,0.00,0.00,0.77,0.73,0.0008,0.0043,     0,0,0,0.10,99.90,0.00,N/A,0.09,0.20,209.86,0.43,10.66,0.00,0.01,0.00,0.46,0.00,1.00,0.00,0.00,0.68,0.70,0.0011,0.0053,     0,0,0,0.12,99.88,0.00,N/A,0.11,0.25,209.86,0.46,11.39,0.00,0.01,0.00,0.49,0.00,1.00,0.00,0.00,0.71,0.70,0.0011,0.0052,     0,0,0,0.12,99.88,0.00,N/A,0.13,0.26,209.86,0.49,12.14,0.00,0.02,0.07,0.60,0.12,1.00,0.01,0.04,0.39,0.47,0.0008,0.0027,     0,0,0,11.89,88.11,0.00,N/A,14.89,24.96,209.86,0.60,14.92,0.07,1.77,0.07,0.58,0.12,1.00,0.01,0.04,0.37,0.46,0.0009,0.0027,     0,0,0,11.89,88.11,0.00,N/A,14.58,24.97,209.86,0.58,14.60,0.07,1.74,
2024-03-18,16:02:58.829,0.09,1.36,0.06,1.00,0.08,0.19,0.30,0.61,0.0003,0.0006,0.08,0.08,-2147483648,0.00,0.00,294.21,216.95,210.29,1.36,33.90,0.09,2.19,57.41,0.37,145.00,6.45,93.55,0.00,100.00,0.00,0.00,0.00,0.00,-nan,0.25,0.11,1.63,0.07,1.00,0.05,0.06,0.11,0.71,0.0003,0.0003,     0,0,0,0.06,0.05,-2147483648,0.00,0.00,N/A,181.23,111.19,210.29,1.63,40.75,0.11,2.69,0.07,1.07,0.06,1.00,0.03,0.13,0.46,0.54,0.0003,0.0011,     0,0,0,0.02,0.03,-2147483648,0.00,0.00,N/A,112.98,105.76,210.29,1.07,26.71,0.07,1.68,11.30,11.46,  9%,  9%,17.49,17.16, 14%, 13%,38.21,37.29, 31%, 30%,34.50,35.00, 27%, 28%,6.61,93.39,0.00,100.00,0.00,0.00,6.29,93.71,0.00,100.00,0.00,0.00,0.00,0.00,0.00 ,0.00 ,-nan ,-nan ,0.26,0.24,0.01,0.21,0.06,1.00,0.00,0.01,0.19,0.87,0.0018,0.0023,     0,0,0,6.04,93.96,0.00,N/A,2.71,12.70,210.29,0.21,5.33,0.01,0.32,0.06,0.53,0.11,1.00,0.02,0.02,0.05,0.56,0.0015,0.0019,     0,0,0,10.92,89.08,0.00,N/A,12.17,22.93,210.29,0.53,13.27,0.06,1.45,0.13,1.21,0.11,1.00,0.01,0.01,0.15,0.82,0.0003,0.0004,     0,0,0,10.89,89.11,0.00,N/A,27.59,22.87,210.29,1.21,30.16,0.13,3.28,0.23,2.88,0.08,1.00,0.00,0.00,0.64,0.67,0.0000,0.0000,     0,0,0,7.98,92.02,0.00,N/A,48.51,16.82,210.29,2.88,72.10,0.23,5.76,0.00,0.31,0.00,1.00,0.00,0.00,0.19,0.60,0.0063,0.0090,     0,0,0,0.49,99.51,0.00,N/A,0.32,1.03,210.29,0.31,7.79,0.00,0.04,0.01,1.24,0.01,1.00,0.00,0.00,0.62,0.63,0.0002,0.0008,     0,0,0,0.53,99.47,0.00,N/A,1.39,1.12,210.29,1.24,31.04,0.01,0.17,0.32,2.93,0.11,1.00,0.00,0.00,0.83,0.85,0.0000,0.0000,     0,0,0,10.92,89.08,0.00,N/A,67.33,22.94,210.29,2.93,73.37,0.32,8.02,0.10,1.97,0.05,1.00,0.01,0.01,0.05,0.45,0.0006,0.0007,     0,0,0,5.14,94.86,0.00,N/A,21.21,10.78,210.29,1.97,49.19,0.10,2.53,0.01,0.22,0.06,1.00,0.01,0.01,0.37,0.82,0.0019,0.0031,     0,0,0,6.40,93.60,0.00,N/A,2.92,13.46,210.29,0.22,5.42,0.01,0.35,0.07,0.62,0.11,1.00,0.01,0.04,0.47,0.46,0.0007,0.0027,     0,0,0,10.91,89.09,0.00,N/A,14.31,22.92,210.29,0.62,15.61,0.07,1.70,0.32,2.93,0.11,1.00,0.00,0.00,0.47,0.83,0.0000,0.0000,     0,0,0,10.92,89.08,0.00,N/A,67.18,22.94,210.29,2.93,73.22,0.32,8.00,0.00,0.44,0.00,1.00,0.00,0.00,0.79,0.82,0.0004,0.0025,     0,0,0,0.06,99.94,0.00,N/A,0.06,0.13,210.29,0.44,11.01,0.00,0.01,0.00,0.42,0.00,1.00,0.00,0.00,0.50,0.68,0.0022,0.0060,     0,0,0,0.16,99.84,0.00,N/A,0.14,0.33,210.29,0.42,10.53,0.00,0.02,0.00,0.47,0.00,1.00,0.00,0.00,0.77,0.71,0.0008,0.0049,     0,0,0,0.09,99.91,0.00,N/A,0.09,0.20,210.29,0.47,11.72,0.00,0.01,0.07,0.62,0.11,1.00,0.01,0.04,0.49,0.47,0.0006,0.0027,     0,0,0,10.90,89.10,0.00,N/A,14.20,22.90,210.29,0.62,15.51,0.07,1.69,0.07,0.61,0.11,1.00,0.01,0.04,0.47,0.46,0.0007,0.0027,     0,0,0,10.90,89.10,0.00,N/A,14.08,22.90,210.29,0.61,15.37,0.07,1.68,
2024-03-18,16:02:58.929,0.09,1.40,0.06,1.00,0.08,0.16,0.26,0.64,0.0003,0.0006,0.09,0.10,-2147483648,0.00,0.00,295.70,211.10,209.72,1.40,35.02,0.09,2.20,60.74,0.32,146.55,6.29,93.71,0.00,100.00,0.00,0.00,0.00,0.00,-nan,0.24,0.11,1.68,0.06,1.00,0.03,0.04,0.13,0.75,0.0002,0.0003,     0,0,0,0.06,0.06,-2147483648,0.00,0.00,N/A,178.40,106.08,209.72,1.68,42.04,0.11,2.66,0.07,1.12,0.06,1.00,0.04,0.12,0.33,0.56,0.0004,0.0010,     0,0,0,0.03,0.04,-2147483648,0.00,0.00,N/A,117.30,105.01,209.72,1.12,27.93,0.07,1.75,11.20,11.24,  9%,  9%,19.37,18.94, 15%, 15%,40.00,38.40, 32%, 31%,33.77,34.37, 27%, 27%,6.32,93.68,0.00,100.00,0.00,0.00,6.26,93.74,0.00,100.00,0.00,0.00,0.00,0.00,0.00 ,0.00 ,-nan ,-nan ,0.24,0.25,0.01,0.20,0.06,1.00,0.00,0.01,0.23,0.88,0.0017,0.0023,     0,0,0,5.97,94.03,0.00,N/A,2.52,12.52,209.72,0.20,5.04,0.01,0.30,0.06,0.53,0.11,1.00,0.02,0.02,0.04,0.56,0.0015,0.0018,     0,0,0,10.92,89.08,0.00,N/A,12.18,22.93,209.72,0.53,13.28,0.06,1.45,0.13,1.20,0.11,1.00,0.01,0.01,0.15,0.82,0.0003,0.0005,     0,0,0,10.89,89.11,0.00,N/A,27.42,22.86,209.72,1.20,29.98,0.13,3.26,0.32,2.94,0.11,1.00,0.00,0.00,0.80,0.83,0.0000,0.0000,     0,0,0,10.92,89.08,0.00,N/A,67.33,22.94,209.72,2.94,73.38,0.32,8.02,0.00,0.90,0.00,1.00,0.00,0.00,0.41,0.77,0.0008,0.0018,     0,0,0,0.35,99.65,0.00,N/A,0.67,0.74,209.72,0.90,22.57,0.00,0.08,0.00,0.82,0.00,1.00,0.00,0.00,0.30,0.54,0.0013,0.0025,     0,0,0,0.35,99.65,0.00,N/A,0.60,0.73,209.72,0.82,20.62,0.00,0.07,0.32,2.94,0.11,1.00,0.00,0.00,0.82,0.83,0.0000,0.0000,     0,0,0,10.93,89.07,0.00,N/A,67.49,22.95,209.72,2.94,73.51,0.32,8.03,0.00,0.46,0.00,1.00,0.00,0.00,0.69,0.67,0.0009,0.0050,     0,0,0,0.19,99.81,0.00,N/A,0.18,0.41,209.72,0.46,11.39,0.00,0.02,0.01,0.19,0.06,1.00,0.00,0.01,0.18,0.88,0.0018,0.0022,     0,0,0,6.07,93.93,0.00,N/A,2.48,12.72,209.72,0.19,4.86,0.01,0.30,0.08,0.74,0.11,1.00,0.01,0.03,0.38,0.53,0.0006,0.0019,     0,0,0,10.91,89.09,0.00,N/A,16.94,22.90,209.72,0.74,18.49,0.08,2.02,0.32,2.93,0.11,1.00,0.00,0.00,0.60,0.82,0.0000,0.0000,     0,0,0,10.93,89.07,0.00,N/A,67.31,22.95,209.72,2.93,73.33,0.32,8.01,0.00,0.41,0.00,1.00,0.00,0.00,0.61,0.76,0.0010,0.0040,     0,0,0,0.09,99.91,0.00,N/A,0.07,0.18,209.72,0.41,10.30,0.00,0.01,0.00,0.46,0.00,1.00,0.00,0.00,0.53,0.70,0.0010,0.0042,     0,0,0,0.16,99.84,0.00,N/A,0.15,0.33,209.72,0.46,11.55,0.00,0.02,0.00,0.43,0.00,1.00,0.00,0.00,0.71,0.86,0.0005,0.0020,     0,0,0,0.06,99.94,0.00,N/A,0.06,0.13,209.72,0.43,10.63,0.00,0.01,0.08,0.71,0.11,1.00,0.02,0.04,0.26,0.44,0.0012,0.0026,     0,0,0,10.90,89.10,0.00,N/A,16.18,22.89,209.72,0.71,17.67,0.08,1.93,0.07,0.62,0.11,1.00,0.01,0.04,0.41,0.47,0.0007,0.0026,     0,0,0,10.91,89.09,0.00,N/A,14.10,22.90,209.72,0.62,15.39,0.07,1.68,
2024-03-18,16:02:59.030,0.09,1.35,0.07,1.00,0.10,0.21,0.29,0.66,0.0003,0.0007,0.08,0.09,-2147483648,0.00,0.00,314.03,232.92,210.11,1.35,33.71,0.09,2.33,59.60,0.35,174.27,6.92,93.08,0.00,100.00,0.00,0.00,0.00,0.00,-nan,0.25,0.11,1.60,0.07,1.00,0.06,0.08,0.13,0.72,0.0003,0.0004,     0,0,0,0.06,0.05,-2147483648,0.00,0.00,N/A,191.33,119.75,210.11,1.60,39.95,0.11,2.84,0.07,1.08,0.07,1.00,0.04,0.14,0.43,0.61,0.0003,0.0011,     0,0,0,0.02,0.03,-2147483648,0.00,0.00,N/A,122.69,113.18,210.11,1.08,27.10,0.07,1.82,13.21,12.85, 10%, 10%,16.91,16.62, 13%, 13%,40.67,39.50, 33%, 32%,46.67,47.44, 37%, 38%,7.11,92.89,0.00,100.00,0.00,0.00,6.73,93.27,0.00,100.00,0.00,0.00,0.00,0.00,0.00 ,0.00 ,-nan ,-nan ,0.26,0.24,0.02,0.26,0.06,1.00,0.01,0.01,0.33,0.84,0.0015,0.0025,     0,0,0,6.20,93.80,0.00,N/A,3.38,13.03,210.11,0.26,6.48,0.02,0.40,0.06,0.53,0.11,1.00,0.02,0.02,0.05,0.55,0.0015,0.0019,     0,0,0,10.92,89.08,0.00,N/A,12.09,22.93,210.11,0.53,13.18,0.06,1.44,0.13,1.17,0.11,1.00,0.01,0.01,0.15,0.83,0.0004,0.0005,     0,0,0,10.75,89.25,0.00,N/A,26.66,22.87,210.1,0.01,,29.15,0.13,3.13,0.32,2.93,0.11,1.00,0.00,0.00,0.76,0.83,0.0000,0.0000,     0,0,0,10.94,89.06,0.00,N/A,67.20,22.96,210.11,2.93,73.16,0.32,8.00,0.01,0.63,0.02,1.00,0.01,0.01,0.02,0.37,0.0036,0.0038,     0,0,0,2.03,97.97,0.00,N/A,2.69,4.27,210.11,0.63,15.76,0.01,0.32,0.04,1.07,0.04,1.00,0.01,0.02,0.09,0.73,0.0014,0.0017,     0,0,0,4.00,96.00,0.00,N/A,9.02,8.42,210.11,1.07,26.80,0.04,1.07,0.32,2.93,0.11,1.00,0.00,0.00,0.80,0.83,0.0000,0.0000,     0,0,0,10.93,89.07,0.00,N/A,67.29,22.94,210.11,2.93,73.32,0.32,8.01,0.01,1.29,0.01,1.00,0.00,0.00,0.53,0.60,0.0004,0.0013,     0,0,0,1.11,98.89,0.00,N/A,3.00,2.33,210.11,1.29,32.25,0.01,0.36,0.02,0.29,0.06,1.00,0.00,0.01,0.31,0.87,0.0011,0.0017,     0,0,0,6.29,93.71,0.00,N/A,3.88,13.21,210.11,0.29,7.35,0.02,0.46,0.07,0.62,0.11,1.00,0.01,0.04,0.48,0.44,0.0007,0.0027,     0,0,0,10.91,89.09,0.00,N/A,14.28,22.91,210.11,0.62,15.59,0.07,1.70,0.32,2.93,0.11,1.00,0.00,0.00,0.63,0.85,0.0000,0.0000,     0,0,0,10.93,89.07,0.00,N/A,67.20,22.94,210.11,2.93,73.22,0.32,8.00,0.02,0.99,0.02,1.00,0.00,0.01,0.36,0.84,0.0009,0.0017,     0,0,0,1.71,98.29,0.00,N/A,3.54,3.59,210.11,0.99,24.69,0.02,0.42,0.01,1.11,0.01,1.00,0.00,0.01,0.30,0.61,0.0009,0.0019,     0,0,0,1.14,98.86,0.00,N/A,2.65,2.39,210.11,1.11,27.69,0.01,0.31,0.01,1.17,0.01,1.00,0.00,0.00,0.35,0.92,0.0007,0.0011,     0,0,0,1.10,98.90,0.00,N/A,2.71,2.31,210.11,1.17,29.34,0.01,0.32,0.07,0.62,0.11,1.00,0.01,0.04,0.45,0.47,0.0007,0.0027,     0,0,0,10.91,89.09,0.00,N/A,14.14,22.91,210.11,0.62,15.42,0.07,1.68,0.07,0.62,0.11,1.00,0.01,0.04,0.47,0.47,0.0007,0.0027,     0,0,0,10.91,89.09,0.00,N/A,14.29,22.91,210.11,0.62,15.59,0.07,1.70,
2024-03-18,16:02:59.132,0.10,1.36,0.07,1.00,0.09,0.22,0.40,0.66,0.0003,0.0007,0.09,0.10,-2147483648,0.00,0.00,339.34,249.55,216.41,1.36,34.00,0.10,2.45,58.40,0.30,145.82,7.22,92.78,0.00,100.00,0.00,0.00,0.00,0.00,-nan,0.25,0.12,1.63,0.07,1.00,0.04,0.06,0.21,0.73,0.0002,0.0003,     0,0,0,0.06,0.06,-2147483648,0.00,0.00,N/A,200.59,122.85,216.41,1.63,40.82,0.12,2.90,0.08,1.10,0.07,1.00,0.05,0.16,0.50,0.62,0.0003,0.0012,     0,0,0,0.03,0.05,-2147483648,0.00,0.00,N/A,138.76,126.70,216.41,1.10,27.38,0.08,2.00,10.98,10.81,  8%,  8%,18.48,18.14, 14%, 14%,39.29,38.83, 31%, 30%,33.56,34.13, 26%, 26%,7.11,92.89,0.00,100.00,0.00,0.00,7.32,92.68,0.00,100.00,0.00,0.00,0.00,0.00,0.00 ,0.00 ,-nan ,-nan ,0.24,0.25,0.02,0.25,0.07,1.00,0.01,0.01,0.38,0.81,0.0017,0.0029,     0,0,0,6.60,93.40,0.00,N/A,3.53,14.28,216.41,0.25,6.18,0.02,0.41,0.06,0.53,0.12,1.00,0.02,0.02,0.06,0.55,0.0015,0.0019,     0,0,0,11.56,88.44,0.00,N/A,13.16,25.01,216.41,0.53,13.16,0.06,1.52,0.02,0.84,0.02,1.00,0.00,0.01,0.46,0.69,0.0006,0.0015,     0,0,0,2.12,97.88,0.00,N/A,3.80,4.52,216.41,0.84,21.03,0.02,0.45,0.34,2.94,0.12,1.00,0.00,0.00,0.77,0.79,0.0000,0.0000,     0,0,0,11.58,88.42,0.00,N/A,73.73,25.04,216.41,2.94,73.61,0.34,8.52,0.14,1.20,0.12,1.00,0.01,0.01,0.16,0.82,0.0003,0.0005,     0,0,0,11.53,88.47,0.00,N/A,30.00,24.95,216.41,1.20,30.07,0.14,3.47,0.26,2.86,0.09,1.00,0.00,0.00,0.35,0.58,0.0000,0.0000,     0,0,0,8.93,91.07,0.00,N/A,55.42,19.35,216.41,2.86,71.60,0.26,6.39,0.09,2.41,0.04,1.00,0.00,0.00,0.57,0.76,0.0000,0.0001,     0,0,0,3.91,96.09,0.00,N/A,20.35,8.44,216.41,2.41,60.24,0.09,2.36,0.00,0.48,0.01,1.00,0.00,0.00,0.32,0.63,0.0027,0.0049,     0,0,0,0.58,99.42,0.00,N/A,0.60,1.26,216.41,0.48,11.88,0.00,0.07,0.02,0.26,0.07,1.00,0.01,0.01,0.57,0.76,0.0015,0.0037,     0,0,0,6.71,93.29,0.00,N/A,3.80,14.51,216.41,0.26,6.54,0.02,0.44,0.07,0.63,0.11,1.00,0.01,0.04,0.47,0.45,0.0007,0.0027,     0,0,0,10.61,89.39,0.00,N/A,14.52,22.95,216.41,0.63,15.82,0.07,1.68,0.34,2.94,0.12,1.00,0.00,0.00,0.47,0.85,0.0000,0.0000,     0,0,0,11.57,88.43,0.00,N/A,73.66,25.03,216.41,2.94,73.58,0.34,8.51,0.03,1.17,0.03,1.00,0.00,0.01,0.58,0.82,0.0005,0.0014,     0,0,0,2.93,97.07,0.00,N/A,7.42,6.35,216.41,1.17,29.20,0.03,0.86,0.02,0.90,0.02,1.00,0.00,0.01,0.51,0.75,0.0009,0.0022,     0,0,0,2.24,97.76,0.00,N/A,4.34,4.84,216.41,0.90,22.45,0.02,0.50,0.07,0.63,0.12,1.00,0.01,0.04,0.47,0.46,0.0007,0.0027,     0,0,0,11.52,88.48,0.00,N/A,15.83,24.98,216.41,0.63,15.84,0.07,1.83,0.07,0.63,0.11,1.00,0.01,0.04,0.48,0.47,0.0007,0.0026,     0,0,0,10.59,89.41,0.00,N/A,14.41,22.90,216.41,0.63,15.73,0.07,1.67,0.02,0.93,0.02,1.00,0.00,0.01,0.50,0.83,0.0007,0.0016,     0,0,0,2.38,97.62,0.00,N/A,4.78,5.14,216.41,0.93,23.21,0.02,0.55,
2024-03-18,16:02:59.241,0.09,1.39,0.06,1.00,0.08,0.19,0.30,0.60,0.0003,0.0006,0.08,0.09,-2147483648,0.00,0.00,303.56,219.12,209.61,1.39,34.63,0.09,2.25,57.15,0.34,148.88,6.49,93.51,0.00,100.00,0.00,0.00,0.00,0.00,-nan,0.24,0.11,1.71,0.06,1.00,0.05,0.06,0.13,0.67,0.0003,0.0003,     0,0,0,0.06,0.06,-2147483648,0.00,0.00,N/A,188.89,110.27,209.61,1.71,42.83,0.11,2.78,0.07,1.05,0.06,1.00,0.04,0.13,0.44,0.55,0.0003,0.0011,     0,0,0,0.02,0.03,-2147483648,0.00,0.00,N/A,114.68,108.86,209.61,1.05,26.34,0.07,1.71,12.62,11.74, 10%,  9%,16.56,16.23, 13%, 13%,42.49,38.91, 34%, 31%,33.46,34.01, 26%, 27%,6.50,93.50,0.00,100.00,0.00,0.00,6.49,93.51,0.00,100.00,0.00,0.00,0.00,0.00,0.00 ,0.00 ,-nan ,-nan ,0.25,0.24,0.01,0.21,0.07,1.00,0.01,0.01,0.41,0.81,0.0020,0.0037,     0,0,0,6.62,93.38,0.00,N/A,2.86,13.88,209.61,0.21,5.15,0.01,0.34,0.06,0.52,0.11,1.00,0.02,0.02,0.03,0.56,0.0016,0.0019,     0,0,0,10.92,89.08,0.00,N/A,12.01,22.94,209.61,0.52,13.09,0.06,1.43,0.09,2.76,0.03,1.00,0.00,0.00,0.33,0.75,0.0000,0.0000,     0,0,0,3.15,96.85,0.00,N/A,19.94,7.22,209.61,2.76,69.06,0.09,2.17,0.28,2.61,0.11,1.00,0.01,0.01,0.03,0.11,0.0002,0.0003,     0,0,0,10.92,89.08,0.00,N/A,59.85,22.93,209.61,2.61,65.26,0.28,7.12,0.18,1.68,0.11,1.00,0.01,0.01,0.13,0.83,0.0002,0.0002,     0,0,0,10.90,89.10,0.00,N/A,38.42,22.90,209.61,1.68,41.95,0.18,4.57,0.26,2.94,0.09,1.00,0.00,0.00,0.75,0.84,0.0000,0.0000,     0,0,0,8.99,91.01,0.00,N/A,55.27,18.80,209.61,2.94,73.48,0.26,6.60,0.00,0.41,0.00,1.00,0.00,0.00,0.73,0.83,0.0003,0.0017,     0,0,0,0.13,99.87,0.00,N/A,0.12,0.28,209.61,0.41,10.32,0.00,0.01,0.00,0.32,0.01,1.00,0.00,0.00,0.25,0.55,0.0041,0.0073,     0,0,0,0.63,99.37,0.00,N/A,0.43,1.33,209.61,0.32,8.08,0.00,0.05,0.01,0.19,0.06,1.00,0.00,0.01,0.19,0.88,0.0017,0.0023,     0,0,0,6.45,93.55,0.00,N/A,2.61,13.51,209.61,0.19,4.82,0.01,0.31,0.07,0.62,0.12,1.00,0.01,0.04,0.48,0.45,0.0007,0.0028,     0,0,0,11.89,88.11,0.00,N/A,15.48,24.96,209.61,0.62,15.50,0.07,1.84,0.32,2.92,0.11,1.00,0.00,0.00,0.61,0.78,0.0000,0.0000,     0,0,0,10.93,89.07,0.00,N/A,66.99,22.95,209.61,2.92,72.98,0.32,7.97,0.00,0.61,0.00,1.00,0.00,0.00,0.31,0.79,0.0013,0.0028,     0,0,0,0.31,99.69,0.00,N/A,0.40,0.66,209.61,0.61,15.13,0.00,0.05,0.00,0.61,0.00,1.00,0.00,0.00,0.28,0.61,0.0017,0.0033,     0,0,0,0.31,99.69,0.00,N/A,0.39,0.64,209.61,0.61,15.23,0.00,0.05,0.07,0.63,0.11,1.00,0.01,0.04,0.46,0.47,0.0007,0.0026,     0,0,0,10.90,89.10,0.00,N/A,14.35,22.90,209.61,0.63,15.67,0.07,1.71,0.07,0.62,0.11,1.00,0.01,0.04,0.45,0.48,0.0007,0.0026,     0,0,0,10.92,89.08,0.00,N/A,14.33,22.92,209.61,0.62,15.62,0.07,1.71,0.00,0.45,0.00,1.00,0.00,0.00,0.34,0.64,0.0030,0.0059,     0,0,0,0.15,99.85,0.00,N/A,0.14,0.31,209.61,0.45,11.33,0.00,0.02,
2024-03-18,16:02:59.332,0.10,1.50,0.06,1.00,0.08,0.19,0.33,0.57,0.0002,0.0006,0.06,0.07,-2147483648,0.00,0.00,326.39,217.02,210.10,1.50,37.60,0.10,2.44,60.24,0.44,163.82,6.49,93.51,0.00,100.00,0.00,0.00,0.00,0.00,-nan,0.25,0.12,1.96,0.06,1.00,0.04,0.06,0.17,0.61,0.0002,0.0003,     0,0,0,0.04,0.03,-2147483648,0.00,0.00,N/A,207.42,105.65,210.10,1.96,49.08,0.12,3.12,0.07,1.07,0.07,1.00,0.04,0.13,0.44,0.56,0.0003,0.0011,     0,0,0,0.02,0.04,-2147483648,0.00,0.00,N/A,118.98,111.37,210.10,1.07,26.71,0.07,1.77,12.96,13.49, 10%, 11%,17.06,16.73, 13%, 13%,47.47,49.95, 38%, 40%,32.84,33.56, 26%, 27%,6.36,93.64,0.00,100.00,0.00,0.00,6.63,93.37,0.00,100.00,0.00,0.00,0.00,0.00,0.00 ,0.00 ,-nan ,-nan ,0.25,0.26,0.01,0.23,0.07,1.00,0.01,0.01,0.45,0.79,0.0020,0.0039,     0,0,0,6.58,93.42,0.00,N/A,3.14,13.83,210.10,0.23,5.67,0.01,0.37,0.06,0.53,0.11,1.00,0.02,0.02,0.04,0.57,0.0015,0.0017,     0,0,0,10.92,89.08,0.00,N/A,12.26,22.93,210.10,0.53,13.37,0.06,1.46,0.07,2.62,0.03,1.00,0.00,0.00,0.58,0.51,0.0000,0.0002,     0,0,0,2.56,97.44,0.00,N/A,12.78,4.88,210.10,2.62,65.52,0.07,1.68,0.09,2.87,0.03,1.00,0.00,0.00,0.74,0.75,0.0000,0.0000,     0,0,0,3.04,90,10,0.6.,N/A,18.26,6.37,210.10,2.87,71.65,0.09,2.18,0.32,2.91,0.11,1.00,0.00,0.00,0.65,0.80,0.0000,0.0000,     0,0,0,10.93,89.07,0.00,N/A,66.82,22.96,210.10,2.91,72.77,0.32,7.96,0.22,2.71,0.08,1.00,0.02,0.02,0.01,0.11,0.0003,0.0003,     0,0,0,7.97,92.03,0.00,N/A,45.45,16.80,210.10,2.71,67.63,0.22,5.39,0.06,2.47,0.02,1.00,0.00,0.00,0.51,0.57,0.0001,0.0002,     0,0,0,2.47,97.53,0.00,N/A,12.87,5.22,210.10,2.47,61.70,0.06,1.53,0.17,2.83,0.06,1.00,0.00,0.00,0.42,0.60,0.0000,0.0000,     0,0,0,6.03,93.97,0.00,N/A,35.84,12.67,210.10,2.83,70.71,0.17,4.27,0.01,0.21,0.06,1.00,0.00,0.01,0.20,0.89,0.0015,0.0020,     0,0,0,5.95,94.05,0.00,N/A,2.61,12.50,210.10,0.21,5.23,0.01,0.31,0.07,0.63,0.11,1.00,0.01,0.04,0.47,0.44,0.0007,0.0027,     0,0,0,10.91,89.09,0.00,N/A,14.40,22.91,210.10,0.63,15.72,0.07,1.71,0.32,2.94,0.11,1.00,0.00,0.00,0.38,0.87,0.0000,0.0000,     0,0,0,10.93,89.07,0.00,N/A,67.53,22.95,210.10,2.94,73.57,0.32,8.04,0.00,0.92,0.00,1.00,0.00,0.00,0.62,0.84,0.0005,0.0015,     0,0,0,0.45,99.55,0.00,N/A,0.86,0.94,210.10,0.92,23.05,0.00,0.10,0.01,0.63,0.01,1.00,0.00,0.00,0.31,0.66,0.0015,0.0029,     0,0,0,1.13,98.87,0.00,N/A,1.49,2.36,210.10,0.63,15.75,0.01,0.18,0.07,0.63,0.11,1.00,0.01,0.04,0.48,0.47,0.0007,0.0027,     0,0,0,10.91,89.09,0.00,N/A,14.41,22.91,210.10,0.63,15.73,0.07,1.72,0.07,0.63,0.12,1.00,0.01,0.04,0.46,0.48,0.0007,0.0027,     0,0,0,11.88,88.12,0.00,N/A,15.68,24.95,210.10,0.63,15.72,0.07,1.87,0.01,1.06,0.01,1.00,0.00,0.00,0.44,0.58,0.0005,0.0011,     0,0,0,0.89,99.11,0.00,N/A,1.98,1.86,210.10,1.06,26.55,0.01,0.24,
2024-03-18,16:02:59.432,0.10,1.57,0.06,1.00,0.06,0.16,0.37,0.63,0.0002,0.0005,0.06,0.07,-2147483648,0.00,0.00,338.40,215.67,209.92,1.57,39.23,0.10,2.52,54.03,0.44,137.05,6.42,93.58,0.00,100.00,0.00,0.00,0.00,0.00,-nan,0.24,0.13,2.05,0.06,1.00,0.03,0.04,0.21,0.75,0.0001,0.0002,     0,0,0,0.04,0.04,-2147483648,0.00,0.00,N/A,221.00,107.91,209.92,2.05,51.20,0.13,3.29,0.07,1.09,0.06,1.00,0.04,0.13,0.45,0.56,0.0003,0.0011,     0,0,0,0.02,0.03,-2147483648,0.00,0.00,N/A,117.40,107.76,209.92,1.09,27.24,0.07,1.75,10.14,9.97,  8%,  8%,17.13,16.79, 13%, 13%,35.60,34.81, 29%, 28%,32.98,33.67, 26%, 27%,6.42,93.58,0.00,100.00,0.00,0.00,6.41,93.59,0.00,100.00,0.00,0.00,0.00,0.00,0.00 ,0.00 ,-nan ,-nan ,0.25,0.24,0.01,0.22,0.06,1.00,0.00,0.01,0.45,0.82,0.0017,0.0032,     0,0,0,6.20,93.80,0.00,N/A,2.90,13.02,209.92,0.22,5.58,0.01,0.35,0.06,0.53,0.11,1.00,0.02,0.02,0.04,0.57,0.0015,0.0017,     0,0,0,10.92,89.08,0.00,N/A,12.16,22.92,209.92,0.53,13.26,0.06,1.45,0.00,0.46,0.00,1.00,0.00,0.00,0.46,0.62,0.0019,0.0062,     0,0,0,0.30,99.70,0.00,N/A,0.29,0.63,209.92,0.46,11.55,0.00,0.03,0.01,1.33,0.01,1.00,0.00,0.00,0.45,0.90,0.0006,0.0011,     0,0,0,1.05,98.95,0.00,N/A,2.92,2.19,209.92,1.33,33.24,0.01,0.35,0.32,2.94,0.11,1.00,0.00,0.00,0.70,0.84,0.0000,0.0000,     0,0,0,10.93,89.07,0.00,N/A,67.55,22.96,209.92,2.94,73.56,0.32,8.04,0.32,2.94,0.11,1.00,0.00,0.00,0.88,0.90,0.0000,0.0000,     0,0,0,10.93,89.07,0.00,N/A,67.50,22.95,209.92,2.94,73.54,0.32,8.04,0.32,2.94,0.11,1.00,0.00,0.00,0.73,0.88,0.0000,0.0000,     0,0,0,10.92,89.08,0.00,N/A,67.53,22.93,209.92,2.94,73.62,0.32,8.04,0.00,0.49,0.00,1.00,0.00,0.00,0.46,0.64,0.0022,0.0059,     0,0,0,0.15,99.85,0.00,N/A,0.15,0.30,209.92,0.49,12.15,0.00,0.02,0.01,0.19,0.06,1.00,0.00,0.01,0.17,0.89,0.0017,0.0022,     0,0,0,5.82,94.18,0.00,N/A,2.37,12.23,209.92,0.19,4.85,0.01,0.28,0.07,0.63,0.11,1.00,0.01,0.04,0.45,0.47,0.0007,0.0026,     0,0,0,10.91,89.09,0.00,N/A,14.52,22.92,209.92,0.63,15.84,0.07,1.73,0.32,2.93,0.11,1.00,0.00,0.00,0.42,0.87,0.0000,0.0000,     0,0,0,10.92,89.08,0.00,N/A,67.18,22.94,209.92,2.93,73.21,0.32,8.00,0.00,0.92,0.00,1.00,0.00,0.00,0.52,0.88,0.0005,0.0014,     0,0,0,0.25,99.75,0.00,N/A,0.49,0.53,209.92,0.92,22.90,0.00,0.06,0.01,1.53,0.01,1.00,0.00,0.00,0.21,0.78,0.0005,0.0006,     0,0,0,0.92,99.08,0.00,N/A,2.97,1.93,209.92,1.53,38.36,0.01,0.35,0.07,0.63,0.11,1.00,0.01,0.04,0.53,0.46,0.0006,0.0027,     0,0,0,10.91,89.09,0.00,N/A,14.46,22.91,209.92,0.63,15.77,0.07,1.72,0.07,0.63,0.11,1.00,0.01,0.04,0.48,0.48,0.0006,0.0026,     0,0,0,10.91,89.09,0.00,N/A,14.42,22.90,209.92,0.63,15.74,0.07,1.72,0.00,0.72,0.01,1.00,0.00,0.00,0.38,0.67,0.0017,0.0032,     0,0,0,0.67,99.33,0.00,N/A,1.00,1.40,209.92,0.72,17.89,0.00,0.12,
2024-03-18,16:02:59.532,0.10,1.65,0.06,1.00,0.04,0.14,0.46,0.66,0.0001,0.0004,0.05,0.07,-2147483648,0.00,0.00,349.87,211.86,210.18,1.65,41.29,0.10,2.60,33.13,0.28,92.51,6.30,93.70,0.00,100.00,0.00,0.00,0.00,0.00,-nan,0.25,0.14,2.14,0.06,1.00,0.02,0.03,0.18,0.79,0.0001,0.0001,     0,0,0,0.04,0.03,-2147483648,0.00,0.00,N/A,227.87,106.40,210.18,2.14,53.54,0.14,3.39,0.07,1.16,0.06,1.00,0.02,0.11,0.59,0.61,0.0002,0.0009,     0,0,0,0.01,0.03,-2147483648,0.00,0.00,N/A,122.01,105.46,210.18,1.16,28.92,0.07,1.82,3.74,3.72,  3%,  3%,13.00,12.67, 10%, 10%,26.39,26.32, 21%, 21%,19.82,19.98, 16%, 16%,6.33,93.67,0.00,100.00,0.00,0.00,6.28,93.72,0.00,100.00,0.00,0.00,0.00,0.00,0.00 ,0.00 ,-nan ,-nan ,0.24,0.26,0.01,0.20,0.06,1.00,0.00,0.01,0.23,0.87,0.0018,0.0025,     0,0,0,6.00,94.00,0.00,N/A,2.55,12.61,210.18,0.20,5.06,0.01,0.30,0.08,0.91,0.09,1.00,0.01,0.01,0.08,0.76,0.0006,0.0007,     0,0,0,8.98,91.02,0.00,N/A,17.16,18.79,210.18,0.91,22.83,0.08,2.05,0.02,1.14,0.02,1.00,0.00,0.00,0.22,0.82,0.0004,0.0006,     0,0,0,2.18,97.82,0.00,N/A,5.25,4.59,210.18,1.14,28.61,0.02,0.62,0.00,0.45,0.01,1.00,0.00,0.00,0.35,0.62,0.0031,0.0072,     0,0,0,0.54,99.46,0.00,N/A,0.51,1.13,210.18,0.45,11.32,0.00,0.06,0.32,2.93,0.11,1.00,0.00,0.00,0.66,0.81,0.0000,0.0000,     0,0,0,10.93,89.07,0.00,N/A,67.33,22.95,210.18,2.93,73.34,0.32,8.02,0.32,2.93,0.11,1.00,0.00,0.00,0.76,0.86,0.0000,0.0000,     0,0,0,10.93,89.07,0.00,N/A,67.25,22.95,210.18,2.93,73.25,0.32,8.01,0.32,2.95,0.11,1.00,0.00,0.00,0.67,0.82,0.0000,0.0000,     0,0,0,10.93,89.07,0.00,N/A,67.61,22.95,210.18,2.95,73.64,0.32,8.05,0.00,0.47,0.00,1.00,0.00,0.00,0.39,0.61,0.0028,0.0063,     0,0,0,0.21,99.79,0.00,N/A,0.20,0.43,210.18,0.47,11.75,0.00,0.02,0.01,0.19,0.06,1.00,0.00,0.01,0.15,0.89,0.0018,0.0022,     0,0,0,6.11,93.89,0.00,N/A,2.43,12.83,210.18,0.19,4.73,0.01,0.29,0.08,0.76,0.11,1.00,0.00,0.03,0.65,0.53,0.0003,0.0020,     0,0,0,10.91,89.09,0.00,N/A,17.32,22.90,210.18,0.76,18.90,0.08,2.06,0.32,2.92,0.11,1.00,0.00,0.00,0.36,0.88,0.0000,0.0000,     0,0,0,10.93,89.07,0.00,N/A,67.02,22.95,210.18,2.92,73.01,0.32,7.98,0.00,0.66,0.00,1.00,0.00,0.00,0.18,0.64,0.0015,0.0024,     0,0,0,0.23,99.77,0.00,N/A,0.32,0.49,210.18,0.66,16.48,0.00,0.04,0.00,0.36,0.00,1.00,0.00,0.00,0.34,0.65,0.0031,0.0069,     0,0,0,0.17,99.83,0.00,N/A,0.13,0.37,210.18,0.36,8.98,0.00,0.02,0.08,0.76,0.11,1.00,0.00,0.03,0.67,0.55,0.0003,0.0020,     0,0,0,10.90,89.10,0.00,N/A,17.30,22.90,210.18,0.76,18.89,0.08,2.06,0.08,0.76,0.11,1.00,0.01,0.04,0.64,0.55,0.0003,0.0020,     0,0,0,10.90,89.10,0.00,N/A,17.43,22.88,210.18,0.76,19.04,0.08,2.07,0.00,0.43,0.00,1.00,0.00,0.00,0.76,0.81,0.0005,0.0035,     0,0,0,0.07,99.93,0.00,N/A,0.06,0.15,210.18,0.43,10.77,0.00,0.01,
2024-03-18,16:02:59.632,0.11,1.70,0.06,1.00,0.03,0.14,0.55,0.69,0.0001,0.0004,0.06,0.06,-2147483648,0.00,0.00,362.39,212.98,209.78,1.70,42.54,0.11,2.70,33.02,0.26,73.05,6.34,93.66,0.00,100.00,0.00,0.00,0.00,0.00,-nan,0.24,0.14,2.19,0.06,1.00,0.02,0.02,0.29,0.83,0.0001,0.0001,     0,0,0,0.06,0.05,-2147483648,0.00,0.00,N/A,234.70,107.31,209.78,2.19,54.68,0.14,3.49,0.08,1.21,0.06,1.00,0.01,0.11,0.68,0.62,0.0001,0.0009,     0,0,0,0.01,0.02,-2147483648,0.00,0.00,N/A,127.68,105.67,209.78,1.21,30.21,0.08,1.90,1.02,1.12,  0%,  0%,15.64,15.24, 12%, 12%,22.41,22.95, 18%, 18%,13.82,13.87, 11%, 11%,6.39,93.61,0.00,100.00,0.00,0.00,6.29,93.71,0.00,100.00,0.00,0.00,0.00,0.00,0.00 ,0.00 ,-nan ,-nan ,0.25,0.24,0.02,0.25,0.06,1.00,0.01,0.01,0.32,0.84,0.0015,0.0025,     0,0,0,6.30,93.70,0.00,N/A,3.33,13.21,209.78,0.25,6.30,0.02,0.40,0.06,2.72,0.02,1.00,0.00,0.00,0.70,0.68,0.0000,0.0001,     0,0,0,2.08,97.92,0.00,N/A,11.92,4.38,209.78,2.72,67.97,0.06,1.41,0.13,1.22,0.11,1.00,0.01,0.01,0.13,0.86,0.0003,0.0003,     0,0,0,10.89,89.11,0.00,N/A,27.79,22.86,209.78,1.22,30.40,0.13,3.31,0.15,2.81,0.05,1.00,0.00,0.00,0.65,0.67,0.0000,0.0000,     0,0,0,5.45,94.55,0.00,N/A,32.07,11.43,209.78,2.81,70.18,0.15,3.82,0.09,2.76,0.03,1.00,0.00,0.00,0.67,0.68,0.0000,,0.00,,     0,0,0,3.22,96.78,0.00,N/A,18.56,6.73,209.78,2.76,68.94,0.09,2.22,0.32,2.93,0.11,1.00,0.00,0.00,0.59,0.81,0.0000,0.0000,     0,0,0,10.92,89.08,0.00,N/A,67.13,22.94,209.78,2.93,73.16,0.32,7.99,0.32,2.93,0.11,1.00,0.00,0.00,0.73,0.89,0.0000,0.0000,     0,0,0,10.92,89.08,0.00,N/A,67.32,22.94,209.78,2.93,73.37,0.32,8.01,0.03,2.33,0.01,1.00,0.00,0.00,0.56,0.57,0.0001,0.0003,     0,0,0,1.34,98.66,0.00,N/A,6.57,2.82,209.78,2.33,58.24,0.03,0.78,0.01,0.21,0.06,1.00,0.00,0.01,0.24,0.87,0.0017,0.0024,     0,0,0,6.08,93.92,0.00,N/A,2.70,12.76,209.78,0.21,5.29,0.01,0.32,0.09,0.83,0.11,1.00,0.00,0.03,0.74,0.57,0.0002,0.0017,     0,0,0,10.89,89.11,0.00,N/A,19.05,22.88,209.78,0.83,20.82,0.09,2.27,0.32,2.94,0.11,1.00,0.00,0.00,0.32,0.88,0.0000,0.0000,     0,0,0,10.92,89.08,0.00,N/A,67.44,22.94,209.78,2.94,73.50,0.32,8.03,0.00,0.39,0.00,1.00,0.00,0.00,0.48,0.70,0.0018,0.0052,     0,0,0,0.16,99.84,0.00,N/A,0.13,0.33,209.78,0.39,9.73,0.00,0.02,0.00,0.69,0.00,1.00,0.00,0.00,0.38,0.65,0.0013,0.0028,     0,0,0,0.27,99.73,0.00,N/A,0.40,0.58,209.78,0.69,17.37,0.00,0.05,0.09,0.83,0.11,1.00,0.00,0.04,0.79,0.56,0.0001,0.0019,     0,0,0,10.90,89.10,0.00,N/A,18.90,22.89,209.78,0.83,20.65,0.09,2.25,0.09,0.83,0.11,1.00,0.00,0.03,0.78,0.58,0.0001,0.0018,     0,0,0,10.89,89.11,0.00,N/A,18.89,22.88,209.78,0.83,20.64,0.09,2.25,0.00,0.41,0.00,1.00,0.00,0.00,0.29,0.60,0.0030,0.0063,     0,0,0,0.20,99.80,0.00,N/A,0.17,0.41,209.78,0.41,10.18,0.00,0.02,
2024-03-18,16:02:59.732,0.11,1.71,0.06,1.00,0.03,0.14,0.56,0.69,0.0001,0.0004,0.05,0.06,-2147483648,0.00,0.00,359.22,210.65,210.29,1.71,42.63,0.11,2.67,26.39,0.24,79.54,6.26,93.74,0.00,100.00,0.00,0.00,0.00,0.00,-nan,0.25,0.14,2.20,0.06,1.00,0.01,0.02,0.21,0.86,0.0001,0.0001,     0,0,0,0.04,0.03,-2147483648,0.00,0.00,N/A,232.67,105.62,210.29,2.20,55.07,0.14,3.46,0.08,1.20,0.06,1.00,0.01,0.12,0.70,0.61,0.0001,0.0009,     0,0,0,0.01,0.03,-2147483648,0.00,0.00,N/A,126.55,105.03,210.29,1.20,30.12,0.08,1.88,1.12,1.02,  0%,  0%,12.28,11.97,  9%,  9%,22.22,22.38, 18%, 18%,17.48,17.45, 14%, 14%,6.28,93.72,0.00,100.00,0.00,0.00,6.25,93.75,0.00,100.00,0.00,0.00,0.00,0.00,0.00 ,0.00 ,-nan ,-nan ,0.25,0.26,0.01,0.20,0.06,1.00,0.00,0.01,0.20,0.89,0.0017,0.0021,     0,0,0,5.83,94.17,0.00,N/A,2.45,12.27,210.29,0.20,4.99,0.01,0.29,0.32,2.93,0.11,1.00,0.00,0.00,0.73,0.87,0.0000,0.0000,     0,0,0,10.93,89.07,0.00,N/A,67.29,22.95,210.29,2.93,73.30,0.32,8.01,0.05,1.21,0.04,1.00,0.00,0.00,0.14,0.86,0.0003,0.0004,     0,0,0,4.02,95.98,0.00,N/A,10.19,8.42,210.29,1.21,30.25,0.05,1.22,0.02,1.17,0.02,1.00,0.00,0.00,0.27,0.82,0.0003,0.0005,     0,0,0,2.12,97.88,0.00,N/A,5.23,4.47,210.29,1.17,29.23,0.02,0.62,0.00,0.50,0.01,1.00,0.00,0.00,0.32,0.76,0.0025,0.0041,     0,0,0,0.52,99.48,0.00,N/A,0.55,1.10,210.29,0.50,12.55,0.00,0.07,0.32,2.93,0.11,1.00,0.00,0.00,0.73,0.88,0.0000,0.0000,     0,0,0,10.93,89.07,0.00,N/A,67.17,22.95,210.29,2.93,73.17,0.32,8.00,0.32,2.93,0.11,1.00,0.00,0.00,0.63,0.90,0.0000,0.0000,     0,0,0,10.92,89.08,0.00,N/A,67.13,22.94,210.29,2.93,73.16,0.32,7.99,0.06,1.20,0.05,1.00,0.00,0.00,0.16,0.85,0.0003,0.0004,     0,0,0,5.00,95.00,0.00,N/A,12.65,10.52,210.29,1.20,30.07,0.06,1.50,0.01,0.19,0.06,1.00,0.00,0.01,0.15,0.88,0.0019,0.0023,     0,0,0,5.93,94.07,0.00,N/A,2.40,12.48,210.29,0.19,4.82,0.01,0.29,0.09,0.83,0.11,1.00,0.00,0.04,0.77,0.54,0.0002,0.0019,     0,0,0,10.90,89.10,0.00,N/A,18.98,22.88,210.29,0.83,20.74,0.09,2.26,0.32,2.92,0.11,1.00,0.00,0.00,0.43,0.90,0.0000,0.0000,     0,0,0,10.93,89.07,0.00,N/A,67.07,22.95,210.29,2.92,73.05,0.32,7.98,0.02,0.81,0.03,1.00,0.00,0.01,0.80,0.56,0.0001,0.0020,     0,0,0,3.01,96.99,0.00,N/A,5.16,6.35,210.29,0.81,20.30,0.02,0.61,0.02,0.79,0.02,1.00,0.00,0.01,0.73,0.57,0.0002,0.0022,     0,0,0,2.24,97.76,0.00,N/A,3.73,4.72,210.29,0.79,19.76,0.02,0.44,0.07,0.82,0.09,1.00,0.00,0.03,0.81,0.56,0.0001,0.0019,     0,0,0,8.95,91.05,0.00,N/A,15.41,18.75,210.29,0.82,20.55,0.07,1.84,0.07,0.82,0.08,1.00,0.00,0.03,0.78,0.58,0.0001,0.0019,     0,0,0,7.96,92.04,0.00,N/A,13.71,16.68,210.29,0.82,20.55,0.07,1.64,0.00,0.41,0.00,1.00,0.00,0.00,0.56,0.72,0.0018,0.0052,     0,0,0,0.10,99.90,0.00,N/A,0.09,0.22,210.29,0.41,10.19,0.00,0.01,
2024-03-18,16:02:59.832,0.10,1.60,0.07,1.00,0.06,0.16,0.35,0.61,0.0002,0.0005,0.06,0.07,-2147483648,0.00,0.00,349.36,218.53,209.76,1.60,39.97,0.10,2.60,45.68,0.34,129.45,6.51,93.49,0.00,100.00,0.00,0.00,0.00,0.00,-nan,0.24,0.14,2.10,0.07,1.00,0.02,0.03,0.17,0.75,0.0001,0.0001,     0,0,0,0.05,0.04,-2147483648,0.00,0.00,N/A,236.93,112.96,209.76,2.10,52.44,0.14,3.53,0.07,1.07,0.06,1.00,0.04,0.13,0.42,0.55,0.0003,0.0011,     0,0,0,0.02,0.03,-2147483648,0.00,0.00,N/A,112.43,105.57,209.76,1.07,26.63,0.07,1.67,6.99,6.90,  5%,  5%,16.04,15.75, 12%, 12%,31.79,31.86, 25%, 26%,32.60,33.21, 26%, 26%,6.73,93.27,0.00,100.00,0.00,0.00,6.29,93.71,0.00,100.00,0.00,0.00,0.00,0.00,0.00 ,0.00 ,-nan ,-nan ,0.25,0.24,0.01,0.20,0.06,1.00,0.00,0.01,0.32,0.87,0.0017,0.0025,     0,0,0,5.79,94.21,0.00,N/A,2.42,12.15,209.76,0.20,4.98,0.01,0.29,0.35,2.91,0.12,1.00,0.00,0.00,0.79,0.83,0.0000,0.0000,     0,0,0,11.91,88.09,0.00,N/A,72.88,25.01,209.76,2.91,72.84,0.35,8.68,0.03,0.60,0.05,1.00,0.01,0.01,0.08,0.57,0.0013,0.0015,     0,0,0,5.50,94.50,0.00,N/A,6.94,11.53,209.76,0.60,15.04,0.03,0.83,0.06,0.86,0.07,1.00,0.01,0.01,0.10,0.72,0.0007,0.0008,     0,0,0,7.35,92.65,0.00,N/A,13.29,15.44,209.76,0.86,21.52,0.06,1.58,0.00,0.43,0.00,1.00,0.00,0.00,0.57,0.80,0.0010,0.0039,     0,0,0,0.20,99.80,0.00,N/A,0.18,0.42,209.76,0.43,10.85,0.00,0.02,0.35,2.93,0.12,1.00,0.00,0.00,0.76,0.87,0.0000,0.0000,     0,0,0,11.91,88.09,0.00,N/A,73.28,25.02,209.76,2.93,73.23,0.35,8.72,0.32,2.95,0.11,1.00,0.00,0.00,0.82,0.87,0.0000,0.0000,     0,0,0,10.93,89.07,0.00,N/A,67.75,22.95,209.76,2.95,73.82,0.32,8.07,0.00,0.44,0.00,1.00,0.00,0.00,0.32,0.52,0.0040,0.0068,     0,0,0,0.21,99.79,0.00,N/A,0.19,0.44,209.76,0.44,11.02,0.00,0.02,0.01,0.19,0.06,1.00,0.00,0.00,0.14,0.90,0.0017,0.0020,     0,0,0,5.87,94.13,0.00,N/A,2.35,12.32,209.76,0.19,4.77,0.01,0.28,0.06,0.68,0.09,1.00,0.01,0.03,0.50,0.49,0.0005,0.0024,     0,0,0,8.97,91.03,0.00,N/A,12.79,18.76,209.76,0.68,17.04,0.06,1.53,0.30,2.78,0.11,1.00,0.01,0.01,0.03,0.15,0.0001,0.0001,     0,0,0,10.94,89.06,0.00,N/A,63.83,22.98,209.76,2.78,69.45,0.30,7.60,0.07,0.65,0.11,1.00,0.01,0.04,0.51,0.49,0.0005,0.0025,     0,0,0,10.90,89.10,0.00,N/A,14.99,22.90,209.76,0.65,16.36,0.07,1.78,0.07,0.68,0.11,1.00,0.01,0.04,0.54,0.49,0.0005,0.0025,     0,0,0,10.91,89.09,0.00,N/A,15.46,22.90,209.76,0.68,16.88,0.07,1.84,0.01,0.63,0.02,1.00,0.00,0.01,0.37,0.50,0.0007,0.0024,     0,0,0,2.03,97.97,0.00,N/A,2.68,4.27,209.76,0.63,15.67,0.01,0.32,0.00,0.41,0.00,1.00,0.00,0.00,0.65,0.67,0.0014,0.0054,     0,0,0,0.11,99.89,0.00,N/A,0.09,0.23,209.76,0.41,10.19,0.00,0.01,0.00,0.20,0.01,1.00,0.00,0.00,0.30,0.61,0.0026,0.0051,     0,0,0,0.58,99.42,0.00,N/A,0.24,1.21,209.76,0.20,5.00,0.00,0.03,
2024-03-18,16:02:59.937,0.10,1.60,0.06,1.00,0.09,0.18,0.23,0.56,0.0003,0.0005,0.05,0.07,-2147483648,0.00,0.00,350.87,219.01,210.12,1.60,40.05,0.10,2.60,51.62,0.42,137.05,6.50,93.50,0.00,100.00,0.00,0.00,0.00,0.00,-nan,0.25,0.13,2.06,0.07,1.00,0.02,0.03,0.16,0.71,0.0001,0.0001,     0,0,0,0.03,0.03,-2147483648,0.00,0.00,N/A,227.51,110.21,210.12,2.06,51.61,0.13,3.36,0.07,1.13,0.06,1.00,0.07,0.15,0.25,0.50,0.0005,0.0012,     0,0,0,0.02,0.04,-2147483648,0.00,0.00,N/A,123.37,108.80,210.12,1.13,28.35,0.07,1.84,9.89,9.91,  8%,  8%,16.07,15.75, 12%, 12%,36.18,35.82, 29%, 29%,32.19,32.87, 25%, 26%,6.52,93.48,0.00,100.00,0.00,0.00,6.47,93.53,0.00,100.00,0.00,0.00,0.00,0.00,0.00 ,0.00 ,-nan ,-nan ,0.24,0.26,0.02,0.24,0.06,1.00,0.00,0.01,0.26,0.86,0.0015,0.0022,     0,0,0,6.19,93.81,0.00,N/A,3.16,13.01,210.12,0.24,6.08,0.02,0.38,0.32,2.93,0.11,1.00,0.00,0.00,0.74,0.82,0.0000,0.0000,     0,0,0,10.93,89.07,0.00,N/A,67.29,22.95,210.12,2.93,73.30,0.32,8.01,0.02,1.31,0.01,1.00,0.00,0.00,0.60,0.66,0.0002,0.0008,     0,0,0,1.18,98.82,0.00,N/A,3.26,2.48,210.12,1.31,32.82,0.02,0.39,0.05,0.54,0.09,1.00,0.02,0.02,0.04,0.57,0.0015,0.0017,     0,0,0,8.97,91.03,0.00,N/A,10.24,18.78,210.12,0.54,13.62,0.05,1.22,0.01,0.55,0.02,1.00,0.00,0.01,0.15,0.60,0.0014,0.0020,     0,0,0,2.10,97.90,0.00,N/A,2.54,4.65,210.12,0.55,13.66,0.01,0.29,0.32,2.94,0.11,1.00,0.00,0.00,1.,,,0.81,0.0000,0.0000,     0,0,0,10.93,89.07,0.00,N/A,67.41,22.95,210.12,2.94,73.42,0.32,8.02,0.35,2.93,0.12,1.00,0.00,0.00,0.79,0.86,0.0000,0.0000,     0,0,0,11.92,88.08,0.00,N/A,73.43,25.02,210.12,2.93,73.36,0.35,8.74,0.00,0.51,0.00,1.00,0.00,0.00,0.53,0.70,0.0014,0.0048,     0,0,0,0.17,99.83,0.00,N/A,0.18,0.37,210.12,0.51,12.64,0.00,0.02,0.01,0.19,0.06,1.00,0.00,0.01,0.15,0.89,0.0017,0.0022,     0,0,0,6.08,93.92,0.00,N/A,2.44,12.79,210.12,0.19,4.78,0.01,0.29,0.02,0.63,0.03,1.00,0.00,0.01,0.25,0.50,0.0008,0.0024,     0,0,0,3.02,96.98,0.00,N/A,3.99,6.36,210.12,0.63,15.70,0.02,0.47,0.35,2.91,0.12,1.00,0.00,0.00,0.21,0.55,0.0000,0.0000,     0,0,0,11.90,88.10,0.00,N/A,72.76,24.98,210.12,2.91,72.81,0.35,8.66,0.05,0.63,0.08,1.00,0.01,0.03,0.40,0.51,0.0007,0.0025,     0,0,0,7.98,92.02,0.00,N/A,10.54,16.70,210.12,0.63,15.78,0.05,1.26,0.07,0.64,0.11,1.00,0.01,0.04,0.43,0.48,0.0007,0.0026,     0,0,0,10.91,89.09,0.00,N/A,14.56,22.90,210.12,0.64,15.89,0.07,1.73,0.06,0.66,0.09,1.00,0.02,0.04,0.26,0.39,0.0015,0.0032,     0,0,0,8.80,91.20,0.00,N/A,12.10,18.43,210.12,0.66,16.41,0.06,1.44,0.03,1.07,0.03,1.00,0.02,0.03,0.05,0.17,0.0032,0.0037,     0,0,0,3.06,96.94,0.00,N/A,6.90,6.46,210.12,1.07,26.72,0.03,0.82,0.00,0.41,0.00,1.00,0.00,0.00,0.60,0.82,0.0009,0.0031,     0,0,0,0.09,99.91,0.00,N/A,0.07,0.18,210.12,0.41,10.26,0.00,0.01,
2024-03-18,16:03:00.032,0.10,1.55,0.07,1.00,0.07,0.18,0.37,0.64,0.0002,0.0005,0.06,0.07,-2147483648,0.00,0.00,347.55,224.50,209.98,1.55,38.70,0.10,2.59,53.01,0.41,142.24,6.70,93.30,0.00,100.00,0.00,0.00,0.00,0.00,-nan,0.24,0.14,2.02,0.07,1.00,0.03,0.05,0.21,0.70,0.0001,0.0002,     0,0,0,0.04,0.04,-2147483648,0.00,0.00,N/A,226.91,112.25,209.98,2.02,50.54,0.14,3.40,0.07,1.07,0.07,1.00,0.04,0.13,0.46,0.62,0.0003,0.0011,     0,0,0,0.02,0.03,-2147483648,0.00,0.00,N/A,120.64,112.26,209.98,1.07,26.87,0.07,1.80,9.99,9.81,  8%,  8%,16.75,16.45, 13%, 13%,39.30,36.80, 32%, 30%,32.72,33.42, 26%, 27%,6.72,93.28,0.00,100.00,0.00,0.00,6.68,93.32,0.00,100.00,0.00,0.00,0.00,0.00,0.00 ,0.00 ,-nan ,-nan ,0.25,0.24,0.02,0.30,0.07,1.00,0.01,0.01,0.44,0.78,0.0014,0.0027,     0,0,0,6.87,93.13,0.00,N/A,4.37,14.42,209.98,0.30,7.58,0.02,0.52,0.07,2.52,0.03,1.00,0.00,0.00,0.37,0.72,0.0000,0.0001,     0,0,0,2.64,97.36,0.00,N/A,13.94,5.53,209.98,2.52,62.98,0.07,1.66,0.02,0.91,0.02,1.00,0.00,0.01,0.15,0.75,0.0014,0.0019,     0,0,0,1.72,98.28,0.00,N/A,3.29,3.61,209.98,0.91,22.80,0.02,0.39,0.26,2.92,0.09,1.00,0.00,0.00,0.65,0.71,0.0000,0.0000,     0,0,0,9.00,91.00,0.00,N/A,55.38,18.95,209.98,2.92,73.06,0.26,6.57,0.07,0.64,0.11,1.00,0.02,0.02,0.06,0.57,0.0013,0.0015,     0,0,0,11.49,88.51,0.00,N/A,14.74,22.92,209.98,0.64,16.08,0.07,1.85,0.32,2.93,0.11,1.00,0.00,0.00,0.80,0.86,0.0000,0.0000,     0,0,0,10.93,89.07,0.00,N/A,67.14,22.94,209.98,2.93,73.15,0.32,7.99,0.32,2.95,0.11,1.00,0.00,0.00,0.76,0.89,0.0000,0.0000,     0,0,0,10.92,89.08,0.00,N/A,67.57,22.94,209.98,2.95,73.65,0.32,8.04,0.00,0.52,0.00,1.00,0.00,0.00,0.54,0.69,0.0014,0.0044,     0,0,0,0.45,99.55,0.00,N/A,0.49,0.94,209.98,0.52,12.95,0.00,0.06,0.01,0.23,0.06,1.00,0.01,0.01,0.29,0.87,0.0018,0.0027,     0,0,0,6.42,93.58,0.00,N/A,3.05,13.47,209.98,0.23,5.66,0.01,0.36,0.07,0.63,0.11,1.00,0.01,0.04,0.48,0.47,0.0007,0.0027,     0,0,0,10.92,89.08,0.00,N/A,14.39,22.94,209.98,0.63,15.68,0.07,1.71,0.32,2.92,0.11,1.00,0.00,0.00,0.40,0.89,0.0000,0.0000,     0,0,0,10.92,89.08,0.00,N/A,67.07,22.94,209.98,2.92,73.09,0.32,7.98,0.00,0.39,0.00,1.00,0.00,0.00,0.42,0.68,0.0025,0.0059,     0,0,0,0.18,99.82,0.00,N/A,0.15,0.38,209.98,0.39,9.72,0.00,0.02,0.05,0.90,0.05,1.00,0.00,0.01,0.49,0.82,0.0004,0.0014,     0,0,0,5.03,94.97,0.00,N/A,9.46,10.54,209.98,0.90,22.44,0.05,1.13,0.06,0.64,0.09,1.00,0.01,0.03,0.48,0.50,0.0006,0.0026,     0,0,0,8.92,91.08,0.00,N/A,12.10,18.78,209.98,0.64,16.11,0.06,1.44,0.07,0.62,0.11,1.00,0.01,0.04,0.49,0.45,0.0006,0.0027,     0,0,0,10.90,89.10,0.00,N/A,14.23,22.89,209.98,0.62,15.53,0.07,1.69,0.00,0.62,0.00,1.00,0.00,0.00,0.65,0.78,0.0010,0.0032,     0,0,0,0.15,99.85,0.00,N/A,0.19,0.31,209.98,0.62,15.39,0.00,0.02,
2024-03-18,16:03:00.132,0.12,1.86,0.06,1.00,0.02,0.13,0.63,0.66,0.0001,0.0003,0.03,0.05,-2147483648,0.00,0.00,404.20,217.43,209.98,1.86,46.47,0.12,3.01,26.78,0.36,86.09,6.47,93.53,0.00,100.00,0.00,0.00,0.00,0.00,-nan,0.25,0.16,2.55,0.06,1.00,0.01,0.01,0.36,0.82,0.0000,0.0000,     0,0,0,0.02,0.02,-2147483648,0.00,0.00,N/A,272.27,106.98,209.98,2.55,63.63,0.16,4.05,0.08,1.19,0.07,1.00,0.01,0.12,0.69,0.63,0.0001,0.0009,     0,0,0,0.01,0.03,-2147483648,0.00,0.00,N/A,131.93,110.45,209.98,1.19,29.86,0.08,1.96,0.67,0.92,  0%,  0%,12.76,12.43, 10%, 10%,27.05,29.20, 22%, 23%,14.95,14.90, 12%, 12%,6.37,93.63,0.00,100.00,0.00,0.00,6.57,93.43,0.00,100.00,0.00,0.00,0.00,0.00,0.00 ,0.00 ,-nan ,-nan ,0.25,0.26,0.01,0.21,0.06,1.00,0.00,0.01,0.28,0.87,0.0016,0.0023,     0,0,0,6.41,93.59,0.00,N/A,2.87,13.46,209.98,0.21,5.33,0.01,0.34,0.00,0.52,0.00,1.00,0.00,0.00,0.65,0.57,0.0017,0.0063,     0,0,0,0.21,99.79,0.00,N/A,0.23,0.45,209.98,0.52,12.98,0.00,0.03,0.00,0.56,0.00,1.00,0.00,0.00,0.39,0.58,0.0023,0.0052,     0,0,0,0.21,99.79,0.00,N/A,0.24,0.43,209.98,0.56,14.06,0.00,0.03,0.32,2.92,0.11,1.00,0.00,0.00,0.61,0.84,0.0000,0.0000,     0,0,0,10.93,89.07,0.00,N/A,66.94,22.95,209.98,2.92,72.93,0.32,7.97,0.32,2.93,0.11,1.00,0.00,0.00,0.78,0.85,0.0000,0.0000,     0,0,0,10.93,89.07,0.00,N/A,67.25,22.95,209.98,2.93,73.26,0.32,8.01,0.32,2.93,0.11,1.00,0.00,0.00,0.56,0.86,0.0000,0.0000,     0,0,0,10.93,89.07,0.00,N/A,67.15,22.95,209.98,2.93,73.15,0.32,7.99,0.32,2.93,0.11,1.00,0.00,0.00,0.85,0.88,0.0000,0.0000,     0,0,0,10.92,89.08,0.00,N/A,67.24,22.93,209.98,2.93,73.29,0.32,8.00,0.00,0.41,0.00,1.00,0.00,0.00,0.37,0.60,0.0044,0.0079,     0,0,0,0.41,99.59,0.00,N/A,0.35,0.86,209.98,0.41,10.22,0.00,0.04,0.01,0.19,0.06,1.00,0.00,0.01,0.15,0.89,0.0017,0.0021,     0,0,0,6.38,93.62,0.00,N/A,2.58,13.40,209.98,0.19,4.82,0.01,0.31,0.10,0.83,0.12,1.00,0.00,0.04,0.80,0.57,0.0001,0.0018,     0,0,0,11.87,88.13,0.00,N/A,20.81,24.94,209.98,0.83,20.87,0.10,2.48,0.32,2.95,0.11,1.00,0.00,0.00,0.60,0.81,0.0000,0.0000,     0,0,0,10.93,89.07,0.00,N/A,67.62,22.95,209.98,2.95,73.67,0.32,8.05,0.00,0.50,0.00,1.00,0.00,0.00,0.13,0.69,0.0026,0.0038,     0,0,0,0.19,99.81,0.00,N/A,0.20,0.41,209.98,0.50,12.45,0.00,0.02,0.01,0.93,0.01,1.00,0.00,0.00,0.47,0.81,0.0005,0.0010,     0,0,0,1.24,98.76,0.00,N/A,2.43,2.60,209.98,0.93,23.31,0.01,0.29,0.09,0.83,0.11,1.00,0.00,0.04,0.80,0.56,0.0001,0.0019,     0,0,0,10.90,89.10,0.00,N/A,19.05,22.88,209.98,0.83,20.81,0.09,2.27,0.09,0.83,0.11,1.00,0.00,0.04,0.79,0.55,0.0001,0.0018,     0,0,0,10.91,89.09,0.00,N/A,19.06,22.91,209.98,0.83,20.80,0.09,2.27,0.00,0.50,0.00,1.00,0.00,0.00,0.31,0.69,0.0026,0.0051,     0,0,0,0.18,99.82,0.00,N/A,0.19,0.37,209.98,0.50,12.60,0.00,0.02,
2024-03-18,16:03:00.232,0.14,1.98,0.07,1.00,0.03,0.13,0.56,0.71,0.0001,0.0003,0.03,0.04,-2147483648,0.00,0.00,476.31,241.07,209.90,1.98,49.40,0.14,3.54,25.48,0.34,69.80,7.17,92.83,0.00,100.00,0.00,0.00,0.00,0.00,-nan,0.24,0.17,2.49,0.07,1.00,0.01,0.02,0.46,0.81,0.0000,0.0001,     0,0,0,0.03,0.03,-2147483648,0.00,0.00,N/A,289.42,116.06,209.90,2.49,62.34,0.17,4.31,0.11,1.49,0.07,1.00,0.02,0.11,0.58,0.69,0.0001,0.0006,     0,0,0,0.00,0.02,-2147483648,0.00,0.00,N/A,186.89,125.01,209.90,1.49,37.37,0.11,2.78,1.52,1.35,  1%,  1%,11.47,11.14,  9%,  9%,19.47,20.02, 15%, 16%,15.18,15.13, 12%, 12%,6.91,93.09,0.00,100.00,0.00,0.00,7.44,92.56,0.00,100.00,0.00,0.00,0.00,0.00,0.00 ,0.00 ,-nan ,-nan ,0.25,0.24,0.01,0.22,0.06,1.00,0.00,0.01,0.30,0.86,0.0016,0.0024,     0,0,0,6.00,94.00,0.00,N/A,2.79,12.59,209.90,0.22,5.54,0.01,0.33,0.07,2.47,0.03,1.00,0.00,0.00,0.56,0.70,0.0001,0.0002,     0,0,0,2.67,97.33,0.00,N/A,13.88,5.63,209.90,2.47,61.68,0.07,1.65,0.04,1.31,0.03,1.00,0.00,0.01,0.53,0.77,0.0002,0.0006,     0,0,0,3.39,96.61,0.00,N/A,9.35,7.14,209.90,1.31,32.73,0.04,1.11,0.09,2.64,0.03,1.00,0.00,0.00,0.64,0.70,0.0000,0.0001,     0,0,0,3.45,96.55,0.00,N/A,19.04,7.22,209.90,2.64,65.89,0.09,2.27,0.32,2.94,0.11,1.00,0.00,0.00,0.70,0.85,0.0000,0.0000,     0,0,0,10.93,89.07,0.00,N/A,67.42,22.95,209.90,2.94,73.44,0.32,8.03,0.32,2.92,0.11,1.00,0.00,0.00,0.79,0.84,0.0000,0.0000,     0,0,0,10.93,89.07,0.00,N/A,67.05,22.95,209.90,2.92,73.03,0.32,7.98,0.32,2.,0.320.,1.00,0.00,0.00,0.74,0.81,0.0000,0.0000,     0,0,0,10.92,89.08,0.00,N/A,67.01,22.93,209.90,2.92,73.06,0.32,7.98,0.20,2.93,0.07,1.00,0.00,0.00,0.80,0.73,0.0000,0.0000,     0,0,0,6.98,93.02,0.00,N/A,42.88,14.65,209.90,2.93,73.18,0.20,5.11,0.02,0.32,0.07,1.00,0.01,0.01,0.49,0.81,0.0011,0.0023,     0,0,0,6.85,93.15,0.00,N/A,4.61,14.37,209.90,0.32,8.01,0.02,0.55,0.09,0.85,0.11,1.00,0.00,0.03,0.61,0.63,0.0002,0.0015,     0,0,0,10.90,89.10,0.00,N/A,19.55,22.89,209.90,0.85,21.36,0.09,2.33,0.32,2.93,0.11,1.00,0.00,0.00,0.45,0.84,0.0000,0.0000,     0,0,0,10.93,89.07,0.00,N/A,67.20,22.94,209.90,2.93,73.23,0.32,8.00,0.00,0.81,0.00,1.00,0.00,0.00,0.77,0.75,0.0005,0.0032,     0,0,0,0.48,99.52,0.00,N/A,0.82,1.01,209.90,0.81,20.34,0.00,0.10,0.02,0.79,0.03,1.00,0.00,0.01,0.43,0.72,0.0011,0.0024,     0,0,0,2.52,97.48,0.00,N/A,4.19,5.30,209.90,0.79,19.78,0.02,0.50,0.09,0.84,0.11,1.00,0.00,0.03,0.63,0.62,0.0002,0.0016,     0,0,0,10.90,89.10,0.00,N/A,19.23,22.89,209.90,0.84,21.01,0.09,2.29,0.24,2.05,0.12,1.00,0.00,0.02,0.79,0.55,0.0000,0.0003,     0,0,0,11.89,88.11,0.00,N/A,51.06,24.96,209.90,2.05,51.14,0.24,6.08,0.10,1.90,0.05,1.00,0.00,0.01,0.57,0.84,0.0001,0.0003,     0,0,0,5.07,94.93,0.00,N/A,20.23,10.66,209.90,1.90,47.43,0.10,2.40,
2024-03-18,16:03:00.332,0.14,2.04,0.07,1.00,0.03,0.10,0.48,0.77,0.0001,0.0002,0.02,0.04,-2147483648,0.00,0.00,475.05,232.80,210.34,2.04,51.02,0.14,3.53,20.88,0.33,61.15,6.92,93.08,0.00,100.00,0.00,0.00,0.00,0.00,-nan,0.25,0.17,2.42,0.07,1.00,0.01,0.03,0.60,0.82,0.0000,0.0001,     0,0,0,0.02,0.02,-2147483648,0.00,0.00,N/A,290.61,120.19,210.34,2.42,60.45,0.17,4.32,0.11,1.64,0.07,1.00,0.02,0.07,0.37,0.73,0.0001,0.0004,     0,0,0,0.01,0.02,-2147483648,0.00,0.00,N/A,184.44,112.60,210.34,1.64,40.95,0.11,2.74,1.50,1.49,  1%,  1%,9.11,8.78,  7%,  7%,17.67,17.97, 14%, 14%,12.78,12.72, 10%, 10%,7.15,92.85,0.00,100.00,0.00,0.00,6.70,93.30,0.00,100.00,0.00,0.00,0.00,0.00,0.00 ,0.00 ,-nan ,-nan ,0.25,0.26,0.01,0.21,0.06,1.00,0.00,0.01,0.30,0.85,0.0018,0.0028,     0,0,0,6.06,93.94,0.00,N/A,2.64,12.74,210.34,0.21,5.18,0.01,0.31,0.32,2.93,0.11,1.00,0.00,0.00,0.66,0.78,0.0000,0.0000,     0,0,0,10.94,89.06,0.00,N/A,67.32,22.96,210.34,2.93,73.29,0.32,8.01,0.01,1.08,0.01,1.00,0.00,0.00,0.77,0.81,0.0003,0.0015,     0,0,0,1.30,98.70,0.00,N/A,2.94,2.71,210.34,1.08,27.05,0.01,0.35,0.04,1.20,0.03,1.00,0.00,0.01,0.88,0.87,0.0001,0.0013,     0,0,0,3.13,96.87,0.00,N/A,7.90,6.61,210.34,1.20,29.89,0.04,0.93,0.32,2.96,0.11,1.00,0.00,0.00,0.80,0.80,0.0000,0.0000,     0,0,0,10.93,89.07,0.00,N/A,67.82,22.95,210.34,2.96,73.89,0.32,8.07,0.32,2.92,0.11,1.00,0.00,0.00,0.77,0.80,0.0000,0.0000,     0,0,0,10.93,89.07,0.00,N/A,66.90,22.95,210.34,2.92,72.89,0.32,7.96,0.32,2.93,0.11,1.00,0.00,0.00,0.88,0.85,0.0000,0.0000,     0,0,0,10.92,89.08,0.00,N/A,67.29,22.94,210.34,2.93,73.34,0.32,8.01,0.04,1.23,0.03,1.00,0.01,0.01,0.45,0.70,0.0007,0.0014,     0,0,0,3.01,96.99,0.00,N/A,7.81,6.34,210.34,1.23,30.81,0.04,0.93,0.01,0.23,0.07,1.00,0.01,0.01,0.35,0.82,0.0019,0.0030,     0,0,0,6.52,93.48,0.00,N/A,3.11,13.70,210.34,0.23,5.68,0.01,0.37,0.09,0.87,0.11,1.00,0.00,0.02,0.35,0.68,0.0002,0.0012,     0,0,0,10.90,89.10,0.00,N/A,19.88,22.89,210.34,0.87,21.71,0.09,2.37,0.32,2.94,0.11,1.00,0.00,0.00,0.59,0.82,0.0000,0.0000,     0,0,0,10.93,89.07,0.00,N/A,67.39,22.95,210.34,2.94,73.39,0.32,8.02,0.00,0.96,0.01,1.00,0.00,0.00,0.49,0.88,0.0006,0.0015,     0,0,0,0.52,99.48,0.00,N/A,1.04,1.09,210.34,0.96,23.88,0.00,0.12,0.00,0.76,0.00,1.00,0.00,0.00,0.48,0.70,0.0010,0.0026,     0,0,0,0.46,99.54,0.00,N/A,0.74,0.98,210.34,0.76,18.94,0.00,0.09,0.09,0.86,0.11,1.00,0.00,0.02,0.35,0.69,0.0002,0.0012,     0,0,0,10.90,89.10,0.00,N/A,19.79,22.88,210.34,0.86,21.62,0.09,2.36,0.32,2.96,0.11,1.00,0.00,0.00,0.58,0.87,0.0000,0.0000,     0,0,0,10.92,89.08,0.00,N/A,67.99,22.94,210.34,2.96,74.11,0.32,8.09,0.02,0.87,0.02,1.00,0.00,0.01,0.37,0.77,0.0011,0.0019,     0,0,0,2.47,97.53,0.00,N/A,4.51,5.18,210.34,0.87,21.76,0.02,0.54,
2024-03-18,16:03:00.441,0.14,2.01,0.07,1.00,0.04,0.18,0.70,0.72,0.0001,0.0004,0.03,0.03,-2147483648,0.00,0.00,470.01,234.10,209.86,2.01,50.19,0.14,3.48,24.60,0.39,54.52,6.93,93.07,0.00,100.00,0.00,0.00,0.00,0.00,-nan,0.24,0.17,2.26,0.08,1.00,0.03,0.12,0.75,0.72,0.0001,0.0004,     0,0,0,0.02,0.02,-2147483648,0.00,0.00,N/A,292.38,129.25,209.86,2.26,56.56,0.17,4.30,0.11,1.69,0.06,1.00,0.01,0.06,0.36,0.73,0.0001,0.0003,     0,0,0,0.00,0.01,-2147483648,0.00,0.00,N/A,177.63,104.86,209.86,1.69,42.35,0.11,2.64,0.85,0.95,  0%,  0%,11.61,11.19,  9%,  8%,16.67,17.11, 13%, 13%,10.42,10.32,  8%,  8%,7.61,92.39,0.00,100.00,0.00,0.00,6.24,93.76,0.00,100.00,0.00,0.00,0.00,0.00,0.00 ,0.00 ,-nan ,-nan ,0.25,0.24,0.02,0.26,0.06,1.00,0.00,0.01,0.57,0.80,0.0014,0.0034,     0,0,0,6.39,93.61,0.00,N/A,3.51,13.41,209.86,0.26,6.55,0.02,0.42,0.32,2.91,0.11,1.00,0.00,0.00,0.81,0.82,0.0000,0.0000,     0,0,0,10.93,89.07,0.00,N/A,66.87,22.94,209.86,2.91,72.86,0.32,7.96,0.03,0.97,0.03,1.00,0.00,0.02,0.86,0.81,0.0003,0.0024,     0,0,0,3.34,96.66,0.00,N/A,6.81,7.00,209.86,0.97,24.30,0.03,0.81,0.07,1.04,0.07,1.00,0.00,0.07,0.94,0.71,0.0003,0.0043,     0,0,0,7.07,92.93,0.00,N/A,16.75,16.16,209.86,1.04,25.91,0.07,1.83,0.30,2.77,0.11,1.00,0.02,0.02,0.02,0.10,0.0003,0.0003,     0,0,0,10.93,89.07,0.00,N/A,63.53,22.96,209.86,2.77,69.18,0.30,7.56,0.32,2.93,0.11,1.00,0.00,0.00,0.75,0.83,0.0000,0.0000,     0,0,0,10.93,89.07,0.00,N/A,67.32,22.96,209.86,2.93,73.30,0.32,8.01,0.32,2.93,0.11,1.00,0.00,0.00,0.82,0.83,0.0000,0.0000,     0,0,0,10.92,89.08,0.00,N/A,67.20,22.94,209.86,2.93,73.25,0.32,8.00,0.00,0.45,0.00,1.00,0.00,0.00,0.40,0.57,0.0026,0.0070,     0,0,0,0.42,99.58,0.00,N/A,0.40,0.88,209.86,0.45,11.37,0.00,0.05,0.01,0.20,0.06,1.00,0.00,0.01,0.30,0.86,0.0018,0.0028,     0,0,0,5.87,94.13,0.00,N/A,2.42,12.32,209.86,0.20,4.91,0.01,0.29,0.10,0.88,0.11,1.00,0.00,0.02,0.39,0.71,0.0002,0.0011,     0,0,0,10.90,89.10,0.00,N/A,20.11,22.89,209.86,0.88,21.97,0.10,2.39,0.32,2.95,0.11,1.00,0.00,0.00,0.60,0.85,0.0000,0.0000,     0,0,0,10.93,89.07,0.00,N/A,67.63,22.95,209.86,2.95,73.69,0.32,8.05,0.00,0.37,0.00,1.00,0.00,0.00,0.55,0.68,0.0018,0.0057,     0,0,0,0.14,99.86,0.00,N/A,0.10,0.28,209.86,0.37,9.14,0.00,0.01,0.00,0.41,0.00,1.00,0.00,0.00,0.35,0.68,0.0024,0.0052,     0,0,0,0.13,99.87,0.00,N/A,0.11,0.27,209.86,0.41,10.32,0.00,0.01,0.10,0.87,0.11,1.00,0.00,0.02,0.36,0.68,0.0002,0.0012,     0,0,0,10.90,89.10,0.00,N/A,20.00,22.89,209.86,0.87,21.84,0.10,2.38,0.32,2.92,0.11,1.00,0.00,0.00,0.63,0.83,0.0000,0.0000,     0,0,0,10.93,89.07,0.00,N/A,67.10,22.95,209.86,2.92,73.10,0.32,7.99,0.00,0.50,0.00,1.00,0.00,0.00,0.45,0.69,0.0019,0.0054,     0,0,0,0.14,99.86,0.00,N/A,0.15,0.30,209.86,0.50,12.44,0.00,0.02,
2024-03-18,16:03:00.532,0.14,2.03,0.07,1.00,0.03,0.13,0.69,0.74,0.0001,0.0003,0.02,0.04,-2147483648,0.00,0.00,479.64,236.35,209.85,2.03,50.73,0.14,3.59,21.57,0.36,63.36,7.07,92.93,0.00,100.00,0.00,0.00,0.00,0.00,-nan,0.25,0.18,2.34,0.08,1.00,0.01,0.08,0.79,0.75,0.0000,0.0003,     0,0,0,0.02,0.02,-2147483648,0.00,0.00,N/A,300.06,128.42,209.85,2.34,58.41,0.18,4.51,0.11,1.66,0.06,1.00,0.01,0.06,0.31,0.73,0.0001,0.0003,     0,0,0,0.01,0.02,-2147483648,0.00,0.00,N/A,179.58,107.93,209.85,1.66,41.60,0.11,2.67,1.60,1.77,  1%,  1%,9.27,8.94,  7%,  7%,17.71,18.11, 14%, 14%,13.83,13.72, 11%, 11%,7.73,92.27,0.00,100.00,0.00,0.00,6.43,93.57,0.00,100.00,0.00,0.00,0.00,0.00,0.00 ,0.00 ,-nan ,-nan ,0.25,0.26,0.02,0.30,0.07,1.00,0.01,0.01,0.34,0.82,0.0013,0.0022,     0,0,0,6.66,93.34,0.00,N/A,4.20,13.97,209.85,0.30,7.52,0.02,0.50,0.32,2.94,0.11,1.00,0.00,0.00,0.79,0.81,0.0000,0.0000,     0,0,0,10.93,89.07,0.00,N/A,67.42,22.95,209.85,2.94,73.44,0.32,8.03,0.07,1.21,0.06,1.00,0.00,0.02,0.92,0.84,0.0001,0.0014,     0,0,0,5.88,94.12,0.00,N/A,14.99,12.34,209.85,1.21,30.37,0.07,1.78,0.06,1.20,0.05,1.00,0.01,0.04,0.84,0.63,0.0006,0.0036,     0,0,0,4.90,95.10,0.00,N/A,11.33,9.41,209.85,1.20,30.12,0.06,1.47,0.32,2.92,0.11,1.00,0.00,0.00,0.70,0.74,0.0000,0.0000,     0,0,0,10.93,89.07,0.00,N/A,67.08,22.95,209.85,2.92,73.06,0.32,7.99,0.32,2.93,0.11,1.00,0.00,0.00,0.79,0.83,0.0000,0.0000,     0,0,0,10.92,89.08,0.00,N/A,67.24,22.94,209.85,2.93,73.27,0.32,8.00,0.32,2.93,0.11,1.00,0.00,0.00,0.69,0.86,0.0000,0.0000,     0,0,0,10.93,89.07,0.00,N/A,67.16,22.95,209.85,22.,673.16,0.32,7.99,0.00,0.69,0.00,1.00,0.00,0.00,0.48,0.66,0.0011,0.0038,     0,0,0,0.43,99.57,0.00,N/A,0.63,0.91,209.85,0.69,17.26,0.00,0.07,0.01,0.19,0.06,1.00,0.00,0.01,0.19,0.88,0.0018,0.0024,     0,0,0,6.13,93.87,0.00,N/A,2.49,12.86,209.85,0.19,4.85,0.01,0.30,0.10,0.87,0.11,1.00,0.00,0.02,0.38,0.70,0.0002,0.0011,     0,0,0,10.90,89.10,0.00,N/A,19.97,22.89,209.85,0.87,21.81,0.10,2.38,0.32,2.95,0.11,1.00,0.00,0.00,0.59,0.88,0.0000,0.0000,     0,0,0,10.93,89.07,0.00,N/A,67.66,22.94,209.85,2.95,73.73,0.32,8.06,0.08,0.86,0.09,1.00,0.00,0.02,0.32,0.68,0.0002,0.0012,     0,0,0,8.93,91.07,0.00,N/A,16.18,18.80,209.85,0.86,21.52,0.08,1.92,0.00,0.44,0.00,1.00,0.00,0.00,0.43,0.67,0.0022,0.0061,     0,0,0,0.25,99.75,0.00,N/A,0.23,0.53,209.85,0.44,10.96,0.00,0.03,0.03,0.85,0.03,1.00,0.00,0.01,0.33,0.66,0.0002,0.0013,     0,0,0,3.03,96.97,0.00,N/A,5.38,6.34,209.85,0.85,21.21,0.03,0.64,0.32,2.93,0.11,1.00,0.00,0.00,0.67,0.81,0.0000,0.0000,     0,0,0,10.92,89.08,0.00,N/A,67.12,22.93,209.85,2.93,73.16,0.32,7.99,0.00,0.86,0.00,1.00,0.00,0.00,0.35,0.69,0.0007,0.0019,     0,0,0,0.30,99.70,0.00,N/A,0.54,0.63,209.85,0.86,21.40,0.00,0.06,
2024-03-18,16:03:00.633,0.15,2.02,0.07,1.00,0.04,0.18,0.72,0.71,0.0001,0.0004,0.03,0.04,-2147483648,0.00,0.00,494.58,244.90,212.14,2.02,50.49,0.15,3.64,20.06,0.31,61.21,7.22,92.78,0.00,100.00,0.00,0.00,0.00,0.00,-nan,0.25,0.19,2.29,0.08,1.00,0.02,0.12,0.80,0.71,0.0001,0.0004,     0,0,0,0.03,0.02,-2147483648,0.00,0.00,N/A,316.99,138.16,212.14,2.29,57.36,0.19,4.67,0.10,1.66,0.06,1.00,0.02,0.06,0.31,0.71,0.0001,0.0004,     0,0,0,0.00,0.01,-2147483648,0.00,0.00,N/A,177.59,106.74,212.14,1.66,41.59,0.10,2.62,1.54,1.53,  1%,  1%,8.65,8.34,  6%,  6%,17.49,17.51, 14%, 14%,13.12,13.08, 10%, 10%,8.14,91.86,0.00,100.00,0.00,0.00,6.29,93.71,0.00,100.00,0.00,0.00,0.00,0.00,0.00 ,0.00 ,-nan ,-nan ,0.25,0.25,0.02,0.29,0.06,1.00,0.00,0.01,0.27,0.86,0.0012,0.0018,     0,0,0,6.24,93.76,0.00,N/A,3.79,13.23,212.14,0.29,7.16,0.02,0.45,0.35,2.93,0.12,1.00,0.00,0.00,0.56,0.75,0.0000,0.0000,     0,0,0,11.81,88.19,0.00,N/A,73.42,25.04,212.14,2.93,73.30,0.35,8.65,0.03,0.79,0.04,1.00,0.01,0.07,0.89,0.52,0.0012,0.0109,     0,0,0,3.65,96.35,0.00,N/A,6.17,7.76,212.14,0.79,19.87,0.03,0.73,0.10,1.11,0.09,1.00,0.01,0.04,0.75,0.80,0.0005,0.0020,     0,0,0,8.82,91.18,0.00,N/A,20.56,18.55,212.14,1.11,27.71,0.10,2.44,0.35,2.93,0.12,1.00,0.00,0.00,0.72,0.77,0.0000,0.0000,     0,0,0,11.80,88.20,0.00,N/A,73.35,25.03,212.14,2.93,73.26,0.35,8.65,0.34,2.90,0.12,1.00,0.00,0.00,0.67,0.76,0.0000,0.0000,     0,0,0,11.81,88.19,0.00,N/A,72.67,25.05,212.14,2.90,72.53,0.34,8.57,0.31,2.91,0.11,1.00,0.00,0.00,0.65,0.75,0.0000,0.0000,     0,0,0,10.81,89.19,0.00,N/A,66.77,22.93,212.14,2.91,72.78,0.31,7.87,0.00,0.48,0.00,1.00,0.00,0.00,0.39,0.70,0.0016,0.0041,     0,0,0,0.26,99.74,0.00,N/A,0.27,0.56,212.14,0.48,12.08,0.00,0.03,0.01,0.19,0.06,1.00,0.01,0.01,0.24,0.86,0.0020,0.0028,     0,0,0,6.04,93.96,0.00,N/A,2.47,12.81,212.14,0.19,4.82,0.01,0.29,0.07,0.87,0.08,1.00,0.00,0.02,0.38,0.69,0.0002,0.0012,     0,0,0,7.89,92.11,0.00,N/A,14.52,16.68,212.14,0.87,21.77,0.07,1.72,0.31,2.91,0.11,1.00,0.00,0.00,0.61,0.77,0.0000,0.0000,     0,0,0,10.82,89.18,0.00,N/A,66.76,22.95,212.14,2.91,72.71,0.31,7.87,0.09,0.86,0.11,1.00,0.00,0.03,0.31,0.66,0.0002,0.0013,     0,0,0,10.78,89.22,0.00,N/A,19.74,22.87,212.14,0.86,21.58,0.09,2.33,0.00,0.71,0.01,1.00,0.00,0.00,0.34,0.63,0.0019,0.0032,     0,0,0,0.62,99.38,0.00,N/A,0.93,1.31,212.14,0.71,17.65,0.00,0.11,0.09,2.78,0.03,1.00,0.00,0.00,0.34,0.66,0.0000,0.0000,     0,0,0,3.12,96.88,0.00,N/A,18.45,6.64,212.14,2.78,69.48,0.09,2.17,0.23,2.94,0.08,1.00,0.00,0.00,0.67,0.72,0.0000,0.0000,     0,0,0,7.94,92.06,0.00,N/A,49.40,16.78,212.14,2.94,73.60,0.23,5.84,0.02,0.79,0.03,1.00,0.00,0.01,0.30,0.63,0.0005,0.0017,     0,0,0,3.15,96.85,0.00,N/A,5.32,6.70,212.14,0.79,19.85,0.02,0.62,
2024-03-18,16:03:00.734,0.14,2.11,0.07,1.00,0.02,0.08,0.44,0.73,0.0000,0.0002,0.02,0.03,-2147483648,0.00,0.00,476.55,225.49,211.61,2.11,52.83,0.14,3.52,20.29,0.37,55.21,6.66,93.34,0.00,100.00,0.00,0.00,0.00,0.00,-nan,0.25,0.17,2.51,0.07,1.00,0.01,0.02,0.51,0.74,0.0000,0.0001,     0,0,0,0.01,0.01,-2147483648,0.00,0.00,N/A,283.58,113.07,211.61,2.51,62.70,0.17,4.19,0.11,1.72,0.07,1.00,0.01,0.06,0.37,0.72,0.0001,0.0003,     0,0,0,0.01,0.02,-2147483648,0.00,0.00,N/A,192.97,112.42,211.61,1.72,42.91,0.11,2.85,1.00,1.22,  0%,  0%,9.19,8.88,  7%,  7%,17.04,17.40, 13%, 14%,10.44,10.32,  8%,  8%,6.68,93.32,0.00,100.00,0.00,0.00,6.63,93.37,0.00,100.00,0.00,0.00,0.00,0.00,0.00 ,0.00 ,-nan ,-nan ,0.26,0.24,0.02,0.24,0.06,1.00,0.01,0.01,0.58,0.78,0.0016,0.0040,     0,0,0,6.50,93.50,0.00,N/A,3.24,13.75,211.61,0.24,5.88,0.02,0.38,0.23,2.94,0.08,1.00,0.00,0.00,0.71,0.81,0.0000,0.0000,     0,0,0,7.93,92.07,0.00,N/A,49.26,16.73,211.61,2.94,73.62,0.23,5.84,0.02,1.08,0.02,1.00,0.00,0.00,0.23,0.61,0.0007,0.0011,     0,0,0,1.52,98.48,0.00,N/A,3.48,3.21,211.61,1.08,27.12,0.02,0.41,0.09,2.60,0.04,1.00,0.00,0.00,0.57,0.64,0.0000,0.0001,     0,0,0,3.52,96.48,0.00,N/A,19.45,7.48,211.61,2.60,64.97,0.09,2.28,0.32,2.93,0.11,1.00,0.00,0.00,0.80,0.86,0.0000,0.0000,     0,0,0,10.82,89.18,0.00,N/A,67.17,22.95,211.61,2.93,73.17,0.32,7.92,0.32,2.93,0.11,1.00,0.00,0.00,0.78,0.79,0.0000,0.0000,     0,0,0,10.82,89.18,0.00,N/A,67.18,22.94,211.61,2.93,73.21,0.32,7.92,0.34,2.92,0.12,1.00,0.00,0.00,0.83,0.79,0.0000,0.0000,     0,0,0,11.80,88.20,0.00,N/A,73.11,25.02,211.61,2.92,73.06,0.34,8.62,0.00,0.70,0.00,1.00,0.00,0.00,0.34,0.57,0.0015,0.0027,     0,0,0,0.47,99.53,0.00,N/A,0.70,1.00,211.61,0.70,17.54,0.00,0.08,0.01,0.19,0.06,1.00,0.00,0.01,0.27,0.86,0.0019,0.0028,     0,0,0,6.09,93.91,0.00,N/A,2.46,12.91,211.61,0.19,4.77,0.01,0.29,0.04,1.00,0.04,1.00,0.00,0.01,0.41,0.65,0.0002,0.0011,     0,0,0,3.59,96.41,0.00,N/A,7.61,7.63,211.61,1.00,24.92,0.04,0.89,0.35,2.94,0.12,1.00,0.00,0.00,0.61,0.77,0.0000,0.0000,     0,0,0,11.79,88.21,0.00,N/A,73.45,25.01,211.61,2.94,73.43,0.35,8.66,0.07,0.87,0.08,1.00,0.00,0.02,0.40,0.70,0.0001,0.0011,     0,0,0,7.91,92.09,0.00,N/A,14.56,16.69,211.61,0.87,21.81,0.07,1.72,0.03,0.87,0.03,1.00,0.00,0.01,0.41,0.71,0.0002,0.0014,     0,0,0,3.26,96.74,0.00,N/A,6.06,6.92,211.61,0.87,21.87,0.03,0.71,0.35,2.93,0.12,1.00,0.00,0.00,0.42,0.88,0.0000,0.0000,     0,0,0,11.80,88.20,0.00,N/A,73.30,25.03,211.61,2.93,73.21,0.35,8.64,0.00,0.67,0.01,1.00,0.00,0.00,0.37,0.72,0.0015,0.0026,     0,0,0,0.59,99.41,0.00,N/A,0.84,1.25,211.61,0.67,16.79,0.00,0.10,0.07,0.87,0.08,1.00,0.00,0.02,0.43,0.67,0.0002,0.0013,     0,0,0,8.05,91.95,0.00,N/A,14.70,16.99,211.61,0.87,21.63,0.07,1.74,
2024-03-18,16:03:00.834,0.13,2.11,0.06,1.00,0.03,0.08,0.31,0.72,0.0001,0.0002,0.04,0.03,-2147483648,0.00,0.00,453.26,214.59,210.35,2.11,52.80,0.13,3.37,18.66,0.26,59.56,6.38,93.62,0.00,100.00,0.00,0.00,0.00,0.00,-nan,0.25,0.16,2.54,0.06,1.00,0.01,0.02,0.53,0.79,0.0000,0.0001,     0,0,0,0.02,0.02,-2147483648,0.00,0.00,N/A,273.82,108.00,210.35,2.54,63.38,0.16,4.07,0.11,1.68,0.06,1.00,0.02,0.07,0.21,0.70,0.0001,0.0004,     0,0,0,0.02,0.01,-2147483648,0.00,0.00,N/A,179.44,106.59,210.35,1.68,42.09,0.11,2.67,0.80,0.84,  0%,  0%,8.66,8.36,  6%,  6%,20.45,19.51, 16%, 15%,9.87,9.72,  7%,  7%,6.42,93.58,0.00,100.00,0.00,0.00,6.34,93.66,0.00,100.00,0.00,0.00,0.00,0.00,0.00 ,0.00 ,-nan ,-nan ,0.24,0.26,0.01,0.23,0.06,1.00,0.00,0.01,0.39,0.85,0.0015,0.0027,     0,0,0,6.33,93.67,0.00,N/A,3.01,13.32,210.35,0.23,5.65,0.01,0.36,0.00,0.57,0.01,1.00,0.00,0.00,0.53,0.57,0.0015,0.0045,     0,0,0,0.55,99.45,0.00,N/A,0.65,1.16,210.35,0.57,14.13,0.00,0.08,0.00,1.05,0.00,1.00,0.00,0.00,0.87,0.69,0.0002,0.0021,     0,0,0,0.30,99.70,0.00,N/A,0.67,0.64,210.35,1.05,26.14,0.00,0.08,0.32,2.93,0.11,1.00,0.00,0.00,0.78,0.80,0.0000,0.0000,     0,0,0,10.93,89.07,0.00,N/A,67.22,22.95,210.35,2.93,73.22,0.32,8.00,0.32,2.94,0.11,1.00,0.00,0.00,0.94,0.88,0.0000,0.0000,     0,0,0,10.93,89.07,0.00,N/A,67.53,22.95,210.35,2.94,73.56,0.32,8.04,0.32,2.94,0.11,1.00,0.00,0.00,0.82,0.89,0.0000,0.0000,     0,0,0,10.93,89.07,0.00,N/A,67.40,22.95,210.35,2.94,73.42,0.32,8.02,0.32,2.90,0.11,1.00,0.00,0.00,0.88,0.85,0.0000,0.0000,     0,0,0,10.92,89.08,0.00,N/A,66.42,22.94,210.35,2.90,72.38,0.32,7.91,0.00,0.84,0.01,1.00,0.00,0.00,0.78,0.60,0.0005,0.0038,     0,0,0,0.52,99.48,0.00,N/A,0.90,0,,0,210.35,0.84,21.08,0.00,0.11,0.01,0.19,0.06,1.00,0.00,0.01,0.18,0.89,0.0017,0.0022,     0,0,0,6.30,93.70,0.00,N/A,2.58,13.24,210.35,0.19,4.87,0.01,0.31,0.07,0.89,0.08,1.00,0.00,0.02,0.35,0.71,0.0002,0.0011,     0,0,0,7.99,92.01,0.00,N/A,14.83,16.70,210.35,0.89,22.19,0.07,1.77,0.32,2.94,0.11,1.00,0.00,0.00,0.65,0.85,0.0000,0.0000,     0,0,0,10.93,89.07,0.00,N/A,67.41,22.95,210.35,2.94,73.44,0.32,8.03,0.03,0.86,0.03,1.00,0.00,0.01,0.33,0.67,0.0002,0.0013,     0,0,0,3.07,96.93,0.00,N/A,5.56,6.48,210.35,0.86,21.46,0.03,0.66,0.08,0.94,0.08,1.00,0.01,0.03,0.12,0.57,0.0008,0.0017,     0,0,0,8.26,91.74,0.00,N/A,16.32,17.28,210.35,0.94,23.61,0.08,1.95,0.32,2.92,0.11,1.00,0.00,0.00,0.63,0.79,0.0000,0.0000,     0,0,0,10.93,89.07,0.00,N/A,67.07,22.95,210.35,2.92,73.08,0.32,7.99,0.03,0.84,0.03,1.00,0.00,0.01,0.42,0.67,0.0002,0.0015,     0,0,0,3.10,96.90,0.00,N/A,5.46,6.54,210.35,0.84,20.90,0.03,0.65,0.00,0.44,0.00,1.00,0.00,0.00,0.51,0.79,0.0018,0.0044,     0,0,0,0.22,99.78,0.00,N/A,0.20,0.46,210.35,0.44,11.01,0.00,0.02,
2024-03-18,16:03:00.934,0.13,2.13,0.06,1.00,0.02,0.07,0.37,0.76,0.0000,0.0001,0.02,0.03,-2147483648,0.00,0.00,449.22,211.15,210.42,2.13,53.19,0.13,3.34,18.80,0.36,56.57,6.28,93.72,0.00,100.00,0.00,0.00,0.00,0.00,-nan,0.25,0.16,2.58,0.06,1.00,0.00,0.01,0.39,0.85,0.0000,0.0000,     0,0,0,0.01,0.01,-2147483648,0.00,0.00,N/A,270.72,105.03,210.42,2.58,64.44,0.16,4.02,0.11,1.68,0.06,1.00,0.01,0.06,0.36,0.73,0.0001,0.0003,     0,0,0,0.01,0.02,-2147483648,0.00,0.00,N/A,178.50,106.13,210.42,1.68,42.05,0.11,2.65,0.60,0.65,  0%,  0%,8.93,8.61,  7%,  6%,17.04,18.49, 13%, 15%,10.60,10.44,  8%,  8%,6.25,93.75,0.00,100.00,0.00,0.00,6.31,93.69,0.00,100.00,0.00,0.00,0.00,0.00,0.00 ,0.00 ,-nan ,-nan ,0.26,0.24,0.01,0.21,0.06,1.00,0.00,0.01,0.26,0.87,0.0017,0.0024,     0,0,0,5.87,94.13,0.00,N/A,2.54,12.35,210.42,0.21,5.14,0.01,0.30,0.00,0.46,0.00,1.00,0.00,0.00,0.77,0.78,0.0004,0.0039,     0,0,0,0.08,99.92,0.00,N/A,0.08,0.17,210.42,0.46,11.55,0.00,0.01,0.26,2.89,0.09,1.00,0.00,0.00,0.71,0.71,0.0000,0.0000,     0,0,0,8.91,91.09,0.00,N/A,54.36,18.79,210.42,2.89,72.33,0.26,6.45,0.32,2.91,0.11,1.00,0.00,0.00,0.64,0.86,0.0000,0.0000,     0,0,0,10.93,89.07,0.00,N/A,66.90,22.95,210.42,2.91,72.86,0.32,7.96,0.32,2.92,0.11,1.00,0.00,0.00,0.85,0.90,0.0000,0.0000,     0,0,0,10.93,89.07,0.00,N/A,67.00,22.94,210.42,2.92,73.01,0.32,7.98,0.32,2.92,0.11,1.00,0.00,0.00,0.75,0.86,0.0000,0.0000,     0,0,0,10.93,89.07,0.00,N/A,67.06,22.94,210.42,2.92,73.08,0.32,7.98,0.06,2.83,0.02,1.00,0.00,0.00,0.69,0.74,0.0000,0.0000,     0,0,0,2.09,97.91,0.00,N/A,12.43,4.39,210.42,2.83,70.82,0.06,1.48,0.00,0.73,0.00,1.00,0.00,0.00,0.78,0.64,0.0006,0.0039,     0,0,0,0.24,99.76,0.00,N/A,0.36,0.50,210.42,0.73,18.21,0.00,0.04,0.01,0.19,0.06,1.00,0.00,0.01,0.24,0.87,0.0017,0.0025,     0,0,0,6.02,93.98,0.00,N/A,2.42,12.67,210.42,0.19,4.78,0.01,0.29,0.03,0.87,0.03,1.00,0.00,0.01,0.39,0.73,0.0002,0.0011,     0,0,0,3.14,96.86,0.00,N/A,5.73,6.62,210.42,0.87,21.65,0.03,0.68,0.32,2.94,0.11,1.00,0.00,0.00,0.59,0.82,0.0000,0.0000,     0,0,0,10.93,89.07,0.00,N/A,67.43,22.96,210.42,2.94,73.44,0.32,8.03,0.07,0.87,0.08,1.00,0.00,0.02,0.37,0.67,0.0002,0.0012,     0,0,0,7.99,92.01,0.00,N/A,14.60,16.75,210.42,0.87,21.79,0.07,1.74,0.03,0.87,0.03,1.00,0.00,0.01,0.50,0.71,0.0002,0.0012,     0,0,0,3.14,96.86,0.00,N/A,5.74,6.61,210.42,0.87,21.68,0.03,0.68,0.32,2.95,0.11,1.00,0.00,0.00,0.57,0.83,0.0000,0.0000,     0,0,0,10.93,89.07,0.00,N/A,67.64,22.95,210.42,2.95,73.68,0.32,8.05,0.07,0.87,0.08,1.00,0.00,0.02,0.43,0.69,0.0001,0.0012,     0,0,0,7.96,92.04,0.00,N/A,14.49,16.68,210.42,0.87,21.72,0.07,1.73,0.00,0.50,0.00,1.00,0.00,0.00,0.35,0.68,0.0024,0.0046,     0,0,0,0.42,99.58,0.00,N/A,0.44,0.89,210.42,0.50,12.41,0.00,0.05,
2024-03-18,16:03:01.087,0.12,1.85,0.06,1.00,0.09,0.22,0.31,0.64,0.0002,0.0004,0.03,0.04,-2147483648,0.00,0.00,506.91,273.93,259.79,1.85,46.26,0.12,2.94,23.95,0.35,64.31,6.37,93.63,0.00,100.00,0.00,0.00,0.00,0.00,-nan,0.25,0.15,1.99,0.07,1.00,0.07,0.17,0.32,0.56,0.0002,0.0005,     0,0,0,0.02,0.02,-2147483648,0.00,0.00,N/A,319.30,160.57,259.79,1.99,49.71,0.15,3.66,0.09,1.66,0.05,0.99,0.02,0.06,0.30,0.76,0.0001,0.0003,     0,0,0,0.01,0.02,-2147483648,0.00,0.00,N/A,187.61,113.35,259.79,1.66,41.38,0.09,2.20,2.95,2.98,  1%,  1%,9.20,8.83,  5%,  5%,17.98,17.75, 11%, 11%,14.33,14.25,  9%,  8%,7.36,92.64,0.00,100.00,0.00,0.00,5.35,94.65,0.00,100.00,0.00,0.00,0.00,0.00,0.00 ,0.00 ,-nan ,-nan ,0.24,0.25,0.02,0.29,0.07,1.00,0.01,0.02,0.41,0.76,0.0015,0.0032,     0,0,0,6.98,93.02,0.00,N/A,5.21,18.14,259.79,0.29,7.18,0.02,0.50,0.07,1.72,0.04,1.00,0.00,0.02,0.50,0.52,0.0002,0.0010,     0,0,0,4.28,95.72,0.00,N/A,20.05,11.66,259.79,1.72,43.00,0.07,1.84,0.27,2.55,0.11,1.00,0.00,0.02,0.41,0.55,0.0001,0.0002,     0,0,0,10.76,89.24,0.00,N/A,74.51,29.20,259.79,2.55,63.79,0.27,6.86,0.27,2.51,0.11,1.00,0.01,0.02,0.43,0.55,0.0001,0.0002,     0,0,0,10.76,89.24,0.00,N/A,73.39,29.19,259.79,2.51,62.85,0.27,6.77,0.20,2.27,0.09,1.00,0.01,0.02,0.34,0.57,0.0001,0.0003,     0,0,0,8.96,91.04,0.00,N/A,56.82,25.08,259.79,2.27,56.63,0.20,5.07,0.18,2.03,0.09,1.00,0.03,0.04,0.11,0.39,0.0005,0.0008,     0,0,0,8.89,91.11,0.00,N/A,51.00,25.09,259.79,2.03,50.82,0.18,4.52,0.09,1.97,0.05,1.00,0.01,0.02,0.38,0.52,0.0003,0.0008,     0,0,0,4.61,95.39,0.00,N/A,24.87,12.60,259.79,1.97,49.36,0.09,2.28,0.05,1.40,0.04,1.00,0.01,0.02,0.38,0.57,0.0006,0.0014,     0,0,0,3.55,96.45,0.00,N/A,13.44,9.61,259.79,1.40,34.96,0.05,1.24,0.02,0.28,0.07,0.98,0.01,0.02,0.21,0.81,0.0020,0.0026,     0,0,0,7.21,92.79,0.00,N/A,6.37,22.85,259.79,0.28,6.97,0.02,0.49,0.06,0.88,0.06,1.00,0.00,0.02,0.37,0.71,0.0002,0.0011,     0,0,0,6.48,93.52,0.00,N/A,14.73,16.71,259.79,0.88,22.04,0.06,1.43,0.26,2.92,0.09,1.00,0.00,0.00,0.57,0.73,0.0000,0.0000,     0,0,0,8.97,91.03,0.00,N/A,67.58,23.13,259.79,2.92,73.04,0.26,6.54,0.03,0.96,0.03,0.99,0.00,0.00,0.33,0.87,0.0003,0.0005,     0,0,0,2.63,97.37,0.00,N/A,6.50,6.77,259.79,0.96,24.02,0.03,0.63,0.06,0.88,0.06,1.00,0.00,0.02,0.46,0.69,0.0001,0.0012,     0,0,0,6.48,93.52,0.00,N/A,14.76,16.71,259.79,0.88,22.08,0.06,1.43,0.19,2.93,0.06,1.00,0.00,0.00,0.48,0.84,0.0000,0.0000,     0,0,0,6.50,93.50,0.00,N/A,49.07,16.75,259.79,2.93,73.22,0.19,4.75,0.06,2.75,0.02,0.99,0.00,0.00,0.51,0.69,0.0000,0.0001,     0,0,0,2.03,97.97,0.00,N/A,14.31,5.21,259.79,2.75,68.67,0.06,1.38,0.06,2.74,0.02,0.99,0.00,0.00,0.34,0.63,0.0000,0.0001,     0,0,0,2.03,97.97,0.00,N/A,14.29,5.22,259.79,2.74,68.46,0.06,1.38,
2024-03-18,16:03:01.158,0.06,0.89,0.06,1.00,0.18,0.45,0.38,0.54,0.0010,0.0025,0.04,0.03,-2147483648,0.00,0.00,177.68,199.72,208.39,0.89,22.24,0.06,1.39,29.11,0.42,72.69,6.26,93.74,0.00,100.00,0.00,0.00,0.00,0.00,-nan,0.25,0.10,0.93,0.11,1.00,0.14,0.39,0.39,0.52,0.0009,0.0025,     0,0,0,0.02,0.01,-2147483648,0.00,0.00,N/A,159.57,171.35,208.39,0.93,23.28,0.10,2.53,0.01,0.64,0.02,1.00,0.03,0.05,0.32,0.62,0.0019,0.0028,     0,0,0,0.02,0.02,-2147483648,0.00,0.00,N/A,18.11,28.37,208.39,0.64,15.96,0.01,0.28,8.70,8.59,  7%,  7%,6.04,5.77,  5%,  4%,18.78,19.25, 16%, 16%,16.97,17.68, 14%, 15%,10.85,89.15,0.00,100.00,0.00,0.00,1.76,98.24,0.00,100.00,0.00,0.00,0.00,0.00,0.00 ,0.00 ,-nan ,-nan ,0.25,0.25,0.02,0.30,0.07,1.00,0.01,0.01,0.44,0.74,0.0018,0.0034,     0,0,0,7.20,92.80,0.00,N/A,4.44,15.01,208.39,0.30,7.40,0.02,0.53,0.13,1.15,0.12,1.00,0.01,0.05,0.54,0.44,0.0004,0.0020,     0,0,0,11.50,88.50,0.00,N/A,26.39,22.95,208.39,1.15,28.75,0.13,3.31,0.13,1.17,0.11,1.00,0.01,0.05,0.44,0.45,0.0005,0.0017,     0,0,0,11.46,88.54,0.00,N/A,26.76,22.89,208.39,1.17,29.23,0.13,3.35,0.12,1.03,0.12,1.00,0.03,0.08,0.40,0.54,0.0013,0.0034,     0,0,0,11.51,88.49,0.00,N/A,23.63,22.92,208.39,1.03,25.77,0.12,2.97,0.09,0.80,0.11,1.00,0.02,0.04,0.28,0.53,0.0012,0.0025,     0,0,0,11.07,88.93,0.00,N/A,16.81,20.93,208.39,0.80,20.08,0.09,2.22,0.09,0.82,0.11,1.00,0.02,0.05,0.37,0.50,0.0011,0.0027,     0,0,0,11.18,88.82,0.00,N/A,17.02,20.82,208.39,0.82,20.44,0.09,2.28,0.12,1.02,0.12,1.00,0.02,0.06,0.37,0.55,0.0010,0.0028,     0,0,0,11.50,88.50,0.00,N/A,23.26,22.88,208.39,1.02,25.41,0.12,2.92,0.11,0.93,0.12,1.00,0.02,0.05,0.36,0.48,0.0009,0.0022,     0,0,0,11.58,88.42,0.00,N/A,21.26,22.95,208.39,0.93,23.16,0.11,2.68,0.01,0.23,0.06,1.00,0.00,0.00,0.29,0.88,0.0014,0.0021,     0,0,0,5.5,00.001,0.00,N/A,1.79,7.97,208.39,0.23,5.63,0.01,0.31,0.00,0.43,0.00,1.00,0.00,0.00,0.60,0.67,0.0016,0.0057,     0,0,0,0.14,99.86,0.00,N/A,0.13,0.29,208.39,0.43,10.79,0.00,0.01,0.06,0.81,0.08,1.00,0.03,0.04,0.24,0.50,0.0022,0.0028,     0,0,0,7.90,92.10,0.00,N/A,13.46,16.59,208.39,0.81,20.28,0.06,1.60,0.00,1.28,0.00,1.00,0.00,0.00,0.62,0.75,0.0002,0.0006,     0,0,0,0.32,99.68,0.00,N/A,0.87,0.68,208.39,1.28,31.97,0.00,0.10,0.00,0.41,0.00,1.00,0.00,0.00,0.55,0.72,0.0019,0.0050,     0,0,0,0.13,99.87,0.00,N/A,0.11,0.26,208.39,0.41,10.20,0.00,0.01,0.00,0.45,0.00,1.00,0.00,0.00,0.75,0.78,0.0009,0.0040,     0,0,0,0.09,99.91,0.00,N/A,0.08,0.18,208.39,0.45,11.18,0.00,0.01,0.01,0.73,0.01,1.00,0.00,0.00,0.83,0.66,0.0006,0.0044,     0,0,0,0.69,99.31,0.00,N/A,1.06,1.45,208.39,0.73,18.15,0.01,0.13,0.00,0.66,0.00,1.00,0.00,0.00,0.62,0.63,0.0011,0.0041,     0,0,0,0.45,99.55,0.00,N/A,0.62,0.94,208.39,0.66,16.42,0.00,0.07,
2024-03-18,16:03:01.263,0.05,0.77,0.07,1.00,0.24,0.46,0.31,0.56,0.0013,0.0025,0.05,0.05,-2147483648,0.00,0.00,180.03,234.46,211.53,0.77,19.20,0.05,1.32,39.10,0.39,101.96,6.87,93.13,0.00,100.00,0.00,0.00,0.00,0.00,-nan,0.24,0.07,0.81,0.09,1.00,0.14,0.32,0.35,0.50,0.0011,0.0025,     0,0,0,0.02,0.01,-2147483648,0.00,0.00,N/A,127.28,156.23,211.53,0.81,20.37,0.07,1.87,0.03,0.67,0.05,1.00,0.10,0.14,0.25,0.65,0.0019,0.0026,     0,0,0,0.03,0.03,-2147483648,0.00,0.00,N/A,52.75,78.24,211.53,0.67,16.86,0.03,0.77,11.26,9.37,  9%,  7%,9.29,9.19,  7%,  7%,26.90,25.65, 21%, 20%,23.60,25.81, 18%, 20%,9.17,90.83,0.00,100.00,0.00,0.00,4.58,95.42,0.00,100.00,0.00,0.00,0.00,0.00,0.00 ,0.00 ,-nan ,-nan ,0.23,0.25,0.03,0.37,0.08,1.00,0.01,0.02,0.40,0.72,0.0016,0.0035,     0,0,0,7.93,92.07,0.00,N/A,6.18,16.78,211.53,0.37,9.21,0.03,0.73,0.13,1.21,0.11,1.00,0.01,0.04,0.38,0.40,0.0005,0.0015,     0,0,0,10.97,89.03,0.00,N/A,27.77,22.95,211.53,1.21,30.25,0.13,3.32,0.10,0.94,0.11,1.00,0.01,0.05,0.50,0.45,0.0005,0.0022,     0,0,0,11.00,89.00,0.00,N/A,21.58,22.89,211.53,0.94,23.57,0.10,2.59,0.11,1.05,0.11,1.00,0.03,0.06,0.31,0.52,0.0013,0.0026,     0,0,0,10.51,89.49,0.00,N/A,24.05,22.95,211.53,1.05,26.20,0.11,2.75,0.07,0.69,0.11,1.00,0.02,0.05,0.32,0.52,0.0015,0.0031,     0,0,0,10.76,89.24,0.00,N/A,16.48,23.73,211.53,0.69,17.36,0.07,1.87,0.07,0.72,0.10,1.00,0.02,0.04,0.31,0.46,0.0014,0.0030,     0,0,0,9.72,90.28,0.00,N/A,15.07,20.89,211.53,0.72,18.04,0.07,1.75,0.03,0.65,0.05,1.00,0.01,0.02,0.31,0.48,0.0016,0.0035,     0,0,0,4.99,95.01,0.00,N/A,6.91,10.57,211.53,0.65,16.35,0.03,0.82,0.04,0.60,0.07,1.00,0.01,0.03,0.27,0.41,0.0015,0.0030,     0,0,0,7.38,92.62,0.00,N/A,9.24,15.47,211.53,0.60,14.93,0.04,1.10,0.02,0.29,0.08,1.00,0.01,0.01,0.38,0.76,0.0017,0.0030,     0,0,0,7.97,92.03,0.00,N/A,4.89,16.76,211.53,0.29,7.29,0.02,0.58,0.04,0.82,0.05,1.00,0.02,0.02,0.27,0.69,0.0017,0.0024,     0,0,0,5.22,94.78,0.00,N/A,9.13,11.17,211.53,0.82,20.42,0.04,1.07,0.07,0.63,0.11,1.00,0.05,0.06,0.17,0.48,0.0034,0.0041,     0,0,0,10.90,89.10,0.00,N/A,14.41,22.91,211.53,0.63,15.72,0.07,1.71,0.05,0.84,0.05,1.00,0.02,0.02,0.11,0.64,0.0018,0.0021,     0,0,0,5.49,94.51,0.00,N/A,10.30,12.28,211.53,0.84,20.97,0.05,1.15,0.01,1.05,0.01,1.00,0.00,0.00,0.68,0.88,0.0004,0.0015,     0,0,0,0.86,99.14,0.00,N/A,1.91,1.81,211.53,1.05,26.36,0.01,0.23,0.00,0.53,0.01,1.00,0.00,0.00,0.54,0.65,0.0010,0.0035,     0,0,0,0.73,99.27,0.00,N/A,0.82,1.53,211.53,0.53,13.35,0.00,0.10,0.02,0.78,0.02,1.00,0.00,0.01,0.38,0.62,0.0010,0.0017,     0,0,0,1.93,98.07,0.00,N/A,3.16,4.06,211.53,0.78,19.44,0.02,0.38,0.04,1.06,0.04,1.00,0.00,0.01,0.53,0.78,0.0006,0.0014,     0,0,0,3.53,96.47,0.00,N/A,8.14,7.70,211.53,1.06,26.41,0.04,0.93,
2024-03-18,16:03:01.364,0.06,0.77,0.07,1.00,0.26,0.44,0.27,0.56,0.0014,0.0024,0.06,0.06,-2147483648,0.00,0.00,187.76,242.67,210.35,0.77,19.34,0.06,1.39,52.55,0.46,122.79,7.17,92.83,0.00,100.00,0.00,0.00,0.00,0.00,-nan,0.25,0.07,0.80,0.08,1.00,0.12,0.26,0.32,0.50,0.0011,0.0023,     0,0,0,0.03,0.03,-2147483648,0.00,0.00,N/A,112.00,140.54,210.35,0.80,19.92,0.07,1.67,0.04,0.74,0.06,1.00,0.13,0.19,0.21,0.62,0.0018,0.0024,     0,0,0,0.03,0.03,-2147483648,0.00,0.00,N/A,75.77,102.12,210.35,0.74,18.55,0.04,1.11,12.24,10.42,  9%,  8%,14.74,15.16, 11%, 12%,32.44,30.53, 26%, 24%,28.25,31.58, 22%, 25%,8.38,91.62,0.00,100.00,0.00,0.00,5.99,94.01,0.00,100.00,0.00,0.00,0.00,0.00,0.00 ,0.00 ,-nan ,-nan ,0.26,0.23,0.02,0.33,0.07,1.00,0.01,0.01,0.36,0.77,0.0014,0.0025,     0,0,0,7.09,92.91,0.00,N/A,4.88,14.92,210.35,0.33,8.18,0.02,0.58,0.10,0.94,0.11,1.00,0.01,0.04,0.38,0.40,0.0007,0.0019,     0,0,0,10.86,89.14,0.00,N/A,21.51,23.00,210.35,0.94,23.38,0.10,2.54,0.06,0.95,0.06,1.00,0.01,0.02,0.38,0.43,0.0007,0.0019,     0,0,0,6.50,93.50,0.00,N/A,12.95,13.68,210.35,0.95,23.66,0.06,1.54,0.10,0.92,0.11,1.00,0.03,0.05,0.27,0.45,0.0012,0.0023,     0,0,0,11.26,88.74,0.00,N/A,21.62,23.48,210.35,0.92,23.02,0.10,2.59,0.08,0.67,0.11,1.00,0.03,0.05,0.26,0.52,0.0018,0.0030,     0,0,0,11.47,88.53,0.00,N/A,15.99,23.96,210.35,0.67,16.68,0.08,1.91,0.06,0.76,0.08,1.00,0.01,0.03,0.39,0.38,0.0008,0.0022,     0,0,0,8.00,92.00,0.00,N/A,12.73,16.67,210.35,0.76,19.08,0.06,1.53,0.10,0.90,0.11,1.00,0.03,0.05,0.31,0.50,0.0014,0.0025,     0,0,0,11.04,88.96,0.00,N/A,20.49,22.88,210.35,0.90,22.39,0.10,2.47,0.01,0.94,0.01,1.00,0.00,0.00,0.22,0.63,0.0008,0.0014,     0,0,0,0.91,99.09,0.00,N/A,1.82,1.94,210.35,0.94,23.47,0.01,0.21,0.02,0.26,0.07,1.00,0.01,0.02,0.48,0.73,0.0018,0.0038,     0,0,0,7.32,92.68,0.00,N/A,4.07,15.51,210.35,0.26,6.57,0.02,0.48,0.04,0.90,0.04,1.00,0.01,0.01,0.33,0.81,0.0011,0.0018,     0,0,0,4.01,95.99,0.00,N/A,7.51,8.35,210.35,0.90,22.50,0.04,0.90,0.08,0.74,0.11,1.00,0.05,0.06,0.08,0.35,0.0026,0.0031,     0,0,0,11.19,88.81,0.00,N/A,18.52,24.91,210.35,0.74,18.58,0.08,2.08,0.08,0.74,0.11,1.00,0.05,0.06,0.18,0.52,0.0027,0.0033,     0,0,0,10.91,89.09,0.00,N/A,16.79,22.84,210.35,0.74,18.39,0.08,2.01,0.01,0.84,0.01,1.00,0.00,0.01,0.65,0.75,0.0006,0.0023,     0,0,0,1.38,98.62,0.00,N/A,2.46,2.93,210.35,0.84,21.00,0.01,0.29,0.03,1.26,0.02,1.00,0.00,0.01,0.49,0.75,0.0005,0.0011,     0,0,0,2.12,97.88,0.00,N/A,5.68,4.49,210.35,1.26,31.60,0.03,0.67,0.07,0.88,0.07,1.00,0.01,0.02,0.19,0.66,0.0010,0.0015,     0,0,0,7.46,92.54,0.00,N/A,14.82,16.84,210.35,0.88,22.00,0.07,1.64,0.03,0.94,0.03,1.00,0.01,0.01,0.31,0.82,0.0009,0.0015,     0,0,0,3.07,96.93,0.00,N/A,5.92,6.26,210.35,0.94,23.62,0.03,0.73,
2024-03-18,16:03:01.474,0.05,0.71,0.07,1.00,0.27,0.45,0.24,0.52,0.0016,0.0027,0.06,0.06,-2147483648,0.00,0.00,167.51,235.50,211.88,0.71,17.78,0.05,1.20,50.33,0.42,125.24,6.75,93.25,0.00,100.00,0.00,0.00,0.00,0.00,-nan,0.24,0.06,0.71,0.08,1.00,0.16,0.29,0.25,0.50,0.0016,0.0028,     0,0,0,0.03,0.02,-2147483648,0.00,0.00,N/A,102.27,143.11,211.88,0.71,17.87,0.06,1.42,0.04,0.71,0.05,1.00,0.11,0.16,0.22,0.56,0.0016,0.0024,     0,0,0,0.04,0.04,-2147483648,0.00,0.00,N/A,65.24,92.39,211.88,0.71,17.65,0.04,0.96,12.73,11.18,  9%,  8%,13.09,13.33, 10%, 10%,31.09,28.22, 24%, 22%,31.33,34.60, 24%, 26%,7.97,92.03,0.00,100.00,0.00,0.00,5.46,94.54,0.00,100.00,0.00,0.00,0.00,0.00,0.00 ,0.00 ,-nan ,-nan ,0.22,0.26,0.02,0.29,0.06,1.00,0.01,0.01,0.24,0.85,0.0014,0.0020,     0,0,0,6.25,93.75,0.00,N/A,3.80,13.24,211.88,0.29,7.18,0.02,0.45,0.08,0.71,0.11,1.00,0.03,0.06,0.24,0.42,0.0014,0.0029,     0,0,0,11.16,88.84,0.00,N/A,19.32,27.03,211.88,0.71,17.87,0.08,1.99,0.02,0.77,0.02,1.00,0.01,0.01,0.22,0.55,0.0018,0.0028,     0,0,0,2.14,97.86,0.00,N/A,3.49,4.54,211.88,0.77,19.18,0.02,0.41,0.09,0.77,0.11,1.00,0.04,0.07,0.22,0.46,0.0021,0.0035,     0,0,0,11.11,88.89,0.00,N/A,18.82,24.32,211.88,0.77,19.34,0.09,2.15,0.06,0.79,0.07,1.00,0.02,0.03,0.18,0.50,0.0015,0.0022,     0,0,0,7.47,92.53,0.00,N/A,13.73,17.37,211.88,0.79,19.76,0.06,1.48,0.08,0.76,0.11,1.00,0.03,0.06,0.31,0.45,0.0013,0.0029,     0,0,0,11.17,88.83,0.00,N/A,20.61,27.13,211.88,0.76,18.99,0.08,2.12,0.09,0.81,0.11,1.00,0.03,0.05,0.26,0.49,0.0017,0.0027,     0,0,0,11.15,88.85,0.00,N/A,20.15,24.97,211.88,0.81,20.17,0.09,2.25,0.01,0.53,0.02,1.00,0.00,0.01,0.22,0.58,0.0019,0.0031,     0,0,0,2.12,97.88,0.00,N/A,2.36,4.50,211.88,0.53,13.15,0.01,0.28,0.01,0.21,0.06,1.00,0.00,0.01,0.28,0.86,0.0017,0.0026,     0,0,0,6.04,93.96,0.00,N/A,2.72,12.79,211.88,0.21,5.32,0.01,0.32,0.05,0.75,0.07,1.00,0.01,0.02,0.21,0.45,0.0010,0.0018,  ,0.45,0.7,0.01,0.24,0.58,0.0011,0.0020,     0,0,0,2.93,97.07,0.00,N/A,4.90,6.75,208.58,0.73,18.15,0.02,0.53,0.07,0.61,0.11,1.00,0.05,0.06,0.18,0.47,0.0030,0.0043,     0,0,0,11.07,88.93,0.00,N/A,15.15,24.95,208.58,0.61,15.18,0.07,1.68,0.08,0.70,0.11,1.00,0.04,0.05,0.22,0.51,0.0025,0.0033,     0,0,0,10.73,89.27,0.00,N/A,16.10,22.90,208.58,0.70,17.57,0.08,1.89,0.00,0.40,0.00,1.00,0.00,0.00,0.39,0.70,0.0025,0.0050,     0,0,0,0.09,99.91,0.00,N/A,0.08,0.19,208.58,0.40,10.04,0.00,0.01,0.01,0.66,0.01,1.00,0.00,0.00,0.28,0.49,0.0013,0.0026,     0,0,0,1.24,98.76,0.00,N/A,1.70,2.59,208.58,0.66,16.45,0.01,0.20,0.09,0.90,0.10,1.00,0.01,0.03,0.31,0.51,0.0008,0.0015,     0,0,0,9.71,90.29,0.00,N/A,18.31,20.35,208.58,0.90,22.50,0.09,2.18,0.01,0.79,0.01,1.00,0.00,0.01,0.46,0.81,0.0011,0.0022,     0,0,0,1.45,98.55,0.00,N/A,2.41,3.04,208.58,0.79,19.79,0.01,0.29,
2024-03-18,16:03:01.524,0.05,0.71,0.07,1.00,0.26,0.41,0.22,0.55,0.0016,0.0025,0.04,0.04,-2147483648,0.00,0.00,159.94,224.18,209.65,0.71,17.84,0.05,1.19,45.13,0.55,118.31,6.65,93.35,0.00,100.00,0.00,0.00,0.00,0.00,-nan,0.26,0.06,0.72,0.08,1.00,0.16,0.26,0.23,0.50,0.0016,0.0027,     0,0,0,0.02,0.02,-2147483648,0.00,0.00,N/A,96.28,133.09,209.65,0.72,18.09,0.06,1.43,0.04,0.70,0.05,1.00,0.11,0.15,0.20,0.60,0.0017,0.0023,     0,0,0,0.02,0.02,-2147483648,0.00,0.00,N/A,63.66,91.10,209.65,0.70,17.47,0.04,0.95,12.39,10.81,  9%,  8%,10.86,11.08,  6%,  6%,29.93,27.22, 23%, 21%,29.15,32.00, 17%, 19%,7.89,92.11,0.00,100.00,0.00,0.00,5.42,94.58,0.00,100.00,0.00,0.00,0.00,0.00,0.00 ,0.00 ,-nan ,-nan ,0.25,0.26,0.02,0.28,0.07,1.00,0.00,0.01,0.25,0.87,0.0013,0.0018,     0,0,0,6.69,93.31,0.00,N/A,3.90,14.02,209.65,0.28,6.96,0.02,0.47,0.08,0.70,0.11,1.00,0.03,0.05,0.23,0.45,0.0019,0.0034,     0,0,0,11.30,88.70,0.00,N/A,16.06,22.88,209.65,0.70,17.55,0.08,1.98,0.00,0.42,0.00,1.00,0.00,0.00,0.43,0.65,0.0018,0.0054,     0,0,0,0.19,99.81,0.00,N/A,0.16,0.37,209.65,0.42,10.41,0.00,0.02,0.09,0.84,0.11,1.00,0.04,0.06,0.16,0.41,0.0021,0.0030,     0,0,0,11.05,88.95,0.00,N/A,19.44,23.06,209.65,0.84,21.07,0.09,2.33,0.07,0.81,0.09,1.00,0.02,0.03,0.24,0.54,0.0013,0.0021,     0,0,0,9.22,90.78,0.00,N/A,16.55,20.49,209.65,0.81,20.19,0.07,1.86,0.08,0.74,0.11,1.00,0.03,0.05,0.25,0.44,0.0015,0.0029,     0,0,0,11.43,88.57,0.00,N/A,16.93,22.85,209.65,0.74,18.53,0.08,2.12,0.09,0.84,0.11,1.00,0.03,0.05,0.29,0.50,0.0014,0.0023,     0,0,0,10.53,89.47,0.00,N/A,21.03,25.01,209.65,0.84,21.02,0.09,2.21,0.01,0.50,0.02,1.00,0.01,0.01,0.16,0.49,0.0024,0.0037,     0,0,0,2.10,97.90,0.00,N/A,2.21,4.41,209.65,0.50,12.54,0.01,0.26,0.01,0.19,0.07,1.00,0.01,0.01,0.18,0.88,0.0019,0.0024,     0,0,0,6.58,93.42,0.00,N/A,2.62,13.79,209.65,0.19,4.75,0.01,0.31,0.08,0.79,0.11,1.00,0.02,0.04,0.19,0.43,0.0015,0.0022,     0,0,0,10.55,89.45,0.00,N/A,16.44,20.82,209.65,0.79,19.74,0.08,2.08,0.08,0.79,0.10,1.00,0.02,0.04,0.19,0.41,0.0014,0.0021,     0,0,0,10.13,89.87,0.00,N/A,16.48,20.74,209.65,0.79,19.86,0.08,2.01,0.08,0.69,0.12,1.00,0.05,0.06,0.17,0.45,0.0024,0.0030,     0,0,0,11.69,88.31,0.00,N/A,18.76,27.07,209.65,0.69,17.33,0.08,2.03,0.02,1.16,0.02,1.00,0.00,0.00,0.32,0.88,0.0007,0.0011,     0,0,0,1.58,98.42,0.00,N/A,3.84,3.32,209.65,1.16,28.90,0.02,0.46,0.02,1.23,0.01,1.00,0.00,0.00,0.56,0.92,0.0004,0.0011,     0,0,0,1.25,98.75,0.00,N/A,3.22,2.62,209.65,1.23,30.65,0.02,0.38,0.00,1.10,0.00,1.00,0.00,0.00,0.57,0.71,0.0005,0.0014,     0,0,0,0.23,99.77,0.00,N/A,0.53,0.48,209.65,1.10,27.42,0.00,0.06,0.01,0.79,0.01,1.00,0.00,0.00,0.35,0.66,0.0012,0.0023,     0,0,0,1.07,98.93,0.00,N/A,1.78,2.25,209.65,0.79,19.77,0.01,0.21,
2024-03-18,16:03:01.622,0.04,0.65,0.06,1.00,0.24,0.40,0.23,0.52,0.0017,0.0029,0.06,0.06,-2147483648,0.00,0.00,140.27,216.83,212.30,0.65,16.17,0.04,1.02,40.34,0.35,107.44,6.33,93.67,0.00,100.00,0.00,0.00,0.00,0.00,-nan,0.25,0.05,0.63,0.08,1.00,0.13,0.25,0.27,0.51,0.0015,0.0029,     0,0,0,0.02,0.02,-2147483648,0.00,0.00,N/A,84.65,133.66,212.30,0.63,15.83,0.05,1.22,0.03,0.67,0.05,1.00,0.11,0.16,0.18,0.52,0.0020,0.0028,     0,0,0,0.03,0.03,-2147483648,0.00,0.00,N/A,55.61,83.17,212.30,0.67,16.72,0.03,0.82,10.91,9.35,  8%,  7%,9.82,10.26,  5%,  6%,26.84,24.58, 21%, 19%,26.26,29.76, 15%, 17%,7.68,92.32,0.00,100.00,0.00,0.00,4.93,95.07,0.00,100.00,0.00,0.00,0.00,0.00,0.00 ,0.00 ,-nan ,-nan ,0.25,0.24,0.01,0.23,0.06,1.00,0.01,0.01,0.32,0.80,0.0022,0.0035,     0,0,0,6.34,93.66,0.00,N/A,3.09,13.47,212.30,0.23,5.74,0.01,0.36,0.06,0.57,0.11,1.00,0.03,0.06,0.26,0.51,0.0021,0.0041,     0,0,0,10.94,89.06,0.00,N/A,14.39,25.09,212.30,0.57,14.34,0.06,1.57,0.08,0.72,0.11,1.00,0.02,0.04,0.25,0.37,0.0010,0.0021,     0,0,0,11.16,88.84,0.00,N/A,19.34,27.03,212.30,0.72,17.89,0.08,2.00,0.02,0.78,0.03,1.00,0.01,0.01,0.30,0.44,0.0010,0.0021,     0,0,0,2.97,97.03,0.00,N/A,4.96,6.39,212.30,0.78,19.40,0.02,0.58,0.09,0.82,0.10,1.00,0.02,0.03,0.21,0.46,0.0011,0.0018,     0,0,0,10.41,89.59,0.00,N/A,17.50,21.29,212.30,0.82,20.55,0.09,2.14,0.07,0.62,0.11,1.00,0.04,0.07,0.30,0.51,0.0022,0.0043,     0,0,0,11.29,88.71,0.00,N/A,16.82,27.16,212.30,0.62,15.48,0.07,1.75,0.00,0.45,0.00,1.00,0.00,0.00,0.33,0.72,0.0017,0.0049,     0,0,0,0.10,99.90,0.00,N/A,0.08,0.19,212.30,0.45,11.26,0.00,0.01,0.04,0.65,0.06,1.00,0.01,0.02,0.30,0.48,0.0013,0.0026,     0,0,0,6.14,93.86,0.00,N/A,8.46,13.04,212.30,0.65,16.22,0.04,1.00,0.02,0.29,0.07,1.00,0.01,0.01,0.25,0.80,0.0018,0.0027,     0,0,0,6.60,93.40,0.00,N/A,4.51,15.50,212.30,0.29,7.27,0.02,0.48,0.08,0.76,0.11,1.00,0.03,0.05,0.20,0.45,0.0018,0.0028,     0,0,0,11.07,88.93,0.00,N/A,17.44,22.95,212.30,0.76,19.00,0.08,2.10,0.08,0.78,0.11,1.00,0.04,0.05,0.18,0.45,0.0021,0.0030,     0,0,0,10.56,89.44,0.00,N/A,16.55,21.09,212.30,0.78,19.62,0.08,2.07,0.00,0.36,0.00,1.00,0.00,0.00,0.46,0.66,0.0027,0.0062,     0,0,0,0.17,99.83,0.00,N/A,0.11,0.30,212.30,0.36,8.93,0.00,0.02,0.00,0.48,0.00,1.00,0.00,0.00,0.25,0.67,0.0031,0.0057,     0,0,0,0.32,99.68,0.00,N/A,0.33,0.68,212.30,0.48,12.08,0.00,0.04,0.07,0.76,0.09,1.00,0.03,0.04,0.12,0.42,0.0021,0.0024,     0,0,0,8.94,91.06,0.00,N/A,15.89,20.90,212.30,0.76,19.01,0.07,1.70,0.00,0.44,0.00,1.00,0.00,0.00,0.40,0.62,0.0028,0.0061,     0,0,0,0.28,99.72,0.00,N/A,0.26,0.60,212.30,0.44,10.98,0.00,0.03,0.00,0.46,0.01,1.00,0.00,0.00,0.24,0.61,0.0033,0.0055,     0,0,0,0.53,99.47,0.00,N/A,0.52,1.13,212.30,0.46,11.51,0.00,0.06,
2024-03-18,16:03:01.749,0.05,0.75,0.06,1.00,0.29,0.46,0.23,0.54,0.0014,0.0022,0.05,0.05,-2147483648,0.00,0.00,208.23,278.66,275.15,0.75,18.68,0.05,1.21,59.69,0.58,147.82,6.45,93.55,0.00,100.00,0.00,0.00,0.00,0.00,-nan,0.26,0.05,0.71,0.07,1.00,0.13,0.21,0.24,0.54,0.0013,0.0021,     0,0,0,0.02,0.02,-2147483648,0.00,0.00,N/A,98.56,138.89,275.15,0.71,17.74,0.05,1.16,0.05,0.78,0.06,1.00,0.17,0.25,0.22,0.55,0.0015,0.0023,     0,0,0,0.03,0.03,-2147483648,0.00,0.00,N/A,109.66,139.77,275.15,0.78,19.61,0.05,1.25,15.36,13.44,  9%,  8%,15.31,15.58,  7%,  7%,38.62,35.71, 23%, 22%,34.79,38.70, 16%, 18%,6.51,93.49,0.00,100.00,0.00,0.00,6.39,93.61,0.00,100.00,0.00,0.00,0.00,0.00,0.00 ,0.00 ,-nan ,-nan ,0.26,0.26,0.03,0.33,0.09,1.00,0.01,0.03,0.34,0.75,0.0018,0.0031,     0,0,0,8.97,91.03,0.00,N/A,8.07,24.67,275.15,0.33,8.18,0.03,0.73,0.01,0.39,0.02,1.00,0.00,0.00,0.30,0.65,0.0005,0.0009,     0,0,0,1.79,98.21,0.00,N/A,1.79,4.61,275.15,0.39,9.72,0.01,0.17,0.03,0.91,0.04,1.00,0.01,0.01,0.20,0.44,0.0010,0.0016,     0,0,0,3.53,96.47,0.00,N/A,7.93,8.67,275.15,0.91,22.87,0.03,0.81,0.08,0.92,0.09,1.00,0.02,0.04,0.25,0.47,0.0009,0.0017,     0,0,0,8.58,91.42,0.00,N/A,21.22,23.18,275.15,0.92,22.89,0.08,1.96,0.09,0.76,0.12,1.00,0.03,0.04,0.21,0.48,0.0011,0.0018,     0,0,0,12.04,87.96,0.00,N/A,25.34,33.33,275.15,0.76,19.01,0.09,2.29,0.06,0.67,0.10,1.00,0.03,0.04,0.24,0.51,0.0018,0.0027,     0,0,0,9.60,90.40,0.00,N/A,16.63,24.75,275.15,0.67,16.80,0.06,1.61,0.06,0.91,0.07,1.00,0.03,0.04,0.17,0.42,0.0016,0.0023,     0,0,0,6.90,93.10,0.00,N/A,17.24,18.99,275.15,0.91,22.69,0.06,1.57,0.00,0.47,0.00,1.00,0.00,0.00,0.37,0.61,0.0025,0.0068,     0,0,0,0.25,99.75,0.00,N/A,0.33,0.69,275.15,0.47,11.86,0.00,0.03,0.02,0.26,0.09,1.00,0.01,0.02,0.23,0.81,0.0019,0.0026,     0,0,0,8.92,91.08,0.00,N/A,5.86,22.53,275.15,0.26,6.51,0.02,0.58,0.10,0.76,0.13,1.00,0.04,0.07,0.20,0.41,0.0015,0.0024,     0,0,0,12.74,87.26,0.00,N/A,28.34,37.38,275.15,0.76,18.96,0.10,2.41,0.00,0.00,0.00,22.93,208.07,0.84,21.03,0.09,2.28,0.02,1.16,0.02,1.00,0.00,0.01,0.25,0.58,0.0009,0.0014,     0,0,0,1.83,98.17,0.00,N/A,4.25,3.68,208.07,1.16,28.89,0.02,0.53,0.06,0.73,0.08,1.00,0.02,0.04,0.18,0.47,0.0019,0.0027,     0,0,0,8.14,91.86,0.00,N/A,12.98,17.76,208.07,0.73,18.27,0.06,1.49,0.00,0.46,0.00,1.00,0.00,0.00,0.43,0.78,0.0016,0.0041,     0,0,0,0.12,99.88,0.00,N/A,0.11,0.24,208.07,0.46,11.47,0.00,0.01,0.09,0.83,0.11,1.00,0.04,0.05,0.15,0.49,0.0022,0.0026,     0,0,0,11.16,88.84,0.00,N/A,18.89,22.73,208.07,0.83,20.78,0.09,2.32,0.00,0.42,0.00,1.00,0.00,0.00,0.72,0.72,0.0011,0.0047,     0,0,0,0.09,99.91,0.00,N/A,0.08,0.19,208.07,0.42,10.41,0.00,0.01,0.02,1.44,0.01,1.00,0.00,0.00,0.13,0.39,0.0006,0.0008,     0,0,0,1.14,98.86,0.00,N/A,3.53,2.45,208.07,1.44,35.99,0.02,0.41,
2024-03-18,16:03:01.803,0.07,0.80,0.09,1.00,0.24,0.41,0.35,0.63,0.0010,0.0017,0.03,0.03,-2147483648,0.00,0.00,238.77,297.87,218.41,0.80,20.04,0.07,1.74,34.46,0.52,91.22,8.66,91.34,0.00,100.00,0.00,0.00,0.00,0.00,-nan,0.23,0.06,0.64,0.09,1.00,0.10,0.17,0.36,0.64,0.0009,0.0016,     0,0,0,0.01,0.01,-2147483648,0.00,0.00,N/A,104.83,162.84,218.41,0.64,16.09,0.06,1.49,0.08,0.99,0.08,1.00,0.14,0.23,0.34,0.63,0.0010,0.0018,     0,0,0,0.02,0.02,-2147483648,0.00,0.00,N/A,133.94,135.03,218.41,0.99,24.80,0.08,1.99,9.26,8.03,  7%,  6%,8.69,8.48,  6%,  6%,24.32,22.01, 18%, 16%,22.17,22.73, 17%, 17%,9.27,90.73,0.00,100.00,0.00,0.00,8.03,91.97,0.00,100.00,0.00,0.00,0.00,0.00,0.00 ,0.00 ,-nan ,-nan ,0.22,0.24,0.05,0.30,0.17,1.00,0.02,0.06,0.64,0.68,0.0018,0.0053,     0,0,0,16.90,83.10,0.00,N/A,10.97,36.90,218.41,0.30,7.43,0.05,1.26,0.02,0.23,0.09,1.00,0.00,0.01,0.30,0.59,0.0007,0.0014,     0,0,0,9.48,90.52,0.00,N/A,4.80,20.98,218.41,0.23,5.72,0.02,0.54,0.02,0.33,0.07,1.00,0.00,0.01,0.44,0.65,0.0003,0.0009,     0,0,0,7.08,92.92,0.00,N/A,5.43,16.70,218.41,0.33,8.13,0.02,0.58,0.13,1.29,0.10,1.00,0.02,0.03,0.17,0.58,0.0009,0.0011,     0,0,0,9.83,90.17,0.00,N/A,27.16,21.00,218.41,1.29,32.34,0.13,3.18,0.10,0.97,0.10,1.00,0.01,0.02,0.33,0.59,0.0006,0.0010,     0,0,0,9.78,90.22,0.00,N/A,20.17,20.76,218.41,0.97,24.29,0.10,2.38,0.06,0.63,0.09,1.00,0.01,0.02,0.22,0.57,0.0010,0.0014,     0,0,0,8.93,91.07,0.00,N/A,12.79,20.26,218.41,0.63,15.78,0.06,1.41,0.03,0.53,0.06,1.00,0.01,0.01,0.19,0.52,0.0009,0.0014,     0,0,0,5.87,94.13,0.00,N/A,6.60,12.54,218.41,0.53,13.15,0.03,0.77,0.08,1.24,0.06,1.00,0.02,0.02,0.13,0.73,0.0010,0.0013,     0,0,0,6.38,93.62,0.00,N/A,16.91,13.69,218.41,1.24,30.89,0.08,1.97,0.04,0.26,0.16,1.00,0.02,0.04,0.53,0.76,0.0020,0.0044,     0,0,0,15.59,84.41,0.00,N/A,8.58,33.46,218.41,0.26,6.41,0.04,1.00,0.11,1.15,0.09,1.00,0.02,0.03,0.13,0.48,0.0009,0.0012,     0,0,0,9.42,90.58,0.00,N/A,21.90,19.02,218.41,1.15,28.78,0.11,2.71,0.00,0.33,0.01,1.00,0.00,0.00,0.25,0.66,0.0023,0.0038,     0,0,0,0.78,99.22,0.00,N/A,0.56,1.68,218.41,0.33,8.31,0.00,0.06,0.26,1.33,0.19,1.00,0.05,0.08,0.38,0.60,0.0009,0.0016,     0,0,0,19.38,80.62,0.00,N/A,52.57,39.58,218.41,1.33,33.21,0.26,6.44,0.01,0.72,0.01,1.00,0.00,0.00,0.33,0.77,0.0011,0.0022,     0,0,0,1.26,98.74,0.00,N/A,1.95,2.71,218.41,0.72,18.01,0.01,0.23,0.18,1.44,0.13,1.00,0.04,0.06,0.27,0.58,0.0011,0.0016,     0,0,0,12.55,87.45,0.00,N/A,37.72,26.28,218.41,1.44,35.89,0.18,4.50,0.00,0.55,0.01,1.00,0.00,0.00,0.51,0.73,0.0014,0.0038,     0,0,0,0.52,99.48,0.00,N/A,0.62,1.12,218.41,0.55,13.75,0.00,0.07,0.05,0.90,0.05,1.00,0.01,0.02,0.23,0.56,0.0010,0.0018,     0,0,0,5.40,94.60,0.00,N/A,10.03,11.19,218.41,0.90,22.42,0.05,1.21,